2.707361032075973e-05 1.3985081333179218e-05
2.707361032075973e-05 1.3985081333179218e-05
2.707361032075973e-05 1.3985081333179218e-05
2.707361032075973e-05 1.3985081333179218e-05
2.707361032075973e-05 1.3985081333179218e-05
2.707361032075973e-05 1.3985081333179218e-05
2.707361032075973e-05 1.3985081333179218e-05
2.6707123312732516e-05 1.3989276591914636e-05
2.6707123312732516e-05 1.3989276591914636e-05
2.6707123312732516e-05 1.3989276591914636e-05
2.6707123312732516e-05 1.3989276591914636e-05
2.6707123312732516e-05 1.3989276591914636e-05
2.6707123312732516e-05 1.3989276591914636e-05
2.6707123312732516e-05 1.3989276591914636e-05
2.6707123312732516e-05 1.3989276591914636e-05
2.6707123312732516e-05 1.3989276591914636e-05
2.6707123312732516e-05 1.3989276591914636e-05
2.6707123312732516e-05 1.3989276591914636e-05
2.6707123312732516e-05 1.3989276591914636e-05
2.6707123312732516e-05 1.3989276591914636e-05
2.6707123312732516e-05 1.3989276591914636e-05
2.6707123312732516e-05 1.3989276591914636e-05
2.6707123312732516e-05 1.3989276591914636e-05
2.6707123312732516e-05 1.3989276591914636e-05
2.6707123312732516e-05 1.3989276591914636e-05
2.4593571791568913e-05 1.3978379026651028e-05
2.4593571791568913e-05 1.3978379026651028e-05
2.4593571791568913e-05 1.3978379026651028e-05
2.4593571791568913e-05 1.3978379026651028e-05
2.4593571791568913e-05 1.3978379026651028e-05
2.4593571791568913e-05 1.3978379026651028e-05
2.4593571791568913e-05 1.3978379026651028e-05
2.4593571791568913e-05 1.3978379026651028e-05
2.4593571791568913e-05 1.3978379026651028e-05
2.4593571791568913e-05 1.3978379026651028e-05
2.4593571791568913e-05 1.3978379026651028e-05
2.4593571791568913e-05 1.3978379026651028e-05
2.4593571791568913e-05 1.3978379026651028e-05
2.4593571791568913e-05 1.3978379026651028e-05
2.4593571791568913e-05 1.3978379026651028e-05
2.4593571791568913e-05 1.3978379026651028e-05
2.4593571791568913e-05 1.3978379026651028e-05
2.4593571791568913e-05 1.3978379026651028e-05
2.4593571791568913e-05 1.3978379026651028e-05
2.4593571791568913e-05 1.3978379026651028e-05
2.4593571791568913e-05 1.3978379026651028e-05
2.4593571791568913e-05 1.3978379026651028e-05
2.4593571791568913e-05 1.3978379026651028e-05
1.5633411533526834e-05 1.398685007017434e-05
1.5633411533526834e-05 1.398685007017434e-05