0.00011153660259508495 0.00014871547012677993
0.00011153660259508495 0.00014871547012677993
0.00011153660259508495 0.00011153660259508495
0.00029743094025355986 0.00029743094025355986
0.00029743094025355986 0.00029743094025355986
0.00029743094025355986 0.00029743094025355986
0.00029743094025355986 0.00029743094025355986
0.00029743094025355986 0.00029743094025355986
0.00029743094025355986 0.00029743094025355986
0.00029743094025355986 0.00029743094025355986
0.00029743094025355986 0.00029743094025355986
0.00029743094025355986 0.00029743094025355986
0.00029743094025355986 0.00029743094025355986
0.00029743094025355986 0.00029743094025355986
0.00029743094025355986 0.00029743094025355986
0.00029743094025355986 0.00029743094025355986
0.00029743094025355986 0.00029743094025355986
0.00029743094025355986 0.00029743094025355986
0.00037178867531694983 0.00037178867531694983
0.00018589433765847492 0.00018589433765847492
0.00018589433765847492 0.00018589433765847492
0.00018589433765847492 0.00018589433765847492
0.00011153660259508495 0.00011153660259508495
0.00011153660259508495 0.00011153660259508495
0.00011153660259508495 0.00011153660259508495
0.00011153660259508495 0.00011153660259508495
0.00011153660259508495 0.00011153660259508495
0.00011153660259508495 0.00011153660259508495
0.00026025207272186487 0.00026025207272186487
0.00026025207272186487 0.00026025207272186487
0.00026025207272186487 0.00026025207272186487
0.00026025207272186487 0.00026025207272186487
0.00026025207272186487 0.00026025207272186487
0.00026025207272186487 0.00026025207272186487
0.00026025207272186487 0.00026025207272186487
0.00026025207272186487 0.00026025207272186487
0.00026025207272186487 0.00026025207272186487
0.00026025207272186487 0.00026025207272186487
0.00026025207272186487 0.00026025207272186487
0.00011153660259508495 0.00014871547012677993
0.00011153660259508495 0.00014871547012677993
0.00011153660259508495 0.00014871547012677993
0.00011153660259508495 0.00014871547012677993
0.00011153660259508495 0.00014871547012677993
0.00011153660259508495 0.00014871547012677993
0.00011153660259508495 0.00014871547012677993
0.00011153660259508495 0.00014871547012677993
0.00011153660259508495 0.00014871547012677993
0.00011153660259508495 0.00014871547012677993
0.00011153660259508495 0.00014871547012677993