0.7984390375871332 0.7922918532206468
0.31045456415189265 0.3101662294843358
0.9108753191852904 0.9061440993041998
0.5873602624992486 0.5842332750071985
0.5873602624992486 0.5842332750071985
0.026635162116067954 0.027365689044706508
0.026635162116067954 0.027365689044706508
0.9652408405291752 0.9638758982277503
0.9130589895550866 0.9090108341059173
0.9361763896227997 0.932589015912593
0.6500439819136246 0.643831141093346
0.6500439819136246 0.643831141093346
0.787345470021105 0.7805757359060116
0.7928803881799398 0.7863839589417762
0.567361148465854 0.5645921073032126
0.5463934039786229 0.5444177775527704
0.5463934039786229 0.5444177775527704
0.5463934039786229 0.5444177775527704
0.9115595701796297 0.9069940735162433
0.49847289416812485 0.49833604396925696
0.49847289416812485 0.49833604396925696
0.49847289416812485 0.49833604396925696
0.7586199804454513 0.7514353450048886
0.971482158847484 0.9700369258224459
0.820621821990324 0.8145573014722867
0.820621821990324 0.8145573014722867
0.26186048240881665 0.2619593626103108
0.9324952774815767 0.9287995310705325
0.6057848082040508 0.6018078464999573
0.7008913456883485 0.6945376994611424
0.4006309347896937 0.401113865693791
0.8095215305705942 0.8036080990004398
0.8095215305705942 0.8036080990004398
0.884029740000443 0.8793958182376226
0.7466519163774091 0.7392192893914992
0.7251347934906768 0.7185616332161537
0.8038719113780262 0.7972330946497109
0.8716080135679457 0.8665714516246412
0.9228631592936315 0.9181853347213477
0.8149097105104117 0.8089492119643462
0.8542248741452796 0.8488726865988059
0.7760865747581785 0.7688263948436743
0.21095853676286788 0.21098543217767426
0.21095853676286788 0.21098543217767426
0.4382073889614889 0.43825445593740014
0.15491205199358307 0.15511218552140718
0.7701830312081737 0.7631182385718218
0.7701830312081737 0.7631182385718218
0.7093206851053193 0.7035124620695548
0.7817931489468072 0.774934422650369