1.3175194590114918e-05 3.738660571944527e-05
3.063593416231279e-05 3.717882280431293e-05
3.063593416231279e-05 3.717882280431293e-05
0.00029126118030121234 3.7178012780948075e-05
0.00029126118030121234 3.7178012780948075e-05
0.00029126118030121234 3.7178012780948075e-05
0.00029126118030121234 3.7178012780948075e-05
0.00029126118030121234 3.7178012780948075e-05
0.00029126118030121234 3.7178012780948075e-05
0.00029126118030121234 3.7178012780948075e-05
4.037997559256566e-05 3.7178844031306064e-05
0.0003756295763321624 3.738660571944527e-05
2.963691430836418e-05 3.7178884683624124e-05
2.963691430836418e-05 3.7178884683624124e-05
2.9842513163929956e-05 3.718004988674115e-05
4.030683895602088e-05 3.7178856709545355e-05
0.0006381587919658771 3.718172629021135e-05
3.4405873549471264e-05 3.717888989663322e-05
2.9030875128435763e-05 3.717873196601475e-05
0.0017245201716357596 3.738660571944527e-05
1.1477707733654419e-05 3.717894201233686e-05
3.36113507835204e-05 3.717884104858745e-05
3.36113507835204e-05 3.717884104858745e-05
3.056962981286731e-05 3.7178891725697205e-05
3.056962981286731e-05 3.7178891725697205e-05
3.022129127898235e-05 3.717880635817484e-05
3.022129127898235e-05 3.717880635817484e-05
3.022129127898235e-05 3.717880635817484e-05
3.524768556086186e-05 3.717879630732118e-05
3.524768556086186e-05 3.717879630732118e-05
3.524768556086186e-05 3.717879630732118e-05
3.524768556086186e-05 3.717879630732118e-05
2.958942351313557e-05 3.717885886957727e-05
2.958942351313557e-05 3.717885886957727e-05
2.958942351313557e-05 3.717885886957727e-05
2.958942351313557e-05 3.717885886957727e-05
2.958942351313557e-05 3.717885886957727e-05
3.4306652925431996e-05 3.717898650317135e-05
3.4306652925431996e-05 3.717898650317135e-05
3.4306652925431996e-05 3.717898650317135e-05
3.4306652925431996e-05 3.717898650317135e-05
3.4306652925431996e-05 3.717898650317135e-05
2.746766224644677e-05 3.7178891725697205e-05
2.746766224644677e-05 3.7178891725697205e-05
2.94284047590014e-05 3.71788151118747e-05
2.94284047590014e-05 3.71788151118747e-05
2.94284047590014e-05 3.71788151118747e-05
2.94284047590014e-05 3.71788151118747e-05
2.94284047590014e-05 3.71788151118747e-05
2.94284047590014e-05 3.71788151118747e-05