2.073342669542313e-06 1.977600072150532e-06
2.073342669542313e-06 1.977600072150532e-06
2.073342669542313e-06 1.977600072150532e-06
2.073342669542313e-06 1.977600072150532e-06
2.006968326116124e-06 1.977603052988363e-06
2.006968326116124e-06 1.977603052988363e-06
2.008120807479181e-06 1.97759596589683e-06
2.041331457042231e-06 1.9776148420187798e-06
2.041331457042231e-06 1.9776148420187798e-06
2.041331457042231e-06 1.9776148420187798e-06
2.041331457042231e-06 1.9776148420187798e-06
2.0134771387270437e-06 1.9776029493914062e-06
2.202842615967064e-06 1.977644521644573e-06
2.202842615967064e-06 1.977644521644573e-06
2.202842615967064e-06 1.977644521644573e-06
2.07304964385034e-06 1.977602648412902e-06
2.07304964385034e-06 1.977602648412902e-06
2.07304964385034e-06 1.977602648412902e-06
2.07304964385034e-06 1.977602648412902e-06
2.0662135213909197e-06 1.9775908151844416e-06
2.0662135213909197e-06 1.9775908151844416e-06
2.0662135213909197e-06 1.9775908151844416e-06
2.0662135213909197e-06 1.9775908151844416e-06
2.0662135213909197e-06 1.9775908151844416e-06
2.0662135213909197e-06 1.9775908151844416e-06
1.989738509786927e-06 1.977585764772814e-06
2.064042060414621e-06 1.9775972394046947e-06
2.064042060414621e-06 1.9775972394046947e-06
2.064042060414621e-06 1.9775972394046947e-06
2.064042060414621e-06 1.9775972394046947e-06
2.0922321093183145e-06 1.977661169558052e-06
2.0922321093183145e-06 1.977661169558052e-06
2.0922321093183145e-06 1.977661169558052e-06
2.0922321093183145e-06 1.977661169558052e-06
2.008692617275531e-06 1.977596792973186e-06
2.0786577604743988e-06 1.9775983099344307e-06
2.0786577604743988e-06 1.9775983099344307e-06
2.0786577604743988e-06 1.9775983099344307e-06
2.0786577604743988e-06 1.9775983099344307e-06
2.0661175399374916e-06 1.9776009339782606e-06
2.0661175399374916e-06 1.9776009339782606e-06
2.0661175399374916e-06 1.9776009339782606e-06
2.0661175399374916e-06 1.9776009339782606e-06
2.0661175399374916e-06 1.9776009339782606e-06
2.0661175399374916e-06 1.9776009339782606e-06
2.0661175399374916e-06 1.9776009339782606e-06
2.0661175399374916e-06 1.9776009339782606e-06
2.0578773285190454e-06 1.977652984512944e-06
2.0578773285190454e-06 1.977652984512944e-06
2.0578773285190454e-06 1.977652984512944e-06
2.0578773285190454e-06 1.977652984512944e-06
2.0466604847575766e-06 1.9776080857650464e-06
2.0466604847575766e-06 1.9776080857650464e-06
2.0466604847575766e-06 1.9776080857650464e-06
2.044864272588138e-06 1.9775743270451334e-06
2.044864272588138e-06 1.9775743270451334e-06
2.044864272588138e-06 1.9775743270451334e-06
2.0647256087856697e-06 1.9775994743597573e-06
2.0647256087856697e-06 1.9775994743597573e-06
2.0647256087856697e-06 1.9775994743597573e-06
2.0707106042630315e-06 1.9775946263962277e-06
2.0707106042630315e-06 1.9775946263962277e-06
2.0707106042630315e-06 1.9775946263962277e-06
2.0045388140715192e-06 1.977602550202333e-06
1.996905724386047e-06 1.977603200995452e-06
1.996905724386047e-06 1.977603200995452e-06
2.0117576941865044e-06 1.977605896509084e-06
1.999830300635346e-06 1.9775939686757528e-06
2.065385502516464e-06 1.977589613671516e-06
2.065385502516464e-06 1.977589613671516e-06
2.065385502516464e-06 1.977589613671516e-06
2.0114268920711745e-06 1.9776061949367695e-06
2.013314357547644e-06 1.977603176303153e-06
2.0022399476578056e-06 1.9775997223324392e-06
2.0773897256098156e-06 1.9776045621906224e-06
2.0773897256098156e-06 1.9776045621906224e-06
2.0773897256098156e-06 1.9776045621906224e-06
2.0773897256098156e-06 1.9776045621906224e-06
2.0450411209284044e-06 1.9775982707703436e-06
2.0450411209284044e-06 1.9775982707703436e-06
2.0450411209284044e-06 1.9775982707703436e-06
2.0450411209284044e-06 1.9775982707703436e-06
2.0660869122531705e-06 1.977601146494482e-06
2.0660869122531705e-06 1.977601146494482e-06
2.0660869122531705e-06 1.977601146494482e-06
2.0660869122531705e-06 1.977601146494482e-06
1.9973568678866475e-06 1.977603956640724e-06
2.076601637699991e-06 1.977591559132995e-06
2.076601637699991e-06 1.977591559132995e-06
2.076601637699991e-06 1.977591559132995e-06
2.076601637699991e-06 1.977591559132995e-06
2.06595278309869e-06 1.9775877605313984e-06
2.06595278309869e-06 1.9775877605313984e-06
2.06595278309869e-06 1.9775877605313984e-06
2.06595278309869e-06 1.9775877605313984e-06
2.06595278309869e-06 1.9775877605313984e-06
2.06595278309869e-06 1.9775877605313984e-06
2.06595278309869e-06 1.9775877605313984e-06
2.06595278309869e-06 1.9775877605313984e-06
2.06595278309869e-06 1.9775877605313984e-06
2.06595278309869e-06 1.9775877605313984e-06
2.06595278309869e-06 1.9775877605313984e-06
2.06595278309869e-06 1.9775877605313984e-06
2.06595278309869e-06 1.9775877605313984e-06
2.06595278309869e-06 1.9775877605313984e-06
2.06595278309869e-06 1.9775877605313984e-06
2.06595278309869e-06 1.9775877605313984e-06
2.06595278309869e-06 1.9775877605313984e-06
2.06595278309869e-06 1.9775877605313984e-06
2.06595278309869e-06 1.9775877605313984e-06
2.06595278309869e-06 1.9775877605313984e-06
2.06595278309869e-06 1.9775877605313984e-06
2.06595278309869e-06 1.9775877605313984e-06
2.06595278309869e-06 1.9775877605313984e-06
2.06595278309869e-06 1.9775877605313984e-06
2.049991289692926e-06 1.977565406952956e-06
1.9913215111291968e-06 1.977613508465243e-06
2.0630999046326513e-06 1.97759783377955e-06
2.0630999046326513e-06 1.97759783377955e-06
2.0630999046326513e-06 1.97759783377955e-06
2.0259997761764173e-06 1.9775908913979873e-06
2.0259997761764173e-06 1.9775908913979873e-06
2.0259997761764173e-06 1.9775908913979873e-06
2.0259997761764173e-06 1.9775908913979873e-06
2.0028378530178263e-06 1.9776003545254088e-06
2.0001819266891886e-06 1.9775985493121855e-06
1.98274178223076e-06 1.9776269870553194e-06
2.209883434242166e-06 1.977529520871498e-06
2.209883434242166e-06 1.977529520871498e-06
2.209883434242166e-06 1.977529520871498e-06
2.209883434242166e-06 1.977529520871498e-06
2.0021493198373553e-06 1.9776017513018313e-06
2.0755358713383707e-06 1.9775974713226803e-06
2.0755358713383707e-06 1.9775974713226803e-06
2.0755358713383707e-06 1.9775974713226803e-06
2.0755358713383707e-06 1.9775974713226803e-06
2.073046793742627e-06 1.977601635052992e-06
2.073046793742627e-06 1.977601635052992e-06
2.073046793742627e-06 1.977601635052992e-06
2.073046793742627e-06 1.977601635052992e-06
2.073046793742627e-06 1.977601635052992e-06
2.073046793742627e-06 1.977601635052992e-06
2.073046793742627e-06 1.977601635052992e-06
2.073046793742627e-06 1.977601635052992e-06
2.073046793742627e-06 1.977601635052992e-06
2.028284325721507e-06 1.977568082584122e-06
2.028284325721507e-06 1.977568082584122e-06
2.028284325721507e-06 1.977568082584122e-06
2.0460969361580315e-06 1.9776154274458918e-06
2.0460969361580315e-06 1.9776154274458918e-06
2.0460969361580315e-06 1.9776154274458918e-06
2.0460969361580315e-06 1.9776154274458918e-06
2.005863221836333e-06 1.9775996543459394e-06
1.9808926954159485e-06 1.9776057826281884e-06
2.065448710315343e-06 1.9776047196158334e-06
2.065448710315343e-06 1.9776047196158334e-06
2.065448710315343e-06 1.9776047196158334e-06
2.065448710315343e-06 1.9776047196158334e-06
2.0729197969369204e-06 1.9776476228141343e-06
2.0729197969369204e-06 1.9776476228141343e-06
2.0729197969369204e-06 1.9776476228141343e-06
2.0729197969369204e-06 1.9776476228141343e-06
2.051522089957336e-06 1.977596270557646e-06
2.051522089957336e-06 1.977596270557646e-06
2.051522089957336e-06 1.977596270557646e-06
2.051522089957336e-06 1.977596270557646e-06
2.051522089957336e-06 1.977596270557646e-06
2.051522089957336e-06 1.977596270557646e-06
2.051522089957336e-06 1.977596270557646e-06
2.051522089957336e-06 1.977596270557646e-06
2.051522089957336e-06 1.977596270557646e-06
2.051522089957336e-06 1.977596270557646e-06
2.051522089957336e-06 1.977596270557646e-06
2.051522089957336e-06 1.977596270557646e-06
1.9937906939735702e-06 1.9775977714098072e-06
1.9937906939735702e-06 1.9775977714098072e-06
1.9937906939735702e-06 1.9775977714098072e-06
2.0879636479850325e-06 1.977566217199937e-06
2.0879636479850325e-06 1.977566217199937e-06
2.0879636479850325e-06 1.977566217199937e-06
2.00120221574953e-06 1.9776282230236817e-06
2.074868884049287e-06 1.977602124647719e-06
2.074868884049287e-06 1.977602124647719e-06
2.074868884049287e-06 1.977602124647719e-06
2.074868884049287e-06 1.977602124647719e-06
2.0621973630778934e-06 1.977590186275296e-06
2.0621973630778934e-06 1.977590186275296e-06
2.0621973630778934e-06 1.977590186275296e-06
2.04280018757916e-06 1.9776192077593674e-06
2.04280018757916e-06 1.9776192077593674e-06
2.04280018757916e-06 1.9776192077593674e-06
2.04280018757916e-06 1.9776192077593674e-06
2.0712817449377182e-06 1.977598443112416e-06
2.0712817449377182e-06 1.977598443112416e-06
2.0712817449377182e-06 1.977598443112416e-06
2.0530847294518453e-06 1.977596000003585e-06
2.0530847294518453e-06 1.977596000003585e-06
2.0530847294518453e-06 1.977596000003585e-06
2.0530847294518453e-06 1.977596000003585e-06
2.0530847294518453e-06 1.977596000003585e-06
2.0530847294518453e-06 1.977596000003585e-06
2.0530847294518453e-06 1.977596000003585e-06
2.0530847294518453e-06 1.977596000003585e-06
2.0530847294518453e-06 1.977596000003585e-06
2.0769161178134624e-06 1.9776011475293913e-06
2.0769161178134624e-06 1.9776011475293913e-06
2.0769161178134624e-06 1.9776011475293913e-06
1.995983414643645e-06 1.977606406348297e-06
2.075274141442917e-06 1.97760655931543e-06
2.075274141442917e-06 1.97760655931543e-06
2.075274141442917e-06 1.97760655931543e-06
2.07164883561359e-06 1.9775940649660944e-06
2.07164883561359e-06 1.9775940649660944e-06
2.07164883561359e-06 1.9775940649660944e-06
2.07164883561359e-06 1.9775940649660944e-06
2.07164883561359e-06 1.9775940649660944e-06
2.07164883561359e-06 1.9775940649660944e-06
1.9907767109967287e-06 1.977592841571766e-06
2.0489209008222746e-06 1.977601888374636e-06
2.0489209008222746e-06 1.977601888374636e-06
2.0489209008222746e-06 1.977601888374636e-06
2.0489209008222746e-06 1.977601888374636e-06
2.044638976747195e-06 1.977624969532339e-06
2.044638976747195e-06 1.977624969532339e-06
2.044638976747195e-06 1.977624969532339e-06
2.0615938987635786e-06 1.977605615915609e-06
2.0615938987635786e-06 1.977605615915609e-06
2.0615938987635786e-06 1.977605615915609e-06
2.0615938987635786e-06 1.977605615915609e-06
2.0774200586906104e-06 1.977589946555396e-06
2.0774200586906104e-06 1.977589946555396e-06
2.0774200586906104e-06 1.977589946555396e-06
2.0774200586906104e-06 1.977589946555396e-06
2.020737744546796e-06 1.977615567777288e-06
2.020737744546796e-06 1.977615567777288e-06
2.020737744546796e-06 1.977615567777288e-06
2.076608309557737e-06 1.9775956135331386e-06
2.076608309557737e-06 1.9775956135331386e-06
2.076608309557737e-06 1.9775956135331386e-06
1.995967306673512e-06 1.9775959220759333e-06
1.9848985060253e-06 1.9775861579451613e-06
1.9848985060253e-06 1.9775861579451613e-06
2.0070856975429192e-06 1.9776055524078207e-06
2.0728390757660946e-06 1.97761299468158e-06
2.0728390757660946e-06 1.97761299468158e-06
2.0728390757660946e-06 1.97761299468158e-06
2.077527344610751e-06 1.977596930641686e-06
2.077527344610751e-06 1.977596930641686e-06
2.077527344610751e-06 1.977596930641686e-06
2.077527344610751e-06 1.977596930641686e-06
2.0717838014258753e-06 1.9775942669951744e-06
2.0717838014258753e-06 1.9775942669951744e-06
2.0717838014258753e-06 1.9775942669951744e-06
2.0717838014258753e-06 1.9775942669951744e-06
2.0706388072029063e-06 1.977600975085845e-06
2.0706388072029063e-06 1.977600975085845e-06
2.0706388072029063e-06 1.977600975085845e-06
2.0706388072029063e-06 1.977600975085845e-06
2.066119618321663e-06 1.9775936636425536e-06
2.066119618321663e-06 1.9775936636425536e-06
2.066119618321663e-06 1.9775936636425536e-06
2.066119618321663e-06 1.9775936636425536e-06
2.066119618321663e-06 1.9775936636425536e-06
2.066119618321663e-06 1.9775936636425536e-06
2.009884156803899e-06 1.977604351320017e-06
2.0063291654212947e-06 1.9776046240406895e-06
1.99311493653845e-06 1.9776048203143306e-06
2.0045473863381302e-06 1.977606831872123e-06
2.073987603303662e-06 1.9776034722790836e-06
2.073987603303662e-06 1.9776034722790836e-06
2.073987603303662e-06 1.9776034722790836e-06
2.073987603303662e-06 1.9776034722790836e-06
2.073987603303662e-06 1.9776034722790836e-06
2.073987603303662e-06 1.9776034722790836e-06
2.073987603303662e-06 1.9776034722790836e-06
2.073987603303662e-06 1.9776034722790836e-06
2.073987603303662e-06 1.9776034722790836e-06
2.073987603303662e-06 1.9776034722790836e-06
2.073987603303662e-06 1.9776034722790836e-06
2.073987603303662e-06 1.9776034722790836e-06
2.0659838520845797e-06 1.977602586660891e-06
2.0659838520845797e-06 1.977602586660891e-06
2.0659838520845797e-06 1.977602586660891e-06
2.0659838520845797e-06 1.977602586660891e-06
2.0659838520845797e-06 1.977602586660891e-06
2.0659838520845797e-06 1.977602586660891e-06
2.0659838520845797e-06 1.977602586660891e-06
2.0659838520845797e-06 1.977602586660891e-06
2.0659838520845797e-06 1.977602586660891e-06
2.0659838520845797e-06 1.977602586660891e-06
2.0659838520845797e-06 1.977602586660891e-06
2.0659838520845797e-06 1.977602586660891e-06
2.0659838520845797e-06 1.977602586660891e-06
2.0659838520845797e-06 1.977602586660891e-06
2.0659838520845797e-06 1.977602586660891e-06
2.0659838520845797e-06 1.977602586660891e-06
2.0659838520845797e-06 1.977602586660891e-06
2.0659838520845797e-06 1.977602586660891e-06
1.9970061980800543e-06 1.977610475862059e-06
1.9970061980800543e-06 1.977610475862059e-06
1.9911016903854807e-06 1.97760593339784e-06
2.0712691272647655e-06 1.9776053496928706e-06
2.0712691272647655e-06 1.9776053496928706e-06
2.0712691272647655e-06 1.9776053496928706e-06
2.0712691272647655e-06 1.9776053496928706e-06
2.0317777697199415e-06 1.9775738039557283e-06
2.0317777697199415e-06 1.9775738039557283e-06
2.0317777697199415e-06 1.9775738039557283e-06
2.0317777697199415e-06 1.9775738039557283e-06
2.0317777697199415e-06 1.9775738039557283e-06
2.0317777697199415e-06 1.9775738039557283e-06
2.0665876723706083e-06 1.9775979593390828e-06
2.0665876723706083e-06 1.9775979593390828e-06
2.0665876723706083e-06 1.9775979593390828e-06
2.0665876723706083e-06 1.9775979593390828e-06
2.0665876723706083e-06 1.9775979593390828e-06
2.0665876723706083e-06 1.9775979593390828e-06
2.0665876723706083e-06 1.9775979593390828e-06
2.0665876723706083e-06 1.9775979593390828e-06
1.996473345853757e-06 1.9776085063781774e-06
2.0316296084333145e-06 1.9775883971762422e-06
2.0316296084333145e-06 1.9775883971762422e-06
2.0316296084333145e-06 1.9775883971762422e-06
2.0316296084333145e-06 1.9775883971762422e-06
2.0316296084333145e-06 1.9775883971762422e-06
2.0316296084333145e-06 1.9775883971762422e-06
2.0316296084333145e-06 1.9775883971762422e-06
2.0316296084333145e-06 1.9775883971762422e-06
1.9982869776282868e-06 1.977599658002791e-06
1.9982869776282868e-06 1.977599658002791e-06
1.9982869776282868e-06 1.977599658002791e-06
1.9982869776282868e-06 1.977599658002791e-06
1.9982869776282868e-06 1.977599658002791e-06
1.9982869776282868e-06 1.977599658002791e-06
2.0714998346027686e-06 1.9775984184297908e-06
2.0714998346027686e-06 1.9775984184297908e-06
2.0714998346027686e-06 1.9775984184297908e-06
2.0714998346027686e-06 1.9775984184297908e-06
2.0714998346027686e-06 1.9775984184297908e-06
2.0714998346027686e-06 1.9775984184297908e-06
2.0714998346027686e-06 1.9775984184297908e-06
2.0714998346027686e-06 1.9775984184297908e-06
2.077342455840939e-06 1.9776001208786382e-06
2.077342455840939e-06 1.9776001208786382e-06
2.077342455840939e-06 1.9776001208786382e-06
2.0624301663397257e-06 1.9775976265387273e-06
2.0624301663397257e-06 1.9775976265387273e-06
2.0624301663397257e-06 1.9775976265387273e-06
2.0624301663397257e-06 1.9775976265387273e-06
2.0108258139023825e-06 1.977599844021372e-06
2.0108258139023825e-06 1.977599844021372e-06
2.0108258139023825e-06 1.977599844021372e-06
2.0666392133279717e-06 1.9776050341946115e-06
2.0666392133279717e-06 1.9776050341946115e-06
2.0666392133279717e-06 1.9776050341946115e-06
2.016782452089709e-06 1.9775705262967054e-06
2.016782452089709e-06 1.9775705262967054e-06
2.016782452089709e-06 1.9775705262967054e-06
2.016782452089709e-06 1.9775705262967054e-06
2.0618684421630168e-06 1.977587622256262e-06
2.0618684421630168e-06 1.977587622256262e-06
2.0618684421630168e-06 1.977587622256262e-06
2.0618684421630168e-06 1.977587622256262e-06
2.0700305444382137e-06 1.9775997739569887e-06
2.0700305444382137e-06 1.9775997739569887e-06
2.0700305444382137e-06 1.9775997739569887e-06
2.0700305444382137e-06 1.9775997739569887e-06