0.0682774673719239 0.0674008604365162
0.0682774673719239 0.0674008604365162
0.0682774673719239 0.0674008604365162
0.0682774673719239 0.0674008604365162
0.0682774673719239 0.0674008604365162
0.0682774673719239 0.0674008604365162
0.0682774673719239 0.0674008604365162
0.0682774673719239 0.0674008604365162
0.0682774673719239 0.0674008604365162
0.0682774673719239 0.0674008604365162
0.0682774673719239 0.0674008604365162
0.0682774673719239 0.0674008604365162
0.0682774673719239 0.0674008604365162
0.0682774673719239 0.0674008604365162
0.0682774673719239 0.0674008604365162
0.3610386515572539 0.3608982242326498
0.3610386515572539 0.3608982242326498
0.3610386515572539 0.3608982242326498
0.3610386515572539 0.3608982242326498
0.3610386515572539 0.3608982242326498
0.3610386515572539 0.3608982242326498
0.3610386515572539 0.3608982242326498
0.3610386515572539 0.3608982242326498
0.3610386515572539 0.3608982242326498
0.3610386515572539 0.3608982242326498
0.3610386515572539 0.3608982242326498
0.3610386515572539 0.3608982242326498
0.3610386515572539 0.3608982242326498
0.3610386515572539 0.3608982242326498
0.3610386515572539 0.3608982242326498
0.3610386515572539 0.3608982242326498
0.3610386515572539 0.3608982242326498
0.3610386515572539 0.3608982242326498
0.3610386515572539 0.3608982242326498
0.3610386515572539 0.3608982242326498
0.3610386515572539 0.3608982242326498
0.000246811661425465 8.51074694570569e-05
0.0034213202721736875 0.003400043404809423
0.0011361847172517096 0.001097886355996034
0.0013234211500572348 0.0012978889092201177
0.000851074694570569 0.0007319242373306893
0.04423035187683247 0.045600582135091085
0.04423035187683247 0.045600582135091085
0.04423035187683247 0.045600582135091085
0.04423035187683247 0.045600582135091085
0.00014042732460414387 0.00029787614309969917
0.04159627569713656 0.04336651106184334
0.04159627569713656 0.04336651106184334
0.04159627569713656 0.04336651106184334
0.04159627569713656 0.04336651106184334