8.559169203459074e-07 2.1518612857554434e-06
8.21371981978472e-07 2.1518612058777416e-06
9.10564031596986e-07 2.1518612044947257e-06
9.10564031596986e-07 2.1518612044947257e-06
9.10564031596986e-07 2.1518612044947257e-06
9.10564031596986e-07 2.1518612044947257e-06
9.10564031596986e-07 2.1518612044947257e-06
9.10564031596986e-07 2.1518612044947257e-06
9.364606499571316e-07 2.151861019347256e-06
9.103902886521868e-07 2.1518611357801604e-06
8.033950108857608e-07 2.151861182978818e-06
7.804628050438179e-07 2.1518611242878155e-06
1.0057290840907196e-06 2.1518612433066948e-06
6.944036355864685e-07 2.1518609914281008e-06
8.749527038257477e-07 2.151861173310436e-06
1.0009155447998217e-06 2.151861287457018e-06
8.033950108857608e-07 2.1518611681735874e-06
8.033950108857608e-07 2.1518611975437823e-06
8.937399933337561e-07 2.151861060888828e-06
1.0009155447998217e-06 2.151861109233158e-06
7.690944628137078e-07 2.1518611661073996e-06
8.479578120276e-07 2.1518610859496165e-06
7.925581083301335e-07 2.1518612080811174e-06
8.327930666084029e-07 2.15185546629982e-06
8.699696688073307e-07 2.151861227521541e-06
7.48651761388793e-07 2.151861128614284e-06
8.033950108857608e-07 2.151861117217089e-06
7.208205105594123e-07 2.151861125427786e-06
8.875911992679753e-07 2.151861117073399e-06
9.6648279693322e-07 2.15186104386083e-06
8.329145011486367e-07 2.1518610452464757e-06
7.225690281221548e-07 2.1518611126092844e-06
1.0807965630322072e-06 2.1518611924506443e-06
8.607167819789398e-07 2.1518611851583577e-06
8.607167819789398e-07 2.1518611851583577e-06
8.033950108857608e-07 2.1518611975437823e-06
4.7566059346901765e-07 2.151861184856509e-06
8.033950108857608e-07 2.151861117217089e-06
7.596330544851467e-07 2.1518612004818592e-06
1.0857981526084825e-06 2.1518612986583247e-06
9.105824031615738e-07 2.1518612998890293e-06
8.033950108857608e-07 2.151861117217089e-06
9.6648279693322e-07 2.1518611739946905e-06
7.923060557869104e-07 2.151861145059961e-06
7.387944507446976e-07 2.1518611079116312e-06
9.926439674784408e-07 2.1518609037771344e-06
9.020123755105176e-07 2.1518612297399667e-06
9.777677767554483e-07 2.1518609859660804e-06
8.033950108857608e-07 2.1518611681735874e-06
8.21371981978472e-07 2.1518611325257166e-06