1.7953655843858765e-06 1.9775474394359974e-06
1.7953655843858765e-06 1.9775474394359974e-06
1.7148237791162566e-06 1.9775863248256317e-06
1.7148237791162566e-06 1.9775863248256317e-06
1.7764646867949632e-06 1.9781954963151942e-06
1.7764646867949632e-06 1.9781954963151942e-06
1.866350591516833e-06 1.9778854153163794e-06
1.866350591516833e-06 1.9778854153163794e-06
1.8354770040574907e-06 1.9781954963151942e-06
1.8354770040574907e-06 1.9781954963151942e-06
1.2924523732409862e-06 1.9778854153163794e-06
1.2924523732409862e-06 1.9778854153163794e-06
2.2613076689988286e-06 1.9781954963151942e-06
2.2613076689988286e-06 1.9781954963151942e-06
1.870069454231893e-06 1.9781954963151942e-06
1.870069454231893e-06 1.9781954963151942e-06
1.8687423768343535e-06 1.977661451331683e-06
1.8687423768343535e-06 1.977661451331683e-06
1.8686739617195777e-06 1.977661451331683e-06
1.8686739617195777e-06 1.977661451331683e-06
1.8739064849523064e-06 1.9781954963151942e-06
1.8739064849523064e-06 1.9781954963151942e-06
1.975603647164495e-06 1.9775976944443935e-06
1.975603647164495e-06 1.9775976944443935e-06
1.8243354720677632e-06 1.9778854153163794e-06
1.8243354720677632e-06 1.9778854153163794e-06
1.726627753721687e-06 1.9778854153163794e-06
1.726627753721687e-06 1.9778854153163794e-06
1.4010508484893267e-06 1.9778854153163794e-06
1.4010508484893267e-06 1.9778854153163794e-06
1.9757082631040504e-06 1.9775976944443935e-06
1.9757082631040504e-06 1.9775976944443935e-06
1.972993699295567e-06 1.9779796227665016e-06
1.972993699295567e-06 1.9779796227665016e-06
1.7929237095517917e-06 1.9775474394359974e-06
1.7929237095517917e-06 1.9775474394359974e-06
1.8713761049128124e-06 1.9781954963151942e-06
1.8713761049128124e-06 1.9781954963151942e-06
1.9765969582701307e-06 1.9775976944443935e-06
1.9765969582701307e-06 1.9775976944443935e-06
1.8573937282311624e-06 1.9778854153163794e-06
1.8573937282311624e-06 1.9778854153163794e-06
1.7939937526558448e-06 1.9775474394359974e-06
1.7939937526558448e-06 1.9775474394359974e-06
1.8556617937869477e-06 1.9781954963151942e-06
1.8556617937869477e-06 1.9781954963151942e-06
1.7930894804101873e-06 1.9775725602026496e-06
1.7930894804101873e-06 1.9775725602026496e-06
1.662388599884395e-06 1.9778854153163794e-06
1.662388599884395e-06 1.9778854153163794e-06
1.9497770745277316e-06 1.9775969068407047e-06
1.9497770745277316e-06 1.9775969068407047e-06
1.9494164317269554e-06 1.9775969068407047e-06
1.9494164317269554e-06 1.9775969068407047e-06
1.8390152729809751e-06 1.977678446656559e-06
1.8390152729809751e-06 1.977678446656559e-06
1.7555181594564833e-06 1.977700573436211e-06
1.7555181594564833e-06 1.977700573436211e-06
1.8430942336243293e-06 1.977678446656559e-06
1.8430942336243293e-06 1.977678446656559e-06
1.8826291469751963e-06 1.9778854153163794e-06
1.8826291469751963e-06 1.9778854153163794e-06
1.8691227327031302e-06 1.977661451331683e-06
1.8691227327031302e-06 1.977661451331683e-06
2.0710624953982893e-06 1.977697057065233e-06
2.0710624953982893e-06 1.977697057065233e-06
1.869472171126299e-06 1.977516184364911e-06
1.869472171126299e-06 1.977516184364911e-06
1.989378265764792e-06 1.9781954963151942e-06
1.989378265764792e-06 1.9781954963151942e-06
1.8283621653613504e-06 1.9781954963151942e-06
1.8283621653613504e-06 1.9781954963151942e-06
2.0493100750301885e-06 1.9781954963151942e-06
2.0493100750301885e-06 1.9781954963151942e-06
1.7949715510045947e-06 1.9775474394359974e-06
1.7949715510045947e-06 1.9775474394359974e-06
1.8224977488234856e-06 1.977724578931636e-06
1.8224977488234856e-06 1.977724578931636e-06
1.990333300768236e-06 1.977874635096768e-06
1.990333300768236e-06 1.977874635096768e-06
1.9591284704689184e-06 1.9781954963151942e-06
1.9591284704689184e-06 1.9781954963151942e-06
1.8375243727096928e-06 1.9781954963151942e-06
1.8375243727096928e-06 1.9781954963151942e-06
1.6925903997271434e-06 1.9778854153163794e-06
1.6925903997271434e-06 1.9778854153163794e-06
1.7756316232516575e-06 1.9781954963151942e-06
1.7756316232516575e-06 1.9781954963151942e-06
1.753885771004754e-06 1.9775863248256317e-06
1.753885771004754e-06 1.9775863248256317e-06
2.0187797330564413e-06 1.977697057065233e-06
2.0187797330564413e-06 1.977697057065233e-06
1.8401968020679242e-06 1.9781954963151942e-06
1.8401968020679242e-06 1.9781954963151942e-06
1.8468451196955243e-06 1.9775018898412186e-06
1.8468451196955243e-06 1.9775018898412186e-06
1.7385125239139508e-06 1.9778854153163794e-06
1.7385125239139508e-06 1.9778854153163794e-06
1.6942293248574863e-06 1.9778854153163794e-06
1.6942293248574863e-06 1.9778854153163794e-06
1.8645716604564316e-06 1.9775018898412186e-06
1.8645716604564316e-06 1.9775018898412186e-06
1.9770944246365467e-06 1.9775976944443935e-06
1.9770944246365467e-06 1.9775976944443935e-06
1.8447207766940222e-06 1.9775725602026496e-06
1.8447207766940222e-06 1.9775725602026496e-06
1.940185167304571e-06 1.977674918553006e-06
1.940185167304571e-06 1.977674918553006e-06
1.7545290402928093e-06 1.9781954963151942e-06
1.7545290402928093e-06 1.9781954963151942e-06
1.949653228718336e-06 1.9775969068407047e-06
1.949653228718336e-06 1.9775969068407047e-06
1.949325069408017e-06 1.9775969068407047e-06
1.949325069408017e-06 1.9775969068407047e-06
1.9174359056024405e-06 1.9775957820327985e-06
1.9174359056024405e-06 1.9775957820327985e-06
1.861085243214663e-06 1.9778854153163794e-06
1.861085243214663e-06 1.9778854153163794e-06
1.8689706788361938e-06 1.977661451331683e-06
1.8689706788361938e-06 1.977661451331683e-06
1.9217614710222245e-06 1.9781954963151942e-06
1.9217614710222245e-06 1.9781954963151942e-06
1.4623128760002963e-06 1.9778854153163794e-06
1.4623128760002963e-06 1.9778854153163794e-06
1.8679222362402712e-06 1.9775018898412186e-06
1.8679222362402712e-06 1.9775018898412186e-06
1.673036225756789e-06 1.9778854153163794e-06
1.673036225756789e-06 1.9778854153163794e-06
2.1127933263906178e-06 1.9781954963151942e-06
2.1127933263906178e-06 1.9781954963151942e-06
1.8294398913651002e-06 1.9781954963151942e-06
1.8294398913651002e-06 1.9781954963151942e-06
1.7191215830739416e-06 1.9778854153163794e-06
1.7191215830739416e-06 1.9778854153163794e-06
1.7347383241860057e-06 1.9778854153163794e-06
1.7347383241860057e-06 1.9778854153163794e-06
1.8514041073003968e-06 1.9778854153163794e-06
1.8514041073003968e-06 1.9778854153163794e-06
1.7624106070182058e-06 1.9778854153163794e-06
1.7624106070182058e-06 1.9778854153163794e-06
1.6573023098632303e-06 1.9778854153163794e-06
1.6573023098632303e-06 1.9778854153163794e-06
1.6411093056402898e-06 1.9781954963151942e-06
1.6411093056402898e-06 1.9781954963151942e-06
1.4342346063599699e-06 1.9778854153163794e-06
1.4342346063599699e-06 1.9778854153163794e-06
1.6791914501953542e-06 1.9772966187531155e-06
1.6791914501953542e-06 1.9772966187531155e-06
1.941709518446994e-06 1.9781954963151942e-06
1.941709518446994e-06 1.9781954963151942e-06
2.6354678386672007e-06 1.9778854153163794e-06
2.6354678386672007e-06 1.9778854153163794e-06
1.9279238768944727e-06 1.977598418533732e-06
1.9279238768944727e-06 1.977598418533732e-06
1.3631326207109527e-06 1.9778854153163794e-06
1.3631326207109527e-06 1.9778854153163794e-06
1.4474248339417735e-06 1.9778854153163794e-06
1.4474248339417735e-06 1.9778854153163794e-06
1.8326082411567932e-06 1.9781954963151942e-06
1.8326082411567932e-06 1.9781954963151942e-06
1.7747956920197348e-06 1.9781954963151942e-06
1.7747956920197348e-06 1.9781954963151942e-06
8.273272618543344e-07 1.9778854153163794e-06
8.273272618543344e-07 1.9778854153163794e-06
1.864903137381504e-06 1.9781954963151942e-06
1.864903137381504e-06 1.9781954963151942e-06
1.8802814683616633e-06 1.9781954963151942e-06
1.8802814683616633e-06 1.9781954963151942e-06
2.049746669074843e-06 1.9781954963151942e-06
2.049746669074843e-06 1.9781954963151942e-06
1.4424593971186458e-06 1.9778854153163794e-06
1.4424593971186458e-06 1.9778854153163794e-06
1.8700550224565093e-06 1.9781954963151942e-06
1.8700550224565093e-06 1.9781954963151942e-06
2.0594051985525045e-06 1.9781954963151942e-06
2.0594051985525045e-06 1.9781954963151942e-06
1.9747916544007945e-06 1.977874635096768e-06
1.9747916544007945e-06 1.977874635096768e-06
2.609019814312217e-06 1.977357517602046e-06
2.609019814312217e-06 1.977357517602046e-06
1.4224773933970058e-06 1.9778854153163794e-06
1.4224773933970058e-06 1.9778854153163794e-06
1.5175943050581307e-06 1.9778854153163794e-06
1.5175943050581307e-06 1.9778854153163794e-06
1.6973629691507101e-06 1.9781954963151942e-06
1.6973629691507101e-06 1.9781954963151942e-06
1.8309549984281173e-06 1.9781954963151942e-06
1.8309549984281173e-06 1.9781954963151942e-06
2.119189306684663e-06 1.9776956274077435e-06
2.119189306684663e-06 1.9776956274077435e-06
1.8456252608654033e-06 1.9775725602026496e-06
1.8456252608654033e-06 1.9775725602026496e-06
1.8024762628711376e-06 1.9781954963151942e-06
1.8024762628711376e-06 1.9781954963151942e-06
1.86961354823234e-06 1.9778854153163794e-06
1.86961354823234e-06 1.9778854153163794e-06
2.245270986869363e-06 1.9778854153163794e-06
2.245270986869363e-06 1.9778854153163794e-06
2.166230645856279e-06 1.9778854153163794e-06
2.166230645856279e-06 1.9778854153163794e-06