0.6053835000185894 0.626278023571402
0.6053835000185894 0.626278023571402
0.007881919916719337 0.00011153660259508495
0.5724430233855077 0.5858645945644496
0.5724430233855077 0.5858645945644496
0.5724430233855077 0.5858645945644496
0.002305089786965089 0.00011153660259508495
0.0015615124363311894 0.00011153660259508495
0.0015615124363311894 0.00011153660259508495
0.023980369557943266 0.030300777038331412
0.023980369557943266 0.030300777038331412
0.174182994385991 0.1616165371602781
0.174182994385991 0.1616165371602781
0.174182994385991 0.1616165371602781
0.7165483139383574 0.7373684797561066
0.7165483139383574 0.7373684797561066
0.7165483139383574 0.7373684797561066
0.7165483139383574 0.7373684797561066
0.5917760345019891 0.5757519425958285
0.5917760345019891 0.5757519425958285
0.6596274677473324 0.5656392906272075
0.6596274677473324 0.5656392906272075
0.6596274677473324 0.5656392906272075
0.028441833661746664 0.040413429006952446
0.6282113246830502 0.6868795776480648
0.6282113246830502 0.6868795776480648
0.0489645685392423 0.09090233111499424
0.0489645685392423 0.09090233111499424
0.0489645685392423 0.09090233111499424
0.49685838569357177 0.5454511655574971
0.49685838569357177 0.5454511655574971
0.49685838569357177 0.5454511655574971
0.4017176636799643 0.4040227534669294
0.31839982154143587 0.4646614864111239
0.31839982154143587 0.4646614864111239
0.31839982154143587 0.4646614864111239
0.31839982154143587 0.4646614864111239
0.31839982154143587 0.4646614864111239
0.31839982154143587 0.4646614864111239
0.0011897237610142394 0.00011153660259508495
0.5677584860765141 0.5757519425958285
0.5677584860765141 0.5757519425958285
0.0010038294233557646 0.010112651968621036
0.0010038294233557646 0.010112651968621036
0.0010038294233557646 0.010112651968621036
0.0010038294233557646 0.010112651968621036
0.0013384392311410194 0.00011153660259508495
0.0013384392311410194 0.00011153660259508495
0.0013384392311410194 0.00011153660259508495
0.0013384392311410194 0.00011153660259508495