8.514442091534955e-06 8.457798384052036e-06
8.514442091534955e-06 8.457798384052036e-06
8.338038088135936e-06 8.457804175512833e-06
8.338038088135936e-06 8.457804175512833e-06
8.338038088135936e-06 8.457804175512833e-06
8.338038088135936e-06 8.457804175512833e-06
7.697781984732318e-06 8.457779428849926e-06
7.697781984732318e-06 8.457779428849926e-06
7.697781984732318e-06 8.457779428849926e-06
7.697781984732318e-06 8.457779428849926e-06
8.476091283865125e-06 8.457816212317598e-06
8.476091283865125e-06 8.457816212317598e-06
8.385429346718568e-06 8.45781739211631e-06
8.385429346718568e-06 8.45781739211631e-06
8.385429346718568e-06 8.45781739211631e-06
8.385429346718568e-06 8.45781739211631e-06
4.78013300242066e-06 8.474564098586471e-06
4.78013300242066e-06 8.474564098586471e-06
8.54062534063811e-06 8.457805530877104e-06
8.54062534063811e-06 8.457805530877104e-06
8.090096131475505e-06 8.457782049742047e-06
8.090096131475505e-06 8.457782049742047e-06
7.95201009129242e-06 8.45779766102721e-06
7.95201009129242e-06 8.45779766102721e-06
7.788486869764544e-06 8.457834037754917e-06
7.788486869764544e-06 8.457834037754917e-06
7.062647234068388e-06 8.457789611137907e-06
7.062647234068388e-06 8.457789611137907e-06
8.510036949177487e-06 8.457793166388824e-06
8.510036949177487e-06 8.457793166388824e-06
8.492757329940375e-06 8.457804549342583e-06
8.492757329940375e-06 8.457804549342583e-06
8.487666322313708e-06 8.457787861143662e-06
8.487666322313708e-06 8.457787861143662e-06
8.487666322313708e-06 8.457787861143662e-06
8.487666322313708e-06 8.457787861143662e-06
8.487666322313708e-06 8.457787861143662e-06
8.487666322313708e-06 8.457787861143662e-06
8.487666322313708e-06 8.457787861143662e-06
8.487666322313708e-06 8.457787861143662e-06
8.487666322313708e-06 8.457787861143662e-06
8.487666322313708e-06 8.457787861143662e-06
8.288748166192769e-06 8.457861553144931e-06
8.288748166192769e-06 8.457861553144931e-06
1.030226855953681e-05 8.482386022481959e-06
1.030226855953681e-05 8.482386022481959e-06
8.510036949177487e-06 8.457797512710626e-06
8.510036949177487e-06 8.457797512710626e-06
8.49417679103391e-06 8.457810944443132e-06
8.49417679103391e-06 8.457810944443132e-06
8.49417679103391e-06 8.457810944443132e-06
8.49417679103391e-06 8.457810944443132e-06
8.49417679103391e-06 8.457810944443132e-06
8.49417679103391e-06 8.457810944443132e-06
8.49417679103391e-06 8.457810944443132e-06
8.49417679103391e-06 8.457810944443132e-06
8.49417679103391e-06 8.457810944443132e-06
8.49417679103391e-06 8.457810944443132e-06
8.49417679103391e-06 8.457810944443132e-06
8.49417679103391e-06 8.457810944443132e-06
8.49417679103391e-06 8.457810944443132e-06
8.49417679103391e-06 8.457810944443132e-06
8.49417679103391e-06 8.457810944443132e-06
8.49417679103391e-06 8.457810944443132e-06
8.49417679103391e-06 8.457810944443132e-06
8.49417679103391e-06 8.457810944443132e-06
8.49417679103391e-06 8.457810944443132e-06
8.49417679103391e-06 8.457810944443132e-06
5.885070879300197e-06 8.457780111862831e-06
5.885070879300197e-06 8.457780111862831e-06
5.885070879300197e-06 8.457780111862831e-06
5.885070879300197e-06 8.457780111862831e-06
8.241814847629448e-06 8.482386022481959e-06
8.241814847629448e-06 8.482386022481959e-06
1.3384372406777846e-05 8.474564098586471e-06
1.3384372406777846e-05 8.474564098586471e-06
8.007097002795819e-06 8.457797116021448e-06
8.007097002795819e-06 8.457797116021448e-06
8.007097002795819e-06 8.457797116021448e-06
8.007097002795819e-06 8.457797116021448e-06
8.476091283865125e-06 8.457824573375092e-06
8.476091283865125e-06 8.457824573375092e-06
8.460039007565104e-06 8.457797272284884e-06
8.460039007565104e-06 8.457797272284884e-06
8.460039007565104e-06 8.457797272284884e-06
8.460039007565104e-06 8.457797272284884e-06
8.449075507712502e-06 8.457808943080477e-06
8.449075507712502e-06 8.457808943080477e-06
8.449075507712502e-06 8.457808943080477e-06
8.449075507712502e-06 8.457808943080477e-06
8.449075507712502e-06 8.457808943080477e-06
8.449075507712502e-06 8.457808943080477e-06
8.449075507712502e-06 8.457808943080477e-06
8.449075507712502e-06 8.457808943080477e-06
8.449075507712502e-06 8.457808943080477e-06
8.449075507712502e-06 8.457808943080477e-06
8.523585190182864e-06 8.457807201640987e-06
8.523585190182864e-06 8.457807201640987e-06
8.523585190182864e-06 8.457807201640987e-06
8.523585190182864e-06 8.457807201640987e-06
8.523585190182864e-06 8.457807201640987e-06
8.523585190182864e-06 8.457807201640987e-06
8.523585190182864e-06 8.457807201640987e-06
8.523585190182864e-06 8.457807201640987e-06
8.523585190182864e-06 8.457807201640987e-06
8.523585190182864e-06 8.457807201640987e-06
8.460039007565104e-06 8.457797272284884e-06
8.460039007565104e-06 8.457797272284884e-06
8.460039007565104e-06 8.457797272284884e-06
8.460039007565104e-06 8.457797272284884e-06
8.431494366278804e-06 8.45779830520018e-06
8.431494366278804e-06 8.45779830520018e-06
8.431494366278804e-06 8.45779830520018e-06
8.431494366278804e-06 8.45779830520018e-06
8.431494366278804e-06 8.45779830520018e-06
8.431494366278804e-06 8.45779830520018e-06
8.431494366278804e-06 8.45779830520018e-06
8.431494366278804e-06 8.45779830520018e-06
8.431494366278804e-06 8.45779830520018e-06
8.431494366278804e-06 8.45779830520018e-06
8.431494366278804e-06 8.45779830520018e-06
8.431494366278804e-06 8.45779830520018e-06
8.431494366278804e-06 8.45779830520018e-06
8.431494366278804e-06 8.45779830520018e-06
8.431494366278804e-06 8.45779830520018e-06
8.431494366278804e-06 8.45779830520018e-06
8.431494366278804e-06 8.45779830520018e-06
8.431494366278804e-06 8.45779830520018e-06
8.431494366278804e-06 8.45779830520018e-06
8.431494366278804e-06 8.45779830520018e-06
8.431494366278804e-06 8.45779830520018e-06
8.431494366278804e-06 8.45779830520018e-06
8.431494366278804e-06 8.45779830520018e-06
8.431494366278804e-06 8.45779830520018e-06
8.431494366278804e-06 8.45779830520018e-06
8.431494366278804e-06 8.45779830520018e-06
8.431494366278804e-06 8.45779830520018e-06
8.431494366278804e-06 8.45779830520018e-06
8.431494366278804e-06 8.45779830520018e-06
8.431494366278804e-06 8.45779830520018e-06
8.431494366278804e-06 8.45779830520018e-06
8.431494366278804e-06 8.45779830520018e-06
8.431494366278804e-06 8.45779830520018e-06
8.431494366278804e-06 8.45779830520018e-06
8.431494366278804e-06 8.45779830520018e-06
8.431494366278804e-06 8.45779830520018e-06
7.062647234068388e-06 8.45768383959901e-06
7.062647234068388e-06 8.45768383959901e-06
8.288748166192769e-06 8.457799730905485e-06
8.288748166192769e-06 8.457799730905485e-06
3.824106401936527e-06 8.474564098586471e-06
3.824106401936527e-06 8.474564098586471e-06
7.821085849843422e-06 8.457843739385361e-06
7.821085849843422e-06 8.457843739385361e-06
7.821085849843422e-06 8.457843739385361e-06
7.821085849843422e-06 8.457843739385361e-06
8.492757329940375e-06 8.457797546661697e-06
8.492757329940375e-06 8.457797546661697e-06
8.468521485524755e-06 8.457810236156771e-06
8.468521485524755e-06 8.457810236156771e-06
8.45993763253012e-06 8.457803795609791e-06
8.45993763253012e-06 8.457803795609791e-06
8.45993763253012e-06 8.457803795609791e-06
8.45993763253012e-06 8.457803795609791e-06
8.460039007565104e-06 8.457797272284884e-06
8.460039007565104e-06 8.457797272284884e-06
8.460039007565104e-06 8.457797272284884e-06
8.460039007565104e-06 8.457797272284884e-06
9.192790152859366e-06 8.457847393452226e-06
9.192790152859366e-06 8.457847393452226e-06
9.192790152859366e-06 8.457847393452226e-06
9.192790152859366e-06 8.457847393452226e-06
8.488716592660006e-06 8.457801891758433e-06
8.488716592660006e-06 8.457801891758433e-06
8.418844450453624e-06 8.457791982789234e-06
8.418844450453624e-06 8.457791982789234e-06
8.498610043562733e-06 8.457774057857866e-06
8.498610043562733e-06 8.457774057857866e-06
8.498610043562733e-06 8.457774057857866e-06
8.498610043562733e-06 8.457774057857866e-06
8.498610043562733e-06 8.457774057857866e-06
8.498610043562733e-06 8.457774057857866e-06
8.498610043562733e-06 8.457774057857866e-06
8.498610043562733e-06 8.457774057857866e-06
8.498610043562733e-06 8.457774057857866e-06
8.498610043562733e-06 8.457774057857866e-06
8.498610043562733e-06 8.457774057857866e-06
8.498610043562733e-06 8.457774057857866e-06
8.498610043562733e-06 8.457774057857866e-06
8.498610043562733e-06 8.457774057857866e-06
8.498610043562733e-06 8.457774057857866e-06
8.498610043562733e-06 8.457774057857866e-06
8.498610043562733e-06 8.457774057857866e-06
8.498610043562733e-06 8.457774057857866e-06
8.498610043562733e-06 8.457774057857866e-06
8.498610043562733e-06 8.457774057857866e-06
8.460039007565104e-06 8.457809893275392e-06
8.460039007565104e-06 8.457809893275392e-06
8.460039007565104e-06 8.457809893275392e-06
8.460039007565104e-06 8.457809893275392e-06
8.54062534063811e-06 8.457806329532077e-06
8.54062534063811e-06 8.457806329532077e-06
8.460039007565104e-06 8.457784751673052e-06
8.460039007565104e-06 8.457784751673052e-06
8.460039007565104e-06 8.457784751673052e-06
8.460039007565104e-06 8.457784751673052e-06
7.821085849843422e-06 8.457777792250366e-06
7.821085849843422e-06 8.457777792250366e-06
7.821085849843422e-06 8.457777792250366e-06
7.821085849843422e-06 8.457777792250366e-06
8.370384885350558e-06 8.457816959013364e-06
8.370384885350558e-06 8.457816959013364e-06
9.070291195525884e-06 8.4577998339518e-06
9.070291195525884e-06 8.4577998339518e-06
4.158647261061825e-06 8.404055012570599e-06
4.158647261061825e-06 8.404055012570599e-06
4.158647261061825e-06 8.404055012570599e-06
4.158647261061825e-06 8.404055012570599e-06
9.076861459332052e-06 8.457761137001764e-06
9.076861459332052e-06 8.457761137001764e-06
8.471070322548643e-06 8.45782988430015e-06
8.471070322548643e-06 8.45782988430015e-06
8.471070322548643e-06 8.45782988430015e-06
8.471070322548643e-06 8.45782988430015e-06
4.954983970626855e-06 8.404055012570599e-06
4.954983970626855e-06 8.404055012570599e-06
4.954983970626855e-06 8.404055012570599e-06
4.954983970626855e-06 8.404055012570599e-06
8.496501727601298e-06 8.457796682910747e-06
8.496501727601298e-06 8.457796682910747e-06
8.496501727601298e-06 8.457796682910747e-06
8.496501727601298e-06 8.457796682910747e-06
8.496501727601298e-06 8.457796682910747e-06
8.496501727601298e-06 8.457796682910747e-06
8.496501727601298e-06 8.457796682910747e-06
8.496501727601298e-06 8.457796682910747e-06
8.496501727601298e-06 8.457796682910747e-06
8.496501727601298e-06 8.457796682910747e-06
8.496501727601298e-06 8.457796682910747e-06
8.496501727601298e-06 8.457796682910747e-06
8.496501727601298e-06 8.457796682910747e-06
8.496501727601298e-06 8.457796682910747e-06
8.496501727601298e-06 8.457796682910747e-06
8.496501727601298e-06 8.457796682910747e-06
8.496501727601298e-06 8.457796682910747e-06
8.496501727601298e-06 8.457796682910747e-06
8.492757329940375e-06 8.457804549342583e-06
8.492757329940375e-06 8.457804549342583e-06
8.288748166192769e-06 8.457861553144931e-06
8.288748166192769e-06 8.457861553144931e-06
8.510036949177487e-06 8.457797512710626e-06
8.510036949177487e-06 8.457797512710626e-06
7.062647234068388e-06 8.457789611137907e-06
7.062647234068388e-06 8.457789611137907e-06
8.419296622220632e-06 8.457818766045818e-06
8.419296622220632e-06 8.457818766045818e-06
8.605548904958844e-06 8.457811764570418e-06
8.605548904958844e-06 8.457811764570418e-06
8.070272441240612e-06 8.457795875453208e-06
8.070272441240612e-06 8.457795875453208e-06
8.070272441240612e-06 8.457795875453208e-06
8.070272441240612e-06 8.457795875453208e-06
8.535758937557543e-06 8.457790641299668e-06
8.535758937557543e-06 8.457790641299668e-06
9.192790152859366e-06 8.457847393452226e-06
9.192790152859366e-06 8.457847393452226e-06
9.192790152859366e-06 8.457847393452226e-06
9.192790152859366e-06 8.457847393452226e-06
8.451681542583768e-06 8.457816589215662e-06
8.451681542583768e-06 8.457816589215662e-06
8.451681542583768e-06 8.457816589215662e-06
8.451681542583768e-06 8.457816589215662e-06
8.451681542583768e-06 8.457816589215662e-06
8.451681542583768e-06 8.457816589215662e-06
8.451681542583768e-06 8.457816589215662e-06
8.451681542583768e-06 8.457816589215662e-06
8.451681542583768e-06 8.457816589215662e-06
8.451681542583768e-06 8.457816589215662e-06
8.288748166192769e-06 8.457799730905485e-06
8.288748166192769e-06 8.457799730905485e-06
7.057007541443935e-06 8.457920137254654e-06
7.057007541443935e-06 8.457920137254654e-06
7.057007541443935e-06 8.457920137254654e-06
7.057007541443935e-06 8.457920137254654e-06
1.030226855953681e-05 8.482386022481959e-06
1.030226855953681e-05 8.482386022481959e-06
7.057007541443935e-06 8.457993529532801e-06
7.057007541443935e-06 8.457993529532801e-06
7.057007541443935e-06 8.457993529532801e-06
7.057007541443935e-06 8.457993529532801e-06
8.476091283865125e-06 8.457793608813626e-06
8.476091283865125e-06 8.457793608813626e-06
8.35745255595078e-06 8.482386022481959e-06
8.35745255595078e-06 8.482386022481959e-06
8.479401744467757e-06 8.457795375997034e-06
8.479401744467757e-06 8.457795375997034e-06
5.3791541932197655e-06 8.457836761974962e-06
5.3791541932197655e-06 8.457836761974962e-06
5.3791541932197655e-06 8.457836761974962e-06
5.3791541932197655e-06 8.457836761974962e-06
5.3791541932197655e-06 8.457836761974962e-06
5.3791541932197655e-06 8.457836761974962e-06
5.3791541932197655e-06 8.457836761974962e-06
5.3791541932197655e-06 8.457836761974962e-06
8.476091283865125e-06 8.457793608813626e-06
8.476091283865125e-06 8.457793608813626e-06
8.468521485524755e-06 8.457795633110652e-06
8.468521485524755e-06 8.457795633110652e-06
6.936977558877597e-06 8.404055012570599e-06
6.936977558877597e-06 8.404055012570599e-06
6.936977558877597e-06 8.404055012570599e-06
6.936977558877597e-06 8.404055012570599e-06
8.39367653948174e-06 8.457831564918621e-06
8.39367653948174e-06 8.457831564918621e-06
8.554873628979795e-06 8.457806660264693e-06
8.554873628979795e-06 8.457806660264693e-06
8.554873628979795e-06 8.457806660264693e-06
8.554873628979795e-06 8.457806660264693e-06
8.554873628979795e-06 8.457806660264693e-06
8.554873628979795e-06 8.457806660264693e-06
8.554873628979795e-06 8.457806660264693e-06
8.554873628979795e-06 8.457806660264693e-06
8.554873628979795e-06 8.457806660264693e-06
8.554873628979795e-06 8.457806660264693e-06
8.554873628979795e-06 8.457806660264693e-06
8.554873628979795e-06 8.457806660264693e-06
8.554873628979795e-06 8.457806660264693e-06
8.554873628979795e-06 8.457806660264693e-06
8.554873628979795e-06 8.457806660264693e-06
8.554873628979795e-06 8.457806660264693e-06
8.554873628979795e-06 8.457806660264693e-06
8.554873628979795e-06 8.457806660264693e-06
8.447789938449145e-06 8.457797893639006e-06
8.447789938449145e-06 8.457797893639006e-06
7.057007541443935e-06 8.457993529532801e-06
7.057007541443935e-06 8.457993529532801e-06
7.057007541443935e-06 8.457993529532801e-06
7.057007541443935e-06 8.457993529532801e-06
8.54062534063811e-06 8.457806329532077e-06
8.54062534063811e-06 8.457806329532077e-06
8.532482007689959e-06 8.457802767774163e-06
8.532482007689959e-06 8.457802767774163e-06
8.476091283865125e-06 8.457793608813626e-06
8.476091283865125e-06 8.457793608813626e-06
7.062647234068388e-06 8.45768383959901e-06
7.062647234068388e-06 8.45768383959901e-06
8.54062534063811e-06 8.457806329532077e-06
8.54062534063811e-06 8.457806329532077e-06
8.49625143815385e-06 8.457835921068402e-06
8.49625143815385e-06 8.457835921068402e-06
8.49625143815385e-06 8.457835921068402e-06
8.49625143815385e-06 8.457835921068402e-06
8.488716592660006e-06 8.457814023799605e-06
8.488716592660006e-06 8.457814023799605e-06
8.485808480256996e-06 8.45778743692739e-06
8.485808480256996e-06 8.45778743692739e-06
8.485808480256996e-06 8.45778743692739e-06
8.485808480256996e-06 8.45778743692739e-06
8.45993763253012e-06 8.457803795609791e-06
8.45993763253012e-06 8.457803795609791e-06
8.45993763253012e-06 8.457803795609791e-06
8.45993763253012e-06 8.457803795609791e-06
1.0707497925422278e-05 8.474564098586471e-06
1.0707497925422278e-05 8.474564098586471e-06
8.418844450453624e-06 8.45779293185101e-06
8.418844450453624e-06 8.45779293185101e-06
1.0144328355275712e-05 8.457797671713652e-06
1.0144328355275712e-05 8.457797671713652e-06
8.54062534063811e-06 8.457807409722711e-06
8.54062534063811e-06 8.457807409722711e-06
9.070291195525884e-06 8.4577998339518e-06
9.070291195525884e-06 8.4577998339518e-06
1.0707497925422278e-05 8.474564098586471e-06
1.0707497925422278e-05 8.474564098586471e-06
7.057007541443935e-06 8.457920137254654e-06
7.057007541443935e-06 8.457920137254654e-06
7.057007541443935e-06 8.457920137254654e-06
7.057007541443935e-06 8.457920137254654e-06
8.49625143815385e-06 8.45782893457779e-06
8.49625143815385e-06 8.45782893457779e-06
8.49625143815385e-06 8.45782893457779e-06
8.49625143815385e-06 8.45782893457779e-06
1.3873955117755194e-05 8.404055012570599e-06
1.3873955117755194e-05 8.404055012570599e-06
1.3873955117755194e-05 8.404055012570599e-06
1.3873955117755194e-05 8.404055012570599e-06
7.95201009129242e-06 8.457786100650339e-06
7.95201009129242e-06 8.457786100650339e-06
8.605548904958844e-06 8.457811764570418e-06
8.605548904958844e-06 8.457811764570418e-06
1.0391324633589137e-05 8.457970832730127e-06
1.0391324633589137e-05 8.457970832730127e-06
1.0391324633589137e-05 8.457970832730127e-06
1.0391324633589137e-05 8.457970832730127e-06
1.030226855953681e-05 8.482386022481959e-06
1.030226855953681e-05 8.482386022481959e-06
8.45993763253012e-06 8.457787685271501e-06
8.45993763253012e-06 8.457787685271501e-06
8.45993763253012e-06 8.457787685271501e-06
8.45993763253012e-06 8.457787685271501e-06