0.04504664596509957 0.044651789817836775
0.04504664596509957 0.044651789817836775
0.04504664596509957 0.044651789817836775
0.04504664596509957 0.044651789817836775
0.04504664596509957 0.044651789817836775
0.06324307391632894 0.060350609329462776
0.06324307391632894 0.060350609329462776
0.06324307391632894 0.060350609329462776
0.06324307391632894 0.060350609329462776
0.010303014158509621 0.008991660139120197
0.010303014158509621 0.008991660139120197
0.01853396083202361 0.018297249461076998
0.01853396083202361 0.018297249461076998
0.01853396083202361 0.018297249461076998
0.0078124868282935505 0.008165530710602815
0.0078124868282935505 0.008165530710602815
0.03723415913680602 0.03648625910723396
0.03723415913680602 0.03648625910723396
0.022073841134299308 0.02209677044088673
0.04753717329531564 0.04547791924635416
0.04753717329531564 0.04547791924635416
0.04753717329531564 0.04547791924635416
0.04753717329531564 0.04547791924635416
0.04753717329531564 0.04547791924635416
0.04753717329531564 0.04547791924635416
0.04753717329531564 0.04547791924635416
0.04753717329531564 0.04547791924635416
0.04753717329531564 0.04547791924635416
0.04753717329531564 0.04547791924635416
0.04753717329531564 0.04547791924635416
0.04753717329531564 0.04547791924635416
0.04753717329531564 0.04547791924635416
0.04753717329531564 0.04547791924635416
0.04753717329531564 0.04547791924635416
0.004901476478746387 0.004532584399236993
0.004901476478746387 0.004532584399236993
0.004901476478746387 0.004532584399236993
0.012737904200682687 0.012064861613204853
0.012737904200682687 0.012064861613204853
0.012737904200682687 0.012064861613204853
0.012737904200682687 0.012064861613204853
0.008979858290141376 0.008890501433587454
0.008979858290141376 0.008890501433587454
0.008979858290141376 0.008890501433587454
0.008979858290141376 0.008890501433587454
0.008979858290141376 0.008890501433587454
0.008979858290141376 0.008890501433587454
0.008979858290141376 0.008890501433587454
0.0001557844065204204 2.528967638318513e-05
0.0001557844065204204 2.528967638318513e-05