6.887850253274166e-07 2.8599783000101824e-06
6.887850253274166e-07 2.8599783000101824e-06
6.887850253274166e-07 2.8599783000101824e-06
6.429614389062189e-06 2.859767207049437e-06
6.543786957937088e-07 2.859767207049437e-06
6.920102102739959e-07 2.859976839087339e-06
6.920102102739959e-07 2.859976839087339e-06
6.920102102739959e-07 2.859976839087339e-06
7.664127923713235e-07 2.859977159596866e-06
7.529393509690013e-07 2.8599783000101824e-06
7.529393509690013e-07 2.8599783000101824e-06
7.529393509690013e-07 2.8599783000101824e-06
7.529393509690013e-07 2.8599783000101824e-06
7.622391345132535e-07 2.859767207049437e-06
7.192400107561124e-07 2.859977159596866e-06
6.920209350697258e-07 2.859981662720096e-06
7.23140300652823e-07 2.859978360412727e-06
6.808639394199071e-07 2.8599791089849076e-06
6.808639394199071e-07 2.8599791089849076e-06
7.221522395366147e-07 2.859977382409044e-06
6.224177149599154e-07 2.859965152118219e-06
6.224177149599154e-07 2.859965152118219e-06
7.161706342915545e-07 2.859978360412727e-06
7.492922807654942e-07 2.8599783000101824e-06
7.492922807654942e-07 2.8599783000101824e-06
6.797176921310358e-07 2.859978199344975e-06
6.797176921310358e-07 2.859978199344975e-06
5.245996379218342e-07 2.859767207049437e-06
5.245996379218342e-07 2.859767207049437e-06
7.498283070071524e-07 2.85997887167877e-06
7.498283070071524e-07 2.85997887167877e-06
5.939668923980697e-07 2.859767207049437e-06
6.560402630698841e-07 2.859976839087339e-06
6.61357075294268e-07 2.859976839087339e-06
6.61357075294268e-07 2.859976839087339e-06
6.61357075294268e-07 2.859976839087339e-06
6.61357075294268e-07 2.859976839087339e-06
7.648924623373005e-07 2.8599801783564353e-06
7.648924623373005e-07 2.8599801783564353e-06
7.648924623373005e-07 2.8599801783564353e-06
6.901457841711389e-07 2.859978360412727e-06
7.073637161222466e-07 2.859978199344975e-06
6.249019078280143e-07 2.859965152118219e-06
7.208870092944893e-07 2.8599791089849076e-06
7.311530331667918e-07 2.8599783000101824e-06
7.311530331667918e-07 2.8599783000101824e-06
6.998310771029188e-07 2.8599801783564353e-06
7.322469473569051e-07 2.8599783000101824e-06
8.052517324042688e-07 2.859984722958353e-06
7.642528752231801e-07 2.859767207049437e-06