0.16125714628060572 0.18179982537169534
0.2119503895853188 0.22171803630804254
0.2119503895853188 0.22171803630804254
0.1814791927157586 0.13098565141128293
0.3341302922416882 0.45299957951634395
0.3341302922416882 0.45299957951634395
0.3341302922416882 0.45299957951634395
0.1624320597153359 0.24221078989907283
0.369956831084282 0.412981517579878
0.369956831084282 0.412981517579878
0.369956831084282 0.412981517579878
0.39973683714190933 0.3825591367548203
0.39973683714190933 0.3825591367548203
0.08895503709464654 0.08050320466237604
0.11858526665209582 0.0905670760187853
0.2069933421572032 0.17153736147060553
0.139317662643411 0.11109311327652181
0.139317662643411 0.11109311327652181
0.139317662643411 0.11109311327652181
0.7485407885788207 0.7657184889659098
0.7485407885788207 0.7657184889659098
0.7485407885788207 0.7657184889659098
0.7485407885788207 0.7657184889659098
0.7485407885788207 0.7657184889659098
0.7485407885788207 0.7657184889659098
0.7485407885788207 0.7657184889659098
0.10159728316523232 0.1308181236221949
0.02824008174468543 0.02012552380170479
0.7130903551700074 0.7059743072282139
0.7130903551700074 0.7059743072282139
0.7130903551700074 0.7059743072282139
0.7130903551700074 0.7059743072282139
0.23806586393858942 0.23181519133115805
0.6194511967142364 0.6749849946135933
0.6194511967142364 0.6749849946135933
0.6194511967142364 0.6749849946135933
0.22354974743244246 0.26273682715680935
0.22354974743244246 0.26273682715680935
0.5546956042261381 0.5744894008163374
0.5546956042261381 0.5744894008163374
0.8825175321714375 0.8654152747622159
0.8825175321714375 0.8654152747622159
0.8825175321714375 0.8654152747622159
0.273035903091276 0.26163735669994664
0.06684580675725002 0.07044044276152364
0.6182008403016388 0.5951152890741926
0.08366848136613919 0.1106925998204901
0.12858035176397886 0.19136333227195418
0.05234411317334244 0.05048133729335003
0.13816493831981833 0.10079625625316889