0.5299773892733062 0.48827076051274015
0.5299773892733062 0.48827076051274015
0.4142607626507172 0.37497069579754344
0.4142607626507172 0.37497069579754344
0.4142607626507172 0.37497069579754344
0.4505075115939063 0.4387112053751286
0.5042254440381515 0.4788946154892716
0.6412114627242146 0.5485458756839546
0.6412114627242146 0.5485458756839546
0.6412114627242146 0.5485458756839546
0.2975166593041233 0.2672598453122034
0.5235905728410691 0.46309782072714734
0.5235905728410691 0.46309782072714734
0.5235905728410691 0.46309782072714734
0.5235905728410691 0.46309782072714734
0.4407635193453327 0.4373715504124664
0.48142323522714264 0.4561238404594035
0.48142323522714264 0.4561238404594035
0.6113474510202902 0.527114515664221
0.4509120715557634 0.43067447536179443
0.442065021856076 0.4266559903788634
0.5413345823662247 0.4924732890844875
0.5413345823662247 0.4924732890844875
0.5413345823662247 0.4924732890844875
0.5413345823662247 0.4924732890844875
0.569088691493275 0.48693110555007796
0.569088691493275 0.48693110555007796
0.569088691493275 0.48693110555007796
0.569088691493275 0.48693110555007796
0.5591544168901624 0.4976469055362087
0.44470377980420356 0.4346927203921976
0.44470377980420356 0.4346927203921976
0.44470377980420356 0.4346927203921976
0.4477456579990215 0.436032135402332
0.4911391530299645 0.420666295380122
0.4911391530299645 0.420666295380122
0.2850712814976685 0.2770518280663354
0.2850712814976685 0.2770518280663354
0.5751294963804361 0.5070228106071495
0.5751294963804361 0.5070228106071495
0.52951404094214 0.4788946154892716
0.2532482973568509 0.24441228547344193
0.23768761588207388 0.2411482112378887
0.5863955075127937 0.5150595406204836
0.5863955075127937 0.5150595406204836
0.28700241944133775 0.2672598453122034
0.28700241944133775 0.2672598453122034
0.4710577659315881 0.44942676540873155
0.6381319119825334 0.5446967971856448
0.3403011548195305 0.2966355536220714