6.839766595121262e-07 1.003711847775661e-06
6.839766595121262e-07 1.003711847775661e-06
6.839766595121262e-07 1.003711847775661e-06
6.839766595121262e-07 1.003711847775661e-06
6.839766595121262e-07 1.003711847775661e-06
6.839766595121262e-07 1.003711847775661e-06
6.839766595121262e-07 1.003711847775661e-06
6.839766595121262e-07 1.003711847775661e-06
6.839766595121262e-07 1.003711847775661e-06
6.839766595121262e-07 1.003711847775661e-06
6.839766595121262e-07 1.003711847775661e-06
6.839766595121262e-07 1.003711847775661e-06
6.839766595121262e-07 1.003711847775661e-06
6.839766595121262e-07 1.003711847775661e-06
6.839766595121262e-07 1.003711847775661e-06
6.839766595121262e-07 1.003711847775661e-06
6.839766595121262e-07 1.003711847775661e-06
6.839766595121262e-07 1.003711847775661e-06
6.839766595121262e-07 1.003711847775661e-06
6.839766595121262e-07 1.003711847775661e-06
6.839766595121262e-07 1.003711847775661e-06
6.839766595121262e-07 1.003711847775661e-06
6.839766595121262e-07 1.003711847775661e-06
6.839766595121262e-07 1.003711847775661e-06
6.839766595121262e-07 1.003711847775661e-06
6.839766595121262e-07 1.003711847775661e-06
6.839766595121262e-07 1.003711847775661e-06
6.839766595121262e-07 1.003711847775661e-06
6.839766595121262e-07 1.003711847775661e-06
6.839766595121262e-07 1.003711847775661e-06
6.839766595121262e-07 1.003711847775661e-06
6.839766595121262e-07 1.003711847775661e-06
6.839766595121262e-07 1.003711847775661e-06
6.839766595121262e-07 1.003711847775661e-06
6.839766595121262e-07 1.003711847775661e-06
6.839766595121262e-07 1.003711847775661e-06
6.839766595121262e-07 1.003711847775661e-06
6.839766595121262e-07 1.003711847775661e-06
6.839766595121262e-07 1.003711847775661e-06
6.839766595121262e-07 1.003711847775661e-06
6.839766595121262e-07 1.003711847775661e-06
6.839766595121262e-07 1.003711847775661e-06
6.839766595121262e-07 1.003711847775661e-06
6.839766595121262e-07 1.003711847775661e-06
6.839766595121262e-07 1.003711847775661e-06
6.839766595121262e-07 1.003711847775661e-06
6.89449405191968e-07 1.0037116150097702e-06
6.89449405191968e-07 1.0037116150097702e-06
6.89449405191968e-07 1.0037116150097702e-06
6.89449405191968e-07 1.0037116150097702e-06