0.011699027712959623 1.4997622435737394e-05
0.011699027712959623 1.4997622435737394e-05
0.011699027712959623 1.4997622435737394e-05
0.011699027712959623 1.4997622435737394e-05
0.011699027712959623 1.4997622435737394e-05
0.011699027712959623 1.4997622435737394e-05
0.011699027712959623 1.4997622435737394e-05
0.011699027712959623 1.4997622435737394e-05
0.011699027712959623 1.4997622435737394e-05
0.011699027712959623 1.4997622435737394e-05
0.011699027712959623 1.4997622435737394e-05
0.011699027712959623 1.4997622435737394e-05
0.011699027712959623 1.4997622435737394e-05
0.011699027712959623 1.4997622435737394e-05
0.011699027712959623 1.4997622435737394e-05
0.011699027712959623 1.4997622435737394e-05
0.011699027712959623 1.4997622435737394e-05
0.011699027712959623 1.4997622435737394e-05
0.011699027712959623 1.4997622435737394e-05
0.011699027712959623 1.4997622435737394e-05
0.011699027712959623 1.4997622435737394e-05
0.011699027712959623 1.4997622435737394e-05
0.011699027712959623 1.4997622435737394e-05
0.011699027712959623 1.4997622435737394e-05
0.011699027712959623 1.4997622435737394e-05
0.011699027712959623 1.4997622435737394e-05
0.011699027712959623 1.4997622435737394e-05
0.011699027712959623 1.4997622435737394e-05
0.011699027712959623 1.4997622435737394e-05
0.011699027712959623 1.4997622435737394e-05
0.0025407736832308053 1.4997622435737394e-05
0.0025407736832308053 1.4997622435737394e-05
0.0025407736832308053 1.4997622435737394e-05
0.0025407736832308053 1.4997622435737394e-05
0.0025407736832308053 1.4997622435737394e-05
0.0025407736832308053 1.4997622435737394e-05
0.0025407736832308053 1.4997622435737394e-05
0.0025407736832308053 1.4997622435737394e-05
0.0025407736832308053 1.4997622435737394e-05
0.0025407736832308053 1.4997622435737394e-05
0.0025407736832308053 1.4997622435737394e-05
0.0025407736832308053 1.4997622435737394e-05
0.0025407736832308053 1.4997622435737394e-05
0.0025407736832308053 1.4997622435737394e-05
0.0025407736832308053 1.4997622435737394e-05
0.0025407736832308053 1.4997622435737394e-05
0.0025407736832308053 1.4997622435737394e-05
0.0025407736832308053 1.4997622435737394e-05
0.0025407736832308053 1.4997622435737394e-05
0.0025407736832308053 1.4997622435737394e-05