3.223554830390315e-06 4.255374146767101e-06
3.223554830390315e-06 4.255374146767101e-06
3.223554830390315e-06 4.255374146767101e-06
3.223554830390315e-06 4.255374146767101e-06
3.223554830390315e-06 4.255374146767101e-06
3.223554830390315e-06 4.255374146767101e-06
3.223554830390315e-06 4.255374146767101e-06
3.223554830390315e-06 4.255374146767101e-06
3.223554830390315e-06 4.255374146767101e-06
3.223554830390315e-06 4.255374146767101e-06
3.223554830390315e-06 4.255374146767101e-06
3.223554830390315e-06 4.255374146767101e-06
3.223554830390315e-06 4.255374146767101e-06
3.223554830390315e-06 4.255374146767101e-06
8.876525461178807e-05 4.249294121424863e-06
8.876525461178807e-05 4.249294121424863e-06
8.876525461178807e-05 4.249294121424863e-06
8.876525461178807e-05 4.249294121424863e-06
0.00013121759650965375 4.249294121424863e-06
0.00013121759650965375 4.249294121424863e-06
0.00013121759650965375 4.249294121424863e-06
0.00013121759650965375 4.249294121424863e-06
0.00013121759650965375 4.249294121424863e-06
6.952511738591691e-05 4.249294121424863e-06
6.952511738591691e-05 4.249294121424863e-06
6.952511738591691e-05 4.249294121424863e-06
6.952511738591691e-05 4.249294121424863e-06
6.952511738591691e-05 4.249294121424863e-06
6.952511738591691e-05 4.249294121424863e-06
6.952511738591691e-05 4.249294121424863e-06
6.952511738591691e-05 4.249294121424863e-06
6.952511738591691e-05 4.249294121424863e-06
6.952511738591691e-05 4.249294121424863e-06
6.952511738591691e-05 4.249294121424863e-06
6.863877278103635e-05 4.25429329097948e-06
6.863877278103635e-05 4.25429329097948e-06
6.863877278103635e-05 4.25429329097948e-06
6.863877278103635e-05 4.25429329097948e-06
6.863877278103635e-05 4.25429329097948e-06
6.863877278103635e-05 4.25429329097948e-06
6.863877278103635e-05 4.25429329097948e-06
6.863877278103635e-05 4.25429329097948e-06
6.863877278103635e-05 4.25429329097948e-06
6.863877278103635e-05 4.25429329097948e-06
6.863877278103635e-05 4.25429329097948e-06
6.863877278103635e-05 4.25429329097948e-06
6.863877278103635e-05 4.25429329097948e-06
6.863877278103635e-05 4.25429329097948e-06
6.863877278103635e-05 4.25429329097948e-06
6.863877278103635e-05 4.25429329097948e-06