8.604107627462317e-07 1.0037117675858053e-06
1.180388206225954e-06 1.0037117408826975e-06
1.180388206225954e-06 1.0037117408826975e-06
1.1659048284073933e-06 1.003711758626808e-06
1.1659048284073933e-06 1.003711758626808e-06
1.1659048284073933e-06 1.003711758626808e-06
1.1659048284073933e-06 1.003711758626808e-06
1.1659048284073933e-06 1.003711758626808e-06
1.1659048284073933e-06 1.003711758626808e-06
1.1659048284073933e-06 1.003711758626808e-06
1.1659048284073933e-06 1.003711758626808e-06
1.1659048284073933e-06 1.003711758626808e-06
1.1659048284073933e-06 1.003711758626808e-06
1.1659048284073933e-06 1.003711758626808e-06
1.1659048284073933e-06 1.003711758626808e-06
1.1659048284073933e-06 1.003711758626808e-06
1.1659048284073933e-06 1.003711758626808e-06
1.1659048284073933e-06 1.003711758626808e-06
1.1659048284073933e-06 1.003711758626808e-06
1.1659048284073933e-06 1.003711758626808e-06
1.1659048284073933e-06 1.003711758626808e-06
1.1659048284073933e-06 1.003711758626808e-06
1.1659048284073933e-06 1.003711758626808e-06
1.1659048284073933e-06 1.003711758626808e-06
1.1659048284073933e-06 1.003711758626808e-06
4.6514229334039893e-07 1.0037117862715134e-06
4.6514229334039893e-07 1.0037117862715134e-06
4.6514229334039893e-07 1.0037117862715134e-06
4.6514229334039893e-07 1.0037117862715134e-06
4.6514229334039893e-07 1.0037117862715134e-06
4.6514229334039893e-07 1.0037117862715134e-06
4.6514229334039893e-07 1.0037117862715134e-06
4.6514229334039893e-07 1.0037117862715134e-06
4.6514229334039893e-07 1.0037117862715134e-06
4.6514229334039893e-07 1.0037117862715134e-06
4.6514229334039893e-07 1.0037117862715134e-06
4.6514229334039893e-07 1.0037117862715134e-06
4.6514229334039893e-07 1.0037117862715134e-06
4.6514229334039893e-07 1.0037117862715134e-06
4.6514229334039893e-07 1.0037117862715134e-06
4.6514229334039893e-07 1.0037117862715134e-06
4.6514229334039893e-07 1.0037117862715134e-06
4.6514229334039893e-07 1.0037117862715134e-06
4.6514229334039893e-07 1.0037117862715134e-06
4.6514229334039893e-07 1.0037117862715134e-06
4.6514229334039893e-07 1.0037117862715134e-06
4.6514229334039893e-07 1.0037117862715134e-06
4.6514229334039893e-07 1.0037117862715134e-06
4.6514229334039893e-07 1.0037117862715134e-06
4.6514229334039893e-07 1.0037117862715134e-06