0.501113105924596 0.4990664272890485
0.38320766008378215 0.3827767803710353
0.9499461400359066 0.9512387791741472
0.5044165170556553 0.5027049670855775
0.8699222022740873 0.871705565529623
0.8699222022740873 0.871705565529623
0.8699222022740873 0.871705565529623
0.8699222022740873 0.871705565529623
0.8699222022740873 0.871705565529623
0.8699222022740873 0.871705565529623
0.7268701376421305 0.7310113704368641
0.7268701376421305 0.7310113704368641
0.7268701376421305 0.7310113704368641
0.7268701376421305 0.7310113704368641
0.7268701376421305 0.7310113704368641
0.7268701376421305 0.7310113704368641
0.7268701376421305 0.7310113704368641
0.7268701376421305 0.7310113704368641
0.34629563135846797 0.3466666666666667
0.3145541591861161 0.31614602034709754
0.6173070017953322 0.620622381807301
0.6173070017953322 0.620622381807301
0.6173070017953322 0.620622381807301
0.6173070017953322 0.620622381807301
0.6801316576900059 0.6829922202274087
0.5139557151406343 0.5126630760023938
0.7754039497307001 0.7762657091561939
0.23406343506882107 0.2351645721125075
0.7648234590065829 0.7666307600239377
0.20997007779772592 0.2085936564931179
0.6727707959305805 0.6754637941352484
0.5732854578096948 0.5730939557151407
0.5732854578096948 0.5730939557151407
0.2608019150209455 0.25926989826451224
0.7856971873129862 0.7867384799521244
0.840754039497307 0.841508078994614
0.840754039497307 0.841508078994614
0.9008976660682226 0.9000718132854578
0.8069658886894076 0.8081508078994614
0.7961699581089168 0.797247157390784
0.7961699581089168 0.797247157390784
0.977211250748055 0.977474566128067
0.977211250748055 0.977474566128067
0.977211250748055 0.977474566128067
0.977211250748055 0.977474566128067
0.977211250748055 0.977474566128067
0.977211250748055 0.977474566128067
0.977211250748055 0.977474566128067
0.8296469180131658 0.8303650508677438
0.6480430879712746 0.649216038300419