9.754063068536028e-06 1.0569897510704863e-05
1.1575224046143166e-05 1.0569901144784615e-05
7.342181724078157e-06 1.0569901847223975e-05
9.232517259160332e-06 1.0569901408797785e-05
9.468522081804373e-06 1.0569899782728616e-05
9.338013449742525e-06 1.0569901027429666e-05
1.2132704572630047e-05 1.0569901420286857e-05
1.2132704572630047e-05 1.0569901420286857e-05
1.2132704572630047e-05 1.0569901420286857e-05
1.2132704572630047e-05 1.0569901420286857e-05
1.2132704572630047e-05 1.0569901420286857e-05
8.771525616301336e-06 1.0569900577653409e-05
7.9224204532138e-06 1.056989761554063e-05
9.215707317061908e-06 1.0569900175799125e-05
8.732484579291453e-06 1.0569901091821781e-05
8.935789559971655e-06 1.0569910128906039e-05
8.720478134552195e-06 1.0569900576357493e-05
8.935789559971655e-06 1.0569910128906039e-05
9.754063068536028e-06 1.0569896557322381e-05
8.904020582956207e-06 1.0569900620832438e-05
8.904020582956207e-06 1.0569900620832438e-05
8.904020582956207e-06 1.0569900620832438e-05
8.904020582956207e-06 1.0569900620832438e-05
8.904020582956207e-06 1.0569900620832438e-05
8.771525616301336e-06 1.0569900607956357e-05
9.232517259160332e-06 1.0569901408797785e-05
9.476434392539092e-06 1.0569899542489104e-05
9.516295485893662e-06 1.0569897599992487e-05
9.400528942067925e-06 1.056990002163962e-05
9.508196882301907e-06 1.056989686977868e-05
8.935789559971655e-06 1.0569888908730177e-05
8.720478134552195e-06 1.0569900576357493e-05
8.935789559971655e-06 1.0569888908730177e-05
9.468522081804373e-06 1.0569899782728616e-05
8.935789559971655e-06 1.0569893280018465e-05
8.720478134552195e-06 1.0569898473170271e-05
8.720478134552195e-06 1.0569898473170271e-05
2.9556585459841513e-06 1.0569901468945036e-05
8.720478134552195e-06 1.0569899568727461e-05
9.496794038392292e-06 1.0569900692940787e-05
8.720478134552195e-06 1.0569899463320906e-05
8.840777151811222e-06 1.0569900974342443e-05
8.935789559971655e-06 1.0569910128906039e-05
8.771525616301336e-06 1.0569900577653409e-05
8.935789559971655e-06 1.0569893280018465e-05
8.720478134552195e-06 1.0569899568727461e-05
8.7135374419592e-06 1.0569895595113819e-05
8.772775023479916e-06 1.0569897808255603e-05
7.951062518221906e-06 1.0569902111378067e-05
8.758077010359983e-06 1.0569901263631795e-05