8.514966062133701e-06 8.457812562643248e-06
8.514966062133701e-06 8.457812562643248e-06
8.514966062133701e-06 8.457812562643248e-06
8.514966062133701e-06 8.457812562643248e-06
8.58555490702521e-06 8.45778480058961e-06
8.58555490702521e-06 8.45778480058961e-06
8.58555490702521e-06 8.45778480058961e-06
8.58555490702521e-06 8.45778480058961e-06
8.533335279720919e-06 8.457811279851406e-06
8.533335279720919e-06 8.457811279851406e-06
8.533335279720919e-06 8.457811279851406e-06
8.533335279720919e-06 8.457811279851406e-06
8.440137300100541e-06 8.457801143737358e-06
8.440137300100541e-06 8.457801143737358e-06
8.440137300100541e-06 8.457801143737358e-06
8.440137300100541e-06 8.457801143737358e-06
8.440137300100541e-06 8.457801143737358e-06
8.440137300100541e-06 8.457801143737358e-06
8.440137300100541e-06 8.457801143737358e-06
8.440137300100541e-06 8.457801143737358e-06
8.440137300100541e-06 8.457801143737358e-06
8.440137300100541e-06 8.457801143737358e-06
8.440137300100541e-06 8.457801143737358e-06
8.440137300100541e-06 8.457801143737358e-06
8.440137300100541e-06 8.457801143737358e-06
8.440137300100541e-06 8.457801143737358e-06
8.440137300100541e-06 8.457801143737358e-06
8.440137300100541e-06 8.457801143737358e-06
8.440137300100541e-06 8.457801143737358e-06
8.440137300100541e-06 8.457801143737358e-06
8.440137300100541e-06 8.457801143737358e-06
8.440137300100541e-06 8.457801143737358e-06
8.440137300100541e-06 8.457801143737358e-06
8.440137300100541e-06 8.457801143737358e-06
8.440137300100541e-06 8.457801143737358e-06
8.440137300100541e-06 8.457801143737358e-06
8.440137300100541e-06 8.457801143737358e-06
8.615882038452628e-06 8.457809803551316e-06
8.615882038452628e-06 8.457809803551316e-06
8.615882038452628e-06 8.457809803551316e-06
8.615882038452628e-06 8.457809803551316e-06
8.615882038452628e-06 8.457809803551316e-06
8.442698969563958e-06 8.457813020028085e-06
8.442698969563958e-06 8.457813020028085e-06
8.442698969563958e-06 8.457813020028085e-06
7.606929550028051e-06 8.45787339739398e-06
7.606929550028051e-06 8.45787339739398e-06
7.606929550028051e-06 8.45787339739398e-06
7.606929550028051e-06 8.45787339739398e-06
8.600172549837551e-06 8.457784083370729e-06
8.600172549837551e-06 8.457784083370729e-06
8.600172549837551e-06 8.457784083370729e-06
8.600172549837551e-06 8.457784083370729e-06
8.600172549837551e-06 8.457784083370729e-06
8.354801664192305e-06 8.457793082957544e-06
8.354801664192305e-06 8.457793082957544e-06
8.354801664192305e-06 8.457793082957544e-06
8.354801664192305e-06 8.457793082957544e-06
8.582560434760049e-06 8.457811276127187e-06
8.582560434760049e-06 8.457811276127187e-06
8.582560434760049e-06 8.457811276127187e-06
8.582560434760049e-06 8.457811276127187e-06
9.051280777277398e-06 8.457810126400207e-06
9.051280777277398e-06 8.457810126400207e-06
9.051280777277398e-06 8.457810126400207e-06
9.051280777277398e-06 8.457810126400207e-06
8.322839813445995e-06 8.457793424150767e-06
8.322839813445995e-06 8.457793424150767e-06
8.322839813445995e-06 8.457793424150767e-06
8.322839813445995e-06 8.457793424150767e-06
8.39831536496444e-06 8.457815112141653e-06
8.39831536496444e-06 8.457815112141653e-06
8.39831536496444e-06 8.457815112141653e-06
8.39831536496444e-06 8.457815112141653e-06
8.884413215715925e-06 8.45778995198244e-06
8.884413215715925e-06 8.45778995198244e-06
8.884413215715925e-06 8.45778995198244e-06
8.884413215715925e-06 8.45778995198244e-06
8.593674166760129e-06 8.457824832414073e-06
8.593674166760129e-06 8.457824832414073e-06
8.593674166760129e-06 8.457824832414073e-06
8.593674166760129e-06 8.457824832414073e-06
8.519212527373483e-06 8.457812369222582e-06
8.519212527373483e-06 8.457812369222582e-06
8.519212527373483e-06 8.457812369222582e-06
8.519212527373483e-06 8.457812369222582e-06
8.519212527373483e-06 8.457812369222582e-06
8.383532871893162e-06 8.457765649866164e-06
8.383532871893162e-06 8.457765649866164e-06
8.383532871893162e-06 8.457765649866164e-06
8.519212527373483e-06 8.457811315927972e-06
8.519212527373483e-06 8.457811315927972e-06
8.519212527373483e-06 8.457811315927972e-06
8.519212527373483e-06 8.457811315927972e-06
8.519212527373483e-06 8.457811315927972e-06
8.58376441478477e-06 8.45781645342605e-06
8.58376441478477e-06 8.45781645342605e-06
8.58376441478477e-06 8.45781645342605e-06
8.497829916557128e-06 8.457798986428565e-06
8.497829916557128e-06 8.457798986428565e-06
8.497829916557128e-06 8.457798986428565e-06
8.293958203158464e-06 8.457789645901813e-06
8.293958203158464e-06 8.457789645901813e-06
8.293958203158464e-06 8.457789645901813e-06
8.293958203158464e-06 8.457789645901813e-06
8.293958203158464e-06 8.457789645901813e-06
8.261050702553681e-06 8.45781360024856e-06
8.261050702553681e-06 8.45781360024856e-06
8.261050702553681e-06 8.45781360024856e-06
8.261050702553681e-06 8.45781360024856e-06
8.367634328783559e-06 8.457804458703134e-06
8.367634328783559e-06 8.457804458703134e-06
8.367634328783559e-06 8.457804458703134e-06
8.367634328783559e-06 8.457804458703134e-06
8.367634328783559e-06 8.457804458703134e-06
8.533335279720919e-06 8.457808012314372e-06
8.533335279720919e-06 8.457808012314372e-06
8.533335279720919e-06 8.457808012314372e-06
8.533335279720919e-06 8.457808012314372e-06
8.530648506327331e-06 8.45779705673087e-06
8.530648506327331e-06 8.45779705673087e-06
8.530648506327331e-06 8.45779705673087e-06
8.530648506327331e-06 8.45779705673087e-06
8.530648506327331e-06 8.45779705673087e-06
8.314803146315697e-06 8.457818609176195e-06
8.314803146315697e-06 8.457818609176195e-06
8.314803146315697e-06 8.457818609176195e-06
8.314803146315697e-06 8.457818609176195e-06
8.314803146315697e-06 8.457818609176195e-06
8.4419135657432e-06 8.457792689593846e-06
8.4419135657432e-06 8.457792689593846e-06
8.4419135657432e-06 8.457792689593846e-06
8.530648506327331e-06 8.45781080898545e-06
8.530648506327331e-06 8.45781080898545e-06
8.530648506327331e-06 8.45781080898545e-06
8.530648506327331e-06 8.45781080898545e-06
8.530648506327331e-06 8.45781080898545e-06
8.25257274037328e-06 8.457795189049324e-06
8.25257274037328e-06 8.457795189049324e-06
8.25257274037328e-06 8.457795189049324e-06
8.25257274037328e-06 8.457795189049324e-06
8.25257274037328e-06 8.457795189049324e-06
8.623626816833637e-06 8.457799745598622e-06
8.623626816833637e-06 8.457799745598622e-06
8.623626816833637e-06 8.457799745598622e-06
8.623626816833637e-06 8.457799745598622e-06
8.623626816833637e-06 8.457799745598622e-06
8.444994065661931e-06 8.457812331554518e-06
8.444994065661931e-06 8.457812331554518e-06
8.444994065661931e-06 8.457812331554518e-06
8.444994065661931e-06 8.457812331554518e-06
8.444994065661931e-06 8.457812331554518e-06
8.444994065661931e-06 8.457812331554518e-06
8.444994065661931e-06 8.457812331554518e-06
8.444994065661931e-06 8.457812331554518e-06
8.444994065661931e-06 8.457812331554518e-06
8.444994065661931e-06 8.457812331554518e-06
8.444994065661931e-06 8.457812331554518e-06
8.444994065661931e-06 8.457812331554518e-06
8.444994065661931e-06 8.457812331554518e-06
8.444994065661931e-06 8.457812331554518e-06
8.444994065661931e-06 8.457812331554518e-06
8.444994065661931e-06 8.457812331554518e-06
8.444994065661931e-06 8.457812331554518e-06
8.444994065661931e-06 8.457812331554518e-06
8.444994065661931e-06 8.457812331554518e-06
8.444994065661931e-06 8.457812331554518e-06
8.368571099897403e-06 8.457788759410561e-06
8.368571099897403e-06 8.457788759410561e-06
8.368571099897403e-06 8.457788759410561e-06
8.368571099897403e-06 8.457788759410561e-06
7.588461071062572e-06 8.457783637637284e-06
7.588461071062572e-06 8.457783637637284e-06
7.588461071062572e-06 8.457783637637284e-06
7.588461071062572e-06 8.457783637637284e-06
7.588461071062572e-06 8.457783637637284e-06
7.588461071062572e-06 8.457783637637284e-06
7.588461071062572e-06 8.457783637637284e-06
7.588461071062572e-06 8.457783637637284e-06
7.588461071062572e-06 8.457783637637284e-06
7.588461071062572e-06 8.457783637637284e-06
7.588461071062572e-06 8.457783637637284e-06
7.588461071062572e-06 8.457783637637284e-06
7.588461071062572e-06 8.457783637637284e-06
7.588461071062572e-06 8.457783637637284e-06
7.588461071062572e-06 8.457783637637284e-06
7.588461071062572e-06 8.457783637637284e-06
7.588461071062572e-06 8.457783637637284e-06
7.588461071062572e-06 8.457783637637284e-06
7.588461071062572e-06 8.457783637637284e-06
7.588461071062572e-06 8.457783637637284e-06
7.423813608848391e-06 8.45775383325846e-06
7.423813608848391e-06 8.45775383325846e-06
7.423813608848391e-06 8.45775383325846e-06
7.423813608848391e-06 8.45775383325846e-06
7.423813608848391e-06 8.45775383325846e-06
8.506916891985155e-06 8.457806355994772e-06
8.506916891985155e-06 8.457806355994772e-06
8.506916891985155e-06 8.457806355994772e-06
7.606929550028051e-06 8.457817178797275e-06
7.606929550028051e-06 8.457817178797275e-06
7.606929550028051e-06 8.457817178797275e-06
7.606929550028051e-06 8.457817178797275e-06
8.37438300578581e-06 8.457817720744469e-06
8.37438300578581e-06 8.457817720744469e-06
8.37438300578581e-06 8.457817720744469e-06
8.37438300578581e-06 8.457817720744469e-06
8.207514593815482e-06 8.457810172834852e-06
8.207514593815482e-06 8.457810172834852e-06
8.207514593815482e-06 8.457810172834852e-06
8.207514593815482e-06 8.457810172834852e-06
8.207514593815482e-06 8.457810172834852e-06
8.533335279720919e-06 8.457802188073945e-06
8.533335279720919e-06 8.457802188073945e-06
8.533335279720919e-06 8.457802188073945e-06
8.533335279720919e-06 8.457802188073945e-06
8.354487716335061e-06 8.457811500210183e-06
8.354487716335061e-06 8.457811500210183e-06
8.354487716335061e-06 8.457811500210183e-06
8.354487716335061e-06 8.457811500210183e-06
8.514966062133701e-06 8.457805003157999e-06
8.514966062133701e-06 8.457805003157999e-06
8.514966062133701e-06 8.457805003157999e-06
8.514966062133701e-06 8.457805003157999e-06
8.533335279720919e-06 8.457808012314372e-06
8.533335279720919e-06 8.457808012314372e-06
8.533335279720919e-06 8.457808012314372e-06
8.533335279720919e-06 8.457808012314372e-06
6.769412974370053e-06 8.45752952133194e-06
6.769412974370053e-06 8.45752952133194e-06
6.769412974370053e-06 8.45752952133194e-06
6.769412974370053e-06 8.45752952133194e-06
6.769412974370053e-06 8.45752952133194e-06
7.423813608848391e-06 8.457737068695664e-06
7.423813608848391e-06 8.457737068695664e-06
7.423813608848391e-06 8.457737068695664e-06
7.423813608848391e-06 8.457737068695664e-06
7.423813608848391e-06 8.457737068695664e-06
8.28565576701051e-06 8.457798033870012e-06
8.28565576701051e-06 8.457798033870012e-06
8.28565576701051e-06 8.457798033870012e-06
8.28565576701051e-06 8.457798033870012e-06
8.28565576701051e-06 8.457798033870012e-06
8.334158247575112e-06 8.457793545633213e-06
8.334158247575112e-06 8.457793545633213e-06
8.334158247575112e-06 8.457793545633213e-06
8.334158247575112e-06 8.457793545633213e-06
8.334158247575112e-06 8.457793545633213e-06
8.530648506327331e-06 8.457797792234243e-06
8.530648506327331e-06 8.457797792234243e-06
8.530648506327331e-06 8.457797792234243e-06
8.530648506327331e-06 8.457797792234243e-06
8.530648506327331e-06 8.457797792234243e-06
8.261050702553681e-06 8.457803270283418e-06
8.261050702553681e-06 8.457803270283418e-06
8.261050702553681e-06 8.457803270283418e-06
8.261050702553681e-06 8.457803270283418e-06
7.606929550028051e-06 8.457830040124895e-06
7.606929550028051e-06 8.457830040124895e-06
7.606929550028051e-06 8.457830040124895e-06
7.606929550028051e-06 8.457830040124895e-06
8.359919929802133e-06 8.457814642944503e-06
8.359919929802133e-06 8.457814642944503e-06
8.359919929802133e-06 8.457814642944503e-06
8.359919929802133e-06 8.457814642944503e-06
8.359919929802133e-06 8.457814642944503e-06
7.606929550028051e-06 8.45787339739398e-06
7.606929550028051e-06 8.45787339739398e-06
7.606929550028051e-06 8.45787339739398e-06
7.606929550028051e-06 8.45787339739398e-06
8.322839813445995e-06 8.457793424150767e-06
8.322839813445995e-06 8.457793424150767e-06
8.322839813445995e-06 8.457793424150767e-06
8.322839813445995e-06 8.457793424150767e-06
8.359919929802133e-06 8.457814642944503e-06
8.359919929802133e-06 8.457814642944503e-06
8.359919929802133e-06 8.457814642944503e-06
8.359919929802133e-06 8.457814642944503e-06
8.359919929802133e-06 8.457814642944503e-06
1.075407533764715e-05 8.457813036802986e-06
1.075407533764715e-05 8.457813036802986e-06
1.075407533764715e-05 8.457813036802986e-06
1.075407533764715e-05 8.457813036802986e-06
8.530648506327331e-06 8.45781080898545e-06
8.530648506327331e-06 8.45781080898545e-06
8.530648506327331e-06 8.45781080898545e-06
8.530648506327331e-06 8.45781080898545e-06
8.530648506327331e-06 8.45781080898545e-06
8.315239684874744e-06 8.457820200669805e-06
8.315239684874744e-06 8.457820200669805e-06
8.315239684874744e-06 8.457820200669805e-06
8.315239684874744e-06 8.457820200669805e-06
8.315239684874744e-06 8.457820200669805e-06
8.533335279720919e-06 8.457802188073945e-06
8.533335279720919e-06 8.457802188073945e-06
8.533335279720919e-06 8.457802188073945e-06
8.533335279720919e-06 8.457802188073945e-06
8.593403176174179e-06 8.45781972095585e-06
8.593403176174179e-06 8.45781972095585e-06
8.593403176174179e-06 8.45781972095585e-06
8.593403176174179e-06 8.45781972095585e-06
8.593403176174179e-06 8.45781972095585e-06
7.423813608848391e-06 8.457784158432656e-06
7.423813608848391e-06 8.457784158432656e-06
7.423813608848391e-06 8.457784158432656e-06
7.423813608848391e-06 8.457784158432656e-06
7.423813608848391e-06 8.457784158432656e-06
8.519212527373483e-06 8.457811315927972e-06
8.519212527373483e-06 8.457811315927972e-06
8.519212527373483e-06 8.457811315927972e-06
8.519212527373483e-06 8.457811315927972e-06
8.519212527373483e-06 8.457811315927972e-06
8.832464524971824e-06 8.45779263831727e-06
8.832464524971824e-06 8.45779263831727e-06
8.832464524971824e-06 8.45779263831727e-06
8.832464524971824e-06 8.45779263831727e-06
7.606929550028051e-06 8.457830040124895e-06
7.606929550028051e-06 8.457830040124895e-06
7.606929550028051e-06 8.457830040124895e-06
7.606929550028051e-06 8.457830040124895e-06
8.530648506327331e-06 8.457810334467139e-06
8.530648506327331e-06 8.457810334467139e-06
8.530648506327331e-06 8.457810334467139e-06
8.530648506327331e-06 8.457810334467139e-06
8.530648506327331e-06 8.457810334467139e-06
8.45859021224431e-06 8.45780747814898e-06
8.45859021224431e-06 8.45780747814898e-06
8.45859021224431e-06 8.45780747814898e-06
8.530648506327331e-06 8.457797792234243e-06
8.530648506327331e-06 8.457797792234243e-06
8.530648506327331e-06 8.457797792234243e-06
8.530648506327331e-06 8.457797792234243e-06
8.530648506327331e-06 8.457797792234243e-06
7.423813608848391e-06 8.457784158432656e-06
7.423813608848391e-06 8.457784158432656e-06
7.423813608848391e-06 8.457784158432656e-06
7.423813608848391e-06 8.457784158432656e-06
7.423813608848391e-06 8.457784158432656e-06
9.172617963467185e-06 8.45778935199474e-06
9.172617963467185e-06 8.45778935199474e-06
9.172617963467185e-06 8.45778935199474e-06
9.172617963467185e-06 8.45778935199474e-06
9.172617963467185e-06 8.45778935199474e-06
8.207514593815482e-06 8.457795918168003e-06
8.207514593815482e-06 8.457795918168003e-06
8.207514593815482e-06 8.457795918168003e-06
8.207514593815482e-06 8.457795918168003e-06
8.207514593815482e-06 8.457795918168003e-06
7.423813608848391e-06 8.457784158432656e-06
7.423813608848391e-06 8.457784158432656e-06
7.423813608848391e-06 8.457784158432656e-06
7.423813608848391e-06 8.457784158432656e-06
7.423813608848391e-06 8.457784158432656e-06
8.955981495091074e-06 8.45780487073397e-06
8.955981495091074e-06 8.45780487073397e-06
8.955981495091074e-06 8.45780487073397e-06
8.955981495091074e-06 8.45780487073397e-06
8.955981495091074e-06 8.45780487073397e-06
8.530648506327331e-06 8.457810334467139e-06
8.530648506327331e-06 8.457810334467139e-06
8.530648506327331e-06 8.457810334467139e-06
8.530648506327331e-06 8.457810334467139e-06
8.530648506327331e-06 8.457810334467139e-06
8.383532871893162e-06 8.457752086694807e-06
8.383532871893162e-06 8.457752086694807e-06
8.383532871893162e-06 8.457752086694807e-06
8.461172500104349e-06 8.45780504907238e-06
8.461172500104349e-06 8.45780504907238e-06
8.461172500104349e-06 8.45780504907238e-06
8.461172500104349e-06 8.45780504907238e-06
8.461172500104349e-06 8.45780504907238e-06
8.461172500104349e-06 8.45780504907238e-06
8.461172500104349e-06 8.45780504907238e-06
8.461172500104349e-06 8.45780504907238e-06
8.461172500104349e-06 8.45780504907238e-06
8.461172500104349e-06 8.45780504907238e-06
8.461172500104349e-06 8.45780504907238e-06
8.461172500104349e-06 8.45780504907238e-06
8.461172500104349e-06 8.45780504907238e-06
8.461172500104349e-06 8.45780504907238e-06
8.461172500104349e-06 8.45780504907238e-06
1.122983621559311e-05 8.457770143660352e-06
1.122983621559311e-05 8.457770143660352e-06
1.122983621559311e-05 8.457770143660352e-06
1.122983621559311e-05 8.457770143660352e-06
1.122983621559311e-05 8.457770143660352e-06
7.423813608848391e-06 8.45775383325846e-06
7.423813608848391e-06 8.45775383325846e-06
7.423813608848391e-06 8.45775383325846e-06
7.423813608848391e-06 8.45775383325846e-06
7.423813608848391e-06 8.45775383325846e-06
8.383532871893162e-06 8.457765649866164e-06
8.383532871893162e-06 8.457765649866164e-06
8.383532871893162e-06 8.457765649866164e-06
8.506916891985155e-06 8.457804256820266e-06
8.506916891985155e-06 8.457804256820266e-06
8.506916891985155e-06 8.457804256820266e-06
8.551151997973601e-06 8.457785045654335e-06
8.551151997973601e-06 8.457785045654335e-06
8.551151997973601e-06 8.457785045654335e-06
8.466727695917863e-06 8.45781136245518e-06
8.466727695917863e-06 8.45781136245518e-06
8.466727695917863e-06 8.45781136245518e-06
8.533335279720919e-06 8.457811279851406e-06
8.533335279720919e-06 8.457811279851406e-06
8.533335279720919e-06 8.457811279851406e-06
8.533335279720919e-06 8.457811279851406e-06
8.695136074608843e-06 8.457807071066842e-06
8.695136074608843e-06 8.457807071066842e-06
8.695136074608843e-06 8.457807071066842e-06
8.695136074608843e-06 8.457807071066842e-06
7.392914035352059e-06 8.45781983118694e-06
7.392914035352059e-06 8.45781983118694e-06
7.392914035352059e-06 8.45781983118694e-06
7.392914035352059e-06 8.45781983118694e-06
7.392914035352059e-06 8.45781983118694e-06
7.392914035352059e-06 8.45781983118694e-06
7.392914035352059e-06 8.45781983118694e-06
7.392914035352059e-06 8.45781983118694e-06
7.392914035352059e-06 8.45781983118694e-06
7.392914035352059e-06 8.45781983118694e-06
7.392914035352059e-06 8.45781983118694e-06
7.392914035352059e-06 8.45781983118694e-06
7.392914035352059e-06 8.45781983118694e-06
7.392914035352059e-06 8.45781983118694e-06
7.392914035352059e-06 8.45781983118694e-06
7.392914035352059e-06 8.45781983118694e-06
7.392914035352059e-06 8.45781983118694e-06
7.392914035352059e-06 8.45781983118694e-06
7.392914035352059e-06 8.45781983118694e-06
7.392914035352059e-06 8.45781983118694e-06
7.392914035352059e-06 8.45781983118694e-06
7.392914035352059e-06 8.45781983118694e-06
7.392914035352059e-06 8.45781983118694e-06
7.392914035352059e-06 8.45781983118694e-06
7.392914035352059e-06 8.45781983118694e-06
8.28565576701051e-06 8.457798033870012e-06
8.28565576701051e-06 8.457798033870012e-06
8.28565576701051e-06 8.457798033870012e-06
8.28565576701051e-06 8.457798033870012e-06
8.28565576701051e-06 8.457798033870012e-06
7.3627405371874025e-06 8.457622612034478e-06
7.3627405371874025e-06 8.457622612034478e-06
7.3627405371874025e-06 8.457622612034478e-06
7.3627405371874025e-06 8.457622612034478e-06
8.391547338197682e-06 8.45781707529546e-06
8.391547338197682e-06 8.45781707529546e-06
8.391547338197682e-06 8.45781707529546e-06
8.391547338197682e-06 8.45781707529546e-06
7.423813608848391e-06 8.457737068695664e-06
7.423813608848391e-06 8.457737068695664e-06
7.423813608848391e-06 8.457737068695664e-06
7.423813608848391e-06 8.457737068695664e-06
7.423813608848391e-06 8.457737068695664e-06
7.606929550028051e-06 8.457817178797275e-06
7.606929550028051e-06 8.457817178797275e-06
7.606929550028051e-06 8.457817178797275e-06
7.606929550028051e-06 8.457817178797275e-06
8.596525705228099e-06 8.457821758228952e-06
8.596525705228099e-06 8.457821758228952e-06
8.596525705228099e-06 8.457821758228952e-06
8.596525705228099e-06 8.457821758228952e-06
8.474974455008743e-06 8.457797038247441e-06
8.474974455008743e-06 8.457797038247441e-06
8.474974455008743e-06 8.457797038247441e-06
8.4419135657432e-06 8.457813469746049e-06
8.4419135657432e-06 8.457813469746049e-06
8.4419135657432e-06 8.457813469746049e-06
8.30521485955906e-06 8.457800506249403e-06
8.30521485955906e-06 8.457800506249403e-06
8.30521485955906e-06 8.457800506249403e-06
8.30521485955906e-06 8.457800506249403e-06
8.391547338197682e-06 8.45781707529546e-06
8.391547338197682e-06 8.45781707529546e-06
8.391547338197682e-06 8.45781707529546e-06
8.391547338197682e-06 8.45781707529546e-06
8.343337547745819e-06 8.457797971646063e-06
8.343337547745819e-06 8.457797971646063e-06
8.343337547745819e-06 8.457797971646063e-06
8.343337547745819e-06 8.457797971646063e-06
8.343337547745819e-06 8.457797971646063e-06
8.890679424826624e-06 8.45780670888332e-06
8.890679424826624e-06 8.45780670888332e-06
8.890679424826624e-06 8.45780670888332e-06
8.890679424826624e-06 8.45780670888332e-06
8.890679424826624e-06 8.45780670888332e-06
8.736590241271726e-06 8.457828082713606e-06
8.736590241271726e-06 8.457828082713606e-06
8.736590241271726e-06 8.457828082713606e-06
8.736590241271726e-06 8.457828082713606e-06
8.736590241271726e-06 8.457828082713606e-06
8.50549019333061e-06 8.457798193560806e-06
8.50549019333061e-06 8.457798193560806e-06
8.50549019333061e-06 8.457798193560806e-06
8.514966062133701e-06 8.457805003157999e-06
8.514966062133701e-06 8.457805003157999e-06
8.514966062133701e-06 8.457805003157999e-06
8.514966062133701e-06 8.457805003157999e-06
8.358573523840433e-06 8.457800727809869e-06
8.358573523840433e-06 8.457800727809869e-06
8.358573523840433e-06 8.457800727809869e-06
8.358573523840433e-06 8.457800727809869e-06
7.606929550028051e-06 8.457830040124895e-06
7.606929550028051e-06 8.457830040124895e-06
7.606929550028051e-06 8.457830040124895e-06
7.606929550028051e-06 8.457830040124895e-06
8.533335279720919e-06 8.457816334265379e-06
8.533335279720919e-06 8.457816334265379e-06
8.533335279720919e-06 8.457816334265379e-06
8.533335279720919e-06 8.457816334265379e-06