2.0621024092542775e-06 1.9776059047429467e-06
1.874843931607675e-06 1.9776079639916055e-06
1.9910730891595636e-06 1.977602047887582e-06
1.9586053238368246e-06 1.9775997197125964e-06
1.950677477956757e-06 1.9776119686891457e-06
1.99189579248865e-06 1.977606697133445e-06
2.097398050833224e-06 1.977582089885241e-06
2.09562969331435e-06 1.9775976370368825e-06
2.0783247413412246e-06 1.9775987537477644e-06
1.9454374280398553e-06 1.9776096534506733e-06
2.046333470067036e-06 1.9776020915325275e-06
1.9522224617332584e-06 1.977602463335177e-06
1.952001382050801e-06 1.9775848453042253e-06
1.9330787403234545e-06 1.9776048630514262e-06
1.9339577648615847e-06 1.9776059525917926e-06
2.2005698143746763e-06 1.977642723596366e-06
1.9709926656131776e-06 1.9776008151158805e-06
1.692238920917545e-06 1.9776140896356335e-06
1.9711609818528293e-06 1.9775966293797984e-06
1.6415830983400018e-06 1.9776120458783807e-06
1.937571242911932e-06 1.9776142485751323e-06
2.4003899480887545e-06 1.9776059356101546e-06
1.9872251887975756e-06 1.9776007423180137e-06
1.6470338976605255e-06 1.9775989088324333e-06
1.9541627131661244e-06 1.9776146444569147e-06
1.8773404881256647e-06 1.977604877322239e-06
1.7940929619176049e-06 1.9775813864120213e-06
1.7819505135449408e-06 1.9776010549340793e-06
1.8715802637837546e-06 1.9776145119980735e-06
1.9342460471272594e-06 1.977597780175539e-06
2.018034260854269e-06 1.9775932968314054e-06
1.838312880372749e-06 1.9775845238657145e-06
1.73371674765464e-06 1.9775952958622663e-06
1.988849952148076e-06 1.9776027863871907e-06
2.088216757271968e-06 1.97756691280441e-06
1.7828378248609701e-06 1.977614954045171e-06
1.9118350463940435e-06 1.97759704859946e-06
1.8410318297292951e-06 1.9775974777809364e-06
1.9061723833749666e-06 1.9776048250879474e-06
1.6945268133199957e-06 1.977602010064291e-06
1.8798393702392265e-06 1.977597489298129e-06
2.1201653840600752e-06 1.9775918544547117e-06
1.999887843683267e-06 1.9776097315158386e-06
1.9046613743957427e-06 1.9776009637971517e-06
2.000953568808928e-06 1.977603277581105e-06
1.8693767218564392e-06 1.9775979995221174e-06