0.1764880180747435 0.2500092596022075
0.1764880180747435 0.2500092596022075
0.1764880180747435 0.2500092596022075
0.1764880180747435 0.2500092596022075
0.1764880180747435 0.2500092596022075
0.1764880180747435 0.2500092596022075
0.8235119819252565 0.2500092596022075
0.8235119819252565 0.2500092596022075
0.8235119819252565 0.2500092596022075
0.8235119819252565 0.2500092596022075
0.8235119819252565 0.2500092596022075
0.8235119819252565 0.2500092596022075
0.8235119819252565 0.2500092596022075
0.8235119819252565 0.2500092596022075
0.8235119819252565 0.2500092596022075
0.8235119819252565 0.2500092596022075
0.8235119819252565 0.2500092596022075
0.8235119819252565 0.2500092596022075
0.8235119819252565 0.2500092596022075
0.8235119819252565 0.2500092596022075
0.8235119819252565 0.2500092596022075
0.8235119819252565 0.2500092596022075
0.8235119819252565 0.2500092596022075
0.8235119819252565 0.2500092596022075
0.8235119819252565 0.2500092596022075
0.8235119819252565 0.2500092596022075
0.8235119819252565 0.2500092596022075
0.8235119819252565 0.2500092596022075
0.8235119819252565 0.2500092596022075
0.8235119819252565 0.2500092596022075
0.8235119819252565 0.2500092596022075
0.8235119819252565 0.2500092596022075
0.8235119819252565 0.2500092596022075
0.8235119819252565 0.2500092596022075
0.8235119819252565 0.2500092596022075
0.8235119819252565 0.2500092596022075
0.8235119819252565 0.2500092596022075
0.8235119819252565 0.2500092596022075
0.8235119819252565 0.2500092596022075
0.8235119819252565 0.2500092596022075
0.8235119819252565 0.2500092596022075
0.8235119819252565 0.2500092596022075
0.8235119819252565 0.2500092596022075
0.8235119819252565 0.2500092596022075
0.8235119819252565 0.2500092596022075
0.8235119819252565 0.2500092596022075
0.8235119819252565 0.2500092596022075
0.8235119819252565 0.2500092596022075
0.8235119819252565 0.2500092596022075
0.8235119819252565 0.2500092596022075