0.012345679012345678 6.746333367814593e-06
4.36830942508875e-06 7.50977739602337e-06
1.3592127439786876e-05 7.559936118539798e-06
1.0194095579840157e-05 7.559936118539798e-06
0.009259259259259259 6.746333367814593e-06
2.243751891454783e-06 7.510003540027637e-06
1.8122836586382502e-05 7.559936118539798e-06
4.384817001541392e-06 7.509782496583085e-06
9.799454170402708e-06 7.516042851654728e-06
0.011111111111111112 6.746333367814593e-06
4.368181006776177e-06 7.50977739602337e-06
2.7386662010934124e-05 7.4705406208593914e-06
0.006944444444444444 6.746333367814593e-06
9.799238109237008e-06 7.516042851654728e-06
1.3592127439786876e-05 7.559936118539798e-06
4.367870975492814e-06 7.50977739602337e-06
0.009259259259259259 6.746333367814593e-06
9.798157946306094e-06 7.516042851654728e-06
4.368245214988648e-06 7.50977739602337e-06
1.0194095579840157e-05 7.559936118539798e-06
9.799310128566949e-06 7.516042851654728e-06
9.799526192908573e-06 7.516042851654728e-06
9.799526192908573e-06 7.516042851654728e-06
9.943273623975221e-06 7.54212275558997e-06
1.3592127439786876e-05 7.559936118539798e-06
9.59444289867309e-06 7.559936118539798e-06
0.012345679012345678 6.746333367814593e-06
4.368341530846689e-06 7.50977739602337e-06
4.367667409021102e-06 7.50977739602337e-06
4.384736824522867e-06 7.509782496583085e-06
0.0024154589371980675 6.746333367814593e-06
4.367506934489959e-06 7.50977739602337e-06
2.4187151343527904e-06 7.559936118539798e-06
4.681450687939179e-06 7.511245367110803e-06
1.631055292774425e-05 7.559936118539798e-06
4.368181006776177e-06 7.50977739602337e-06
9.942828734775043e-06 7.54212275558997e-06
4.369026530881845e-06 7.50977739602337e-06
1.8122836586382502e-05 7.559936118539798e-06
9.799598216473125e-06 7.516042851654728e-06
0.009259259259259259 6.746333367814593e-06
2.245853353600421e-06 7.510003540027637e-06
4.681417814199208e-06 7.511245367110803e-06
4.367956292896411e-06 7.50977739602337e-06
1.631055292774425e-05 7.559936118539798e-06
9.798806015487013e-06 7.516042851654728e-06
1.7923684535982693e-06 7.559936118539798e-06
1.631055292774425e-05 7.559936118539798e-06
0.010101010101010102 6.746333367814593e-06
9.799526192908573e-06 7.516042851654728e-06
4.36830942508875e-06 7.50977739602337e-06
0.006944444444444444 6.746333367814593e-06
1.08737019518295e-05 7.559936118539798e-06
0.009259259259259259 6.746333367814593e-06
4.367699505342449e-06 7.50977739602337e-06
1.631055292774425e-05 7.559936118539798e-06
1.8122836586382502e-05 7.559936118539798e-06
4.681450687939179e-06 7.511245367110803e-06
4.3677957971369185e-06 7.50977739602337e-06
4.368116800451252e-06 7.50977739602337e-06
3.948279177551407e-06 7.511857415479256e-06
3.545772375596576e-06 7.559936118539798e-06
9.797725947807514e-06 7.516042851654728e-06
1.3592127439786876e-05 7.559936118539798e-06
1.482777538885841e-05 7.559936118539798e-06
4.36830942508875e-06 7.50977739602337e-06
0.006535947712418301 6.746333367814593e-06
0.011111111111111112 6.746333367814593e-06
4.36830942508875e-06 7.50977739602337e-06
9.799598216473125e-06 7.516042851654728e-06
9.79916609096566e-06 7.516042851654728e-06
0.011111111111111112 6.746333367814593e-06
9.799526192908573e-06 7.516042851654728e-06
2.243751891454783e-06 7.510003540027637e-06
9.799526192908573e-06 7.516042851654728e-06
0.00015262515262515263 6.746333367814593e-06
4.36830942508875e-06 7.50977739602337e-06
4.3681489033777765e-06 7.50977739602337e-06
9.798445966469718e-06 7.516042851654728e-06
9.798734003566738e-06 7.516042851654728e-06
9.799094073752881e-06 7.516042851654728e-06
5.282472066897226e-06 7.513643777300204e-06
4.369540307337042e-06 7.50977739602337e-06
9.799238109237008e-06 7.516042851654728e-06
0.012345679012345678 6.746333367814593e-06
0.011111111111111112 6.746333367814593e-06
5.2823754761248815e-06 7.513643777300204e-06
9.798085943910858e-06 7.516042851654728e-06
0.007407407407407408 6.746333367814593e-06
9.798373959841365e-06 7.516042851654728e-06
2.2437361355446703e-06 7.510003540027637e-06
9.795854394420282e-06 7.516042851654728e-06
4.37180933439288e-06 7.50977739602337e-06
3.933506947675236e-06 7.511857415479256e-06
4.3682773198027405e-06 7.50977739602337e-06
7.163836951070993e-05 6.746333367814593e-06
9.799382148955508e-06 7.516042851654728e-06
4.36798839346371e-06 7.50977739602337e-06
4.681056233528533e-06 7.511245367110803e-06
6.532864653562414e-06 7.510678321688661e-06