0.004689304361723779 0.001697501350067398
0.004689304361723779 0.001697501350067398
0.004689304361723779 0.001697501350067398
0.004689304361723779 0.001697501350067398
0.004689304361723779 0.001697501350067398
0.004689304361723779 0.001697501350067398
0.004689304361723779 0.001697501350067398
0.004689304361723779 0.001697501350067398
0.004689304361723779 0.001697501350067398
0.004689304361723779 0.001697501350067398
0.004689304361723779 0.001697501350067398
0.004689304361723779 0.001697501350067398
0.004689304361723779 0.001697501350067398
0.004689304361723779 0.001697501350067398
0.004689304361723779 0.001697501350067398
0.004689304361723779 0.001697501350067398
0.004689304361723779 0.001697501350067398
0.005360792816299999 0.0038986190410669613
0.005360792816299999 0.0038986190410669613
0.005360792816299999 0.0038986190410669613
0.005360792816299999 0.0038986190410669613
0.005360792816299999 0.0038986190410669613
0.005360792816299999 0.0038986190410669613
0.005360792816299999 0.0038986190410669613
0.005360792816299999 0.0038986190410669613
0.005360792816299999 0.0038986190410669613
0.005360792816299999 0.0038986190410669613
0.005360792816299999 0.0038986190410669613
0.005360792816299999 0.0038986190410669613
0.005360792816299999 0.0038986190410669613
0.005360792816299999 0.0038986190410669613
0.005360792816299999 0.0038986190410669613
0.005360792816299999 0.0038986190410669613
0.005360792816299999 0.0038986190410669613
0.005360792816299999 0.0038986190410669613
0.005360792816299999 0.0038986190410669613
0.005360792816299999 0.0038986190410669613
0.005360792816299999 0.0038986190410669613
0.005360792816299999 0.0038986190410669613
0.021912676605871154 0.0032087336425297482
0.021912676605871154 0.0032087336425297482
0.021912676605871154 0.0032087336425297482
0.021912676605871154 0.0032087336425297482
0.021912676605871154 0.0032087336425297482
0.021912676605871154 0.0032087336425297482
0.021912676605871154 0.0032087336425297482
0.021912676605871154 0.0032087336425297482
0.021912676605871154 0.0032087336425297482
0.021912676605871154 0.0032087336425297482
0.021912676605871154 0.0032087336425297482
0.021912676605871154 0.0032087336425297482
0.021912676605871154 0.0032087336425297482
0.021912676605871154 0.0032087336425297482
0.021912676605871154 0.0032087336425297482
0.021912676605871154 0.0032087336425297482
0.021912676605871154 0.0032087336425297482
0.021912676605871154 0.0032087336425297482
0.021912676605871154 0.0032087336425297482
0.021912676605871154 0.0032087336425297482
0.021912676605871154 0.0032087336425297482
0.021912676605871154 0.0032087336425297482
0.021912676605871154 0.0032087336425297482
0.021912676605871154 0.0032087336425297482
0.021912676605871154 0.0032087336425297482
7.665393317080144e-07 5.787371954395509e-05
7.665393317080144e-07 5.787371954395509e-05
7.665393317080144e-07 5.787371954395509e-05
7.665393317080144e-07 5.787371954395509e-05
0.004079905593015907 0.0008263293995812395
0.04148587517136945 0.015594476164267845
0.04148587517136945 0.015594476164267845
5.902352854151711e-05 3.947677558296274e-05
5.902352854151711e-05 3.947677558296274e-05
5.902352854151711e-05 3.947677558296274e-05
5.902352854151711e-05 3.947677558296274e-05
5.902352854151711e-05 3.947677558296274e-05
5.902352854151711e-05 3.947677558296274e-05
5.902352854151711e-05 3.947677558296274e-05
5.902352854151711e-05 3.947677558296274e-05
5.902352854151711e-05 3.947677558296274e-05
5.902352854151711e-05 3.947677558296274e-05
5.902352854151711e-05 3.947677558296274e-05
5.902352854151711e-05 3.947677558296274e-05
5.902352854151711e-05 3.947677558296274e-05
5.902352854151711e-05 3.947677558296274e-05
5.902352854151711e-05 3.947677558296274e-05
5.902352854151711e-05 3.947677558296274e-05
5.902352854151711e-05 3.947677558296274e-05
5.902352854151711e-05 3.947677558296274e-05
5.902352854151711e-05 3.947677558296274e-05
5.902352854151711e-05 3.947677558296274e-05
5.902352854151711e-05 3.947677558296274e-05
5.902352854151711e-05 3.947677558296274e-05
5.902352854151711e-05 3.947677558296274e-05
5.902352854151711e-05 3.947677558296274e-05
5.902352854151711e-05 3.947677558296274e-05
5.902352854151711e-05 3.947677558296274e-05
5.902352854151711e-05 3.947677558296274e-05
5.902352854151711e-05 3.947677558296274e-05
5.902352854151711e-05 3.947677558296274e-05
5.902352854151711e-05 3.947677558296274e-05
5.902352854151711e-05 3.947677558296274e-05
5.902352854151711e-05 3.947677558296274e-05
5.902352854151711e-05 3.947677558296274e-05
5.902352854151711e-05 3.947677558296274e-05
4.024331491467076e-05 7.358777584396939e-05
4.024331491467076e-05 7.358777584396939e-05
4.024331491467076e-05 7.358777584396939e-05
2.1846370953678413e-05 6.975507918542932e-05
2.1846370953678413e-05 6.975507918542932e-05
2.1846370953678413e-05 6.975507918542932e-05
0.006638230612591405 0.0038476441755083786
0.006638230612591405 0.0038476441755083786
0.001333011897840237 0.0033493936098981693
0.01826931516226296 0.013999691084649322
0.01826931516226296 0.013999691084649322
0.01826931516226296 0.013999691084649322
0.01826931516226296 0.013999691084649322
0.01826931516226296 0.013999691084649322
0.01826931516226296 0.013999691084649322
0.01826931516226296 0.013999691084649322
0.01826931516226296 0.013999691084649322
0.01826931516226296 0.013999691084649322
0.01826931516226296 0.013999691084649322
0.01826931516226296 0.013999691084649322
0.01826931516226296 0.013999691084649322
0.01826931516226296 0.013999691084649322
0.01826931516226296 0.013999691084649322
0.01826931516226296 0.013999691084649322
0.01826931516226296 0.013999691084649322
0.01826931516226296 0.013999691084649322
0.01826931516226296 0.013999691084649322
0.01826931516226296 0.013999691084649322
0.01826931516226296 0.013999691084649322
0.01826931516226296 0.013999691084649322
0.01826931516226296 0.013999691084649322
0.01826931516226296 0.013999691084649322
0.01826931516226296 0.013999691084649322
0.01826931516226296 0.013999691084649322
9.198471980496174e-06 0.007453445191862878
9.198471980496174e-06 0.007453445191862878
0.0010892523903570884 0.0006067158810468934
0.0010892523903570884 0.0006067158810468934
0.0010892523903570884 0.0006067158810468934
0.0010892523903570884 0.0006067158810468934
0.0010892523903570884 0.0006067158810468934
0.0010892523903570884 0.0006067158810468934
0.0010892523903570884 0.0006067158810468934
0.0010892523903570884 0.0006067158810468934
0.0010892523903570884 0.0006067158810468934
0.0010892523903570884 0.0006067158810468934
0.0010892523903570884 0.0006067158810468934
0.0010892523903570884 0.0006067158810468934
0.0010892523903570884 0.0006067158810468934
0.0010892523903570884 0.0006067158810468934
0.0010892523903570884 0.0006067158810468934
0.0010892523903570884 0.0006067158810468934
0.0010892523903570884 0.0006067158810468934
0.0010892523903570884 0.0006067158810468934
0.0010892523903570884 0.0006067158810468934
0.0010892523903570884 0.0006067158810468934
0.0010892523903570884 0.0006067158810468934
0.0010892523903570884 0.0006067158810468934
0.0010892523903570884 0.0006067158810468934
0.052456969356440404 0.031153691519277122
0.052456969356440404 0.031153691519277122
0.052456969356440404 0.031153691519277122
4.024331491467076e-05 7.358777584396939e-05
4.024331491467076e-05 7.358777584396939e-05
4.024331491467076e-05 7.358777584396939e-05
4.024331491467076e-05 7.358777584396939e-05
4.024331491467076e-05 7.358777584396939e-05
4.024331491467076e-05 7.358777584396939e-05
4.024331491467076e-05 7.358777584396939e-05
4.024331491467076e-05 7.358777584396939e-05
4.024331491467076e-05 7.358777584396939e-05
4.024331491467076e-05 7.358777584396939e-05
4.024331491467076e-05 7.358777584396939e-05
4.024331491467076e-05 7.358777584396939e-05
4.024331491467076e-05 7.358777584396939e-05
4.024331491467076e-05 7.358777584396939e-05
4.024331491467076e-05 7.358777584396939e-05
4.024331491467076e-05 7.358777584396939e-05
4.024331491467076e-05 7.358777584396939e-05
4.024331491467076e-05 7.358777584396939e-05
4.024331491467076e-05 7.358777584396939e-05
4.024331491467076e-05 7.358777584396939e-05
4.024331491467076e-05 7.358777584396939e-05
4.024331491467076e-05 7.358777584396939e-05
4.024331491467076e-05 7.358777584396939e-05
4.024331491467076e-05 7.358777584396939e-05
4.024331491467076e-05 7.358777584396939e-05
4.024331491467076e-05 7.358777584396939e-05
4.024331491467076e-05 7.358777584396939e-05
4.024331491467076e-05 7.358777584396939e-05
4.024331491467076e-05 7.358777584396939e-05
0.023633940675221503 0.006691505096145112
2.2229640619532418e-05 0.0019516091385286048
2.2229640619532418e-05 0.0019516091385286048
2.2229640619532418e-05 0.0019516091385286048
2.2229640619532418e-05 0.0019516091385286048
2.2229640619532418e-05 0.0019516091385286048
2.2229640619532418e-05 0.0019516091385286048
2.2229640619532418e-05 0.0019516091385286048
2.2229640619532418e-05 0.0019516091385286048
2.2229640619532418e-05 0.0019516091385286048
2.2229640619532418e-05 0.0019516091385286048
2.2229640619532418e-05 0.0019516091385286048
2.2229640619532418e-05 0.0019516091385286048
2.2229640619532418e-05 0.0019516091385286048
2.2229640619532418e-05 0.0019516091385286048
2.2229640619532418e-05 0.0019516091385286048
2.2229640619532418e-05 0.0019516091385286048
2.2229640619532418e-05 0.0019516091385286048
2.2229640619532418e-05 0.0019516091385286048
2.2229640619532418e-05 0.0019516091385286048
2.2229640619532418e-05 0.0019516091385286048
2.2229640619532418e-05 0.0019516091385286048
2.2229640619532418e-05 0.0019516091385286048
2.2229640619532418e-05 0.0019516091385286048
0.001487469573179402 0.0003890187108418173
0.001487469573179402 0.0003890187108418173
0.021912676605871154 0.0032087336425297482
0.021912676605871154 0.0032087336425297482
0.021912676605871154 0.0032087336425297482
0.021912676605871154 0.0032087336425297482
0.021912676605871154 0.0032087336425297482
2.2996179951240434e-05 0.00030393284502222773
2.2996179951240434e-05 0.00030393284502222773
2.2996179951240434e-05 0.00030393284502222773
2.2996179951240434e-05 0.00030393284502222773
2.2996179951240434e-05 0.00030393284502222773
2.2996179951240434e-05 0.00030393284502222773
2.2996179951240434e-05 0.00030393284502222773
2.2996179951240434e-05 0.00030393284502222773
2.2996179951240434e-05 0.00030393284502222773
2.2996179951240434e-05 0.00030393284502222773
2.2996179951240434e-05 0.00030393284502222773
2.2996179951240434e-05 0.00030393284502222773
2.2996179951240434e-05 0.00030393284502222773
2.2996179951240434e-05 0.00030393284502222773
2.2996179951240434e-05 0.00030393284502222773
0.013938751207778535 0.004342445314125902
0.013938751207778535 0.004342445314125902
0.013938751207778535 0.004342445314125902
0.013938751207778535 0.004342445314125902
0.013938751207778535 0.004342445314125902
1.2264629307328231e-05 0.00014525920335866873
1.2264629307328231e-05 0.00014525920335866873
1.2264629307328231e-05 0.00014525920335866873
9.198471980496174e-06 0.00011229801209522412
1.533078663416029e-06 0.0011766378741718021
0.00012034667507815827 7.512085450738541e-05
0.00012034667507815827 7.512085450738541e-05
0.01826931516226296 0.013999691084649322
0.01826931516226296 0.013999691084649322
0.01826931516226296 0.013999691084649322
0.01826931516226296 0.013999691084649322
0.01826931516226296 0.013999691084649322
0.01826931516226296 0.013999691084649322
0.01826931516226296 0.013999691084649322
0.01826931516226296 0.013999691084649322
0.01826931516226296 0.013999691084649322
0.01826931516226296 0.013999691084649322
0.01826931516226296 0.013999691084649322
0.01826931516226296 0.013999691084649322
0.01826931516226296 0.013999691084649322
0.01826931516226296 0.013999691084649322
0.01826931516226296 0.013999691084649322
0.01826931516226296 0.013999691084649322
0.01826931516226296 0.013999691084649322
0.01826931516226296 0.013999691084649322
0.01826931516226296 0.013999691084649322
0.01826931516226296 0.013999691084649322
0.01826931516226296 0.013999691084649322
0.01826931516226296 0.013999691084649322
0.01826931516226296 0.013999691084649322
0.01826931516226296 0.013999691084649322
0.01826931516226296 0.013999691084649322
0.01826931516226296 0.013999691084649322
0.01826931516226296 0.013999691084649322
0.01826931516226296 0.013999691084649322
0.01826931516226296 0.013999691084649322
0.01826931516226296 0.013999691084649322
0.01826931516226296 0.013999691084649322
0.01826931516226296 0.013999691084649322
0.01826931516226296 0.013999691084649322
0.01826931516226296 0.013999691084649322
0.01826931516226296 0.013999691084649322
0.01826931516226296 0.013999691084649322
0.0069996539074917334 0.003574372903754471
0.0069996539074917334 0.003574372903754471
0.0069996539074917334 0.003574372903754471
0.0069996539074917334 0.003574372903754471
0.0069996539074917334 0.003574372903754471
0.0069996539074917334 0.003574372903754471
0.0069996539074917334 0.003574372903754471
0.0069996539074917334 0.003574372903754471
0.0069996539074917334 0.003574372903754471
0.0069996539074917334 0.003574372903754471
0.0069996539074917334 0.003574372903754471
0.0069996539074917334 0.003574372903754471
0.0069996539074917334 0.003574372903754471
0.0069996539074917334 0.003574372903754471
0.0069996539074917334 0.003574372903754471
0.0069996539074917334 0.003574372903754471
0.0069996539074917334 0.003574372903754471
0.0069996539074917334 0.003574372903754471
0.0069996539074917334 0.003574372903754471
0.0069996539074917334 0.003574372903754471
0.0069996539074917334 0.003574372903754471
0.0069996539074917334 0.003574372903754471
0.0069996539074917334 0.003574372903754471
0.001333011897840237 0.0033493936098981693
0.001333011897840237 0.0033493936098981693
0.001333011897840237 0.0033493936098981693
0.001333011897840237 0.0033493936098981693
0.001333011897840237 0.0033493936098981693
0.001333011897840237 0.0033493936098981693
0.001333011897840237 0.0033493936098981693
0.001333011897840237 0.0033493936098981693
0.001333011897840237 0.0033493936098981693
0.001333011897840237 0.0033493936098981693
0.001333011897840237 0.0033493936098981693
0.001333011897840237 0.0033493936098981693
0.001333011897840237 0.0033493936098981693
0.001333011897840237 0.0033493936098981693
0.001333011897840237 0.0033493936098981693
0.001333011897840237 0.0033493936098981693
0.001333011897840237 0.0033493936098981693
0.001333011897840237 0.0033493936098981693
0.001333011897840237 0.0033493936098981693
0.001333011897840237 0.0033493936098981693
0.000742010073093358 0.0009328783666886536
0.000742010073093358 0.0009328783666886536
0.000742010073093358 0.0009328783666886536