9.198471980496174e-06 0.00016710557431234716
1.533078663416029e-06 0.001115314727635161
9.198471980496174e-06 0.00948515769055497
1.379770797074426e-05 0.0005887022067517551
4.599235990248087e-06 2.337944961709444e-05
4.599235990248087e-06 2.337944961709444e-05
4.599235990248087e-06 2.337944961709444e-05
4.599235990248087e-06 2.337944961709444e-05
4.599235990248087e-06 2.337944961709444e-05
4.599235990248087e-06 2.337944961709444e-05
0.004079905593015907 0.0009972676705521269
1.533078663416029e-06 0.001115314727635161
1.533078663416029e-06 0.001115314727635161
1.533078663416029e-06 0.001115314727635161
1.533078663416029e-06 0.001115314727635161
1.533078663416029e-06 0.001115314727635161
1.533078663416029e-06 0.001115314727635161
1.533078663416029e-06 0.001115314727635161
1.533078663416029e-06 0.001115314727635161
0.013938751207778535 0.0058249323816492015
0.01826931516226296 0.015761965008246046
0.0031493268443223772 0.0011237466602839492
0.021912676605871154 0.003961475266267019
0.021912676605871154 0.003961475266267019
0.023822126081155817 0.0035161159145446624
0.023822126081155817 0.0035161159145446624
0.023822126081155817 0.0035161159145446624
4.599235990248087e-06 2.337944961709444e-05
4.599235990248087e-06 2.337944961709444e-05
4.599235990248087e-06 2.337944961709444e-05
0.023822126081155817 0.0035161159145446624
0.023822126081155817 0.0035161159145446624
0.0007220800504689496 0.0002828530134002573
0.0031493268443223772 0.0011237466602839492
0.0031493268443223772 0.0011237466602839492
0.0031493268443223772 0.0011237466602839492
0.021912676605871154 0.003961475266267019
0.021912676605871154 0.003961475266267019
0.023633940675221503 0.008015701791670706
0.023633940675221503 0.008015701791670706
0.023633940675221503 0.008015701791670706
9.198471980496174e-06 0.00016710557431234716
0.023633940675221503 0.008015701791670706
0.023633940675221503 0.008015701791670706
0.023633940675221503 0.008015701791670706
0.023633940675221503 0.008015701791670706
0.023633940675221503 0.008015701791670706
0.023633940675221503 0.008015701791670706
0.023633940675221503 0.008015701791670706
0.023633940675221503 0.008015701791670706