9.838694602000207e-07 7.838200725347095e-07
3.081793258515611e-07 2.992821119979505e-07
3.081793258515611e-07 2.992821119979505e-07
3.081793258515611e-07 2.992821119979505e-07
6.940607830671379e-07 7.647019688781593e-07
8.107012565869477e-05 6.531678641410843e-05
8.107012565869477e-05 6.531678641410843e-05
7.910397347169146e-07 8.273960769842406e-07
7.910397347169146e-07 8.273960769842406e-07
7.910397347169146e-07 8.273960769842406e-07
4.189074725552769e-07 3.823511306314108e-07
1.2545036681687258e-06 1.0649729337128898e-06
1.2545036681687258e-06 1.0649729337128898e-06
1.2545036681687258e-06 1.0649729337128898e-06
1.2545036681687258e-06 1.0649729337128898e-06
1.6614524749826794e-06 1.2266356573172497e-06
1.679024285407264e-06 1.501571394464307e-06
3.653993156801616e-07 3.445361561410297e-07
3.653993156801616e-07 3.445361561410297e-07
4.8371571060256465e-06 5.763389795342029e-06
4.8371571060256465e-06 5.763389795342029e-06
4.8371571060256465e-06 5.763389795342029e-06
4.8371571060256465e-06 5.763389795342029e-06
4.8371571060256465e-06 5.763389795342029e-06
1.3726741751944049e-06 1.48450767787371e-06
4.5016007692335396e-07 4.947316031579708e-07
7.578789091394134e-07 8.853388767351536e-07
4.530462832082925e-06 4.838397522740468e-06
1.954121143786188e-06 1.987708013643628e-06
1.954121143786188e-06 1.987708013643628e-06
1.954121143786188e-06 1.987708013643628e-06
1.954121143786188e-06 1.987708013643628e-06
1.3104270681815203e-06 1.4251266937630755e-06
1.3104270681815203e-06 1.4251266937630755e-06
3.465820082347885e-06 2.850253387526151e-06
2.635278740020529e-07 2.754755672455143e-07
1.8618818784898648e-06 1.476119341296505e-06
1.2812907210207273e-06 1.1757291872419273e-06
3.7167121963910723e-06 2.7993561480859404e-06
3.7167121963910723e-06 2.7993561480859404e-06
3.7167121963910723e-06 2.7993561480859404e-06
3.7167121963910723e-06 2.7993561480859404e-06
1.3767998215667432e-06 1.2441586750207775e-06
1.1657022423448335e-06 9.930151315645748e-07
1.1657022423448335e-06 9.930151315645748e-07
7.906200833313567e-06 8.907019622164228e-06
6.808774876710109e-07 6.510132696034743e-07
6.242898702725649e-07 5.948542726002983e-07
2.5567208521039257e-06 3.3736825769536997e-06
2.5567208521039257e-06 3.3736825769536997e-06
0.14285714285714285 0.0048543689320388345
5.759041695461875e-05 3.9191095783038095e-05
5.759041695461875e-05 3.9191095783038095e-05
5.759041695461875e-05 3.9191095783038095e-05
5.759041695461875e-05 3.9191095783038095e-05
5.759041695461875e-05 3.9191095783038095e-05