5.0618033334506915e-06 8.457796889830106e-06
5.0618033334506915e-06 8.457796889830106e-06
5.0618033334506915e-06 8.457796889830106e-06
5.0618033334506915e-06 8.457796889830106e-06
5.0618033334506915e-06 8.457796889830106e-06
5.0618033334506915e-06 8.457796889830106e-06
5.0618033334506915e-06 8.457796889830106e-06
8.339307165418247e-06 8.457812814273155e-06
6.176538979230558e-06 8.457822124609425e-06
6.176538979230558e-06 8.457822124609425e-06
6.176538979230558e-06 8.457822124609425e-06
6.176538979230558e-06 8.457822124609425e-06
8.027720215948211e-06 8.457807777002369e-06
8.151455238099225e-06 8.45779965431212e-06
8.151455238099225e-06 8.45779965431212e-06
8.151455238099225e-06 8.45779965431212e-06
6.648034428399182e-06 8.457786488989202e-06
6.648034428399182e-06 8.457786488989202e-06
6.648034428399182e-06 8.457786488989202e-06
6.648034428399182e-06 8.457786488989202e-06
7.930530644135639e-06 8.457805717413427e-06
7.930530644135639e-06 8.457805717413427e-06
8.099281897392417e-06 8.45780379865115e-06
4.292473505364279e-06 8.457784308585038e-06
4.292473505364279e-06 8.457784308585038e-06
7.528917546098513e-06 8.457811900729895e-06
7.528917546098513e-06 8.457811900729895e-06
3.926571953283818e-06 8.457739713339907e-06
8.397110495890816e-06 8.457795806954452e-06
8.225997255410992e-06 8.457797058800184e-06
8.225997255410992e-06 8.457797058800184e-06
7.34384147601877e-06 8.457815632002354e-06
7.1233981848229506e-06 8.457798963245671e-06
7.1233981848229506e-06 8.457798963245671e-06
7.1233981848229506e-06 8.457798963245671e-06
5.696813081285002e-06 8.457786626769128e-06
5.696813081285002e-06 8.457786626769128e-06
5.696813081285002e-06 8.457786626769128e-06
8.281131566711848e-06 8.457813216633133e-06
8.281131566711848e-06 8.457813216633133e-06
7.799100555593668e-06 8.457801094761011e-06
7.799100555593668e-06 8.457801094761011e-06
7.799100555593668e-06 8.457801094761011e-06
6.918332956339927e-06 8.457811900729895e-06
6.918332956339927e-06 8.457811900729895e-06
6.918332956339927e-06 8.457811900729895e-06
6.918332956339927e-06 8.457811900729895e-06
7.655096236508585e-06 8.457791981377303e-06
7.655096236508585e-06 8.457791981377303e-06
8.396604587497796e-06 8.457796830863928e-06