4.107526254264727e-06 4.255472582259031e-06
1.7707333307735315e-06 4.256075940588104e-06
9.239419594369465e-06 4.255358707753617e-06
9.239419594369465e-06 4.255358707753617e-06
9.239419594369465e-06 4.255358707753617e-06
9.239419594369465e-06 4.255358707753617e-06
9.239419594369465e-06 4.255358707753617e-06
9.239419594369465e-06 4.255358707753617e-06
9.239419594369465e-06 4.255358707753617e-06
9.239419594369465e-06 4.255358707753617e-06
9.239419594369465e-06 4.255358707753617e-06
5.95992277345105e-06 4.25538058081169e-06
8.390685044374726e-06 4.255424423143634e-06
8.390685044374726e-06 4.255424423143634e-06
3.3899206123728636e-06 4.2553788041943175e-06
3.431700006546087e-06 4.2552309537705606e-06
5.626742583583179e-06 4.255466857544082e-06
3.2591484068826226e-06 4.255399996701551e-06
4.890540046034289e-06 4.255384613785845e-06
4.890540046034289e-06 4.255384613785845e-06
4.890540046034289e-06 4.255384613785845e-06
5.212165693375079e-06 4.255373369391685e-06
5.212165693375079e-06 4.255373369391685e-06
5.212165693375079e-06 4.255373369391685e-06
5.212165693375079e-06 4.255373369391685e-06
5.212165693375079e-06 4.255373369391685e-06
5.212165693375079e-06 4.255373369391685e-06
5.212165693375079e-06 4.255373369391685e-06
5.212165693375079e-06 4.255373369391685e-06
3.2890248677246387e-06 4.255360544758271e-06
3.2890248677246387e-06 4.255360544758271e-06
3.95981014391559e-06 4.255312625197177e-06
3.95981014391559e-06 4.255312625197177e-06
3.95981014391559e-06 4.255312625197177e-06
3.95981014391559e-06 4.255312625197177e-06
4.586256297888974e-06 4.25538058081169e-06
4.586256297888974e-06 4.25538058081169e-06
4.586256297888974e-06 4.25538058081169e-06
6.043159878965709e-06 4.25529023519702e-06
6.043159878965709e-06 4.25529023519702e-06
5.808133211487038e-06 4.255380180719759e-06
5.808133211487038e-06 4.255380180719759e-06
5.808133211487038e-06 4.255380180719759e-06
6.23705752809956e-06 4.255413392925432e-06
6.23705752809956e-06 4.255413392925432e-06
6.23705752809956e-06 4.255413392925432e-06
6.23705752809956e-06 4.255413392925432e-06
3.965723077625523e-06 4.2553373854154046e-06
3.965723077625523e-06 4.2553373854154046e-06
3.965723077625523e-06 4.2553373854154046e-06