3.7928352494482365e-06 2.6562684711085375e-06
2.38832230398066e-06 2.656268324283799e-06
2.252910407139337e-06 2.6562686348632454e-06
2.1308175421522198e-06 2.6562676812374465e-06
2.3800231811541623e-06 2.6562683348031084e-06
2.2174987102114196e-06 2.656269008232055e-06
2.2362363910265188e-06 2.6562690444596854e-06
2.2854472203575444e-06 2.656267690304185e-06
1.5344727624133965e-06 2.6576181240810427e-06
2.3674289177131e-06 2.6562682517516803e-06
1.953241401280592e-06 2.656268208718874e-06
2.408771551562931e-06 2.656267575889277e-06
2.408771551562931e-06 2.656267575889277e-06
2.408771551562931e-06 2.656267575889277e-06
3.7879131687346275e-06 2.6562659872013883e-06
3.7879131687346275e-06 2.6562659872013883e-06
2.408771551562931e-06 2.656267575889277e-06
2.408771551562931e-06 2.656267575889277e-06
2.408771551562931e-06 2.656267575889277e-06
2.3986274012569394e-06 2.6562687066215787e-06
3.7879400808385574e-06 2.6562684711085375e-06
2.9807853658120086e-06 2.656270130992146e-06
2.318388701459074e-06 2.6562686671288124e-06
2.255741549921259e-06 2.6562684648773566e-06
2.112492430034628e-06 2.6562685831040025e-06
3.804272760054496e-06 2.6562684711085375e-06
2.3261201934683363e-06 2.6562683385993737e-06
2.3931108085468473e-06 2.656268050574254e-06
2.2065807255396265e-06 2.6562684613550696e-06
3.7948284157887667e-06 2.6562684711085375e-06
2.1097695191994366e-06 2.6562681449906973e-06
2.3435613692570993e-06 2.656268591594928e-06
2.2597556081088787e-06 2.65626719741759e-06
2.1228313782527626e-06 2.6562681622383714e-06
2.086080930348967e-06 2.656268233424258e-06
3.919226214416137e-06 2.6562700460320486e-06
2.4947202055031854e-06 2.656268039128676e-06
2.0756661941863823e-06 2.65626798637873e-06
2.2971457596563773e-06 2.656268614390877e-06
4.033847932960694e-06 2.6562667300123706e-06
2.439387123325322e-06 2.6562681938196535e-06
2.017261747547428e-06 2.6562676608492982e-06
2.155103903846267e-06 2.656268576682296e-06
2.479721533644881e-06 2.656267739300183e-06
2.8309138484009707e-06 2.6562686960053933e-06
2.2065807255396265e-06 2.6562684613550696e-06
2.298736397957345e-06 2.6562688863175297e-06
2.1184758053669913e-06 2.6562681618774168e-06
2.1084241700749216e-06 2.656268034826628e-06
3.7989026104995297e-06 2.6562684711085375e-06