2.4899549124676237e-07 2.3997470107067347e-07
2.5051944300698076e-07 2.399746737589597e-07
2.5051944300698076e-07 2.399746737589597e-07
2.5051944300698076e-07 2.399746737589597e-07
2.5516360731348935e-07 2.3997470107067347e-07
2.0249146406579823e-07 2.3997790459716154e-07
2.0249146406579823e-07 2.3997790459716154e-07
1.849660267244128e-07 2.399749195643839e-07
1.849660267244128e-07 2.399749195643839e-07
1.849660267244128e-07 2.399749195643839e-07
2.3201397294139573e-07 2.399747556941011e-07
2.5631118446415034e-07 2.3997470107067347e-07
6.7044943619341e-06 2.3997790459716154e-07
6.7044943619341e-06 2.3997790459716154e-07
6.7044943619341e-06 2.3997790459716154e-07
6.7044943619341e-06 2.3997790459716154e-07
6.7044943619341e-06 2.3997790459716154e-07
6.7044943619341e-06 2.3997790459716154e-07
6.7044943619341e-06 2.3997790459716154e-07
6.7044943619341e-06 2.3997790459716154e-07
2.275682234137287e-07 2.3997459182381824e-07
2.275682234137287e-07 2.3997459182381824e-07
2.275682234137287e-07 2.3997459182381824e-07
2.275682234137287e-07 2.3997459182381824e-07
2.4305821447860267e-07 2.3997468120760887e-07
2.1900289990038797e-07 2.399746573719314e-07
2.0720730992710474e-07 2.3997790459716154e-07
2.3782963012028872e-07 2.399747229200445e-07
2.3782963012028872e-07 2.399747229200445e-07
2.2438171684246173e-07 2.399746573719314e-07
2.4591879043952923e-07 2.3997473228406066e-07
2.554285528946734e-07 2.3997473228406066e-07
2.2762192364326513e-07 2.3997790459716154e-07
2.2415142933916523e-07 2.399747556941011e-07
2.3329145054600304e-07 2.3997459182381824e-07
2.597376849788916e-07 2.399747556941011e-07
2.404004554789084e-07 2.3997470107067347e-07
2.4971480714638974e-07 2.399747229200445e-07
2.4195207581498707e-07 2.3997470107067347e-07
2.4195207581498707e-07 2.3997470107067347e-07
2.2978493119946163e-07 2.3997473228406066e-07
2.2978493119946163e-07 2.3997473228406066e-07
2.456343798288458e-07 2.3997470107067347e-07
2.456343798288458e-07 2.3997470107067347e-07
2.1692739681083357e-07 2.399749195643839e-07
2.1692739681083357e-07 2.399749195643839e-07
2.3857811409021255e-07 2.3997470107067347e-07
1.9977647030618953e-07 2.399749195643839e-07
1.9977647030618953e-07 2.399749195643839e-07
1.9977647030618953e-07 2.399749195643839e-07