9.532256372091344e-08 3.184186847116059e-07
9.532256372091344e-08 3.184186847116059e-07
9.532256372091344e-08 3.184186847116059e-07
9.532256372091344e-08 3.184186847116059e-07
9.545835933109411e-08 3.184185977066811e-07
9.545835933109411e-08 3.184185977066811e-07
9.545835933109411e-08 3.184185977066811e-07
9.545835933109411e-08 3.184185977066811e-07
9.550300233851537e-08 3.1841868645648026e-07
9.550300233851537e-08 3.1841868645648026e-07
9.550300233851537e-08 3.1841868645648026e-07
9.550300233851537e-08 3.1841868645648026e-07
9.535358172150507e-08 3.184185977066811e-07
9.535358172150507e-08 3.184185977066811e-07
9.535358172150507e-08 3.184185977066811e-07
9.535358172150507e-08 3.184185977066811e-07
9.535358172150507e-08 3.184185977066811e-07
5.113441516097886e-07 3.1839764687233343e-07
5.113441516097886e-07 3.1839764687233343e-07
5.113441516097886e-07 3.1839764687233343e-07
9.535358172150507e-08 3.184185977066811e-07
9.535358172150507e-08 3.184185977066811e-07
9.535358172150507e-08 3.184185977066811e-07
9.535358172150507e-08 3.184185977066811e-07
9.535358172150507e-08 3.184185977066811e-07
9.545835933109411e-08 3.184185977066811e-07
9.545835933109411e-08 3.184185977066811e-07
9.53281906993907e-08 3.184186847116059e-07
9.53281906993907e-08 3.184186847116059e-07
9.53281906993907e-08 3.184186847116059e-07
9.53281906993907e-08 3.184186847116059e-07
9.53281906993907e-08 3.184186847116059e-07
9.53281906993907e-08 3.184186847116059e-07
9.53281906993907e-08 3.184186847116059e-07
9.53281906993907e-08 3.184186847116059e-07
9.53281906993907e-08 3.184186847116059e-07
9.53281906993907e-08 3.184186847116059e-07
9.550300233851537e-08 3.1841868645648026e-07
9.550300233851537e-08 3.1841868645648026e-07
9.550300233851537e-08 3.1841868645648026e-07
9.550300233851537e-08 3.1841868645648026e-07
9.53281906993907e-08 3.184186847116059e-07
9.53281906993907e-08 3.184186847116059e-07
9.53281906993907e-08 3.184186847116059e-07
9.53281906993907e-08 3.184186847116059e-07
9.53281906993907e-08 3.184186847116059e-07
9.53281906993907e-08 3.184186847116059e-07
9.53281906993907e-08 3.184186847116059e-07
9.532256372091344e-08 3.184186847116059e-07
9.532256372091344e-08 3.184186847116059e-07