0.03593385626457494 0.1428569733440021
0.03593385626457494 0.1428569733440021
0.03593385626457494 0.1428569733440021
0.03593385626457494 0.1428569733440021
0.03593385626457494 0.1428569733440021
0.03593385626457494 0.1428569733440021
0.03593385626457494 0.1428569733440021
0.03593385626457494 0.1428569733440021
0.26216107822135876 0.1428569733440021
0.26216107822135876 0.1428569733440021
0.26216107822135876 0.1428569733440021
0.26216107822135876 0.1428569733440021
0.26216107822135876 0.1428569733440021
0.26216107822135876 0.1428569733440021
0.26216107822135876 0.1428569733440021
0.26216107822135876 0.1428569733440021
0.26216107822135876 0.1428569733440021
0.26216107822135876 0.1428569733440021
0.26216107822135876 0.1428569733440021
0.26216107822135876 0.1428569733440021
0.26216107822135876 0.1428569733440021
0.26216107822135876 0.1428569733440021
0.26216107822135876 0.1428569733440021
0.26216107822135876 0.1428569733440021
0.26216107822135876 0.1428569733440021
0.26216107822135876 0.1428569733440021
0.26216107822135876 0.1428569733440021
0.26216107822135876 0.1428569733440021
0.26216107822135876 0.1428569733440021
0.26216107822135876 0.1428569733440021
0.26216107822135876 0.1428569733440021
0.26216107822135876 0.1428569733440021
0.26216107822135876 0.1428569733440021
0.03976447527045713 0.1428569733440021
0.03976447527045713 0.1428569733440021
0.03976447527045713 0.1428569733440021
0.03976447527045713 0.1428569733440021
0.03976447527045713 0.1428569733440021
0.03976447527045713 0.1428569733440021
0.6103930211144827 0.1428569733440021
0.6103930211144827 0.1428569733440021
0.6103930211144827 0.1428569733440021
0.04676400697382285 0.1428569733440021
0.04676400697382285 0.1428569733440021
0.04676400697382285 0.1428569733440021
0.04676400697382285 0.1428569733440021
0.04676400697382285 0.1428569733440021
0.04676400697382285 0.1428569733440021
0.04676400697382285 0.1428569733440021
0.04676400697382285 0.1428569733440021