0.4859231831076748 0.48877311082689934
0.913550018658947 0.913718130337274
0.913550018658947 0.913718130337274
0.913550018658947 0.913718130337274
0.9802193422630585 0.9814555427942045
0.9802193422630585 0.9814555427942045
0.9802193422630585 0.9814555427942045
0.9802193422630585 0.9814555427942045
0.9802193422630585 0.9814555427942045
0.5487389812577217 0.5459049951631662
0.8783501867706254 0.877415427869583
0.4487842699641676 0.4502864057795636
0.8499494578036064 0.8483719615806845
0.8499494578036064 0.8483719615806845
0.7870836609216433 0.7861213664870819
0.9222925505512541 0.9231765861010771
0.5583554040296079 0.5555047516910803
0.5583554040296079 0.5555047516910803
0.3816671316307195 0.381751187469883
0.860305716883992 0.8589977790418359
0.860305716883992 0.8589977790418359
0.8093157057610858 0.8078128453263866
0.676048795863873 0.6742669569974674
0.831112254399345 0.8305608191096603
0.831112254399345 0.8305608191096603
0.8956171401449963 0.895566416793777
0.8956171401449963 0.895566416793777
0.599739861670175 0.6007514302173496
0.599739861670175 0.6007514302173496
0.599739861670175 0.6007514302173496
0.943528968468191 0.9463173035466492
0.943528968468191 0.9463173035466492
0.943528968468191 0.9463173035466492
0.943528968468191 0.9463173035466492
0.943528968468191 0.9463173035466492
0.943528968468191 0.9463173035466492
0.943528968468191 0.9463173035466492
0.6994692163604547 0.6989083610198292
0.6994692163604547 0.6989083610198292
0.6994692163604547 0.6989083610198292
0.6994692163604547 0.6989083610198292
0.7205288271674269 0.7175187585822099
0.7205288271674269 0.7175187585822099
0.7205288271674269 0.7175187585822099
0.8695779454868898 0.8681236345455007
0.27550025905140085 0.27657559409725113
0.6543703601720247 0.6521791113993486
0.7294814986576428 0.7263475201715899
0.7384428655794961 0.7353429442006906
0.6684178299825729 0.6663483172528233