1.6810886787210788e-06 2.2069404617044457e-06
1.6810886787210788e-06 2.2069404617044457e-06
1.6676012478527416e-06 2.2069404126544135e-06
1.6676012478527416e-06 2.2069404126544135e-06
1.6676012478527416e-06 2.2069404126544135e-06
1.6657699012662373e-06 2.206940424261992e-06
1.6657699012662373e-06 2.206940424261992e-06
1.6693370045034167e-06 2.2069404150265885e-06
1.6622028257204163e-06 2.2069404797882937e-06
1.7131926389044958e-06 2.2069404674315285e-06
1.7004533795370587e-06 2.206940278901455e-06
1.7004533795370587e-06 2.206940278901455e-06
1.7004533795370587e-06 2.206940278901455e-06
1.6684941506994255e-06 2.206940466439542e-06
1.6684941506994255e-06 2.206940466439542e-06
1.6494309461583992e-06 2.2069404546283235e-06
1.6682961539319818e-06 2.2069404602704545e-06
1.67805668331046e-06 2.2069403840799874e-06
1.67805668331046e-06 2.2069403840799874e-06
1.67805668331046e-06 2.2069403840799874e-06
1.67805668331046e-06 2.2069403840799874e-06
1.67805668331046e-06 2.2069403840799874e-06
1.67805668331046e-06 2.2069403840799874e-06
1.67805668331046e-06 2.2069403840799874e-06
1.672328375185204e-06 2.2069404075212596e-06
1.6595182018196497e-06 2.206940484954865e-06
1.669471936539356e-06 2.20694034280988e-06
1.6575606301527981e-06 2.2069403974004224e-06
1.6838030121587386e-06 2.2069403911335437e-06
1.6838030121587386e-06 2.2069403911335437e-06
1.6838030121587386e-06 2.2069403911335437e-06
1.6838030121587386e-06 2.2069403911335437e-06
1.6630477169609704e-06 2.2069404282497173e-06
1.6630477169609704e-06 2.2069404282497173e-06
1.6655708646318584e-06 2.2069405088998272e-06
1.674904806170725e-06 2.2069403428685095e-06
1.674904806170725e-06 2.2069403428685095e-06
1.674904806170725e-06 2.2069403428685095e-06
1.674904806170725e-06 2.2069403428685095e-06
1.674904806170725e-06 2.2069403428685095e-06
1.6548146179635254e-06 2.206940395895713e-06
1.6473336781790343e-06 2.2069404378336965e-06
1.6459342175360462e-06 2.206940346924967e-06
1.6459342175360462e-06 2.206940346924967e-06
1.6459342175360462e-06 2.206940346924967e-06
1.6874273902260398e-06 2.206940349348527e-06
1.690925470124006e-06 2.206940328999682e-06
1.6912649601386097e-06 2.2069403900274436e-06
1.6912649601386097e-06 2.2069403900274436e-06
1.7494245194512083e-06 2.206940512506545e-06