0.0476332796790449 0.045883718484846035
0.0476332796790449 0.045883718484846035
0.0476332796790449 0.045883718484846035
0.0476332796790449 0.045883718484846035
0.0476332796790449 0.045883718484846035
0.0476332796790449 0.045883718484846035
0.0476332796790449 0.045883718484846035
0.0476332796790449 0.045883718484846035
0.0476332796790449 0.045883718484846035
0.0476332796790449 0.045883718484846035
0.0476332796790449 0.045883718484846035
0.0476332796790449 0.045883718484846035
0.0049237246321715425 0.006063406427190591
0.0049237246321715425 0.006063406427190591
0.0049237246321715425 0.006063406427190591
0.0049237246321715425 0.006063406427190591
0.0049237246321715425 0.006063406427190591
0.0049237246321715425 0.006063406427190591
0.02206249511314584 0.022597083255817715
0.02206249511314584 0.022597083255817715
0.01851234722682822 0.01888610731396926
0.01851234722682822 0.01888610731396926
0.010373409581739207 0.00957722308051109
0.010373409581739207 0.00957722308051109
0.010373409581739207 0.00957722308051109
0.010373409581739207 0.00957722308051109
0.009048364353061396 0.008474344352683927
0.009048364353061396 0.008474344352683927
0.009048364353061396 0.008474344352683927
0.009048364353061396 0.008474344352683927
0.009048364353061396 0.008474344352683927
0.04511651608415365 0.0440597422976438
0.04511651608415365 0.0440597422976438
0.04511651608415365 0.0440597422976438
0.04511651608415365 0.0440597422976438
0.04511651608415365 0.0440597422976438
0.04511651608415365 0.0440597422976438
0.04511651608415365 0.0440597422976438
0.012737568517065569 0.014346860145648475
0.012737568517065569 0.014346860145648475
0.012737568517065569 0.014346860145648475
0.012737568517065569 0.014346860145648475
0.012737568517065569 0.014346860145648475
0.012737568517065569 0.014346860145648475
0.012737568517065569 0.014346860145648475
0.012737568517065569 0.014346860145648475
0.012737568517065569 0.014346860145648475
0.012737568517065569 0.014346860145648475
0.012737568517065569 0.014346860145648475
0.012737568517065569 0.014346860145648475