1.4553418054902809e-06 2.6562655351539846e-06
1.4553418054902809e-06 2.6562655351539846e-06
1.4553418054902809e-06 2.6562655351539846e-06
1.4553418054902809e-06 2.6562655351539846e-06
1.4553418054902809e-06 2.6562655351539846e-06
1.4553418054902809e-06 2.6562655351539846e-06
1.4553418054902809e-06 2.6562655351539846e-06
1.4553418054902809e-06 2.6562655351539846e-06
1.4553418054902809e-06 2.6562655351539846e-06
1.4553418054902809e-06 2.6562655351539846e-06
1.4553418054902809e-06 2.6562655351539846e-06
1.4553418054902809e-06 2.6562655351539846e-06
1.0941661889987848e-06 2.656267040721018e-06
1.0941661889987848e-06 2.656267040721018e-06
1.0354721712169178e-06 2.656266928229951e-06
1.0354721712169178e-06 2.656266928229951e-06
1.0354721712169178e-06 2.656266928229951e-06
1.0354721712169178e-06 2.656266928229951e-06
1.0354721712169178e-06 2.656266928229951e-06
1.0354721712169178e-06 2.656266928229951e-06
1.0354721712169178e-06 2.656266928229951e-06
1.0354721712169178e-06 2.656266928229951e-06
1.0354721712169178e-06 2.656266928229951e-06
1.0354721712169178e-06 2.656266928229951e-06
1.0354721712169178e-06 2.656266928229951e-06
1.0354721712169178e-06 2.656266928229951e-06
9.53743334984183e-07 2.6562491242155457e-06
9.53743334984183e-07 2.6562491242155457e-06
9.53743334984183e-07 2.6562491242155457e-06
9.53743334984183e-07 2.6562491242155457e-06
9.53743334984183e-07 2.6562491242155457e-06
1.039152382521238e-06 2.656266884272868e-06
1.039152382521238e-06 2.656266884272868e-06
1.039152382521238e-06 2.656266884272868e-06
1.039152382521238e-06 2.656266884272868e-06
1.039152382521238e-06 2.656266884272868e-06
1.039152382521238e-06 2.656266884272868e-06
1.039152382521238e-06 2.656266884272868e-06
8.990669671573106e-07 2.656300609212337e-06
8.990669671573106e-07 2.656300609212337e-06
8.990669671573106e-07 2.656300609212337e-06
8.990669671573106e-07 2.656300609212337e-06
1.3842233742583316e-06 2.656296591987012e-06
1.3842233742583316e-06 2.656296591987012e-06
1.3842233742583316e-06 2.656296591987012e-06
1.3842233742583316e-06 2.656296591987012e-06
1.3842233742583316e-06 2.656296591987012e-06
1.3842233742583316e-06 2.656296591987012e-06
1.0150520807575973e-06 2.6562669944332525e-06
1.0150520807575973e-06 2.6562669944332525e-06