1.1059111425325627e-06 1.0037121539138325e-06
1.1059111425325627e-06 1.0037121539138325e-06
1.1059111425325627e-06 1.0037121539138325e-06
1.1059111425325627e-06 1.0037121539138325e-06
1.1059111425325627e-06 1.0037121539138325e-06
1.1059111425325627e-06 1.0037121539138325e-06
1.1059111425325627e-06 1.0037121539138325e-06
1.1059111425325627e-06 1.0037121539138325e-06
1.1059111425325627e-06 1.0037121539138325e-06
1.1059111425325627e-06 1.0037121539138325e-06
1.1059111425325627e-06 1.0037121539138325e-06
1.1059111425325627e-06 1.0037121539138325e-06
1.1059111425325627e-06 1.0037121539138325e-06
1.1059111425325627e-06 1.0037121539138325e-06
1.1059111425325627e-06 1.0037121539138325e-06
1.1059111425325627e-06 1.0037121539138325e-06
1.1059111425325627e-06 1.0037121539138325e-06
1.1059111425325627e-06 1.0037121539138325e-06
1.1059111425325627e-06 1.0037121539138325e-06
1.1059111425325627e-06 1.0037121539138325e-06
1.1059111425325627e-06 1.0037121539138325e-06
1.1059111425325627e-06 1.0037121539138325e-06
1.0908880716899766e-06 1.0037121531841528e-06
1.0908880716899766e-06 1.0037121531841528e-06
1.0908880716899766e-06 1.0037121531841528e-06
5.826616454586718e-07 1.0037116649906137e-06
5.826616454586718e-07 1.0037116649906137e-06
5.826616454586718e-07 1.0037116649906137e-06
5.826616454586718e-07 1.0037116649906137e-06
5.826616454586718e-07 1.0037116649906137e-06
5.826616454586718e-07 1.0037116649906137e-06
5.826616454586718e-07 1.0037116649906137e-06
5.826616454586718e-07 1.0037116649906137e-06
5.826616454586718e-07 1.0037116649906137e-06
5.826616454586718e-07 1.0037116649906137e-06
5.826616454586718e-07 1.0037116649906137e-06
5.826616454586718e-07 1.0037116649906137e-06
5.826616454586718e-07 1.0037116649906137e-06
5.826616454586718e-07 1.0037116649906137e-06
5.826616454586718e-07 1.0037116649906137e-06
5.826616454586718e-07 1.0037116649906137e-06
5.826616454586718e-07 1.0037116649906137e-06
5.826616454586718e-07 1.0037116649906137e-06
5.826616454586718e-07 1.0037116649906137e-06
5.826616454586718e-07 1.0037116649906137e-06
5.826616454586718e-07 1.0037116649906137e-06
5.826616454586718e-07 1.0037116649906137e-06
7.849072188575972e-07 1.00371176455682e-06
7.849072188575972e-07 1.00371176455682e-06
7.849072188575972e-07 1.00371176455682e-06