0.6309830063220293 0.6667560889753571
0.6309830063220293 0.6667560889753571
0.6309830063220293 0.6667560889753571
0.6309830063220293 0.6667560889753571
0.6309830063220293 0.6667560889753571
0.6309830063220293 0.6667560889753571
0.13955159111321416 0.18184250427895346
0.13955159111321416 0.18184250427895346
0.13955159111321416 0.18184250427895346
0.13955159111321416 0.18184250427895346
0.13955159111321416 0.18184250427895346
0.13955159111321416 0.18184250427895346
0.13955159111321416 0.18184250427895346
0.13955159111321416 0.18184250427895346
0.13955159111321416 0.18184250427895346
0.13955159111321416 0.18184250427895346
0.13955159111321416 0.18184250427895346
0.13955159111321416 0.18184250427895346
0.13955159111321416 0.18184250427895346
0.13955159111321416 0.18184250427895346
0.13955159111321416 0.18184250427895346
0.13955159111321416 0.18184250427895346
0.13955159111321416 0.18184250427895346
0.13955159111321416 0.18184250427895346
0.13955159111321416 0.18184250427895346
0.13955159111321416 0.18184250427895346
0.13955159111321416 0.18184250427895346
0.13955159111321416 0.18184250427895346
0.13955159111321416 0.18184250427895346
0.13955159111321416 0.18184250427895346
0.13955159111321416 0.18184250427895346
0.13955159111321416 0.18184250427895346
0.13955159111321416 0.18184250427895346
0.13955159111321416 0.18184250427895346
0.13955159111321416 0.18184250427895346
0.13955159111321416 0.18184250427895346
0.13955159111321416 0.18184250427895346
0.13955159111321416 0.18184250427895346
0.13955159111321416 0.18184250427895346
0.13955159111321416 0.18184250427895346
0.13955159111321416 0.18184250427895346
0.13955159111321416 0.18184250427895346
0.13955159111321416 0.18184250427895346
0.13955159111321416 0.18184250427895346
0.13955159111321416 0.18184250427895346
0.13955159111321416 0.18184250427895346
0.1925311896294437 0.2121497083017096
0.1925311896294437 0.2121497083017096
0.1925311896294437 0.2121497083017096
0.1925311896294437 0.2121497083017096
0.1925311896294437 0.2121497083017096
0.30156777783083394 0.30307084046492244
0.30156777783083394 0.30307084046492244
0.5456093366488374 0.5859371981847111
0.5456093366488374 0.5859371981847111
0.5456093366488374 0.5859371981847111
0.5456093366488374 0.5859371981847111
0.5456093366488374 0.5859371981847111
0.5456093366488374 0.5859371981847111
0.5456093366488374 0.5859371981847111
0.5456093366488374 0.5859371981847111
0.5456093366488374 0.5859371981847111
0.5456093366488374 0.5859371981847111
0.5456093366488374 0.5859371981847111
0.5456093366488374 0.5859371981847111
0.5456093366488374 0.5859371981847111
0.5456093366488374 0.5859371981847111
0.5456093366488374 0.5859371981847111
0.5456093366488374 0.5859371981847111
0.5456093366488374 0.5859371981847111
0.5456093366488374 0.5859371981847111
0.5456093366488374 0.5859371981847111
0.5456093366488374 0.5859371981847111
0.5456093366488374 0.5859371981847111
0.5456093366488374 0.5859371981847111
0.5456093366488374 0.5859371981847111
0.5456093366488374 0.5859371981847111
0.5456093366488374 0.5859371981847111
0.5456093366488374 0.5859371981847111
0.5456093366488374 0.5859371981847111
0.5456093366488374 0.5859371981847111
0.5456093366488374 0.5859371981847111
0.5456093366488374 0.5859371981847111
0.5456093366488374 0.5859371981847111
0.5456093366488374 0.5859371981847111
0.5456093366488374 0.5859371981847111
0.5456093366488374 0.5859371981847111
0.5456093366488374 0.5859371981847111
0.5456093366488374 0.5859371981847111
0.5456093366488374 0.5859371981847111
0.014219826749475884 0.020204722697661496
0.014219826749475884 0.020204722697661496
0.014219826749475884 0.020204722697661496
0.014219826749475884 0.020204722697661496
0.014219826749475884 0.020204722697661496
0.014219826749475884 0.020204722697661496
0.014219826749475884 0.020204722697661496
0.014219826749475884 0.020204722697661496
0.014219826749475884 0.020204722697661496
0.014219826749475884 0.020204722697661496
0.014219826749475884 0.020204722697661496
0.014219826749475884 0.020204722697661496
0.014219826749475884 0.020204722697661496
0.014219826749475884 0.020204722697661496
0.014219826749475884 0.020204722697661496
0.014219826749475884 0.020204722697661496
0.014219826749475884 0.020204722697661496
0.014219826749475884 0.020204722697661496
0.014219826749475884 0.020204722697661496
0.014219826749475884 0.020204722697661496
0.014219826749475884 0.020204722697661496
0.014219826749475884 0.020204722697661496
0.014219826749475884 0.020204722697661496
0.014219826749475884 0.020204722697661496
0.014219826749475884 0.020204722697661496
0.014219826749475884 0.020204722697661496
0.014219826749475884 0.020204722697661496
0.014219826749475884 0.020204722697661496
0.014219826749475884 0.020204722697661496
0.4516213712279163 0.5051183073940652
0.4516213712279163 0.5051183073940652
0.4516213712279163 0.5051183073940652
0.4516213712279163 0.5051183073940652
0.4516213712279163 0.5051183073940652
0.4516213712279163 0.5051183073940652
0.4516213712279163 0.5051183073940652
0.4516213712279163 0.5051183073940652
0.9793393674995339 0.9799294107653742
0.9793393674995339 0.9799294107653742
0.9793393674995339 0.9799294107653742
0.07693765865361198 0.04040944539532299
0.07693765865361198 0.04040944539532299
0.07693765865361198 0.04040944539532299
0.07693765865361198 0.04040944539532299
0.07693765865361198 0.04040944539532299
0.07693765865361198 0.04040944539532299
0.07693765865361198 0.04040944539532299
0.07693765865361198 0.04040944539532299
0.07693765865361198 0.04040944539532299
0.04736542922348243 0.04040944539532299
0.04736542922348243 0.04040944539532299
0.04736542922348243 0.04040944539532299
0.11301884035262463 0.11112609481340212
0.11301884035262463 0.11112609481340212
0.11301884035262463 0.11112609481340212
0.11301884035262463 0.11112609481340212
0.11301884035262463 0.11112609481340212
0.11301884035262463 0.11112609481340212
0.11301884035262463 0.11112609481340212
0.11301884035262463 0.11112609481340212
0.11301884035262463 0.11112609481340212
0.11301884035262463 0.11112609481340212
0.11301884035262463 0.11112609481340212
0.11301884035262463 0.11112609481340212
0.11301884035262463 0.11112609481340212
0.11301884035262463 0.11112609481340212
0.11301884035262463 0.11112609481340212
0.11301884035262463 0.11112609481340212
0.11301884035262463 0.11112609481340212
0.11301884035262463 0.11112609481340212
0.11301884035262463 0.11112609481340212
0.11301884035262463 0.11112609481340212
0.11301884035262463 0.11112609481340212
0.06481957609506535 0.050511926720417634
0.06481957609506535 0.050511926720417634
0.06481957609506535 0.050511926720417634
0.271029739476342 0.32327556316258393
0.271029739476342 0.32327556316258393
0.271029739476342 0.32327556316258393
0.271029739476342 0.32327556316258393
0.271029739476342 0.32327556316258393
0.271029739476342 0.32327556316258393
0.271029739476342 0.32327556316258393
0.271029739476342 0.32327556316258393
0.271029739476342 0.32327556316258393
0.271029739476342 0.32327556316258393
0.271029739476342 0.32327556316258393
0.271029739476342 0.32327556316258393
4.799050555838033e-07 0.000100060204089223
4.799050555838033e-07 0.000100060204089223
4.799050555838033e-07 0.000100060204089223
4.799050555838033e-07 0.000100060204089223
4.799050555838033e-07 0.000100060204089223
4.799050555838033e-07 0.000100060204089223
0.39278333174564745 0.434401657975986
0.39278333174564745 0.434401657975986
0.39278333174564745 0.434401657975986
0.39278333174564745 0.434401657975986
0.39278333174564745 0.434401657975986
0.39278333174564745 0.434401657975986
0.39278333174564745 0.434401657975986
0.39278333174564745 0.434401657975986
0.39278333174564745 0.434401657975986
0.39278333174564745 0.434401657975986
0.39278333174564745 0.434401657975986
0.39278333174564745 0.434401657975986
0.39278333174564745 0.434401657975986
0.39278333174564745 0.434401657975986
0.39278333174564745 0.434401657975986
0.39278333174564745 0.434401657975986
0.39278333174564745 0.434401657975986
0.39278333174564745 0.434401657975986
0.39278333174564745 0.434401657975986
0.39278333174564745 0.434401657975986
0.39278333174564745 0.434401657975986
0.39278333174564745 0.434401657975986
0.39278333174564745 0.434401657975986
0.39278333174564745 0.434401657975986
0.39278333174564745 0.434401657975986
0.39278333174564745 0.434401657975986
0.39278333174564745 0.434401657975986
0.39278333174564745 0.434401657975986
0.39278333174564745 0.434401657975986
0.39278333174564745 0.434401657975986
0.39278333174564745 0.434401657975986
0.39278333174564745 0.434401657975986
2.3995252779190167e-07 0.000100060204089223
2.3995252779190167e-07 0.000100060204089223
2.3995252779190167e-07 0.000100060204089223
2.3995252779190167e-07 0.000100060204089223
2.3995252779190167e-07 0.000100060204089223
2.3995252779190167e-07 0.000100060204089223
2.3995252779190167e-07 0.000100060204089223
2.3995252779190167e-07 0.000100060204089223
2.3995252779190167e-07 0.000100060204089223
2.3995252779190167e-07 0.000100060204089223
2.3995252779190167e-07 0.000100060204089223
2.3995252779190167e-07 0.000100060204089223
2.3995252779190167e-07 0.000100060204089223
2.3995252779190167e-07 0.000100060204089223
2.3995252779190167e-07 0.000100060204089223
2.3995252779190167e-07 0.000100060204089223
0.059595329659980066 0.060614168092984484
0.059595329659980066 0.060614168092984484
0.059595329659980066 0.060614168092984484
0.059595329659980066 0.060614168092984484
0.059595329659980066 0.060614168092984484
0.059595329659980066 0.060614168092984484
0.059595329659980066 0.060614168092984484
0.059595329659980066 0.060614168092984484
0.059595329659980066 0.060614168092984484
0.059595329659980066 0.060614168092984484
0.059595329659980066 0.060614168092984484
0.059595329659980066 0.060614168092984484
0.059595329659980066 0.060614168092984484
0.059595329659980066 0.060614168092984484
0.08602490083361908 0.08081889079064598
0.1549850977482615 0.13133081751106362
0.1549850977482615 0.13133081751106362
0.010530316682147604 0.010102481325094644
0.010530316682147604 0.010102481325094644
0.019058229519871787 0.020204722697661496
0.019058229519871787 0.020204722697661496
0.019058229519871787 0.020204722697661496
0.019058229519871787 0.020204722697661496
0.04080704673387417 0.020204722697661496
0.04080704673387417 0.020204722697661496
0.04080704673387417 0.020204722697661496
0.04080704673387417 0.020204722697661496
0.04080704673387417 0.020204722697661496
0.04080704673387417 0.020204722697661496
0.7779047393263717 0.7273702570683416
0.7779047393263717 0.7273702570683416
0.7779047393263717 0.7273702570683416
0.7779047393263717 0.7273702570683416
0.7779047393263717 0.7273702570683416
0.7779047393263717 0.7273702570683416
0.2505920228741946 0.2525591536970326
0.2505920228741946 0.2525591536970326
0.2505920228741946 0.2525591536970326
0.2505920228741946 0.2525591536970326
0.2505920228741946 0.2525591536970326
0.2505920228741946 0.2525591536970326
0.2505920228741946 0.2525591536970326
0.2505920228741946 0.2525591536970326
0.2505920228741946 0.2525591536970326
0.2505920228741946 0.2525591536970326
0.03972030173550465 0.060614168092984484
0.03972030173550465 0.060614168092984484
0.03972030173550465 0.060614168092984484
0.03972030173550465 0.060614168092984484
0.03972030173550465 0.060614168092984484
0.03972030173550465 0.060614168092984484
0.03972030173550465 0.060614168092984484
0.03972030173550465 0.060614168092984484
0.03972030173550465 0.060614168092984484
0.03972030173550465 0.060614168092984484
0.03972030173550465 0.060614168092984484
0.03972030173550465 0.060614168092984484
0.03972030173550465 0.060614168092984484
0.03972030173550465 0.060614168092984484
0.03972030173550465 0.060614168092984484
0.03972030173550465 0.060614168092984484
0.03972030173550465 0.060614168092984484
0.03972030173550465 0.060614168092984484
0.03972030173550465 0.060614168092984484
0.03972030173550465 0.060614168092984484
0.0835176368707215 0.08081889079064598
0.0835176368707215 0.08081889079064598
0.0835176368707215 0.08081889079064598
0.0835176368707215 0.08081889079064598
0.0835176368707215 0.08081889079064598
0.0835176368707215 0.08081889079064598
0.0835176368707215 0.08081889079064598
0.0835176368707215 0.08081889079064598
0.09280835879429614 0.11112609481340212
0.09280835879429614 0.11112609481340212
0.09280835879429614 0.11112609481340212
0.09280835879429614 0.11112609481340212
0.09280835879429614 0.11112609481340212
0.09280835879429614 0.11112609481340212
0.09280835879429614 0.11112609481340212
0.09280835879429614 0.11112609481340212
0.09280835879429614 0.11112609481340212
0.09280835879429614 0.11112609481340212
0.09280835879429614 0.11112609481340212
0.09280835879429614 0.11112609481340212
0.09280835879429614 0.11112609481340212
0.09280835879429614 0.11112609481340212
0.09280835879429614 0.11112609481340212
0.09280835879429614 0.11112609481340212
0.11350234469612532 0.16163778158129197
0.11350234469612532 0.16163778158129197
0.11350234469612532 0.16163778158129197
0.11350234469612532 0.16163778158129197
0.05602603580907553 0.04040944539532299
0.05602603580907553 0.04040944539532299
0.05602603580907553 0.04040944539532299
0.05602603580907553 0.04040944539532299
0.052784277158606945 0.020204722697661496
0.052784277158606945 0.020204722697661496
0.052784277158606945 0.020204722697661496
0.052784277158606945 0.020204722697661496
0.052784277158606945 0.020204722697661496
0.052784277158606945 0.020204722697661496
0.052784277158606945 0.020204722697661496
0.052784277158606945 0.020204722697661496
0.052784277158606945 0.020204722697661496
0.052784277158606945 0.020204722697661496
0.052784277158606945 0.020204722697661496
0.052784277158606945 0.020204722697661496
0.052784277158606945 0.020204722697661496
0.052784277158606945 0.020204722697661496
0.052784277158606945 0.020204722697661496
0.052784277158606945 0.020204722697661496
0.052784277158606945 0.020204722697661496
0.052784277158606945 0.020204722697661496
0.052784277158606945 0.020204722697661496
0.052784277158606945 0.020204722697661496
0.052784277158606945 0.020204722697661496
0.052784277158606945 0.020204722697661496
0.052784277158606945 0.020204722697661496
0.052784277158606945 0.020204722697661496
0.052784277158606945 0.020204722697661496
0.052784277158606945 0.020204722697661496
0.052784277158606945 0.020204722697661496
0.052784277158606945 0.020204722697661496
0.052784277158606945 0.020204722697661496