0.8038719113780262 0.8046775872598002
0.8436352000860653 0.844128019010312
0.8378602007980028 0.8382161695233816
0.7701830312081737 0.7690391850372897
0.7701830312081737 0.7690391850372897
0.6917785463186505 0.6912730707286127
0.6917785463186505 0.6912730707286127
0.567361148465854 0.5658265277386652
0.567361148465854 0.5658265277386652
0.6823655466572164 0.681160790282212
0.6823655466572164 0.681160790282212
0.4382073889614889 0.4389592740136502
0.9219008571726907 0.9202341324963058
0.5463934039786229 0.5458467942247635
0.5873602624992486 0.5843392745832002
0.6356323903062596 0.6334443692075978
0.523219839956461 0.5241334930182667
0.31045456415189265 0.31221542278009995
0.26186048240881665 0.26193325823711633
0.26186048240881665 0.26193325823711633
0.26186048240881665 0.26193325823711633
0.26186048240881665 0.26193325823711633
0.26186048240881665 0.26193325823711633
0.09162199918364505 0.0897195441068982
0.09162199918364505 0.0897195441068982
0.6211923212008644 0.6191648815494291
0.4006309347896937 0.40084491154572693
0.4006309347896937 0.40084491154572693
0.3577450093184702 0.35873025164615757
0.3577450093184702 0.35873025164615757
0.6619202851546803 0.6606028053499726
0.4716656805014571 0.47240649097105103
0.4716656805014571 0.47240649097105103
0.4716656805014571 0.47240649097105103
0.6500439819136246 0.6477566850926626
0.21095853676286788 0.20895126867253724
0.21095853676286788 0.20895126867253724
0.21095853676286788 0.20895126867253724
0.21095853676286788 0.20895126867253724
0.21095853676286788 0.20895126867253724
0.21095853676286788 0.20895126867253724
0.49847289416812485 0.4992200329706144
0.9166471543069051 0.9147276918355013
0.9166471543069051 0.9147276918355013
0.9391922357683704 0.9383679704087153
0.15491205199358307 0.15336912532946884
0.15491205199358307 0.15336912532946884
0.15491205199358307 0.15336912532946884
0.15491205199358307 0.15336912532946884
0.15491205199358307 0.15336912532946884