1.1046138339075025e-06 0.00016417323106450254
0.019679385834708348 0.01966060739953192
0.019664611624679834 0.01966060739953192
0.018786995933640326 0.020826941531409005
4.9155315608883855e-05 0.00016417323106450254
0.018786995933640326 0.020826941531409005
0.018788376700932707 0.020826941531409005
6.90383646192189e-07 0.00016417323106450254
0.018787134010369563 0.020826941531409005
0.018786995933640326 0.020826941531409005
0.018787134010369563 0.020826941531409005
0.018787962470744993 0.020826941531409005
0.0187872720870988 0.020826941531409005
0.0187872720870988 0.020826941531409005
0.018787134010369563 0.020826941531409005
0.018786857856911084 0.020826941531409005
0.018787824394015756 0.020826941531409005
0.018786857856911084 0.020826941531409005
1.1046138339075025e-06 0.00016417323106450254
0.01878892900784966 0.020826941531409005
0.019663783164304404 0.01966060739953192
0.018786719780181847 0.020826941531409005
1.6569207508612536e-06 0.00016417323106450254
0.01880038937637645 0.020826941531409005
1.2426905631459401e-06 0.00016417323106450254
0.01878741016382804 0.020826941531409005
0.018786995933640326 0.020826941531409005
0.01880315091096122 0.020826941531409005
0.0187872720870988 0.020826941531409005
1.2426905631459401e-06 0.00016417323106450254
0.018786995933640326 0.020826941531409005
0.018793071309726815 0.020826941531409005
1.1046138339075025e-06 0.00016417323106450254
0.018786995933640326 0.020826941531409005
0.018786995933640326 0.020826941531409005
1.1046138339075025e-06 0.00016417323106450254
0.019667097005806128 0.01966060739953192
0.018787134010369563 0.020826941531409005
0.018786995933640326 0.020826941531409005
0.018786995933640326 0.020826941531409005
0.018789481314766616 0.020826941531409005
8.284603754306268e-07 0.00016417323106450254
0.01878823862420347 0.020826941531409005
0.019663645087575166 0.01966060739953192
0.01878658170345261 0.020826941531409005
0.019425876959826574 0.021394022658391267
0.018786857856911084 0.020826941531409005
0.019663783164304404 0.01966060739953192
0.0187872720870988 0.020826941531409005
0.018786995933640326 0.020826941531409005