3.1725563678264335e-05 7.509715192612306e-06
3.172862029421091e-05 7.509715192612306e-06
5.455823109120827e-06 7.507833626312254e-06
1.9758828871981813e-05 7.509765721475899e-06
1.9759505981760513e-05 7.509765721475899e-06
9.403374683106272e-06 7.5093782165393e-06
1.9758683652678318e-05 7.509765721475899e-06
1.9758801227396858e-05 7.509765721475899e-06
4.9102407982087445e-06 7.507833626312254e-06
1.9758842521474045e-05 7.509765721475899e-06
7.104771982791406e-06 7.5093782165393e-06
1.3093975461889984e-05 7.507833626312254e-06
1.9758628363914764e-05 7.509765721475899e-06
1.9758766585823648e-05 7.509765721475899e-06
1.9759015385259634e-05 7.509765721475899e-06
3.172675489234753e-05 7.509715192612306e-06
3.56049568658528e-06 7.509750171643118e-06
1.9758566079688017e-05 7.509765721475899e-06
3.173029700464815e-05 7.509715192612306e-06
1.800421626009873e-05 7.507833626312254e-06
3.5609368353816573e-06 7.509750171643118e-06
3.172630340095846e-05 7.509715192612306e-06
7.522699746485018e-06 7.5093782165393e-06
5.504672145953223e-06 7.5093782165393e-06
3.172658166249053e-05 7.509715192612306e-06
3.172947162038895e-05 7.509715192612306e-06
3.172875725021535e-05 7.509715192612306e-06
3.172889420823294e-05 7.509715192612306e-06
1.9757618569940492e-05 7.509765721475899e-06
1.2537832910808365e-05 7.5093782165393e-06
1.3164724556348782e-05 7.5093782165393e-06
2.6329449112697564e-05 7.5093782165393e-06
3.1729031168263704e-05 7.509715192612306e-06
1.9758448508425914e-05 7.509765721475899e-06
3.172833159237659e-05 7.509715192612306e-06
1.9759740771277494e-05 7.509765721475899e-06
3.5675654049889557e-06 7.509750171643118e-06
8.18373466368124e-06 7.507833626312254e-06
1.170197738342114e-05 7.5093782165393e-06
3.1729456840629515e-05 7.509715192612306e-06
6.546987730944992e-06 7.507833626312254e-06
3.172899044359227e-05 7.509715192612306e-06
1.9758794230205423e-05 7.509765721475899e-06
3.06988849888944e-05 7.509720336760771e-06
1.975963534897995e-05 7.509765721475899e-06
3.172978628177124e-05 7.509715192612306e-06
3.172908667895161e-05 7.509715192612306e-06
3.172912740433034e-05 7.509715192612306e-06
1.9759174606975385e-05 7.509765721475899e-06
1.9130165194149448e-05 7.509751434040012e-06
3.172900522999001e-05 7.509715192612306e-06
1.975765320053097e-05 7.509765721475899e-06
3.1729541905832186e-05 7.509715192612306e-06
3.1729031168263704e-05 7.509715192612306e-06
3.172908667895161e-05 7.509715192612306e-06
3.561003775236631e-06 7.509750171643118e-06
3.170230697529592e-05 7.509715192612306e-06
3.172900522999001e-05 7.509715192612306e-06
1.975703778806654e-05 7.509765721475899e-06
3.562199051484451e-06 7.509750171643118e-06
1.97588218745872e-05 7.509765721475899e-06
1.1639089299457763e-05 7.507833626312254e-06
4.156233784251597e-06 7.507833626312254e-06
2.455120399104372e-05 7.507833626312254e-06
1.9759616558474924e-05 7.509765721475899e-06
3.172749510362899e-05 7.509715192612306e-06
3.6835497720229416e-06 7.509760461204863e-06
3.173048947395226e-05 7.509715192612306e-06
3.6856929649690404e-06 7.509760461204863e-06
3.5585479427528267e-06 7.509750171643118e-06
3.686736684803964e-06 7.509760461204863e-06
1.975824767947185e-05 7.509765721475899e-06
1.975651232178637e-05 7.509765721475899e-06
1.975850379637678e-05 7.509765721475899e-06
3.172927914967028e-05 7.509715192612306e-06
3.172679559759677e-05 7.509715192612306e-06
1.9758794230205423e-05 7.509765721475899e-06
1.9742729680024287e-05 7.509765721475899e-06
1.692607442959129e-05 7.5093782165393e-06
3.172517837770355e-05 7.509715192612306e-06
1.9758780236131105e-05 7.509765721475899e-06
1.9759305471664323e-05 7.509765721475899e-06
3.172889420823294e-05 7.509715192612306e-06
3.1727743083567155e-05 7.509715192612306e-06
1.975891180573667e-05 7.509765721475899e-06
1.975908467257247e-05 7.509765721475899e-06
1.97577847385193e-05 7.509765721475899e-06
3.172899044359227e-05 7.509715192612306e-06
1.9758849518968974e-05 7.509765721475899e-06
8.149591392025436e-06 7.5093782165393e-06
1.9756911235210415e-05 7.509765721475899e-06
3.6863928057388597e-06 7.509760461204863e-06
1.9758987740877858e-05 7.509765721475899e-06
3.68980346192783e-06 7.509760461204863e-06
3.686234861589687e-06 7.509760461204863e-06
3.172899044359227e-05 7.509715192612306e-06
1.9758877163350753e-05 7.509765721475899e-06
3.17287979728736e-05 7.509715192612306e-06
1.0184203137025543e-05 7.507833626312254e-06
3.17286610155633e-05 7.509715192612306e-06