0.0010190783855322063 0.000100060204089223
9.166186561650643e-05 0.000100060204089223
9.166186561650643e-05 0.000100060204089223
9.166186561650643e-05 0.000100060204089223
9.166186561650643e-05 0.000100060204089223
9.166186561650643e-05 0.000100060204089223
0.0061840565462528896 0.000100060204089223
0.0023237002791367755 0.000100060204089223
0.00010030015661701489 0.000100060204089223
0.004085911643240501 0.000100060204089223
0.004085911643240501 0.000100060204089223
0.003973373907706099 0.000100060204089223
0.00501956692887879 0.000100060204089223
0.004711467883193989 0.000100060204089223
0.00614254475894489 0.010100081799816724
2.3995252779190167e-07 0.000100060204089223
0.00023539342976385553 0.000100060204089223
0.0006800254637622493 0.000100060204089223
1.2717483972970787e-05 0.000100060204089223
1.2717483972970787e-05 0.000100060204089223
1.2717483972970787e-05 0.000100060204089223
0.0003853637596337941 0.000100060204089223
1.295743650076269e-05 0.000100060204089223
0.00018764287673326708 0.000100060204089223
0.000531974754114646 0.000100060204089223
0.0003140978588795993 0.000100060204089223
0.006299233759593002 0.000100060204089223
0.007692398135952783 0.040400327199266894
0.007692398135952783 0.040400327199266894
0.00021019841434570584 0.000100060204089223
0.002586448297068908 0.010100081799816724
5.350941369759407e-05 0.000100060204089223
0.0022195608820750902 0.000100060204089223
0.0035258624433742026 0.000100060204089223
0.0035258624433742026 0.000100060204089223
0.0035258624433742026 0.000100060204089223
2.3995252779190167e-07 0.000100060204089223
0.0032734323841371224 0.000100060204089223
0.0032734323841371224 0.000100060204089223
0.0032734323841371224 0.000100060204089223
0.0032734323841371224 0.000100060204089223
2.8794303335028197e-06 0.000100060204089223
0.00037096660796627994 0.000100060204089223
0.0016156003696228738 0.000100060204089223
0.0016156003696228738 0.000100060204089223
0.0005598092473385065 0.000100060204089223
0.00033809311165878945 0.010100081799816724
0.0002598685875986295 0.000100060204089223
0.0009926836074750972 0.000100060204089223
9.838053639467967e-06 0.000100060204089223