0.004110046781020272 0.00017821341055914458
0.19912007128536421 0.2517709957674315
0.016618400534640233 0.018188906215192695
0.00253954110046781 0.0004900868790376476
0.0007462686567164179 0.00016707507239919803
0.048552016039206954 0.05588104254845177
0.002394742704388505 0.00011138338159946537
0.21831142793495212 0.27282245488973045
0.005067943862775674 0.00017821341055914458
0.2196257518378258 0.27282245488973045
0.0013254622410336378 0.00017821341055914458
0.04620182668745823 0.07414791713076409
0.0014368456226331032 0.0004121185119180218
0.02295611494764981 0.03387168634439742
0.00710625974604589 0.01823345956783248
0.0022610826464691466 0.00016707507239919803
0.018177767877032746 0.01826687458231232
0.0031298730229449767 0.0004121185119180218
0.0023724660280686123 0.00016707507239919803
0.0011918021831142794 5.569169079973268e-05
0.00910002227667632 0.011116061483626642
0.005134773891735353 0.01145021162842504
0.0014813989752728892 0.00011138338159946537
0.010280686121630652 0.011116061483626642
0.001537090666072622 0.00016707507239919803
0.01652929382936066 0.01710848741367788
0.0012140788594341724 0.00011138338159946537
0.0017821341055914458 8.910670527957229e-05
0.0029627979505457785 0.0004900868790376476
0.015359768322566273 0.016863443974159054
0.0016484740476720872 5.569169079973268e-05
0.15961238583203385 0.16600579193584317
0.0024170193807083983 0.00017821341055914458
0.15204945422143015 0.15463354867453777
0.0028959679215860993 0.011116061483626642
0.0017821341055914458 8.910670527957229e-05
0.045700601470260636 0.06974827355758521
0.0024058810425484516 0.00016707507239919803
0.0181666295388728 0.01826687458231232
0.0483960793049677 0.04289374025395411
0.0029182445979059925 0.0004009801737580753
0.00047894854087770106 0.00017821341055914458
0.002383604366228559 0.00016707507239919803
0.01791044776119403 0.027199821786589442
0.0011472488304744932 0.00016707507239919803
0.0028959679215860993 0.011116061483626642
0.00865448875027846 0.017186455780797506
0.0018044107819113388 0.00011138338159946537
0.0044441969258186675 0.00016707507239919803
0.018055246157273334 0.03658944085542437