1.0122551621731097e-05 1.1138411433003761e-05
3.849161497521208e-05 1.1138274716901378e-05
6.349814951598901e-05 1.1139547387564175e-05
0.00013245828226216233 1.1128864299398247e-05
4.645911842240471e-05 1.1128864299398247e-05
0.00013255827692123333 1.1128864299398247e-05
7.7380861938959e-05 1.1128864299398247e-05
1.4217917224018174e-05 1.1171832887426811e-05
3.472476561364865e-05 1.1128864299398247e-05
1.4330448587205305e-05 1.1138638932685804e-05
4.3969743568609854e-05 1.1138558432063228e-05
1.1836415653162032e-05 1.1138197424601743e-05
3.313658346571936e-05 1.1138840163791932e-05
2.7033151966086962e-05 1.1110797961249872e-05
0.0001611243181120461 1.0930134579766134e-05
6.404405733983565e-05 1.1110797961249872e-05
1.2305793896585297e-05 1.1138359565150599e-05
1.1581755515399735e-05 1.113805894468091e-05
0.0001611243181120461 1.0930134579766134e-05
4.337232546336981e-05 1.1178546729306275e-05
2.0503090932489728e-05 1.1139218954128577e-05
4.399670233229386e-05 1.1138558432063228e-05
9.16922930598805e-06 1.1138687893272825e-05
1.2074833452332396e-05 1.1128864299398247e-05
5.561281749555803e-05 1.115094537935737e-05
2.1602847219752033e-06 1.1128864299398247e-05
5.017423065593015e-05 1.1178546729306275e-05
0.00015249173881039235 1.1178546729306275e-05
3.259169279180855e-05 1.1128864299398247e-05
4.571576239672936e-05 1.1138137494351915e-05
6.267102073835545e-05 1.1139218954128577e-05
2.5604441987343874e-05 1.1138916775488587e-05
1.5554973857461592e-05 1.1137653328767725e-05
0.00012145994113570121 1.1128864299398247e-05
0.0001692420318489889 1.1128864299398247e-05
3.414333216256411e-05 1.1137626418083802e-05
6.482594927184252e-05 1.1178546729306275e-05
0.0001481661299083046 1.1178546729306275e-05
0.00013024450797510196 1.1128864299398247e-05
9.388868441065799e-06 1.1138324270125734e-05
0.00012199321915788018 1.1128864299398247e-05
9.561532209883252e-06 1.1138405662600964e-05
0.0001060920199650378 1.1128864299398247e-05
3.398292007171066e-05 1.1138543676914575e-05
0.0001331633041292432 1.1128864299398247e-05
9.8214444039155e-05 1.1171832887426811e-05
1.0481191604364041e-05 1.1138405662600964e-05
3.426639270809466e-05 1.1137144704382918e-05
6.267102073835545e-05 1.1139218954128577e-05
2.8885724602410004e-05 1.1139218954128577e-05