5.683480866071054e-06 8.644577389487236e-06
8.189745032670275e-06 8.644578375041544e-06
4.883482979848872e-06 8.644576337623588e-06
9.187776289066893e-06 8.644576207751425e-06
4.883482979848872e-06 8.644576410240367e-06
5.255538409213614e-06 8.644576108479318e-06
1.650907132917387e-05 8.644574470249805e-06
1.650907132917387e-05 8.644574470249805e-06
8.028469699878101e-06 8.644575396113787e-06
8.028469699878101e-06 8.644575396113787e-06
4.883482979848872e-06 8.644576410240367e-06
8.45790581289799e-06 8.644576349637768e-06
4.292586490889593e-06 8.64457623921566e-06
4.487525451540511e-06 8.644576021072407e-06
4.487525451540511e-06 8.644576021072407e-06
4.487525451540511e-06 8.644576021072407e-06
4.487525451540511e-06 8.644576021072407e-06
4.487525451540511e-06 8.644576021072407e-06
4.487525451540511e-06 8.644576021072407e-06
4.487525451540511e-06 8.644576021072407e-06
4.487525451540511e-06 8.644576021072407e-06
3.6079669682667638e-06 8.64457961492563e-06
4.180840368214244e-06 8.644576322577398e-06
8.728451866723557e-06 8.64457593114991e-06
8.728451866723557e-06 8.64457593114991e-06
4.655214135034035e-06 8.644575219534635e-06
4.883482979848872e-06 8.644576337623588e-06
5.3913041024535576e-06 8.644575722717052e-06
5.389908543021142e-06 8.644576238194753e-06
4.883482979848872e-06 8.64457571603646e-06
5.378447316122475e-06 8.644574351428797e-06
8.728451866723557e-06 8.64457593114991e-06
6.3447291479042055e-06 8.644576965756325e-06
8.454635462568295e-06 8.644572515414316e-06
5.490378857154225e-06 8.644575718528737e-06
3.3918682417985792e-06 8.644577129263132e-06
4.790171587289128e-06 8.644575886877164e-06
7.033417101398702e-06 8.644576895232142e-06
7.033417101398702e-06 8.644576895232142e-06
7.033417101398702e-06 8.644576895232142e-06
7.033417101398702e-06 8.644576895232142e-06
7.033417101398702e-06 8.644576895232142e-06
7.033417101398702e-06 8.644576895232142e-06
5.4801236041364036e-06 8.64457901209044e-06
2.4557092397804535e-05 8.644569896165165e-06
4.851976585290248e-06 8.64457569744609e-06
7.523779125250975e-06 8.644575219534635e-06
4.190040529353691e-06 8.64458016530297e-06
4.883482979848872e-06 8.644576410240367e-06
5.503803011304437e-06 8.644579242079746e-06