4.6224321176198194e-07 3.9550454148138203e-07
3.4243221022311663e-07 3.955313580475529e-07
3.103790868182002e-07 3.9553113525520693e-07
2.8758985518864805e-07 3.95546932461731e-07
4.287898185697098e-07 3.955290023149145e-07
4.1084998732234327e-07 3.9564331010645627e-07
4.606651474123496e-07 3.955116208046521e-07
4.105867449517281e-07 3.955247439601286e-07
4.117361154173322e-07 3.95545225187979e-07
1.0833763942167e-07 3.9552546986526107e-07
1.0833763942167e-07 3.9552546986526107e-07
3.9975392570173775e-07 3.9552958025692035e-07
3.2162240677655497e-07 3.955292392370233e-07
3.728870353577534e-07 3.955223586756348e-07
4.786457767413016e-07 3.955082685308834e-07
4.0781096544717797e-07 3.95519736981342e-07
4.0781096544717797e-07 3.95519736981342e-07
9.375165905096461e-08 3.9552650741741644e-07
9.375165905096461e-08 3.9552650741741644e-07
3.1581233335220404e-07 3.955305270876152e-07
4.397176570884272e-07 3.9540956064029397e-07
3.863441281130948e-07 3.955271876025257e-07
4.291025332039232e-07 3.9553634100028203e-07
4.130237967790752e-07 3.9554397938086237e-07
4.5611261823350734e-07 3.9564117620255193e-07
4.1547929216229113e-07 3.9552077123096103e-07
4.125513049538445e-07 3.9554466601380213e-07
3.657061926318282e-07 3.9553162445054806e-07
3.657061926318282e-07 3.9553162445054806e-07
2.8758985518864805e-07 3.95546932461731e-07
4.17182503716264e-07 3.955228929519701e-07
4.1108971568842823e-07 3.9552793656507206e-07
4.1108971568842823e-07 3.9552793656507206e-07
4.1108971568842823e-07 3.9552793656507206e-07
4.525458559823816e-07 3.955267921261164e-07
4.358251259937958e-07 3.955161144640165e-07
4.358251259937958e-07 3.955161144640165e-07
4.416669035253655e-07 3.955645829794542e-07
4.1203181962821834e-07 3.955288202663497e-07
4.1203181962821834e-07 3.955288202663497e-07
4.1280968387250234e-07 3.955312635736899e-07
3.977659783277474e-07 3.95535370335896e-07
3.4099031635240204e-07 3.9550871697701383e-07
2.791358767550348e-07 3.9553184811847156e-07
3.442865522561469e-07 3.955313185855518e-07
3.442865522561469e-07 3.955313185855518e-07
3.657061926318282e-07 3.9553162445054806e-07
3.657061926318282e-07 3.9553162445054806e-07
4.724549315156429e-07 3.955217355267704e-07
4.805001116990076e-07 3.9551597132171913e-07
3.046926043822208e-07 3.955304824595617e-07
3.249051089934261e-07 3.9550966097989987e-07
4.4918117367386746e-07 3.9552031252239704e-07
3.442865522561469e-07 3.955313185855518e-07
3.442865522561469e-07 3.955313185855518e-07
3.442865522561469e-07 3.955313185855518e-07
4.6425296485659923e-07 3.955283687851652e-07
9.375165905096461e-08 3.9552650741741644e-07
9.375165905096461e-08 3.9552650741741644e-07
4.569705218069519e-07 3.95801744861725e-07
3.6664740628985894e-07 3.955334872220671e-07
3.6664740628985894e-07 3.955334872220671e-07
3.805620117205901e-07 3.954399270921386e-07
2.2333065106149891e-07 3.955321846968697e-07
4.130237967790752e-07 3.9551143843893104e-07
4.5901105137322477e-07 3.955401442372295e-07
4.5901105137322477e-07 3.955401442372295e-07
4.732865649440088e-07 3.95563921994823e-07
4.5150355731590525e-07 3.9554270462232513e-07
4.226644242165277e-07 3.95532300346858e-07
4.1108971568842823e-07 3.9552793656507206e-07
4.1108971568842823e-07 3.9552793656507206e-07
3.143518467060206e-07 3.955307329898216e-07
3.143518467060206e-07 3.955307329898216e-07
4.340187341308647e-07 3.9544158974663905e-07
4.097251438157188e-07 3.9553596129137644e-07
3.162218585648076e-07 3.9553232045169117e-07
3.088398819090487e-07 3.955319246252467e-07
4.21456334672196e-07 3.955319168547947e-07
4.373285684819363e-07 3.9578343724521936e-07
3.6664740628985894e-07 3.955334872220671e-07
3.6664740628985894e-07 3.955334872220671e-07
3.6664740628985894e-07 3.955334872220671e-07
3.8907563816107035e-07 3.9551495324021144e-07
4.4120255198694627e-07 3.9553478692765115e-07
4.384834653021525e-07 3.9551996904508913e-07
4.4842425008014266e-07 3.955306278253289e-07
3.8908573119405877e-07 3.95677257919332e-07
4.4514710274358435e-07 3.9553408834980634e-07
3.2319224560694645e-07 3.9545935580907646e-07
3.837920751178709e-07 3.954738229521461e-07
4.397546658384659e-07 3.9554232307091976e-07
4.0699006057105757e-07 3.9553654658765846e-07
4.3661088194756094e-07 3.952944384038353e-07
4.2085419786671497e-07 3.956859117493862e-07
1.376007498930642e-07 3.666986753865982e-07
3.590954228032866e-07 3.955325781680071e-07
3.590954228032866e-07 3.955325781680071e-07
4.4159599103812066e-07 3.9554403956518887e-07
3.743160952191873e-07 3.9553325288954314e-07
4.462735441749038e-07 3.955559607817048e-07
4.1103859275583204e-07 3.9551174986339637e-07
3.143518467060206e-07 3.955307329898216e-07
3.143518467060206e-07 3.955307329898216e-07
3.728904437337746e-07 3.955176792375661e-07
1.930950343237547e-07 3.955319884778859e-07
4.123141338980115e-07 4.138298629561026e-07
2.355842947030942e-07 3.955320888466146e-07
3.8638029172683664e-07 3.9553860807346543e-07
4.2098638372594553e-07 3.955293815205603e-07
4.181445608503166e-07 3.955099268882684e-07
2.0490922944112783e-07 3.955345174004803e-07
4.6569187154422205e-07 3.954752750048823e-07
1.3204220164681342e-07 4.0172018880389766e-07
1.0833763942167e-07 3.9552546986526107e-07
1.0833763942167e-07 3.9552546986526107e-07
4.475845689922895e-07 3.9552690926110633e-07
4.12267387578104e-07 3.9553402148045453e-07
4.1233142935700844e-07 3.9548080299484146e-07
3.1581233335220404e-07 3.955305270876152e-07
4.693670757616288e-07 3.9551955806477665e-07
4.598603980953749e-07 3.955264193543654e-07