0.0016198305455654707 7.515589321673855e-06
0.0045363212958644365 7.515589321673855e-06
0.0045363212958644365 7.515589321673855e-06
0.0045363212958644365 7.515589321673855e-06
0.0045363212958644365 7.515589321673855e-06
0.0045363212958644365 7.515589321673855e-06
0.0045363212958644365 7.515589321673855e-06
0.0027951360874284084 7.515589321673855e-06
0.009248595800553943 7.515589321673855e-06
0.009248595800553943 7.515589321673855e-06
0.009248595800553943 7.515589321673855e-06
0.009248595800553943 7.515589321673855e-06
0.009248595800553943 7.515589321673855e-06
0.009248595800553943 7.515589321673855e-06
0.009248595800553943 7.515589321673855e-06
0.009248595800553943 7.515589321673855e-06
0.009248595800553943 7.515589321673855e-06
0.009248595800553943 7.515589321673855e-06
0.009248595800553943 7.515589321673855e-06
0.009248595800553943 7.515589321673855e-06
0.004316600831577854 7.515589321673855e-06
0.004316600831577854 7.515589321673855e-06
0.0017029441215933934 7.515589321673855e-06
0.0017029441215933934 7.515589321673855e-06
0.003121180035942201 7.515589321673855e-06
0.0076725325104499845 7.515589321673855e-06
0.0076725325104499845 7.515589321673855e-06
0.0076725325104499845 7.515589321673855e-06
0.0076725325104499845 7.515589321673855e-06
0.0076725325104499845 7.515589321673855e-06
0.0076725325104499845 7.515589321673855e-06
0.0076725325104499845 7.515589321673855e-06
0.0020411456410687166 7.515589321673855e-06
0.0023307168766979153 7.515589321673855e-06
0.012919740137446865 7.515589321673855e-06
0.012919740137446865 7.515589321673855e-06
0.012919740137446865 7.515589321673855e-06
0.012919740137446865 7.515589321673855e-06
0.012919740137446865 7.515589321673855e-06
0.0018561295157086869 7.515589321673855e-06
0.006507616165590538 7.515589321673855e-06
0.006507616165590538 7.515589321673855e-06
0.006507616165590538 7.515589321673855e-06
0.0160250048077667 7.515589321673855e-06
0.0160250048077667 7.515589321673855e-06
0.0160250048077667 7.515589321673855e-06
0.0160250048077667 7.515589321673855e-06
0.0160250048077667 7.515589321673855e-06
0.0160250048077667 7.515589321673855e-06
0.003040055880617074 7.515589321673855e-06