8.572740214212821e-06 1.0936736491507063e-05
8.26931050631771e-06 1.0936730589154243e-05
8.243511515893562e-06 1.0936734877888763e-05
8.377572250986964e-06 1.0936736418359923e-05
9.5723980078157e-06 1.0936728672928974e-05
9.5723980078157e-06 1.0936728672928974e-05
8.53194019372962e-06 1.093672452914216e-05
8.479698844155894e-06 1.0936731988360413e-05
8.234718134614794e-06 1.0936737147052519e-05
8.269388209692924e-06 1.0936730176429489e-05
8.49357405310206e-06 1.0936729439838659e-05
8.388308186265854e-06 1.0936739614372e-05
8.388308186265854e-06 1.0936739614372e-05
8.684939186419716e-06 1.0936732591169194e-05
8.253962086363949e-06 1.093673292491245e-05
8.337157122141586e-06 1.0936731405393771e-05
8.247972590615638e-06 1.0936733937788325e-05
8.267277502891775e-06 1.093673304848569e-05
8.764540035863629e-06 1.0936733006588893e-05
8.377691815125985e-06 1.0936728435277272e-05
8.313628926280954e-06 1.0936740440320627e-05
8.511645493616264e-06 1.0936729378335703e-05
8.176795963564014e-06 1.093673527373241e-05
8.168227923664356e-06 1.0936740769610822e-05
8.230596665015522e-06 1.0936727445118216e-05
8.018319095904417e-06 1.0936732719852725e-05
8.247898794360685e-06 1.0936729102170553e-05
9.053471994774145e-06 1.0936730566990148e-05
8.544832502113312e-06 1.0936729064850254e-05
8.379472634489716e-06 1.0936731751021808e-05
9.101626831080897e-06 1.093673077822952e-05
8.503243598167113e-06 1.093673059346462e-05
8.297892555441146e-06 1.0936734744259276e-05
8.83678900576691e-06 1.0936729917835948e-05
8.241757085920591e-06 1.0936734737604401e-05
9.465097346519192e-06 1.0936792872411352e-05
9.45509558475432e-06 1.0936683608657386e-05
8.526009902041407e-06 1.0936734906088717e-05
8.51616312217693e-06 1.0936731054276707e-05
8.51616312217693e-06 1.0936731054276707e-05
8.366543497816004e-06 1.0936732867491646e-05
8.176760982363931e-06 1.0936730067186288e-05
8.052082322378844e-06 1.0936732095125782e-05
8.730031814368668e-06 1.0936731289133814e-05
9.14608569631298e-06 1.0936729563843776e-05
1.757758630783499e-05 1.0936932258535848e-05
8.370388354601042e-06 1.0936729965602702e-05
8.158718015679096e-06 1.0936737682974347e-05
8.28087172250372e-06 1.0936733598063616e-05
8.127590651436344e-06 1.0936728035191283e-05