4.69483866345853e-07 3.9549188035099234e-07
4.691190495377763e-07 3.95491862796618e-07
4.6927391103083424e-07 3.954918699772519e-07
4.689798566905883e-07 3.9549186840360607e-07
4.6845325840569316e-07 3.9549187512608485e-07
4.733494852537476e-07 3.9549187898138364e-07
4.684391473593636e-07 3.9549187290671115e-07
7.232476635273873e-07 3.9549424966164445e-07
4.7069804574389494e-07 3.954918729487107e-07
4.6815021539126835e-07 3.9549185623775517e-07
4.694978846347545e-07 3.9549187504286286e-07
4.68122206252759e-07 3.954918770757642e-07
4.6425999018313347e-07 3.954918802544844e-07
4.7117305521420174e-07 3.9549185288641045e-07
4.7111915903897873e-07 3.954918639595121e-07
4.664467915438097e-07 3.954918593909119e-07
4.6893348437243244e-07 3.954918620595989e-07
4.6934465698189e-07 3.954918680645013e-07
4.678590525404941e-07 3.9549186140734797e-07
4.6839263429265433e-07 3.9549185952189355e-07
4.7061613072158356e-07 3.954918728250603e-07
4.6898596507335956e-07 3.95491864480803e-07
4.681272019462213e-07 3.954918597652744e-07
4.700278158968117e-07 3.9549188066604873e-07
4.6832255461585945e-07 3.9549186997772405e-07
4.6903192721852636e-07 3.954918536290674e-07
4.6815845254925664e-07 3.9549188046182904e-07
4.5965241782888283e-07 3.9549185199932295e-07
4.692406249149648e-07 3.954918785147708e-07
4.6828999383497765e-07 3.954918737371979e-07
4.696823502818599e-07 3.954918615240931e-07
4.685583924422139e-07 3.954918689755883e-07
4.6572518300366535e-07 3.954918858544853e-07
4.6924274853754924e-07 3.954918780489531e-07
4.7225897448992127e-07 3.954918758735346e-07
4.6919239594713227e-07 3.954918650285528e-07
4.69198618319847e-07 3.954918495744995e-07
4.6922386990816175e-07 3.954918551197254e-07
4.7113258357257025e-07 3.954918695775428e-07
4.700525441454555e-07 3.954918685440734e-07
4.6901523788434854e-07 3.954918785820426e-07
4.6834121175811346e-07 3.9549186784831874e-07
4.7112003250621326e-07 3.954918558524151e-07
4.6925860997229466e-07 3.954918725391192e-07
4.7048498728442895e-07 3.954918766466293e-07
4.674994175432469e-07 3.9549187814955996e-07
4.7039308479961407e-07 3.9549186522384465e-07
4.6888603912509696e-07 3.9549186968302477e-07
4.694727148564676e-07 3.9549186189016697e-07
4.698569912486284e-07 3.9549185363637575e-07