8.146265726454183e-07 3.641943819963331e-06
8.146265726454183e-07 3.641943819963331e-06
8.146265726454183e-07 3.641943819963331e-06
8.146265726454183e-07 3.641943819963331e-06
8.146265726454183e-07 3.641943819963331e-06
8.032625856470527e-07 3.643347631947246e-06
8.333520397311799e-07 3.6433472474424874e-06
8.333520397311799e-07 3.6433472474424874e-06
8.333520397311799e-07 3.6433472474424874e-06
8.584714463951974e-07 3.643347180576816e-06
9.354488254734036e-07 3.6433441045973524e-06
9.354488254734036e-07 3.6433441045973524e-06
8.298663150300068e-07 3.643345910023248e-06
8.298663150300068e-07 3.643345910023248e-06
8.298663150300068e-07 3.643345910023248e-06
7.060799034639193e-07 3.641943819963331e-06
7.060799034639193e-07 3.641943819963331e-06
8.480075691430245e-07 3.643347824216972e-06
8.405760965667845e-07 3.643345355768795e-06
8.282791204583642e-07 3.6433468200746227e-06
9.886355381228118e-07 3.6433472474424874e-06
9.065330083181608e-07 3.6433454571530215e-06
9.065330083181608e-07 3.6433454571530215e-06
9.045099776117428e-07 3.6433472474424874e-06
8.384071422553812e-07 3.641943819963331e-06
9.14333399168325e-07 3.6433446415990555e-06
9.14333399168325e-07 3.6433446415990555e-06
9.14333399168325e-07 3.6433446415990555e-06
9.14333399168325e-07 3.6433446415990555e-06
9.14333399168325e-07 3.6433446415990555e-06
9.015223714628692e-07 3.6433477088537484e-06
9.015223714628692e-07 3.6433477088537484e-06
9.338417324854082e-07 3.6433457736366637e-06
9.259494082885236e-07 3.6433441245995794e-06
6.791844198948627e-07 3.641943819963331e-06
9.141743010209241e-07 3.643346359768319e-06
7.779980752620528e-07 3.643339913633027e-06
7.779980752620528e-07 3.643339913633027e-06
7.888199155756602e-07 3.6433428473685568e-06
6.240141027738672e-07 3.643322941770943e-06
8.300710764431301e-07 3.643347824216972e-06
7.543313775047338e-06 3.641943819963331e-06
7.543313775047338e-06 3.641943819963331e-06
7.543313775047338e-06 3.641943819963331e-06
7.543313775047338e-06 3.641943819963331e-06
7.543313775047338e-06 3.641943819963331e-06
8.166837694081626e-07 3.6433454571530215e-06
8.166837694081626e-07 3.6433454571530215e-06
8.035909073016474e-07 3.6433450592790105e-06
8.740694823340183e-07 3.643344835369064e-06