4.558057920027701e-07 3.9554217874411174e-07
4.3151615605295975e-07 3.954928908057662e-07
4.1823138566151315e-07 3.9548665730353235e-07
5.466883340994358e-07 3.955330691639497e-07
4.498504659276333e-07 3.954977678885825e-07
5.00920440385e-07 3.954889630162247e-07
5.370418137303759e-07 3.954880501579798e-07
4.2466994866248064e-07 3.9549327804380556e-07
5.048969759700522e-07 3.954863727666596e-07
4.1837651246481607e-07 3.95503693435142e-07
4.1967456754853446e-07 3.954751920013149e-07
4.927621562925694e-07 3.9551542603307633e-07
4.133811012244275e-07 3.954834048137108e-07
5.240723522705718e-07 3.9549738880805034e-07
5.113939732047387e-07 3.9551391241833737e-07
3.723316987813662e-07 3.954590488439924e-07
3.9841939481860304e-07 3.955178502332472e-07
7.974883587444844e-07 3.9517652629103705e-07
4.891103289673254e-07 3.954992745476744e-07
3.8437632713960656e-07 3.95480804208438e-07
3.974405143673567e-07 3.954948974968377e-07
4.306992021530905e-07 3.9549642022206324e-07
4.872262041946045e-07 3.954883496353555e-07
4.930985139943057e-07 3.9547906211864986e-07
3.1303134435563223e-07 3.9551609990728115e-07
4.0511856537274505e-07 3.9556000970181117e-07
4.004410805896699e-07 3.955165985529582e-07
4.4345847555357473e-07 3.9548941207057334e-07
3.773002029227089e-07 3.9549995489210093e-07
4.5031192632524483e-07 3.954861499384282e-07
4.986428279333813e-07 3.954152368192415e-07
4.658840300444024e-07 3.9548167563583484e-07
4.39252135603638e-07 3.954946647410704e-07
4.39252135603638e-07 3.954946647410704e-07
3.469692574095464e-07 3.955019398633149e-07
5.004053473507248e-07 3.9551119779234964e-07
3.8357829484487127e-07 3.9547533804468276e-07
3.596529731839192e-07 3.954817936053898e-07
3.596529731839192e-07 3.954817936053898e-07
5.074713462282548e-07 3.9548619760942906e-07
4.611160285841874e-07 3.955043916581225e-07
4.50557940580524e-07 3.9544364940636856e-07
4.36703918388523e-07 3.954863566185758e-07
4.638720264179165e-07 3.954824692715917e-07
4.3821890819157934e-07 3.954835300922777e-07
4.4679843682354895e-07 3.95490924436723e-07
3.611799434940737e-07 3.9551058257598465e-07
5.009480255412697e-07 3.9546315904368625e-07
4.990750753952922e-07 3.955030886375064e-07