1.4215045203843749e-05 1.4215045203843749e-05
1.4215045203843749e-05 1.4215045203843749e-05
1.4215045203843749e-05 1.4215045203843749e-05
1.4215045203843749e-05 1.4215045203843749e-05
1.4215045203843749e-05 1.4215045203843749e-05
1.4215045203843749e-05 1.4215045203843749e-05
1.4215045203843749e-05 1.4215045203843749e-05
1.4215045203843749e-05 1.4215045203843749e-05
1.4215045203843749e-05 1.4215045203843749e-05
1.4215045203843749e-05 1.4215045203843749e-05
1.4215045203843749e-05 1.4215045203843749e-05
1.4215045203843749e-05 1.4215045203843749e-05
1.4215045203843749e-05 1.4215045203843749e-05
1.4215045203843749e-05 1.4215045203843749e-05
1.4215045203843749e-05 1.4215045203843749e-05
1.4215045203843749e-05 1.4215045203843749e-05
1.4215045203843749e-05 1.4215045203843749e-05
1.4215045203843749e-05 1.4215045203843749e-05
1.4215045203843749e-05 1.4215045203843749e-05
1.4215045203843749e-05 1.4215045203843749e-05
1.4215045203843749e-05 1.4215045203843749e-05
1.4215045203843749e-05 1.4215045203843749e-05
1.4215045203843749e-05 1.4215045203843749e-05
1.4215045203843749e-05 1.4215045203843749e-05
1.4215045203843749e-05 1.4215045203843749e-05
1.4215045203843749e-05 1.4215045203843749e-05
1.4215045203843749e-05 1.4215045203843749e-05
1.4215045203843749e-05 1.4215045203843749e-05
1.4215045203843749e-05 1.4215045203843749e-05
1.4215045203843749e-05 1.4215045203843749e-05
1.4215045203843749e-05 1.4215045203843749e-05
1.4215045203843749e-05 1.4215045203843749e-05
1.4215045203843749e-05 1.4215045203843749e-05
1.4215045203843749e-05 1.4215045203843749e-05
1.4215045203843749e-05 1.4215045203843749e-05
1.4215045203843749e-05 1.4215045203843749e-05
1.4215045203843749e-05 1.4215045203843749e-05
1.4215045203843749e-05 1.4215045203843749e-05
1.4215045203843749e-05 1.4215045203843749e-05
1.4215045203843749e-05 1.4215045203843749e-05
1.4215045203843749e-05 1.4215045203843749e-05
1.4215045203843749e-05 1.4215045203843749e-05
1.4215045203843749e-05 1.4215045203843749e-05
1.4215045203843749e-05 1.4215045203843749e-05
1.4215045203843749e-05 1.4215045203843749e-05
1.4215045203843749e-05 1.4215045203843749e-05
1.4215045203843749e-05 1.4215045203843749e-05
1.4215045203843749e-05 1.4215045203843749e-05
1.4215045203843749e-05 1.4215045203843749e-05
1.4215045203843749e-05 1.4215045203843749e-05