2.9881123252629025e-06 5.955463572335392e-06
3.0354492438195584e-06 5.955463572335392e-06
3.177972834688209e-06 5.955463572335392e-06
3.1720876998091566e-06 5.955463572335392e-06
3.0455572999095337e-06 5.955463572335392e-06
3.1212233197830623e-06 5.955463572335392e-06
3.95069910613637e-06 5.955463572335392e-06
3.26942529036269e-06 5.955463572335392e-06
3.0327110166847367e-06 5.955463572335392e-06
4.6021441715099195e-06 5.955463572335392e-06
2.8374757452573294e-06 5.955463572335392e-06
3.0883683374695567e-06 5.955463572335392e-06
2.955057473981662e-06 5.955463572335392e-06
3.252643249037086e-06 5.955463572335392e-06
3.0786611836042028e-06 5.955463572335392e-06
4.981019598410276e-06 5.955463572335392e-06
2.633031980022122e-06 5.955463572335392e-06
3.0354492438195584e-06 5.955463572335392e-06
2.9448063495344547e-06 5.955463572335392e-06
2.979349532520196e-06 5.955463572335392e-06
3.0157171793960293e-06 5.955463572335392e-06
2.989803390529039e-06 5.955463572335392e-06
3.0653208125630675e-06 5.955463572335392e-06
2.6572576911666613e-06 5.955463572335392e-06
3.0938841374199993e-06 5.955463572335392e-06
3.177972834688209e-06 5.955463572335392e-06
3.1212233197830623e-06 5.955463572335392e-06
2.955057473981662e-06 5.955463572335392e-06
2.4167684476085613e-06 5.955463572335392e-06
3.0398001027452436e-06 5.955463572335392e-06
3.2368241834787314e-06 5.955463572335392e-06
2.8133766361880205e-06 5.955463572335392e-06
2.8374757452573294e-06 5.955463572335392e-06
3.0883683374695567e-06 5.955463572335392e-06
3.1347938559560324e-06 5.955463572335392e-06
3.1212233197830623e-06 5.955463572335392e-06
2.9881123252629025e-06 5.955463572335392e-06
2.8732357135537234e-06 5.955463572335392e-06
2.8917216050931314e-06 5.955463572335392e-06
2.15158440013472e-06 5.955463572335392e-06
2.9434869918509714e-06 5.955463572335392e-06
2.6334029863600145e-06 5.955463572335392e-06
3.1212233197830623e-06 5.955463572335392e-06
2.9238518451497217e-06 5.955463572335392e-06
3.061988424663092e-06 5.955463572335392e-06
3.1720876998091566e-06 5.955463572335392e-06
3.2772844857722157e-06 5.955463572335392e-06
3.052372805376083e-06 5.955463572335392e-06
2.7645120832364267e-06 5.955463572335392e-06
2.979349532520196e-06 5.955463572335392e-06