0.6392671886406786 0.748125549066028
0.6090734034595029 0.6741119744557127
0.718973467807111 0.7581972571268507
0.6136594854415415 0.7219642340305377
0.6136594854415415 0.7219642340305377
0.4750551583128484 0.5877692658872622
0.6912817556648286 0.6506934724596144
0.6136594854415415 0.7219642340305377
0.3024800427741784 0.3745625880421647
0.2641810436935587 0.29555869262250617
0.5120263305242992 0.5728800528726353
0.5737065634860835 0.6405433210278426
0.662780063121367 0.6954834350742852
0.6206728036832919 0.72390608314817
0.5944573897712849 0.6348962999674506
0.6788251887975653 0.7173456927225891
0.3131895164792692 0.3702163444126831
0.5717472825082404 0.5992724903305772
0.6039388189794488 0.5686191652483243
0.32022627756751015 0.3550743694249981
0.4434235452135869 0.5317171193790892
0.42659368527858366 0.5048528194981968
0.5895683540807534 0.7103765552299939
0.5260806175446864 0.5344842769129138
0.25142242476574433 0.2565104241021315
0.4435828363499969 0.45069172927359336
0.18862384780663619 0.22573717984360014
0.35407955119572043 0.3575578084064244
0.37739947301683285 0.3784997840553179
0.30175091013846006 0.3186871645306126
0.5971890824860597 0.733318386014118
0.3464798612423927 0.3347560336026155
0.527666315725251 0.6100375656587546
0.34890950189661646 0.4736182320427044
0.5052747907350265 0.6344136177691968
0.5044921603214194 0.6087926904002445
0.48045001849881025 0.49852204874849765
0.6418594264737661 0.7061051483796935
0.5330548643756193 0.6254963196233756
0.5109392436556294 0.6247864221437521
0.5653882601230269 0.5965600327718972
0.45057812163290845 0.4982816092973127
0.4688587331064987 0.5890766554030802
0.5787320485651626 0.6882450053963629
0.5367780692772179 0.5899656802738364
0.49041473100385574 0.5266835194685326
0.5371354224115416 0.6409571774331947
0.44625261590609155 0.46567080653310056
0.37555500187693047 0.516273693429481
0.5333397851252735 0.5671642060193416