2.086314162211353e-06 1.9776052687425146e-06
2.086314162211353e-06 1.9776052687425146e-06
2.0412700941154607e-06 1.977498159435871e-06
1.8989900282757952e-06 1.9776387383721677e-06
2.0309932910835835e-06 1.9776077524657687e-06
2.0017366975647447e-06 1.977599365145858e-06
2.1765129315475346e-06 1.9776502679475896e-06
1.991187169604323e-06 1.977593205010858e-06
2.0309932910835835e-06 1.9776077524657687e-06
2.0309932910835835e-06 1.977598517881492e-06
2.0309932910835835e-06 1.977598517881492e-06
1.8835776155183268e-06 1.977596884222334e-06
1.9514682262844608e-06 1.97759930077937e-06
1.569548712186984e-06 1.9775943217581554e-06
1.8989900282757952e-06 1.9776812088303165e-06
1.7455841203217908e-06 1.9774556411442226e-06
1.994916099290894e-06 1.9776046994597014e-06
2.0309932910835835e-06 1.9776051318503593e-06
1.946901894027323e-06 1.977623325975508e-06
1.8989900282757952e-06 1.9775795055829243e-06
1.8989900282757952e-06 1.977558400783074e-06
1.9514682262844608e-06 1.9775998965503965e-06
1.9188899833582053e-06 1.9776032100685084e-06
1.9983506574756796e-06 1.977603393996257e-06
1.921555329490223e-06 1.9777835508460082e-06
2.0009434542732326e-06 1.977664602253801e-06
1.9514682262844608e-06 1.97759930077937e-06
2.0309932910835835e-06 1.9776000286046833e-06
1.887734598541512e-06 1.977597049052568e-06
2.122210593361884e-06 1.97759402304823e-06
1.895557899384336e-06 1.97775709634753e-06
2.4819684383174398e-06 1.977596294374493e-06
1.9058132722895158e-06 1.9776964859790223e-06
1.8989900282757952e-06 1.9775390315434974e-06
2.1496373641130735e-06 1.9775969770941666e-06
2.0309932910835835e-06 1.977599836216597e-06
1.8989900282757952e-06 1.9775541560343862e-06
2.0067507566763423e-06 1.9775965285441327e-06
1.2806956432732025e-06 1.9775904754901684e-06
1.7601661549035867e-06 1.977595960650101e-06
2.0309932910835835e-06 1.97760697906331e-06
1.9542655682580555e-06 1.9776204870291746e-06
1.9542655682580555e-06 1.9776204870291746e-06
1.8989900282757952e-06 1.9775795055829243e-06
2.1209951162892094e-06 1.9775971306272066e-06
1.9654149173275282e-06 1.9776035082527817e-06
1.8989900282757952e-06 1.9776763271696128e-06
1.5929507069271256e-06 1.9774949819954526e-06
1.9514682262844608e-06 1.9775986364166767e-06
2.0309932910835835e-06 1.9775993225445297e-06
2.0309932910835835e-06 1.9775993225445297e-06
1.9600082365721065e-06 1.9774834205815297e-06
2.081947709299039e-06 1.977459037284231e-06
2.1082737616622402e-06 1.9776021434415326e-06
2.096039259073494e-06 1.9776035418864597e-06
2.110019361029588e-06 1.977603990362394e-06
2.0309932910835835e-06 1.977598517881492e-06
1.9119862915234443e-06 1.9775904819678334e-06
1.923205342237062e-06 1.9778016786117144e-06
7.165907861914979e-07 1.977313246478275e-06
2.0309932910835835e-06 1.9776076377267322e-06
2.0309932910835835e-06 1.9776076377267322e-06
2.0683748960273206e-06 1.9775785456348583e-06
1.8989900282757952e-06 1.9775541560343862e-06
1.9514682262844608e-06 1.9775987561959645e-06
1.9514682262844608e-06 1.9775987561959645e-06
2.0523905682279867e-06 1.977598190120232e-06
2.070340801940157e-06 1.9775962587260424e-06
1.8989900282757952e-06 1.9775340919882713e-06
1.8989900282757952e-06 1.977625457748583e-06
1.8989900282757952e-06 1.977625457748583e-06
1.8989900282757952e-06 1.977625457748583e-06
1.91493690687495e-06 1.9776019776493526e-06
1.9033910137924302e-06 1.977605535488594e-06
1.9514682262844608e-06 1.9775998965503965e-06
2.0309932910835835e-06 1.9776051318503593e-06
2.244845472279097e-06 1.9775912714671926e-06
1.8989900282757952e-06 1.9776763271696128e-06
1.8989900282757952e-06 1.9776763271696128e-06
2.040911403528641e-06 1.977598705270144e-06
2.0309932910835835e-06 1.977602812041593e-06
1.9514682262844608e-06 1.9776044086401234e-06
2.0309932910835835e-06 1.9776005359766966e-06
2.0309932910835835e-06 1.9776091589094223e-06
2.0309932910835835e-06 1.9776091589094223e-06
2.0309932910835835e-06 1.9776091589094223e-06
1.8989900282757952e-06 1.9776629655300575e-06
1.9514682262844608e-06 1.977598206271868e-06
1.9514682262844608e-06 1.977598206271868e-06
1.9514682262844608e-06 1.977598206271868e-06
1.8316813173622058e-06 1.9776382562896245e-06
1.9514682262844608e-06 1.977602733188165e-06
1.8989900282757952e-06 1.9775795055829243e-06
1.8989900282757952e-06 1.9775795055829243e-06
1.7737082778030655e-06 1.977603436623058e-06
2.0309932910835835e-06 1.97760559189864e-06
1.9514682262844608e-06 1.97759930077937e-06
1.8989900282757952e-06 1.977650813506874e-06
1.8989900282757952e-06 1.977650813506874e-06
1.9263308603410127e-06 1.9779771898177655e-06
2.0045707563751505e-06 1.977596085651363e-06
1.972121975533223e-06 1.9775757243146303e-06
1.9786711929526778e-06 1.977603091624847e-06
2.0309932910835835e-06 1.977599145210776e-06
2.0309932910835835e-06 1.977599145210776e-06
2.0309932910835835e-06 1.977599145210776e-06
2.0309932910835835e-06 1.9776051318503593e-06
2.1724617972933463e-06 1.9776134054316736e-06
1.8989900282757952e-06 1.9775345413337504e-06
1.8989900282757952e-06 1.9775390315434974e-06
1.8989900282757952e-06 1.9775047562817693e-06
1.8989900282757952e-06 1.9775047562817693e-06
1.8989900282757952e-06 1.9775047562817693e-06
2.0309932910835835e-06 1.977598517881492e-06
2.0309932910835835e-06 1.97760559189864e-06
2.007614769110321e-06 1.9775928519629718e-06
1.8989900282757952e-06 1.977558400783074e-06