0.2653546725495528 0.008849483475275716
0.2653546725495528 0.008849483475275716
0.2653546725495528 0.008849483475275716
0.2653546725495528 0.008849483475275716
0.2653546725495528 0.008849483475275716
0.2653546725495528 0.008849483475275716
0.2653546725495528 0.008849483475275716
0.2653546725495528 0.008849483475275716
0.2653546725495528 0.008849483475275716
0.2653546725495528 0.008849483475275716
0.2653546725495528 0.008849483475275716
0.2653546725495528 0.008849483475275716
0.2653546725495528 0.008849483475275716
0.2653546725495528 0.008849483475275716
0.2653546725495528 0.008849483475275716
0.2653546725495528 0.008849483475275716
0.2653546725495528 0.008849483475275716
0.2653546725495528 0.008849483475275716
0.2653546725495528 0.008849483475275716
0.2653546725495528 0.008849483475275716
0.2653546725495528 0.008849483475275716
0.2653546725495528 0.008849483475275716
0.2653546725495528 0.008849483475275716
0.2653546725495528 0.008849483475275716
0.2653546725495528 0.008849483475275716
0.2653546725495528 0.008849483475275716
0.2653546725495528 0.008849483475275716
0.2653546725495528 0.008849483475275716
0.2653546725495528 0.008849483475275716
0.2653546725495528 0.008849483475275716
0.1416546134852304 0.008849512100504312
0.1416546134852304 0.008849512100504312
0.1416546134852304 0.008849512100504312
0.1416546134852304 0.008849512100504312
0.1416546134852304 0.008849512100504312
0.1416546134852304 0.008849512100504312
0.1416546134852304 0.008849512100504312
0.1416546134852304 0.008849512100504312
0.1416546134852304 0.008849512100504312
0.1416546134852304 0.008849512100504312
0.1416546134852304 0.008849512100504312
0.1416546134852304 0.008849512100504312
0.1416546134852304 0.008849512100504312
0.1416546134852304 0.008849512100504312
0.1416546134852304 0.008849512100504312
0.1416546134852304 0.008849512100504312
0.1416546134852304 0.008849512100504312
0.1416546134852304 0.008849512100504312
0.1416546134852304 0.008849512100504312
0.1416546134852304 0.008849512100504312
0.1416546134852304 0.008849512100504312
0.1416546134852304 0.008849512100504312
0.1416546134852304 0.008849512100504312
0.1416546134852304 0.008849512100504312
0.1416546134852304 0.008849512100504312
0.1416546134852304 0.008849512100504312
0.1416546134852304 0.008849512100504312
0.1416546134852304 0.008849512100504312
0.1416546134852304 0.008849512100504312
0.1416546134852304 0.008849512100504312
0.03442526268985768 0.00884956794585045
0.03442526268985768 0.00884956794585045
0.03442526268985768 0.00884956794585045
0.03442526268985768 0.00884956794585045
0.03442526268985768 0.00884956794585045
0.03442526268985768 0.00884956794585045
0.03442526268985768 0.00884956794585045
0.03442526268985768 0.00884956794585045
0.03442526268985768 0.00884956794585045
0.03442526268985768 0.00884956794585045
0.03442526268985768 0.00884956794585045
0.03442526268985768 0.00884956794585045
0.15110885098862262 0.00884962325102052
0.15110885098862262 0.00884962325102052
0.15110885098862262 0.00884962325102052
0.15110885098862262 0.00884962325102052
0.15110885098862262 0.00884962325102052
0.15110885098862262 0.00884962325102052
0.15110885098862262 0.00884962325102052
0.15110885098862262 0.00884962325102052
0.15110885098862262 0.00884962325102052
0.15110885098862262 0.00884962325102052
0.15110885098862262 0.00884962325102052
0.15110885098862262 0.00884962325102052
0.004911655574353325 0.008849715273780518
0.004911655574353325 0.008849715273780518
0.004911655574353325 0.008849715273780518
0.004911655574353325 0.008849715273780518
0.004911655574353325 0.008849715273780518
0.004911655574353325 0.008849715273780518
0.004911655574353325 0.008849715273780518
0.004911655574353325 0.008849715273780518
0.11077321350002708 0.008849541183835132
0.11077321350002708 0.008849541183835132
0.11077321350002708 0.008849541183835132
0.11077321350002708 0.008849541183835132
0.11077321350002708 0.008849541183835132
0.11077321350002708 0.008849541183835132
0.11077321350002708 0.008849541183835132
0.11077321350002708 0.008849541183835132
0.11077321350002708 0.008849541183835132
0.11077321350002708 0.008849541183835132
0.11077321350002708 0.008849541183835132
0.11077321350002708 0.008849541183835132
0.12589142452286908 0.008849616699388538
0.12589142452286908 0.008849616699388538
0.12589142452286908 0.008849616699388538
0.12589142452286908 0.008849616699388538
0.12589142452286908 0.008849616699388538
0.12589142452286908 0.008849616699388538
0.12589142452286908 0.008849616699388538
0.12589142452286908 0.008849616699388538
0.12589142452286908 0.008849616699388538
0.12589142452286908 0.008849616699388538
0.12589142452286908 0.008849616699388538
0.12589142452286908 0.008849616699388538
0.12589142452286908 0.008849616699388538
0.12589142452286908 0.008849616699388538
0.12589142452286908 0.008849616699388538
0.12589142452286908 0.008849616699388538
0.12589142452286908 0.008849616699388538
0.12589142452286908 0.008849616699388538
0.12589142452286908 0.008849616699388538
0.12589142452286908 0.008849616699388538
0.12589142452286908 0.008849616699388538
0.12589142452286908 0.008849616699388538
0.12589142452286908 0.008849616699388538
0.12589142452286908 0.008849616699388538
0.12589142452286908 0.008849616699388538
0.12589142452286908 0.008849616699388538
0.12589142452286908 0.008849616699388538
0.12589142452286908 0.008849616699388538
0.12589142452286908 0.008849616699388538
0.12589142452286908 0.008849616699388538
0.07911976176389687 0.008849517334661479
0.07911976176389687 0.008849517334661479
0.07911976176389687 0.008849517334661479
0.07911976176389687 0.008849517334661479
0.07911976176389687 0.008849517334661479
0.07911976176389687 0.008849517334661479
0.07911976176389687 0.008849517334661479
0.07911976176389687 0.008849517334661479
0.15854166748137408 0.008849616699388538
0.15854166748137408 0.008849616699388538
0.15854166748137408 0.008849616699388538
0.15854166748137408 0.008849616699388538
0.15854166748137408 0.008849616699388538
0.15854166748137408 0.008849616699388538
0.15854166748137408 0.008849616699388538
0.15854166748137408 0.008849616699388538
0.15854166748137408 0.008849616699388538
0.15854166748137408 0.008849616699388538
0.15854166748137408 0.008849616699388538
0.15854166748137408 0.008849616699388538
0.22520236071164335 0.008849583071202689
0.22520236071164335 0.008849583071202689
0.22520236071164335 0.008849583071202689
0.22520236071164335 0.008849583071202689
0.22520236071164335 0.008849583071202689
0.22520236071164335 0.008849583071202689
0.22520236071164335 0.008849583071202689
0.22520236071164335 0.008849583071202689
0.22520236071164335 0.008849583071202689
0.22520236071164335 0.008849583071202689
0.22520236071164335 0.008849583071202689
0.22520236071164335 0.008849583071202689
0.22520236071164335 0.008849583071202689
0.22520236071164335 0.008849583071202689
0.22520236071164335 0.008849583071202689
0.22520236071164335 0.008849583071202689
0.22520236071164335 0.008849583071202689
0.22520236071164335 0.008849583071202689
0.22520236071164335 0.008849583071202689
0.22520236071164335 0.008849583071202689
0.22520236071164335 0.008849583071202689
0.22520236071164335 0.008849583071202689
0.22520236071164335 0.008849583071202689
0.22520236071164335 0.008849583071202689
0.22520236071164335 0.008849583071202689
0.22520236071164335 0.008849583071202689
0.22520236071164335 0.008849583071202689
0.22520236071164335 0.008849583071202689
0.22520236071164335 0.008849583071202689
0.22520236071164335 0.008849583071202689
0.22520236071164335 0.008849583071202689
0.22520236071164335 0.008849583071202689
0.22520236071164335 0.008849583071202689
0.22520236071164335 0.008849583071202689
0.22520236071164335 0.008849583071202689
0.22520236071164335 0.008849583071202689
0.22520236071164335 0.008849583071202689
0.22520236071164335 0.008849583071202689
0.22520236071164335 0.008849583071202689
0.22520236071164335 0.008849583071202689
0.22520236071164335 0.008849583071202689
0.22520236071164335 0.008849583071202689
0.22520236071164335 0.008849583071202689
0.22520236071164335 0.008849583071202689
0.22520236071164335 0.008849583071202689
0.22520236071164335 0.008849583071202689
0.22520236071164335 0.008849583071202689
0.22520236071164335 0.008849583071202689
0.22520236071164335 0.008849583071202689
0.22520236071164335 0.008849583071202689
0.22520236071164335 0.008849583071202689
0.22520236071164335 0.008849583071202689
0.22520236071164335 0.008849583071202689
0.22520236071164335 0.008849583071202689
0.22520236071164335 0.008849583071202689
0.22520236071164335 0.008849583071202689
0.22520236071164335 0.008849583071202689
0.22520236071164335 0.008849583071202689
0.22520236071164335 0.008849583071202689
0.22520236071164335 0.008849583071202689
0.1066972125550137 0.0088495053213531
0.1066972125550137 0.0088495053213531
0.1066972125550137 0.0088495053213531
0.1066972125550137 0.0088495053213531
0.1066972125550137 0.0088495053213531
0.1066972125550137 0.0088495053213531
0.1066972125550137 0.0088495053213531
0.1066972125550137 0.0088495053213531
0.1066972125550137 0.0088495053213531
0.1066972125550137 0.0088495053213531
0.1066972125550137 0.0088495053213531
0.1066972125550137 0.0088495053213531
0.14223347361985544 0.00884956794585045
0.14223347361985544 0.00884956794585045
0.14223347361985544 0.00884956794585045
0.14223347361985544 0.00884956794585045
0.14223347361985544 0.00884956794585045
0.14223347361985544 0.00884956794585045
0.14223347361985544 0.00884956794585045
0.14223347361985544 0.00884956794585045
0.11422061727366714 0.008849583071202689
0.11422061727366714 0.008849583071202689
0.11422061727366714 0.008849583071202689
0.11422061727366714 0.008849583071202689
0.11422061727366714 0.008849583071202689
0.11422061727366714 0.008849583071202689
0.11422061727366714 0.008849583071202689
0.11422061727366714 0.008849583071202689
0.11422061727366714 0.008849583071202689
0.11422061727366714 0.008849583071202689
0.11422061727366714 0.008849583071202689
0.11422061727366714 0.008849583071202689
0.11422061727366714 0.008849583071202689
0.11422061727366714 0.008849583071202689
0.11422061727366714 0.008849583071202689
0.11422061727366714 0.008849583071202689
0.11422061727366714 0.008849583071202689
0.11422061727366714 0.008849583071202689
0.11422061727366714 0.008849583071202689
0.11422061727366714 0.008849583071202689
0.11422061727366714 0.008849583071202689
0.11422061727366714 0.008849583071202689
0.11422061727366714 0.008849583071202689
0.11422061727366714 0.008849583071202689
0.10598163171180477 0.008849550015332434
0.10598163171180477 0.008849550015332434
0.10598163171180477 0.008849550015332434
0.10598163171180477 0.008849550015332434
0.10598163171180477 0.008849550015332434
0.10598163171180477 0.008849550015332434
0.10598163171180477 0.008849550015332434
0.10598163171180477 0.008849550015332434
0.10598163171180477 0.008849550015332434
0.10598163171180477 0.008849550015332434
0.10598163171180477 0.008849550015332434
0.10598163171180477 0.008849550015332434
0.10598163171180477 0.008849550015332434
0.10598163171180477 0.008849550015332434
0.10598163171180477 0.008849550015332434
0.10598163171180477 0.008849550015332434
0.10598163171180477 0.008849550015332434
0.10598163171180477 0.008849550015332434
0.10598163171180477 0.008849550015332434
0.10598163171180477 0.008849550015332434
0.10598163171180477 0.008849550015332434
0.10598163171180477 0.008849550015332434
0.10598163171180477 0.008849550015332434
0.10598163171180477 0.008849550015332434
0.031727590873908 0.008849588933322366
0.031727590873908 0.008849588933322366
0.031727590873908 0.008849588933322366
0.031727590873908 0.008849588933322366
0.031727590873908 0.008849588933322366
0.031727590873908 0.008849588933322366
0.031727590873908 0.008849588933322366
0.031727590873908 0.008849588933322366
0.031727590873908 0.008849588933322366
0.031727590873908 0.008849588933322366
0.031727590873908 0.008849588933322366
0.031727590873908 0.008849588933322366
0.28435978730124783 0.008849565248845299
0.28435978730124783 0.008849565248845299
0.28435978730124783 0.008849565248845299
0.28435978730124783 0.008849565248845299
0.28435978730124783 0.008849565248845299
0.28435978730124783 0.008849565248845299
0.28435978730124783 0.008849565248845299
0.28435978730124783 0.008849565248845299
0.28435978730124783 0.008849565248845299
0.28435978730124783 0.008849565248845299
0.28435978730124783 0.008849565248845299
0.28435978730124783 0.008849565248845299
0.28435978730124783 0.008849565248845299
0.28435978730124783 0.008849565248845299
0.28435978730124783 0.008849565248845299
0.28435978730124783 0.008849565248845299
0.28435978730124783 0.008849565248845299
0.28435978730124783 0.008849565248845299
0.28435978730124783 0.008849565248845299
0.28435978730124783 0.008849565248845299
0.28435978730124783 0.008849565248845299
0.28435978730124783 0.008849565248845299
0.28435978730124783 0.008849565248845299
0.28435978730124783 0.008849565248845299
0.28435978730124783 0.008849565248845299
0.28435978730124783 0.008849565248845299
0.28435978730124783 0.008849565248845299
0.28435978730124783 0.008849565248845299
0.28435978730124783 0.008849565248845299
0.28435978730124783 0.008849565248845299
0.15143895723227008 0.008849558985047348
0.15143895723227008 0.008849558985047348
0.15143895723227008 0.008849558985047348
0.15143895723227008 0.008849558985047348
0.15143895723227008 0.008849558985047348
0.15143895723227008 0.008849558985047348
0.15143895723227008 0.008849558985047348
0.15143895723227008 0.008849558985047348
0.15143895723227008 0.008849558985047348
0.15143895723227008 0.008849558985047348
0.15143895723227008 0.008849558985047348
0.15143895723227008 0.008849558985047348
0.14457652738548185 0.008849479645668812
0.14457652738548185 0.008849479645668812
0.14457652738548185 0.008849479645668812
0.14457652738548185 0.008849479645668812
0.14457652738548185 0.008849479645668812
0.14457652738548185 0.008849479645668812
0.14457652738548185 0.008849479645668812
0.14457652738548185 0.008849479645668812
0.14457652738548185 0.008849479645668812
0.14457652738548185 0.008849479645668812
0.14457652738548185 0.008849479645668812
0.14457652738548185 0.008849479645668812
0.01906222796306586 0.008849703298878762
0.01906222796306586 0.008849703298878762
0.01906222796306586 0.008849703298878762
0.01906222796306586 0.008849703298878762
0.01906222796306586 0.008849703298878762
0.01906222796306586 0.008849703298878762
0.01906222796306586 0.008849703298878762
0.01906222796306586 0.008849703298878762
0.044127641059678355 0.008849528014775171
0.044127641059678355 0.008849528014775171
0.044127641059678355 0.008849528014775171
0.044127641059678355 0.008849528014775171
0.044127641059678355 0.008849528014775171
0.044127641059678355 0.008849528014775171
0.044127641059678355 0.008849528014775171
0.044127641059678355 0.008849528014775171
0.09288381163304604 0.008849583071202689
0.09288381163304604 0.008849583071202689
0.09288381163304604 0.008849583071202689
0.09288381163304604 0.008849583071202689
0.09288381163304604 0.008849583071202689
0.09288381163304604 0.008849583071202689
0.09288381163304604 0.008849583071202689
0.09288381163304604 0.008849583071202689
0.09288381163304604 0.008849583071202689
0.09288381163304604 0.008849583071202689
0.09288381163304604 0.008849583071202689
0.09288381163304604 0.008849583071202689
0.09288381163304604 0.008849583071202689
0.09288381163304604 0.008849583071202689
0.09288381163304604 0.008849583071202689
0.09288381163304604 0.008849583071202689
0.11751434928438449 0.0088495053213531
0.11751434928438449 0.0088495053213531
0.11751434928438449 0.0088495053213531
0.11751434928438449 0.0088495053213531
0.11751434928438449 0.0088495053213531
0.11751434928438449 0.0088495053213531
0.11751434928438449 0.0088495053213531
0.11751434928438449 0.0088495053213531
0.22469918680668396 0.008849541183835132
0.22469918680668396 0.008849541183835132
0.22469918680668396 0.008849541183835132
0.22469918680668396 0.008849541183835132
0.22469918680668396 0.008849541183835132
0.22469918680668396 0.008849541183835132
0.22469918680668396 0.008849541183835132
0.22469918680668396 0.008849541183835132
0.22469918680668396 0.008849541183835132
0.22469918680668396 0.008849541183835132
0.22469918680668396 0.008849541183835132
0.22469918680668396 0.008849541183835132
0.22469918680668396 0.008849541183835132
0.22469918680668396 0.008849541183835132
0.22469918680668396 0.008849541183835132
0.22469918680668396 0.008849541183835132
0.22469918680668396 0.008849541183835132
0.22469918680668396 0.008849541183835132
0.22469918680668396 0.008849541183835132
0.22469918680668396 0.008849541183835132
0.22469918680668396 0.008849541183835132
0.22469918680668396 0.008849541183835132
0.22469918680668396 0.008849541183835132
0.22469918680668396 0.008849541183835132
0.22469918680668396 0.008849541183835132
0.22469918680668396 0.008849541183835132
0.22469918680668396 0.008849541183835132
0.22469918680668396 0.008849541183835132
0.22469918680668396 0.008849541183835132
0.22469918680668396 0.008849541183835132
0.2548326033722493 0.008849606620577927
0.2548326033722493 0.008849606620577927
0.2548326033722493 0.008849606620577927
0.2548326033722493 0.008849606620577927
0.2548326033722493 0.008849606620577927
0.2548326033722493 0.008849606620577927
0.2548326033722493 0.008849606620577927
0.2548326033722493 0.008849606620577927
0.2548326033722493 0.008849606620577927
0.2548326033722493 0.008849606620577927
0.2548326033722493 0.008849606620577927
0.2548326033722493 0.008849606620577927
0.2548326033722493 0.008849606620577927
0.2548326033722493 0.008849606620577927
0.2548326033722493 0.008849606620577927
0.2548326033722493 0.008849606620577927
0.2548326033722493 0.008849606620577927
0.2548326033722493 0.008849606620577927
0.2548326033722493 0.008849606620577927
0.2548326033722493 0.008849606620577927
0.2548326033722493 0.008849606620577927
0.2548326033722493 0.008849606620577927
0.2548326033722493 0.008849606620577927
0.2548326033722493 0.008849606620577927
0.2548326033722493 0.008849606620577927
0.2548326033722493 0.008849606620577927
0.2548326033722493 0.008849606620577927
0.2548326033722493 0.008849606620577927
0.2548326033722493 0.008849606620577927
0.2548326033722493 0.008849606620577927
0.014529812621529477 0.008849479645668812
0.014529812621529477 0.008849479645668812
0.014529812621529477 0.008849479645668812
0.014529812621529477 0.008849479645668812
0.014529812621529477 0.008849479645668812
0.014529812621529477 0.008849479645668812
0.014529812621529477 0.008849479645668812
0.014529812621529477 0.008849479645668812
0.09954621946580945 0.00884958670103418
0.09954621946580945 0.00884958670103418
0.09954621946580945 0.00884958670103418
0.09954621946580945 0.00884958670103418
0.09954621946580945 0.00884958670103418
0.09954621946580945 0.00884958670103418
0.09954621946580945 0.00884958670103418
0.09954621946580945 0.00884958670103418
0.15501000173386661 0.008849538233935094
0.15501000173386661 0.008849538233935094
0.15501000173386661 0.008849538233935094
0.15501000173386661 0.008849538233935094
0.15501000173386661 0.008849538233935094
0.15501000173386661 0.008849538233935094
0.15501000173386661 0.008849538233935094
0.15501000173386661 0.008849538233935094
0.15501000173386661 0.008849538233935094
0.15501000173386661 0.008849538233935094
0.15501000173386661 0.008849538233935094
0.15501000173386661 0.008849538233935094
0.12161729814782135 0.008849545392742951
0.12161729814782135 0.008849545392742951
0.12161729814782135 0.008849545392742951
0.12161729814782135 0.008849545392742951
0.12161729814782135 0.008849545392742951
0.12161729814782135 0.008849545392742951
0.12161729814782135 0.008849545392742951
0.12161729814782135 0.008849545392742951
0.12161729814782135 0.008849545392742951
0.12161729814782135 0.008849545392742951
0.12161729814782135 0.008849545392742951
0.12161729814782135 0.008849545392742951
0.09947595311448147 0.008849588933322366
0.09947595311448147 0.008849588933322366
0.09947595311448147 0.008849588933322366
0.09947595311448147 0.008849588933322366
0.09947595311448147 0.008849588933322366
0.09947595311448147 0.008849588933322366
0.09947595311448147 0.008849588933322366
0.09947595311448147 0.008849588933322366
0.24337826999338513 0.00884958670103418
0.24337826999338513 0.00884958670103418
0.24337826999338513 0.00884958670103418
0.24337826999338513 0.00884958670103418
0.24337826999338513 0.00884958670103418
0.24337826999338513 0.00884958670103418
0.24337826999338513 0.00884958670103418
0.24337826999338513 0.00884958670103418
0.24337826999338513 0.00884958670103418
0.24337826999338513 0.00884958670103418
0.24337826999338513 0.00884958670103418
0.24337826999338513 0.00884958670103418
0.24337826999338513 0.00884958670103418
0.24337826999338513 0.00884958670103418
0.24337826999338513 0.00884958670103418
0.24337826999338513 0.00884958670103418
0.24337826999338513 0.00884958670103418
0.24337826999338513 0.00884958670103418
0.24337826999338513 0.00884958670103418
0.24337826999338513 0.00884958670103418
0.24337826999338513 0.00884958670103418
0.24337826999338513 0.00884958670103418
0.24337826999338513 0.00884958670103418
0.24337826999338513 0.00884958670103418
0.24337826999338513 0.00884958670103418
0.24337826999338513 0.00884958670103418
0.24337826999338513 0.00884958670103418
0.24337826999338513 0.00884958670103418
0.24337826999338513 0.00884958670103418
0.24337826999338513 0.00884958670103418
0.00037902281028185514 0.008849410980134175
0.00037902281028185514 0.008849410980134175
0.00037902281028185514 0.008849410980134175
0.00037902281028185514 0.008849410980134175
0.00037902281028185514 0.008849410980134175
0.00037902281028185514 0.008849410980134175
0.00037902281028185514 0.008849410980134175
0.00037902281028185514 0.008849410980134175
0.00037902281028185514 0.008849410980134175
0.00037902281028185514 0.008849410980134175
0.00037902281028185514 0.008849410980134175
0.00037902281028185514 0.008849410980134175
0.2385337132340684 0.008849588933322366
0.2385337132340684 0.008849588933322366
0.2385337132340684 0.008849588933322366
0.2385337132340684 0.008849588933322366
0.2385337132340684 0.008849588933322366
0.2385337132340684 0.008849588933322366
0.2385337132340684 0.008849588933322366
0.2385337132340684 0.008849588933322366
0.2385337132340684 0.008849588933322366
0.2385337132340684 0.008849588933322366
0.2385337132340684 0.008849588933322366
0.2385337132340684 0.008849588933322366
0.2385337132340684 0.008849588933322366
0.2385337132340684 0.008849588933322366
0.2385337132340684 0.008849588933322366
0.2385337132340684 0.008849588933322366
0.2385337132340684 0.008849588933322366
0.2385337132340684 0.008849588933322366
0.2385337132340684 0.008849588933322366
0.2385337132340684 0.008849588933322366
0.2385337132340684 0.008849588933322366
0.2385337132340684 0.008849588933322366
0.2385337132340684 0.008849588933322366
0.2385337132340684 0.008849588933322366
0.2385337132340684 0.008849588933322366
0.2385337132340684 0.008849588933322366
0.2385337132340684 0.008849588933322366
0.2385337132340684 0.008849588933322366
0.2385337132340684 0.008849588933322366
0.2385337132340684 0.008849588933322366
6.109784269627223e-07 0.008849715273780518
6.109784269627223e-07 0.008849715273780518
6.109784269627223e-07 0.008849715273780518
6.109784269627223e-07 0.008849715273780518
6.109784269627223e-07 0.008849715273780518
6.109784269627223e-07 0.008849715273780518
6.109784269627223e-07 0.008849715273780518
6.109784269627223e-07 0.008849715273780518
6.109784269627223e-07 0.008849715273780518
6.109784269627223e-07 0.008849715273780518
6.109784269627223e-07 0.008849715273780518
6.109784269627223e-07 0.008849715273780518
0.25784385798178067 0.008849586456921943
0.25784385798178067 0.008849586456921943
0.25784385798178067 0.008849586456921943
0.25784385798178067 0.008849586456921943
0.25784385798178067 0.008849586456921943
0.25784385798178067 0.008849586456921943
0.25784385798178067 0.008849586456921943
0.25784385798178067 0.008849586456921943
0.25784385798178067 0.008849586456921943
0.25784385798178067 0.008849586456921943
0.25784385798178067 0.008849586456921943
0.25784385798178067 0.008849586456921943
0.25784385798178067 0.008849586456921943
0.25784385798178067 0.008849586456921943
0.25784385798178067 0.008849586456921943
0.25784385798178067 0.008849586456921943
0.25784385798178067 0.008849586456921943
0.25784385798178067 0.008849586456921943
0.25784385798178067 0.008849586456921943
0.25784385798178067 0.008849586456921943
0.25784385798178067 0.008849586456921943
0.25784385798178067 0.008849586456921943
0.25784385798178067 0.008849586456921943
0.25784385798178067 0.008849586456921943
0.25784385798178067 0.008849586456921943
0.25784385798178067 0.008849586456921943
0.25784385798178067 0.008849586456921943
0.25784385798178067 0.008849586456921943
0.25784385798178067 0.008849586456921943
0.25784385798178067 0.008849586456921943
0.11065530141484102 0.008849550015332434
0.11065530141484102 0.008849550015332434
0.11065530141484102 0.008849550015332434
0.11065530141484102 0.008849550015332434
0.11065530141484102 0.008849550015332434
0.11065530141484102 0.008849550015332434
0.11065530141484102 0.008849550015332434
0.11065530141484102 0.008849550015332434
0.11065530141484102 0.008849550015332434
0.11065530141484102 0.008849550015332434
0.11065530141484102 0.008849550015332434
0.11065530141484102 0.008849550015332434
0.11065530141484102 0.008849550015332434
0.11065530141484102 0.008849550015332434
0.11065530141484102 0.008849550015332434
0.11065530141484102 0.008849550015332434
0.15850781773647635 0.008849574782539582
0.15850781773647635 0.008849574782539582
0.15850781773647635 0.008849574782539582
0.15850781773647635 0.008849574782539582
0.15850781773647635 0.008849574782539582
0.15850781773647635 0.008849574782539582
0.15850781773647635 0.008849574782539582
0.15850781773647635 0.008849574782539582
0.15850781773647635 0.008849574782539582
0.15850781773647635 0.008849574782539582
0.15850781773647635 0.008849574782539582
0.15850781773647635 0.008849574782539582
0.11751434928438449 0.0088495053213531
0.11751434928438449 0.0088495053213531
0.11751434928438449 0.0088495053213531
0.11751434928438449 0.0088495053213531
0.11751434928438449 0.0088495053213531
0.11751434928438449 0.0088495053213531
0.11751434928438449 0.0088495053213531
0.11751434928438449 0.0088495053213531
0.14556447308703335 0.008849586456921943
0.14556447308703335 0.008849586456921943
0.14556447308703335 0.008849586456921943
0.14556447308703335 0.008849586456921943
0.14556447308703335 0.008849586456921943
0.14556447308703335 0.008849586456921943
0.14556447308703335 0.008849586456921943
0.14556447308703335 0.008849586456921943
0.14556447308703335 0.008849586456921943
0.14556447308703335 0.008849586456921943
0.14556447308703335 0.008849586456921943
0.14556447308703335 0.008849586456921943
0.02991944845634144 0.00884956603829872
0.02991944845634144 0.00884956603829872
0.02991944845634144 0.00884956603829872
0.02991944845634144 0.00884956603829872
0.02991944845634144 0.00884956603829872
0.02991944845634144 0.00884956603829872
0.02991944845634144 0.00884956603829872
0.02991944845634144 0.00884956603829872
0.02991944845634144 0.00884956603829872
0.02991944845634144 0.00884956603829872
0.02991944845634144 0.00884956603829872
0.02991944845634144 0.00884956603829872
0.13412346207954817 0.008849512100504312
0.13412346207954817 0.008849512100504312
0.13412346207954817 0.008849512100504312
0.13412346207954817 0.008849512100504312
0.13412346207954817 0.008849512100504312
0.13412346207954817 0.008849512100504312
0.13412346207954817 0.008849512100504312
0.13412346207954817 0.008849512100504312
0.13412346207954817 0.008849512100504312
0.13412346207954817 0.008849512100504312
0.13412346207954817 0.008849512100504312
0.13412346207954817 0.008849512100504312
0.029453656561976002 0.00884958670103418
0.029453656561976002 0.00884958670103418
0.029453656561976002 0.00884958670103418
0.029453656561976002 0.00884958670103418
0.029453656561976002 0.00884958670103418
0.029453656561976002 0.00884958670103418
0.029453656561976002 0.00884958670103418
0.029453656561976002 0.00884958670103418
0.029453656561976002 0.00884958670103418
0.029453656561976002 0.00884958670103418
0.029453656561976002 0.00884958670103418
0.029453656561976002 0.00884958670103418
0.10976489978037757 0.008849606620577927
0.10976489978037757 0.008849606620577927
0.10976489978037757 0.008849606620577927
0.10976489978037757 0.008849606620577927
0.10976489978037757 0.008849606620577927
0.10976489978037757 0.008849606620577927
0.10976489978037757 0.008849606620577927
0.10976489978037757 0.008849606620577927
0.10976489978037757 0.008849606620577927
0.10976489978037757 0.008849606620577927
0.10976489978037757 0.008849606620577927
0.10976489978037757 0.008849606620577927
0.015933296800435676 0.008849616699388538
0.015933296800435676 0.008849616699388538
0.015933296800435676 0.008849616699388538
0.015933296800435676 0.008849616699388538
0.015933296800435676 0.008849616699388538
0.015933296800435676 0.008849616699388538
0.015933296800435676 0.008849616699388538
0.015933296800435676 0.008849616699388538
0.1312763032719345 0.008849483475275716
0.1312763032719345 0.008849483475275716
0.1312763032719345 0.008849483475275716
0.1312763032719345 0.008849483475275716
0.1312763032719345 0.008849483475275716
0.1312763032719345 0.008849483475275716
0.1312763032719345 0.008849483475275716
0.1312763032719345 0.008849483475275716
0.01815599571373153 0.00884948691372187
0.01815599571373153 0.00884948691372187
0.01815599571373153 0.00884948691372187
0.01815599571373153 0.00884948691372187
0.01815599571373153 0.00884948691372187
0.01815599571373153 0.00884948691372187
0.01815599571373153 0.00884948691372187
0.01815599571373153 0.00884948691372187
0.2876097472276066 0.0088495053213531
0.2876097472276066 0.0088495053213531
0.2876097472276066 0.0088495053213531
0.2876097472276066 0.0088495053213531
0.2876097472276066 0.0088495053213531
0.2876097472276066 0.0088495053213531
0.2876097472276066 0.0088495053213531
0.2876097472276066 0.0088495053213531
0.2876097472276066 0.0088495053213531
0.2876097472276066 0.0088495053213531
0.2876097472276066 0.0088495053213531
0.2876097472276066 0.0088495053213531
0.2876097472276066 0.0088495053213531
0.2876097472276066 0.0088495053213531
0.2876097472276066 0.0088495053213531
0.2876097472276066 0.0088495053213531
0.2876097472276066 0.0088495053213531
0.2876097472276066 0.0088495053213531
0.2876097472276066 0.0088495053213531
0.2876097472276066 0.0088495053213531
0.2876097472276066 0.0088495053213531
0.2876097472276066 0.0088495053213531
0.2876097472276066 0.0088495053213531
0.2876097472276066 0.0088495053213531
0.2876097472276066 0.0088495053213531
0.2876097472276066 0.0088495053213531
0.2876097472276066 0.0088495053213531
0.2876097472276066 0.0088495053213531
0.2876097472276066 0.0088495053213531
0.2876097472276066 0.0088495053213531
0.5743590455820672 0.008849595602184833
0.5743590455820672 0.008849595602184833
0.5743590455820672 0.008849595602184833
0.5743590455820672 0.008849595602184833
0.5743590455820672 0.008849595602184833
0.5743590455820672 0.008849595602184833
0.5743590455820672 0.008849595602184833
0.5743590455820672 0.008849595602184833
0.5743590455820672 0.008849595602184833
0.5743590455820672 0.008849595602184833
0.5743590455820672 0.008849595602184833
0.5743590455820672 0.008849595602184833
0.5743590455820672 0.008849595602184833
0.5743590455820672 0.008849595602184833
0.5743590455820672 0.008849595602184833
0.5743590455820672 0.008849595602184833
0.5743590455820672 0.008849595602184833
0.5743590455820672 0.008849595602184833
0.5743590455820672 0.008849595602184833
0.5743590455820672 0.008849595602184833
0.5743590455820672 0.008849595602184833
0.5743590455820672 0.008849595602184833
0.5743590455820672 0.008849595602184833
0.5743590455820672 0.008849595602184833
0.5743590455820672 0.008849595602184833
0.5743590455820672 0.008849595602184833
0.5743590455820672 0.008849595602184833
0.5743590455820672 0.008849595602184833
0.5743590455820672 0.008849595602184833
0.5743590455820672 0.008849595602184833
0.08209938251279186 0.008849581534626288
0.08209938251279186 0.008849581534626288
0.08209938251279186 0.008849581534626288
0.08209938251279186 0.008849581534626288
0.08209938251279186 0.008849581534626288
0.08209938251279186 0.008849581534626288
0.08209938251279186 0.008849581534626288
0.08209938251279186 0.008849581534626288
0.08209938251279186 0.008849581534626288
0.08209938251279186 0.008849581534626288
0.08209938251279186 0.008849581534626288
0.08209938251279186 0.008849581534626288
0.04493797379841577 0.008849581534626288
0.04493797379841577 0.008849581534626288
0.04493797379841577 0.008849581534626288
0.04493797379841577 0.008849581534626288
0.04493797379841577 0.008849581534626288
0.04493797379841577 0.008849581534626288
0.04493797379841577 0.008849581534626288
0.04493797379841577 0.008849581534626288
0.13340041876461384 0.008849715273780518
0.13340041876461384 0.008849715273780518
0.13340041876461384 0.008849715273780518
0.13340041876461384 0.008849715273780518
0.13340041876461384 0.008849715273780518
0.13340041876461384 0.008849715273780518
0.13340041876461384 0.008849715273780518
0.13340041876461384 0.008849715273780518
0.13340041876461384 0.008849715273780518
0.13340041876461384 0.008849715273780518
0.13340041876461384 0.008849715273780518
0.13340041876461384 0.008849715273780518
0.13340041876461384 0.008849715273780518
0.13340041876461384 0.008849715273780518
0.13340041876461384 0.008849715273780518
0.13340041876461384 0.008849715273780518
0.13340041876461384 0.008849715273780518
0.13340041876461384 0.008849715273780518
0.13340041876461384 0.008849715273780518
0.13340041876461384 0.008849715273780518
0.13340041876461384 0.008849715273780518
0.13340041876461384 0.008849715273780518
0.13340041876461384 0.008849715273780518
0.13340041876461384 0.008849715273780518
0.13340041876461384 0.008849715273780518
0.13340041876461384 0.008849715273780518
0.13340041876461384 0.008849715273780518
0.13340041876461384 0.008849715273780518
0.13340041876461384 0.008849715273780518
0.13340041876461384 0.008849715273780518
0.2876097472276066 0.0088495053213531
0.2876097472276066 0.0088495053213531
0.2876097472276066 0.0088495053213531
0.2876097472276066 0.0088495053213531
0.2876097472276066 0.0088495053213531
0.2876097472276066 0.0088495053213531
0.2876097472276066 0.0088495053213531
0.2876097472276066 0.0088495053213531
0.2876097472276066 0.0088495053213531
0.2876097472276066 0.0088495053213531
0.2876097472276066 0.0088495053213531
0.2876097472276066 0.0088495053213531
0.2876097472276066 0.0088495053213531
0.2876097472276066 0.0088495053213531
0.2876097472276066 0.0088495053213531
0.2876097472276066 0.0088495053213531
0.2876097472276066 0.0088495053213531
0.2876097472276066 0.0088495053213531
0.2876097472276066 0.0088495053213531
0.2876097472276066 0.0088495053213531
0.2876097472276066 0.0088495053213531
0.2876097472276066 0.0088495053213531
0.2876097472276066 0.0088495053213531
0.2876097472276066 0.0088495053213531
0.2876097472276066 0.0088495053213531
0.2876097472276066 0.0088495053213531
0.2876097472276066 0.0088495053213531
0.2876097472276066 0.0088495053213531
0.2876097472276066 0.0088495053213531
0.2876097472276066 0.0088495053213531
0.08254871801493466 0.008849545392742951
0.08254871801493466 0.008849545392742951
0.08254871801493466 0.008849545392742951
0.08254871801493466 0.008849545392742951
0.08254871801493466 0.008849545392742951
0.08254871801493466 0.008849545392742951
0.08254871801493466 0.008849545392742951
0.08254871801493466 0.008849545392742951
0.15578253636294684 0.00884948691372187
0.15578253636294684 0.00884948691372187
0.15578253636294684 0.00884948691372187
0.15578253636294684 0.00884948691372187
0.15578253636294684 0.00884948691372187
0.15578253636294684 0.00884948691372187
0.15578253636294684 0.00884948691372187
0.15578253636294684 0.00884948691372187
0.15578253636294684 0.00884948691372187
0.15578253636294684 0.00884948691372187
0.15578253636294684 0.00884948691372187
0.15578253636294684 0.00884948691372187
0.1066972125550137 0.0088495053213531
0.1066972125550137 0.0088495053213531
0.1066972125550137 0.0088495053213531
0.1066972125550137 0.0088495053213531
0.1066972125550137 0.0088495053213531
0.1066972125550137 0.0088495053213531
0.1066972125550137 0.0088495053213531
0.1066972125550137 0.0088495053213531
0.1066972125550137 0.0088495053213531
0.1066972125550137 0.0088495053213531
0.1066972125550137 0.0088495053213531
0.1066972125550137 0.0088495053213531
0.06193315169119703 0.008849574958741127
0.06193315169119703 0.008849574958741127
0.06193315169119703 0.008849574958741127
0.06193315169119703 0.008849574958741127
0.06193315169119703 0.008849574958741127
0.06193315169119703 0.008849574958741127
0.06193315169119703 0.008849574958741127
0.06193315169119703 0.008849574958741127
0.2343861821924656 0.008849574958741127
0.2343861821924656 0.008849574958741127
0.2343861821924656 0.008849574958741127
0.2343861821924656 0.008849574958741127
0.2343861821924656 0.008849574958741127
0.2343861821924656 0.008849574958741127
0.2343861821924656 0.008849574958741127
0.2343861821924656 0.008849574958741127
0.2343861821924656 0.008849574958741127
0.2343861821924656 0.008849574958741127
0.2343861821924656 0.008849574958741127
0.2343861821924656 0.008849574958741127
0.2343861821924656 0.008849574958741127
0.2343861821924656 0.008849574958741127
0.2343861821924656 0.008849574958741127
0.2343861821924656 0.008849574958741127
0.2343861821924656 0.008849574958741127
0.2343861821924656 0.008849574958741127
0.2343861821924656 0.008849574958741127
0.2343861821924656 0.008849574958741127
0.2343861821924656 0.008849574958741127
0.2343861821924656 0.008849574958741127
0.2343861821924656 0.008849574958741127
0.2343861821924656 0.008849574958741127
0.2343861821924656 0.008849574958741127
0.2343861821924656 0.008849574958741127
0.2343861821924656 0.008849574958741127
0.2343861821924656 0.008849574958741127
0.2343861821924656 0.008849574958741127
0.2343861821924656 0.008849574958741127
0.21951386471761655 0.008849517334661479
0.21951386471761655 0.008849517334661479
0.21951386471761655 0.008849517334661479
0.21951386471761655 0.008849517334661479
0.21951386471761655 0.008849517334661479
0.21951386471761655 0.008849517334661479
0.21951386471761655 0.008849517334661479
0.21951386471761655 0.008849517334661479
0.21951386471761655 0.008849517334661479
0.21951386471761655 0.008849517334661479
0.21951386471761655 0.008849517334661479
0.21951386471761655 0.008849517334661479
0.21951386471761655 0.008849517334661479
0.21951386471761655 0.008849517334661479
0.21951386471761655 0.008849517334661479
0.21951386471761655 0.008849517334661479
0.21951386471761655 0.008849517334661479
0.21951386471761655 0.008849517334661479
0.21951386471761655 0.008849517334661479
0.21951386471761655 0.008849517334661479
0.21951386471761655 0.008849517334661479
0.21951386471761655 0.008849517334661479
0.21951386471761655 0.008849517334661479
0.21951386471761655 0.008849517334661479
0.21951386471761655 0.008849517334661479
0.21951386471761655 0.008849517334661479
0.21951386471761655 0.008849517334661479
0.21951386471761655 0.008849517334661479
0.21951386471761655 0.008849517334661479
0.21951386471761655 0.008849517334661479
0.06193315169119703 0.008849574958741127
0.06193315169119703 0.008849574958741127
0.06193315169119703 0.008849574958741127
0.06193315169119703 0.008849574958741127
0.06193315169119703 0.008849574958741127
0.06193315169119703 0.008849574958741127
0.06193315169119703 0.008849574958741127
0.06193315169119703 0.008849574958741127
0.06193315169119703 0.008849574958741127
0.06193315169119703 0.008849574958741127
0.06193315169119703 0.008849574958741127
0.06193315169119703 0.008849574958741127
0.06193315169119703 0.008849574958741127
0.06193315169119703 0.008849574958741127
0.06193315169119703 0.008849574958741127
0.06193315169119703 0.008849574958741127
0.015933634702219878 0.008849574782539582
0.015933634702219878 0.008849574782539582
0.015933634702219878 0.008849574782539582
0.015933634702219878 0.008849574782539582
0.015933634702219878 0.008849574782539582
0.015933634702219878 0.008849574782539582
0.015933634702219878 0.008849574782539582
0.015933634702219878 0.008849574782539582
0.1315787187505534 0.00884948691372187
0.1315787187505534 0.00884948691372187
0.1315787187505534 0.00884948691372187
0.1315787187505534 0.00884948691372187
0.1315787187505534 0.00884948691372187
0.1315787187505534 0.00884948691372187
0.1315787187505534 0.00884948691372187
0.1315787187505534 0.00884948691372187
0.1315787187505534 0.00884948691372187
0.1315787187505534 0.00884948691372187
0.1315787187505534 0.00884948691372187
0.1315787187505534 0.00884948691372187
0.1315787187505534 0.00884948691372187
0.1315787187505534 0.00884948691372187
0.1315787187505534 0.00884948691372187
0.1315787187505534 0.00884948691372187
0.1315787187505534 0.00884948691372187
0.1315787187505534 0.00884948691372187
0.1315787187505534 0.00884948691372187
0.1315787187505534 0.00884948691372187
0.1315787187505534 0.00884948691372187
0.1315787187505534 0.00884948691372187
0.1315787187505534 0.00884948691372187
0.1315787187505534 0.00884948691372187
0.1315787187505534 0.00884948691372187
0.1315787187505534 0.00884948691372187
0.1315787187505534 0.00884948691372187
0.1315787187505534 0.00884948691372187
0.1315787187505534 0.00884948691372187
0.1315787187505534 0.00884948691372187
0.11998933032041288 0.00884962325102052
0.11998933032041288 0.00884962325102052
0.11998933032041288 0.00884962325102052
0.11998933032041288 0.00884962325102052
0.11998933032041288 0.00884962325102052
0.11998933032041288 0.00884962325102052
0.11998933032041288 0.00884962325102052
0.11998933032041288 0.00884962325102052
0.11998933032041288 0.00884962325102052
0.11998933032041288 0.00884962325102052
0.11998933032041288 0.00884962325102052
0.11998933032041288 0.00884962325102052
0.11998933032041288 0.00884962325102052
0.11998933032041288 0.00884962325102052
0.11998933032041288 0.00884962325102052
0.11998933032041288 0.00884962325102052
0.11998933032041288 0.00884962325102052
0.11998933032041288 0.00884962325102052
0.11998933032041288 0.00884962325102052
0.11998933032041288 0.00884962325102052
0.11998933032041288 0.00884962325102052
0.11998933032041288 0.00884962325102052
0.11998933032041288 0.00884962325102052
0.11998933032041288 0.00884962325102052
0.11998933032041288 0.00884962325102052
0.11998933032041288 0.00884962325102052
0.11998933032041288 0.00884962325102052
0.11998933032041288 0.00884962325102052
0.11998933032041288 0.00884962325102052
0.11998933032041288 0.00884962325102052
0.2739469880867256 0.008849528014775171
0.2739469880867256 0.008849528014775171
0.2739469880867256 0.008849528014775171
0.2739469880867256 0.008849528014775171
0.2739469880867256 0.008849528014775171
0.2739469880867256 0.008849528014775171
0.2739469880867256 0.008849528014775171
0.2739469880867256 0.008849528014775171
0.2739469880867256 0.008849528014775171
0.2739469880867256 0.008849528014775171
0.2739469880867256 0.008849528014775171
0.2739469880867256 0.008849528014775171
0.2739469880867256 0.008849528014775171
0.2739469880867256 0.008849528014775171
0.2739469880867256 0.008849528014775171
0.2739469880867256 0.008849528014775171
0.2739469880867256 0.008849528014775171
0.2739469880867256 0.008849528014775171
0.2739469880867256 0.008849528014775171
0.2739469880867256 0.008849528014775171
0.2739469880867256 0.008849528014775171
0.2739469880867256 0.008849528014775171
0.2739469880867256 0.008849528014775171
0.2739469880867256 0.008849528014775171
0.2739469880867256 0.008849528014775171
0.2739469880867256 0.008849528014775171
0.2739469880867256 0.008849528014775171
0.2739469880867256 0.008849528014775171
0.2739469880867256 0.008849528014775171
0.2739469880867256 0.008849528014775171
0.2733423313914727 0.008849550015332434
0.2733423313914727 0.008849550015332434
0.2733423313914727 0.008849550015332434
0.2733423313914727 0.008849550015332434
0.2733423313914727 0.008849550015332434
0.2733423313914727 0.008849550015332434
0.2733423313914727 0.008849550015332434
0.2733423313914727 0.008849550015332434
0.2733423313914727 0.008849550015332434
0.2733423313914727 0.008849550015332434
0.2733423313914727 0.008849550015332434
0.2733423313914727 0.008849550015332434
0.2733423313914727 0.008849550015332434
0.2733423313914727 0.008849550015332434
0.2733423313914727 0.008849550015332434
0.2733423313914727 0.008849550015332434
0.2733423313914727 0.008849550015332434
0.2733423313914727 0.008849550015332434
0.2733423313914727 0.008849550015332434
0.2733423313914727 0.008849550015332434
0.2733423313914727 0.008849550015332434
0.2733423313914727 0.008849550015332434
0.2733423313914727 0.008849550015332434
0.2733423313914727 0.008849550015332434
0.2733423313914727 0.008849550015332434
0.2733423313914727 0.008849550015332434
0.2733423313914727 0.008849550015332434
0.2733423313914727 0.008849550015332434
0.2733423313914727 0.008849550015332434
0.2733423313914727 0.008849550015332434
0.2733423313914727 0.008849550015332434
0.2733423313914727 0.008849550015332434
0.2733423313914727 0.008849550015332434
0.2733423313914727 0.008849550015332434
0.2733423313914727 0.008849550015332434
0.2733423313914727 0.008849550015332434
0.2733423313914727 0.008849550015332434
0.2733423313914727 0.008849550015332434
0.2733423313914727 0.008849550015332434
0.2733423313914727 0.008849550015332434
0.2733423313914727 0.008849550015332434
0.2733423313914727 0.008849550015332434
0.2733423313914727 0.008849550015332434
0.2733423313914727 0.008849550015332434
0.2733423313914727 0.008849550015332434
0.2733423313914727 0.008849550015332434
0.2733423313914727 0.008849550015332434
0.2733423313914727 0.008849550015332434
0.2733423313914727 0.008849550015332434
0.2733423313914727 0.008849550015332434
0.2733423313914727 0.008849550015332434
0.2733423313914727 0.008849550015332434
0.2733423313914727 0.008849550015332434
0.2733423313914727 0.008849550015332434
0.2733423313914727 0.008849550015332434
0.2733423313914727 0.008849550015332434
0.2733423313914727 0.008849550015332434
0.2733423313914727 0.008849550015332434
0.2733423313914727 0.008849550015332434
0.2733423313914727 0.008849550015332434
0.1033594044311025 0.00884956603829872
0.1033594044311025 0.00884956603829872
0.1033594044311025 0.00884956603829872
0.1033594044311025 0.00884956603829872
0.1033594044311025 0.00884956603829872
0.1033594044311025 0.00884956603829872
0.1033594044311025 0.00884956603829872
0.1033594044311025 0.00884956603829872
0.1033594044311025 0.00884956603829872
0.1033594044311025 0.00884956603829872
0.1033594044311025 0.00884956603829872
0.1033594044311025 0.00884956603829872
0.1033594044311025 0.00884956603829872
0.1033594044311025 0.00884956603829872
0.1033594044311025 0.00884956603829872
0.1033594044311025 0.00884956603829872
0.1033594044311025 0.00884956603829872
0.1033594044311025 0.00884956603829872
0.1033594044311025 0.00884956603829872
0.1033594044311025 0.00884956603829872
0.1033594044311025 0.00884956603829872
0.1033594044311025 0.00884956603829872
0.1033594044311025 0.00884956603829872
0.1033594044311025 0.00884956603829872
0.1033594044311025 0.00884956603829872
0.1033594044311025 0.00884956603829872
0.1033594044311025 0.00884956603829872
0.1033594044311025 0.00884956603829872
0.1033594044311025 0.00884956603829872
0.1033594044311025 0.00884956603829872
0.035087978552763695 0.008849606620577927
0.035087978552763695 0.008849606620577927
0.035087978552763695 0.008849606620577927
0.035087978552763695 0.008849606620577927
0.035087978552763695 0.008849606620577927
0.035087978552763695 0.008849606620577927
0.035087978552763695 0.008849606620577927
0.035087978552763695 0.008849606620577927
0.08560206548077673 0.008849535504315241
0.08560206548077673 0.008849535504315241
0.08560206548077673 0.008849535504315241
0.08560206548077673 0.008849535504315241
0.08560206548077673 0.008849535504315241
0.08560206548077673 0.008849535504315241
0.08560206548077673 0.008849535504315241
0.08560206548077673 0.008849535504315241
0.08560206548077673 0.008849535504315241
0.08560206548077673 0.008849535504315241
0.08560206548077673 0.008849535504315241
0.08560206548077673 0.008849535504315241
0.03877832250638012 0.008849565248845299
0.03877832250638012 0.008849565248845299
0.03877832250638012 0.008849565248845299
0.03877832250638012 0.008849565248845299
0.03877832250638012 0.008849565248845299
0.03877832250638012 0.008849565248845299
0.03877832250638012 0.008849565248845299
0.03877832250638012 0.008849565248845299
0.1305547817225785 0.008849574958741127
0.1305547817225785 0.008849574958741127
0.1305547817225785 0.008849574958741127
0.1305547817225785 0.008849574958741127
0.1305547817225785 0.008849574958741127
0.1305547817225785 0.008849574958741127
0.1305547817225785 0.008849574958741127
0.1305547817225785 0.008849574958741127
0.1305547817225785 0.008849574958741127
0.1305547817225785 0.008849574958741127
0.1305547817225785 0.008849574958741127
0.1305547817225785 0.008849574958741127
0.1305547817225785 0.008849574958741127
0.1305547817225785 0.008849574958741127
0.1305547817225785 0.008849574958741127
0.1305547817225785 0.008849574958741127
0.1305547817225785 0.008849574958741127
0.1305547817225785 0.008849574958741127
0.1305547817225785 0.008849574958741127
0.1305547817225785 0.008849574958741127
0.1305547817225785 0.008849574958741127
0.1305547817225785 0.008849574958741127
0.1305547817225785 0.008849574958741127
0.1305547817225785 0.008849574958741127
0.13755136892423586 0.008849528014775171
0.13755136892423586 0.008849528014775171
0.13755136892423586 0.008849528014775171
0.13755136892423586 0.008849528014775171
0.13755136892423586 0.008849528014775171
0.13755136892423586 0.008849528014775171
0.13755136892423586 0.008849528014775171
0.13755136892423586 0.008849528014775171
0.13755136892423586 0.008849528014775171
0.13755136892423586 0.008849528014775171
0.13755136892423586 0.008849528014775171
0.13755136892423586 0.008849528014775171
0.01557836752885109 0.008849538233935094
0.01557836752885109 0.008849538233935094
0.01557836752885109 0.008849538233935094
0.01557836752885109 0.008849538233935094
0.01557836752885109 0.008849538233935094
0.01557836752885109 0.008849538233935094
0.01557836752885109 0.008849538233935094
0.01557836752885109 0.008849538233935094
0.12025145412620389 0.008849558985047348
0.12025145412620389 0.008849558985047348
0.12025145412620389 0.008849558985047348
0.12025145412620389 0.008849558985047348
0.12025145412620389 0.008849558985047348
0.12025145412620389 0.008849558985047348
0.12025145412620389 0.008849558985047348
0.12025145412620389 0.008849558985047348
0.12025145412620389 0.008849558985047348
0.12025145412620389 0.008849558985047348
0.12025145412620389 0.008849558985047348
0.12025145412620389 0.008849558985047348
0.12025145412620389 0.008849558985047348
0.12025145412620389 0.008849558985047348
0.12025145412620389 0.008849558985047348
0.12025145412620389 0.008849558985047348
0.12025145412620389 0.008849558985047348
0.12025145412620389 0.008849558985047348
0.12025145412620389 0.008849558985047348
0.12025145412620389 0.008849558985047348
0.12025145412620389 0.008849558985047348
0.12025145412620389 0.008849558985047348
0.12025145412620389 0.008849558985047348
0.12025145412620389 0.008849558985047348
0.12025145412620389 0.008849558985047348
0.12025145412620389 0.008849558985047348
0.12025145412620389 0.008849558985047348
0.12025145412620389 0.008849558985047348
0.12025145412620389 0.008849558985047348
0.12025145412620389 0.008849558985047348
0.11614498980646672 0.008849517334661479
0.11614498980646672 0.008849517334661479
0.11614498980646672 0.008849517334661479
0.11614498980646672 0.008849517334661479
0.11614498980646672 0.008849517334661479
0.11614498980646672 0.008849517334661479
0.11614498980646672 0.008849517334661479
0.11614498980646672 0.008849517334661479
0.11614498980646672 0.008849517334661479
0.11614498980646672 0.008849517334661479
0.11614498980646672 0.008849517334661479
0.11614498980646672 0.008849517334661479
0.036875173733297274 0.008849703298878762
0.036875173733297274 0.008849703298878762
0.036875173733297274 0.008849703298878762
0.036875173733297274 0.008849703298878762
0.036875173733297274 0.008849703298878762
0.036875173733297274 0.008849703298878762
0.036875173733297274 0.008849703298878762
0.036875173733297274 0.008849703298878762
0.036875173733297274 0.008849703298878762
0.036875173733297274 0.008849703298878762
0.036875173733297274 0.008849703298878762
0.036875173733297274 0.008849703298878762
0.036875173733297274 0.008849703298878762
0.036875173733297274 0.008849703298878762
0.036875173733297274 0.008849703298878762
0.036875173733297274 0.008849703298878762
0.036875173733297274 0.008849703298878762
0.036875173733297274 0.008849703298878762
0.036875173733297274 0.008849703298878762
0.036875173733297274 0.008849703298878762
0.036875173733297274 0.008849703298878762
0.036875173733297274 0.008849703298878762
0.036875173733297274 0.008849703298878762
0.036875173733297274 0.008849703298878762
0.036875173733297274 0.008849703298878762
0.036875173733297274 0.008849703298878762
0.036875173733297274 0.008849703298878762
0.036875173733297274 0.008849703298878762
0.036875173733297274 0.008849703298878762
0.036875173733297274 0.008849703298878762
0.23294807551578278 0.008849410980134175
0.23294807551578278 0.008849410980134175
0.23294807551578278 0.008849410980134175
0.23294807551578278 0.008849410980134175
0.23294807551578278 0.008849410980134175
0.23294807551578278 0.008849410980134175
0.23294807551578278 0.008849410980134175
0.23294807551578278 0.008849410980134175
0.23294807551578278 0.008849410980134175
0.23294807551578278 0.008849410980134175
0.23294807551578278 0.008849410980134175
0.23294807551578278 0.008849410980134175
0.23294807551578278 0.008849410980134175
0.23294807551578278 0.008849410980134175
0.23294807551578278 0.008849410980134175
0.23294807551578278 0.008849410980134175
0.23294807551578278 0.008849410980134175
0.23294807551578278 0.008849410980134175
0.23294807551578278 0.008849410980134175
0.23294807551578278 0.008849410980134175
0.23294807551578278 0.008849410980134175
0.23294807551578278 0.008849410980134175
0.23294807551578278 0.008849410980134175
0.23294807551578278 0.008849410980134175
0.23294807551578278 0.008849410980134175
0.23294807551578278 0.008849410980134175
0.23294807551578278 0.008849410980134175
0.23294807551578278 0.008849410980134175
0.23294807551578278 0.008849410980134175
0.23294807551578278 0.008849410980134175
0.27483896869530305 0.008849539785349242
0.27483896869530305 0.008849539785349242
0.27483896869530305 0.008849539785349242
0.27483896869530305 0.008849539785349242
0.27483896869530305 0.008849539785349242
0.27483896869530305 0.008849539785349242
0.27483896869530305 0.008849539785349242
0.27483896869530305 0.008849539785349242
0.27483896869530305 0.008849539785349242
0.27483896869530305 0.008849539785349242
0.27483896869530305 0.008849539785349242
0.27483896869530305 0.008849539785349242
0.27483896869530305 0.008849539785349242
0.27483896869530305 0.008849539785349242
0.27483896869530305 0.008849539785349242
0.27483896869530305 0.008849539785349242
0.27483896869530305 0.008849539785349242
0.27483896869530305 0.008849539785349242
0.27483896869530305 0.008849539785349242
0.27483896869530305 0.008849539785349242
0.27483896869530305 0.008849539785349242
0.27483896869530305 0.008849539785349242
0.27483896869530305 0.008849539785349242
0.27483896869530305 0.008849539785349242
0.27483896869530305 0.008849539785349242
0.27483896869530305 0.008849539785349242
0.27483896869530305 0.008849539785349242
0.27483896869530305 0.008849539785349242
0.27483896869530305 0.008849539785349242
0.27483896869530305 0.008849539785349242
0.02507267227187765 0.008849512100504312
0.02507267227187765 0.008849512100504312
0.02507267227187765 0.008849512100504312
0.02507267227187765 0.008849512100504312
0.02507267227187765 0.008849512100504312
0.02507267227187765 0.008849512100504312
0.02507267227187765 0.008849512100504312
0.02507267227187765 0.008849512100504312
0.08111316860902269 0.008849541183835132
0.08111316860902269 0.008849541183835132
0.08111316860902269 0.008849541183835132
0.08111316860902269 0.008849541183835132
0.08111316860902269 0.008849541183835132
0.08111316860902269 0.008849541183835132
0.08111316860902269 0.008849541183835132
0.08111316860902269 0.008849541183835132
0.01521948072744801 0.008849558985047348
0.01521948072744801 0.008849558985047348
0.01521948072744801 0.008849558985047348
0.01521948072744801 0.008849558985047348
0.01521948072744801 0.008849558985047348
0.01521948072744801 0.008849558985047348
0.01521948072744801 0.008849558985047348
0.01521948072744801 0.008849558985047348
0.1305547817225785 0.008849574958741127
0.1305547817225785 0.008849574958741127
0.1305547817225785 0.008849574958741127
0.1305547817225785 0.008849574958741127
0.1305547817225785 0.008849574958741127
0.1305547817225785 0.008849574958741127
0.1305547817225785 0.008849574958741127
0.1305547817225785 0.008849574958741127
0.1305547817225785 0.008849574958741127
0.1305547817225785 0.008849574958741127
0.1305547817225785 0.008849574958741127
0.1305547817225785 0.008849574958741127
0.27715326927843903 0.008849581534626288
0.27715326927843903 0.008849581534626288
0.27715326927843903 0.008849581534626288
0.27715326927843903 0.008849581534626288
0.27715326927843903 0.008849581534626288
0.27715326927843903 0.008849581534626288
0.27715326927843903 0.008849581534626288
0.27715326927843903 0.008849581534626288
0.27715326927843903 0.008849581534626288
0.27715326927843903 0.008849581534626288
0.27715326927843903 0.008849581534626288
0.27715326927843903 0.008849581534626288
0.27715326927843903 0.008849581534626288
0.27715326927843903 0.008849581534626288
0.27715326927843903 0.008849581534626288
0.27715326927843903 0.008849581534626288
0.27715326927843903 0.008849581534626288
0.27715326927843903 0.008849581534626288
0.27715326927843903 0.008849581534626288
0.27715326927843903 0.008849581534626288
0.27715326927843903 0.008849581534626288
0.27715326927843903 0.008849581534626288
0.27715326927843903 0.008849581534626288
0.27715326927843903 0.008849581534626288
0.27715326927843903 0.008849581534626288
0.27715326927843903 0.008849581534626288
0.27715326927843903 0.008849581534626288
0.27715326927843903 0.008849581534626288
0.27715326927843903 0.008849581534626288
0.27715326927843903 0.008849581534626288
0.03886557143916636 0.008849483475275716
0.03886557143916636 0.008849483475275716
0.03886557143916636 0.008849483475275716
0.03886557143916636 0.008849483475275716
0.03886557143916636 0.008849483475275716
0.03886557143916636 0.008849483475275716
0.03886557143916636 0.008849483475275716
0.03886557143916636 0.008849483475275716
0.03886557143916636 0.008849483475275716
0.03886557143916636 0.008849483475275716
0.03886557143916636 0.008849483475275716
0.03886557143916636 0.008849483475275716
0.12308707384991698 0.008849538233935094
0.12308707384991698 0.008849538233935094
0.12308707384991698 0.008849538233935094
0.12308707384991698 0.008849538233935094
0.12308707384991698 0.008849538233935094
0.12308707384991698 0.008849538233935094
0.12308707384991698 0.008849538233935094
0.12308707384991698 0.008849538233935094
0.12308707384991698 0.008849538233935094
0.12308707384991698 0.008849538233935094
0.12308707384991698 0.008849538233935094
0.12308707384991698 0.008849538233935094
0.12308707384991698 0.008849538233935094
0.12308707384991698 0.008849538233935094
0.12308707384991698 0.008849538233935094
0.12308707384991698 0.008849538233935094
0.12308707384991698 0.008849538233935094
0.12308707384991698 0.008849538233935094
0.12308707384991698 0.008849538233935094
0.12308707384991698 0.008849538233935094
0.12308707384991698 0.008849538233935094
0.12308707384991698 0.008849538233935094
0.12308707384991698 0.008849538233935094
0.12308707384991698 0.008849538233935094
0.12308707384991698 0.008849538233935094
0.12308707384991698 0.008849538233935094
0.12308707384991698 0.008849538233935094
0.12308707384991698 0.008849538233935094
0.12308707384991698 0.008849538233935094
0.12308707384991698 0.008849538233935094
0.02767590905387069 0.00884956603829872
0.02767590905387069 0.00884956603829872
0.02767590905387069 0.00884956603829872
0.02767590905387069 0.00884956603829872
0.02767590905387069 0.00884956603829872
0.02767590905387069 0.00884956603829872
0.02767590905387069 0.00884956603829872
0.02767590905387069 0.00884956603829872
0.20774727658956743 0.008849545392742951
0.20774727658956743 0.008849545392742951
0.20774727658956743 0.008849545392742951
0.20774727658956743 0.008849545392742951
0.20774727658956743 0.008849545392742951
0.20774727658956743 0.008849545392742951
0.20774727658956743 0.008849545392742951
0.20774727658956743 0.008849545392742951
0.20774727658956743 0.008849545392742951
0.20774727658956743 0.008849545392742951
0.20774727658956743 0.008849545392742951
0.20774727658956743 0.008849545392742951
0.20774727658956743 0.008849545392742951
0.20774727658956743 0.008849545392742951
0.20774727658956743 0.008849545392742951
0.20774727658956743 0.008849545392742951
0.20774727658956743 0.008849545392742951
0.20774727658956743 0.008849545392742951
0.20774727658956743 0.008849545392742951
0.20774727658956743 0.008849545392742951
0.20774727658956743 0.008849545392742951
0.20774727658956743 0.008849545392742951
0.20774727658956743 0.008849545392742951
0.20774727658956743 0.008849545392742951
0.20774727658956743 0.008849545392742951
0.20774727658956743 0.008849545392742951
0.20774727658956743 0.008849545392742951
0.20774727658956743 0.008849545392742951
0.20774727658956743 0.008849545392742951
0.20774727658956743 0.008849545392742951
0.08755637416314786 0.008849539785349242
0.08755637416314786 0.008849539785349242
0.08755637416314786 0.008849539785349242
0.08755637416314786 0.008849539785349242
0.08755637416314786 0.008849539785349242
0.08755637416314786 0.008849539785349242
0.08755637416314786 0.008849539785349242
0.08755637416314786 0.008849539785349242
0.08755637416314786 0.008849539785349242
0.08755637416314786 0.008849539785349242
0.08755637416314786 0.008849539785349242
0.08755637416314786 0.008849539785349242
0.3309504308947357 0.00884956794585045
0.3309504308947357 0.00884956794585045
0.3309504308947357 0.00884956794585045
0.3309504308947357 0.00884956794585045
0.3309504308947357 0.00884956794585045
0.3309504308947357 0.00884956794585045
0.3309504308947357 0.00884956794585045
0.3309504308947357 0.00884956794585045
0.3309504308947357 0.00884956794585045
0.3309504308947357 0.00884956794585045
0.3309504308947357 0.00884956794585045
0.3309504308947357 0.00884956794585045
0.3309504308947357 0.00884956794585045
0.3309504308947357 0.00884956794585045
0.3309504308947357 0.00884956794585045
0.3309504308947357 0.00884956794585045
0.3309504308947357 0.00884956794585045
0.3309504308947357 0.00884956794585045
0.3309504308947357 0.00884956794585045
0.3309504308947357 0.00884956794585045
0.3309504308947357 0.00884956794585045
0.3309504308947357 0.00884956794585045
0.3309504308947357 0.00884956794585045
0.3309504308947357 0.00884956794585045
0.3309504308947357 0.00884956794585045
0.3309504308947357 0.00884956794585045
0.3309504308947357 0.00884956794585045
0.3309504308947357 0.00884956794585045
0.3309504308947357 0.00884956794585045
0.3309504308947357 0.00884956794585045
0.2343861821924656 0.008849574958741127
0.2343861821924656 0.008849574958741127
0.2343861821924656 0.008849574958741127
0.2343861821924656 0.008849574958741127
0.2343861821924656 0.008849574958741127
0.2343861821924656 0.008849574958741127
0.2343861821924656 0.008849574958741127
0.2343861821924656 0.008849574958741127
0.2343861821924656 0.008849574958741127
0.2343861821924656 0.008849574958741127
0.2343861821924656 0.008849574958741127
0.2343861821924656 0.008849574958741127
0.2343861821924656 0.008849574958741127
0.2343861821924656 0.008849574958741127
0.2343861821924656 0.008849574958741127
0.2343861821924656 0.008849574958741127
0.2343861821924656 0.008849574958741127
0.2343861821924656 0.008849574958741127
0.2343861821924656 0.008849574958741127
0.2343861821924656 0.008849574958741127
0.2343861821924656 0.008849574958741127
0.2343861821924656 0.008849574958741127
0.2343861821924656 0.008849574958741127
0.2343861821924656 0.008849574958741127
0.2343861821924656 0.008849574958741127
0.2343861821924656 0.008849574958741127
0.2343861821924656 0.008849574958741127
0.2343861821924656 0.008849574958741127
0.2343861821924656 0.008849574958741127
0.2343861821924656 0.008849574958741127
0.2343861821924656 0.008849574958741127
0.2343861821924656 0.008849574958741127
0.2343861821924656 0.008849574958741127
0.2343861821924656 0.008849574958741127
0.2343861821924656 0.008849574958741127
0.2343861821924656 0.008849574958741127
0.2343861821924656 0.008849574958741127
0.2343861821924656 0.008849574958741127
0.2343861821924656 0.008849574958741127
0.2343861821924656 0.008849574958741127
0.2343861821924656 0.008849574958741127
0.2343861821924656 0.008849574958741127
0.2343861821924656 0.008849574958741127
0.2343861821924656 0.008849574958741127
0.2343861821924656 0.008849574958741127
0.2343861821924656 0.008849574958741127
0.2343861821924656 0.008849574958741127
0.2343861821924656 0.008849574958741127
0.2343861821924656 0.008849574958741127
0.2343861821924656 0.008849574958741127
0.2343861821924656 0.008849574958741127
0.2343861821924656 0.008849574958741127
0.2343861821924656 0.008849574958741127
0.2343861821924656 0.008849574958741127
0.2343861821924656 0.008849574958741127
0.2343861821924656 0.008849574958741127
0.2343861821924656 0.008849574958741127
0.2343861821924656 0.008849574958741127
0.2343861821924656 0.008849574958741127
0.2343861821924656 0.008849574958741127
0.24835816878038203 0.008849535504315241
0.24835816878038203 0.008849535504315241
0.24835816878038203 0.008849535504315241
0.24835816878038203 0.008849535504315241
0.24835816878038203 0.008849535504315241
0.24835816878038203 0.008849535504315241
0.24835816878038203 0.008849535504315241
0.24835816878038203 0.008849535504315241
0.24835816878038203 0.008849535504315241
0.24835816878038203 0.008849535504315241
0.24835816878038203 0.008849535504315241
0.24835816878038203 0.008849535504315241
0.24835816878038203 0.008849535504315241
0.24835816878038203 0.008849535504315241
0.24835816878038203 0.008849535504315241
0.24835816878038203 0.008849535504315241
0.24835816878038203 0.008849535504315241
0.24835816878038203 0.008849535504315241
0.24835816878038203 0.008849535504315241
0.24835816878038203 0.008849535504315241
0.24835816878038203 0.008849535504315241
0.24835816878038203 0.008849535504315241
0.24835816878038203 0.008849535504315241
0.24835816878038203 0.008849535504315241
0.24835816878038203 0.008849535504315241
0.24835816878038203 0.008849535504315241
0.24835816878038203 0.008849535504315241
0.24835816878038203 0.008849535504315241
0.24835816878038203 0.008849535504315241
0.24835816878038203 0.008849535504315241
0.015186305343088376 0.00884962325102052
0.015186305343088376 0.00884962325102052
0.015186305343088376 0.00884962325102052
0.015186305343088376 0.00884962325102052
0.015186305343088376 0.00884962325102052
0.015186305343088376 0.00884962325102052
0.015186305343088376 0.00884962325102052
0.015186305343088376 0.00884962325102052
0.11518897315122086 0.008849479645668812
0.11518897315122086 0.008849479645668812
0.11518897315122086 0.008849479645668812
0.11518897315122086 0.008849479645668812
0.11518897315122086 0.008849479645668812
0.11518897315122086 0.008849479645668812
0.11518897315122086 0.008849479645668812
0.11518897315122086 0.008849479645668812
0.11518897315122086 0.008849479645668812
0.11518897315122086 0.008849479645668812
0.11518897315122086 0.008849479645668812
0.11518897315122086 0.008849479645668812
0.11518897315122086 0.008849479645668812
0.11518897315122086 0.008849479645668812
0.11518897315122086 0.008849479645668812
0.11518897315122086 0.008849479645668812
0.11518897315122086 0.008849479645668812
0.11518897315122086 0.008849479645668812
0.11518897315122086 0.008849479645668812
0.11518897315122086 0.008849479645668812
0.11518897315122086 0.008849479645668812
0.11518897315122086 0.008849479645668812
0.11518897315122086 0.008849479645668812
0.11518897315122086 0.008849479645668812
0.11518897315122086 0.008849479645668812
0.11518897315122086 0.008849479645668812
0.11518897315122086 0.008849479645668812
0.11518897315122086 0.008849479645668812
0.11518897315122086 0.008849479645668812
0.11518897315122086 0.008849479645668812
0.0031798537070399794 0.008849410980134175
0.0031798537070399794 0.008849410980134175
0.0031798537070399794 0.008849410980134175
0.0031798537070399794 0.008849410980134175
0.0031798537070399794 0.008849410980134175
0.0031798537070399794 0.008849410980134175
0.0031798537070399794 0.008849410980134175
0.0031798537070399794 0.008849410980134175
0.06347405016357435 0.008849703298878762
0.06347405016357435 0.008849703298878762
0.06347405016357435 0.008849703298878762
0.06347405016357435 0.008849703298878762
0.06347405016357435 0.008849703298878762
0.06347405016357435 0.008849703298878762
0.06347405016357435 0.008849703298878762
0.06347405016357435 0.008849703298878762
0.06347405016357435 0.008849703298878762
0.06347405016357435 0.008849703298878762
0.06347405016357435 0.008849703298878762
0.06347405016357435 0.008849703298878762
0.15787679564938595 0.00884953868044371
0.15787679564938595 0.00884953868044371
0.15787679564938595 0.00884953868044371
0.15787679564938595 0.00884953868044371
0.15787679564938595 0.00884953868044371
0.15787679564938595 0.00884953868044371
0.15787679564938595 0.00884953868044371
0.15787679564938595 0.00884953868044371
0.15787679564938595 0.00884953868044371
0.15787679564938595 0.00884953868044371
0.15787679564938595 0.00884953868044371
0.15787679564938595 0.00884953868044371
0.15787679564938595 0.00884953868044371
0.15787679564938595 0.00884953868044371
0.15787679564938595 0.00884953868044371
0.15787679564938595 0.00884953868044371
0.15787679564938595 0.00884953868044371
0.15787679564938595 0.00884953868044371
0.15787679564938595 0.00884953868044371
0.15787679564938595 0.00884953868044371
0.15787679564938595 0.00884953868044371
0.15787679564938595 0.00884953868044371
0.15787679564938595 0.00884953868044371
0.15787679564938595 0.00884953868044371
0.15787679564938595 0.00884953868044371
0.15787679564938595 0.00884953868044371
0.15787679564938595 0.00884953868044371
0.15787679564938595 0.00884953868044371
0.15787679564938595 0.00884953868044371
0.15787679564938595 0.00884953868044371
0.07962782311032537 0.008849539785349242
0.07962782311032537 0.008849539785349242
0.07962782311032537 0.008849539785349242
0.07962782311032537 0.008849539785349242
0.07962782311032537 0.008849539785349242
0.07962782311032537 0.008849539785349242
0.07962782311032537 0.008849539785349242
0.07962782311032537 0.008849539785349242
0.04161376541057061 0.008849586456921943
0.04161376541057061 0.008849586456921943
0.04161376541057061 0.008849586456921943
0.04161376541057061 0.008849586456921943
0.04161376541057061 0.008849586456921943
0.04161376541057061 0.008849586456921943
0.04161376541057061 0.008849586456921943
0.04161376541057061 0.008849586456921943
0.12586454583114967 0.008849574782539582
0.12586454583114967 0.008849574782539582
0.12586454583114967 0.008849574782539582
0.12586454583114967 0.008849574782539582
0.12586454583114967 0.008849574782539582
0.12586454583114967 0.008849574782539582
0.12586454583114967 0.008849574782539582
0.12586454583114967 0.008849574782539582
0.12586454583114967 0.008849574782539582
0.12586454583114967 0.008849574782539582
0.12586454583114967 0.008849574782539582
0.12586454583114967 0.008849574782539582
0.12586454583114967 0.008849574782539582
0.12586454583114967 0.008849574782539582
0.12586454583114967 0.008849574782539582
0.12586454583114967 0.008849574782539582
0.12586454583114967 0.008849574782539582
0.12586454583114967 0.008849574782539582
0.12586454583114967 0.008849574782539582
0.12586454583114967 0.008849574782539582
0.12586454583114967 0.008849574782539582
0.12586454583114967 0.008849574782539582
0.12586454583114967 0.008849574782539582
0.12586454583114967 0.008849574782539582
0.12586454583114967 0.008849574782539582
0.12586454583114967 0.008849574782539582
0.12586454583114967 0.008849574782539582
0.12586454583114967 0.008849574782539582
0.12586454583114967 0.008849574782539582
0.12586454583114967 0.008849574782539582
0.12261690818089939 0.008849565248845299
0.12261690818089939 0.008849565248845299
0.12261690818089939 0.008849565248845299
0.12261690818089939 0.008849565248845299
0.12261690818089939 0.008849565248845299
0.12261690818089939 0.008849565248845299
0.12261690818089939 0.008849565248845299
0.12261690818089939 0.008849565248845299
0.12261690818089939 0.008849565248845299
0.12261690818089939 0.008849565248845299
0.12261690818089939 0.008849565248845299
0.12261690818089939 0.008849565248845299
0.06944152835350893 0.008849535504315241
0.06944152835350893 0.008849535504315241
0.06944152835350893 0.008849535504315241
0.06944152835350893 0.008849535504315241
0.06944152835350893 0.008849535504315241
0.06944152835350893 0.008849535504315241
0.06944152835350893 0.008849535504315241
0.06944152835350893 0.008849535504315241