4.453298244163401e-07 2.3920043359520884e-07
3.64899255957029e-07 2.39924180722705e-07
3.0464493399810943e-07 2.4008240245406974e-07
2.01700493736429e-06 2.407738426853351e-07
3.832302313250098e-07 2.402703197005372e-07
3.8085632911079065e-07 2.4004662857750794e-07
3.355718461781017e-07 2.399206734875207e-07
3.355718461781017e-07 2.399206734875207e-07
2.01700493736429e-06 2.407738426853351e-07
3.723364128854445e-07 2.3991987396910793e-07
3.723364128854445e-07 2.3991987396910793e-07
4.166644196874191e-07 2.399199827687968e-07
4.166644196874191e-07 2.399199827687968e-07
4.166644196874191e-07 2.399203038310718e-07
4.166644196874191e-07 2.399203038310718e-07
4.516233314252798e-07 2.40982681716162e-07
4.516233314252798e-07 2.40982681716162e-07
4.516233314252798e-07 2.40982681716162e-07
4.166644196874191e-07 2.399203038310718e-07
4.166644196874191e-07 2.399203038310718e-07
3.2952467816296393e-07 2.399201463839096e-07
3.2952467816296393e-07 2.399201463839096e-07
3.2331339911860044e-07 2.399204808595713e-07
3.2331339911860044e-07 2.399204808595713e-07
1.0608347826327104e-06 2.405484103483387e-07
2.8943283795921096e-07 2.399203867876947e-07
2.8943283795921096e-07 2.399203867876947e-07
3.8633748210732064e-07 2.3992036781446697e-07
3.8633748210732064e-07 2.3992036781446697e-07
4.480338642071894e-07 2.399204658196227e-07
4.480338642071894e-07 2.399204658196227e-07
4.480338642071894e-07 2.399204658196227e-07
4.480338642071894e-07 2.399204658196227e-07
4.480338642071894e-07 2.399204658196227e-07
4.480338642071894e-07 2.399204658196227e-07
4.480338642071894e-07 2.399204658196227e-07
4.480338642071894e-07 2.399204658196227e-07
4.480338642071894e-07 2.399204658196227e-07
4.480338642071894e-07 2.399204658196227e-07
4.480338642071894e-07 2.399204658196227e-07
4.480338642071894e-07 2.399204658196227e-07
4.480338642071894e-07 2.399204658196227e-07
4.480338642071894e-07 2.399204658196227e-07
4.480338642071894e-07 2.399204658196227e-07
4.480338642071894e-07 2.399204658196227e-07
4.480338642071894e-07 2.399204658196227e-07
4.480338642071894e-07 2.399204658196227e-07
4.480338642071894e-07 2.399204658196227e-07
4.480338642071894e-07 2.399204658196227e-07
8.736843011247662e-07 2.4040020177132366e-07
4.556691992467926e-07 2.398103190818811e-07
3.011220135300231e-07 2.399207023242192e-07
3.011220135300231e-07 2.399207023242192e-07
3.0279293257271515e-07 2.4012228246291746e-07
3.573521396201391e-07 2.3957504179087137e-07
3.1305074875067377e-07 2.399197832339268e-07
3.1305074875067377e-07 2.399197832339268e-07
1.0382824851877878e-06 2.410694340699102e-07
1.5865572257376944e-07 2.413612931404348e-07
1.5865572257376944e-07 2.3920928865003436e-07
9.414378711454879e-07 2.4040075120086347e-07
3.666119798348891e-07 2.380427234616768e-07
3.1030342454927757e-07 2.412972138215044e-07
3.568786587710004e-07 2.39921079346164e-07
3.568786587710004e-07 2.39921079346164e-07
3.076164458562888e-07 2.3935721850990585e-07
2.9704024322333114e-07 2.4002133490043316e-07
3.723364128854445e-07 2.3991987396910793e-07
3.723364128854445e-07 2.3991987396910793e-07
3.371775543471704e-07 2.399204390311278e-07
3.371775543471704e-07 2.399204390311278e-07
3.0098938767812584e-07 2.3992016668935963e-07
3.0098938767812584e-07 2.3992016668935963e-07
3.0262309745012284e-07 2.403613567079337e-07
3.6950218664205924e-07 2.3992012529265033e-07
3.6950218664205924e-07 2.3992012529265033e-07
2.611308600916449e-07 2.399713886912691e-07
4.596111374925089e-07 2.40023763225373e-07
1.9378411731500447e-07 2.3810599368312419e-07
3.011220135300231e-07 2.399201455677236e-07
3.011220135300231e-07 2.399201455677236e-07
3.625908725070898e-07 2.3992016442064255e-07
3.625908725070898e-07 2.3992016442064255e-07
3.2850057109652297e-07 2.4025492110384937e-07
3.573521396201391e-07 2.402203496919352e-07
3.010182095352372e-07 2.3992047008947993e-07
3.010182095352372e-07 2.3992047008947993e-07
4.596111374925089e-07 2.40023763225373e-07
5.122566077584758e-07 2.3929646276895425e-07
5.122566077584758e-07 2.3929646276895425e-07
5.122566077584758e-07 2.3929646276895425e-07
3.536292571020931e-07 2.3992041425744366e-07
3.536292571020931e-07 2.3992041425744366e-07
4.556691992467926e-07 2.398103190818811e-07
3.43241318782139e-07 2.399204367015751e-07
3.43241318782139e-07 2.399204367015751e-07
3.83450918574288e-07 2.398744382743954e-07
4.5544206167354267e-07 2.3871216288599456e-07
2.9668864820110416e-07 2.4043365888364825e-07
3.327180375705015e-07 2.3992019615717656e-07
3.327180375705015e-07 2.3992019615717656e-07
3.4092833039879073e-07 2.396506133000372e-07
4.4579609983235966e-07 2.399190498622659e-07
4.4579609983235966e-07 2.399190498622659e-07
4.4579609983235966e-07 2.399190498622659e-07
4.4579609983235966e-07 2.399190498622659e-07
4.4579609983235966e-07 2.399190498622659e-07
4.4579609983235966e-07 2.399190498622659e-07
2.486761434623298e-07 2.399207576216223e-07
2.486761434623298e-07 2.399207576216223e-07
4.187955260923766e-07 2.389776872783574e-07
4.187955260923766e-07 2.389776872783574e-07
4.187955260923766e-07 2.389776872783574e-07
4.187955260923766e-07 2.389776872783574e-07
4.187955260923766e-07 2.389776872783574e-07
4.187955260923766e-07 2.389776872783574e-07
4.187955260923766e-07 2.389776872783574e-07
4.187955260923766e-07 2.389776872783574e-07
4.187955260923766e-07 2.389776872783574e-07
4.187955260923766e-07 2.389776872783574e-07
1.1085261699954522e-06 2.3957338305215723e-07
3.307204414846925e-07 2.399202399773548e-07
3.307204414846925e-07 2.399202399773548e-07
3.307204414846925e-07 2.3992076153638986e-07
3.307204414846925e-07 2.3992076153638986e-07
2.01700493736429e-06 2.407738426853351e-07
2.8309730660525084e-07 2.39920612624552e-07
2.8309730660525084e-07 2.39920612624552e-07
3.3737172166724317e-07 2.3992049755074384e-07
3.3737172166724317e-07 2.3992049755074384e-07
4.556691992467926e-07 2.398103190818811e-07
2.2466556813742488e-07 2.3992068616716925e-07
2.2466556813742488e-07 2.3992068616716925e-07
3.723364128854445e-07 2.3992046728639036e-07
3.723364128854445e-07 2.3992046728639036e-07
3.544845120231009e-07 2.400206440928327e-07
4.649171561556911e-07 2.397215040017671e-07
4.649171561556911e-07 2.397215040017671e-07
4.649171561556911e-07 2.397215040017671e-07
4.649171561556911e-07 2.397215040017671e-07
4.649171561556911e-07 2.397215040017671e-07
4.649171561556911e-07 2.397215040017671e-07
4.649171561556911e-07 2.397215040017671e-07
4.649171561556911e-07 2.397215040017671e-07
4.649171561556911e-07 2.397215040017671e-07
4.649171561556911e-07 2.397215040017671e-07
4.556691992467926e-07 2.4041268018009514e-07
1.6193940330290828e-06 2.3792121572031125e-07
2.8309730660525084e-07 2.39920612624552e-07
2.8309730660525084e-07 2.39920612624552e-07
3.437237325817757e-07 2.405061184571531e-07
4.4567687777325755e-07 2.39189421105959e-07
2.995845284052144e-07 2.407408952428975e-07
4.164750945339858e-07 2.399201841960322e-07
4.164750945339858e-07 2.399201841960322e-07
4.596111374925089e-07 2.398744382743954e-07
3.463117156326989e-07 2.403222014995449e-07
3.4092833039879073e-07 2.403263903744112e-07
3.5057957219118513e-06 2.4631949411887574e-07
3.0098938767812584e-07 2.3992029136387767e-07
3.0098938767812584e-07 2.3992029136387767e-07
1.2380359485837008e-06 2.3950184604932587e-07
4.166644196874191e-07 2.399203038310718e-07
4.166644196874191e-07 2.399203038310718e-07
2.043101561227552e-06 2.4124876678016763e-07
3.0040850186565204e-07 2.399198604715273e-07
3.0040850186565204e-07 2.399198604715273e-07
3.0464493399810943e-07 2.4008240245406974e-07
2.9603987282937703e-07 2.399201248008094e-07
2.9603987282937703e-07 2.399201248008094e-07
2.983979934394199e-07 2.399205394377844e-07
2.983979934394199e-07 2.399205394377844e-07
3.622785114723917e-07 2.3960170273362104e-07
9.905799056025582e-07 2.405494447707989e-07
1.4699867866056443e-06 2.3864839494635495e-07
3.076164458562888e-07 2.39509049079164e-07
8.403947273753004e-07 2.3880534824234837e-07
3.639417307164031e-07 2.39296419603542e-07
1.5865572257376944e-07 2.395733910376053e-07
1.4107523443221168e-07 2.4094423572674214e-07
4.596111374925089e-07 2.388500195701875e-07
3.723364128854445e-07 2.399197047684527e-07
3.723364128854445e-07 2.399197047684527e-07