4.4865582714188295e-05 4.4865582714188295e-05
4.4865582714188295e-05 4.4865582714188295e-05
3.5892466171350634e-05 4.4865582714188295e-05
4.4865582714188295e-05 4.4865582714188295e-05
4.4865582714188295e-05 4.4865582714188295e-05
4.4865582714188295e-05 4.4865582714188295e-05
4.4865582714188295e-05 4.4865582714188295e-05
4.4865582714188295e-05 4.4865582714188295e-05
4.4865582714188295e-05 4.4865582714188295e-05
4.4865582714188295e-05 4.4865582714188295e-05
4.4865582714188295e-05 4.4865582714188295e-05
4.4865582714188295e-05 4.4865582714188295e-05
4.4865582714188295e-05 4.4865582714188295e-05
4.4865582714188295e-05 4.4865582714188295e-05
4.4865582714188295e-05 4.4865582714188295e-05
3.5892466171350634e-05 4.4865582714188295e-05
4.4865582714188295e-05 4.4865582714188295e-05
4.4865582714188295e-05 4.4865582714188295e-05
4.4865582714188295e-05 4.4865582714188295e-05
4.4865582714188295e-05 4.4865582714188295e-05
4.4865582714188295e-05 4.4865582714188295e-05
3.5892466171350634e-05 4.4865582714188295e-05
4.4865582714188295e-05 4.4865582714188295e-05
3.5892466171350634e-05 4.4865582714188295e-05
4.4865582714188295e-05 4.4865582714188295e-05
4.4865582714188295e-05 4.4865582714188295e-05
4.4865582714188295e-05 4.4865582714188295e-05
4.4865582714188295e-05 4.4865582714188295e-05
4.4865582714188295e-05 4.4865582714188295e-05
4.4865582714188295e-05 4.4865582714188295e-05
4.4865582714188295e-05 4.4865582714188295e-05
4.4865582714188295e-05 4.4865582714188295e-05
3.5892466171350634e-05 4.4865582714188295e-05
4.4865582714188295e-05 4.4865582714188295e-05
4.4865582714188295e-05 4.4865582714188295e-05
4.4865582714188295e-05 4.4865582714188295e-05
4.4865582714188295e-05 4.4865582714188295e-05
4.4865582714188295e-05 4.4865582714188295e-05
4.4865582714188295e-05 4.4865582714188295e-05
3.5892466171350634e-05 4.4865582714188295e-05
4.4865582714188295e-05 4.4865582714188295e-05
4.4865582714188295e-05 4.4865582714188295e-05
4.4865582714188295e-05 4.4865582714188295e-05
4.4865582714188295e-05 4.4865582714188295e-05
4.4865582714188295e-05 4.4865582714188295e-05
3.5892466171350634e-05 4.4865582714188295e-05
4.4865582714188295e-05 4.4865582714188295e-05
4.4865582714188295e-05 4.4865582714188295e-05
4.4865582714188295e-05 4.4865582714188295e-05
4.4865582714188295e-05 4.4865582714188295e-05