4.064625961813727e-06 4.8462762882126095e-06
4.057946547294894e-06 4.846275628064611e-06
4.057946547294894e-06 4.846275628064611e-06
2.391535093408085e-06 4.846275502176415e-06
4.099522791245378e-06 4.846275807250782e-06
4.099522791245378e-06 4.846275807250782e-06
3.9551873460211355e-06 4.846275983075657e-06
4.052587640533293e-06 4.846276488621245e-06
3.958267325868161e-06 4.84627698402199e-06
4.084687364058398e-06 4.846276245559443e-06
4.084687364058398e-06 4.846276245559443e-06
4.084687364058398e-06 4.846276245559443e-06
4.084687364058398e-06 4.846276245559443e-06
4.084687364058398e-06 4.846276245559443e-06
4.084687364058398e-06 4.846276245559443e-06
4.084687364058398e-06 4.846276245559443e-06
4.084687364058398e-06 4.846276245559443e-06
4.139848785857403e-06 4.846276196244305e-06
4.139848785857403e-06 4.846276196244305e-06
4.139848785857403e-06 4.846276196244305e-06
5.077508199322032e-06 4.846276541161115e-06
5.005630852491346e-06 4.84627702874262e-06
5.005630852491346e-06 4.84627702874262e-06
4.090404060624137e-06 4.846275884726439e-06
4.090404060624137e-06 4.846275884726439e-06
4.090404060624137e-06 4.846275884726439e-06
4.090404060624137e-06 4.846275884726439e-06
4.090404060624137e-06 4.846275884726439e-06
4.090404060624137e-06 4.846275884726439e-06
4.090404060624137e-06 4.846275884726439e-06
4.090404060624137e-06 4.846275884726439e-06
4.090404060624137e-06 4.846275884726439e-06
4.041559667594503e-06 4.846276043754308e-06
4.068904420019884e-06 4.846276333408842e-06
4.068904420019884e-06 4.846276333408842e-06
4.075535449410533e-06 4.846276114736396e-06
4.12854601854025e-06 4.846276252699684e-06
4.1690190532999706e-06 4.846275791640539e-06
4.1690190532999706e-06 4.846275791640539e-06
4.1690190532999706e-06 4.846275791640539e-06
2.6137044582681125e-06 4.846277289443188e-06
2.6137044582681125e-06 4.846277289443188e-06
2.6137044582681125e-06 4.846277289443188e-06
2.6137044582681125e-06 4.846277289443188e-06
2.6137044582681125e-06 4.846277289443188e-06
2.6137044582681125e-06 4.846277289443188e-06
2.6137044582681125e-06 4.846277289443188e-06
2.6137044582681125e-06 4.846277289443188e-06
3.47422099384792e-06 4.846275589325652e-06
3.47422099384792e-06 4.846275589325652e-06