8.556557284765344e-05 9.006902405016151e-06
8.556557284765344e-05 9.006902405016151e-06
8.556557284765344e-05 9.006902405016151e-06
8.556557284765344e-05 9.006902405016151e-06
8.556557284765344e-05 9.006902405016151e-06
8.556557284765344e-05 9.006902405016151e-06
8.556557284765344e-05 9.006902405016151e-06
0.007053097421774186 9.006902405016151e-06
0.007053097421774186 9.006902405016151e-06
0.007053097421774186 9.006902405016151e-06
0.007053097421774186 9.006902405016151e-06
0.007053097421774186 9.006902405016151e-06
0.007053097421774186 9.006902405016151e-06
0.007053097421774186 9.006902405016151e-06
0.007053097421774186 9.006902405016151e-06
0.007053097421774186 9.006902405016151e-06
0.007053097421774186 9.006902405016151e-06
0.007053097421774186 9.006902405016151e-06
0.007053097421774186 9.006902405016151e-06
0.007053097421774186 9.006902405016151e-06
0.007053097421774186 9.006902405016151e-06
0.007053097421774186 9.006902405016151e-06
0.007053097421774186 9.006902405016151e-06
0.007053097421774186 9.006902405016151e-06
0.007053097421774186 9.006902405016151e-06
0.007053097421774186 9.006902405016151e-06
0.007053097421774186 9.006902405016151e-06
0.007053097421774186 9.006902405016151e-06
0.007053097421774186 9.006902405016151e-06
0.007053097421774186 9.006902405016151e-06
0.007053097421774186 9.006902405016151e-06
0.007053097421774186 9.006902405016151e-06
0.007053097421774186 9.006902405016151e-06
0.007053097421774186 9.006902405016151e-06
0.007053097421774186 9.006902405016151e-06
0.007053097421774186 9.006902405016151e-06
0.007053097421774186 9.006902405016151e-06
0.007053097421774186 9.006902405016151e-06
0.001882096183325106 9.006902405016151e-06
0.001882096183325106 9.006902405016151e-06
0.001882096183325106 9.006902405016151e-06
0.001882096183325106 9.006902405016151e-06
0.001882096183325106 9.006902405016151e-06
0.001882096183325106 9.006902405016151e-06
0.001882096183325106 9.006902405016151e-06
0.001882096183325106 9.006902405016151e-06
0.001882096183325106 9.006902405016151e-06
0.001882096183325106 9.006902405016151e-06
0.001882096183325106 9.006902405016151e-06
0.001882096183325106 9.006902405016151e-06