7.91879211602987e-07 2.614285088758418e-06
2.348183018163342e-06 2.6142845078937785e-06
2.348183018163342e-06 2.6142845078937785e-06
2.348183018163342e-06 2.6142845078937785e-06
2.348183018163342e-06 2.6142845078937785e-06
2.348183018163342e-06 2.6142845078937785e-06
2.310546259343219e-06 2.6142849166311755e-06
2.310546259343219e-06 2.6142849166311755e-06
2.310546259343219e-06 2.6142849166311755e-06
2.310546259343219e-06 2.6142849166311755e-06
2.310546259343219e-06 2.6142849166311755e-06
2.310546259343219e-06 2.6142849166311755e-06
2.310546259343219e-06 2.6142849166311755e-06
2.310546259343219e-06 2.6142849166311755e-06
2.310546259343219e-06 2.6142849166311755e-06
2.310546259343219e-06 2.6142849166311755e-06
2.310546259343219e-06 2.6142849166311755e-06
2.310546259343219e-06 2.6142849166311755e-06
2.310546259343219e-06 2.6142849166311755e-06
2.310546259343219e-06 2.6142849166311755e-06
2.310546259343219e-06 2.6142849166311755e-06
2.310546259343219e-06 2.6142849166311755e-06
2.310546259343219e-06 2.6142849166311755e-06
2.310546259343219e-06 2.6142849166311755e-06
2.310546259343219e-06 2.6142849166311755e-06
2.310546259343219e-06 2.6142849166311755e-06
2.310546259343219e-06 2.6142849166311755e-06
2.310546259343219e-06 2.6142849166311755e-06
2.310546259343219e-06 2.6142849166311755e-06
2.310546259343219e-06 2.6142849166311755e-06
2.310546259343219e-06 2.6142849166311755e-06
2.310546259343219e-06 2.6142849166311755e-06
2.310546259343219e-06 2.6142849166311755e-06
2.310546259343219e-06 2.6142849166311755e-06
2.310546259343219e-06 2.6142849166311755e-06
2.310546259343219e-06 2.6142849166311755e-06
2.310546259343219e-06 2.6142849166311755e-06
2.310546259343219e-06 2.6142849166311755e-06
2.310546259343219e-06 2.6142849166311755e-06
2.310546259343219e-06 2.6142849166311755e-06
2.310546259343219e-06 2.6142849166311755e-06
2.310546259343219e-06 2.6142849166311755e-06
2.310546259343219e-06 2.6142849166311755e-06
2.310546259343219e-06 2.6142849166311755e-06
2.310546259343219e-06 2.6142849166311755e-06
2.310546259343219e-06 2.6142849166311755e-06
2.310546259343219e-06 2.6142849166311755e-06
2.310546259343219e-06 2.6142849166311755e-06
2.310546259343219e-06 2.6142849166311755e-06
2.310546259343219e-06 2.6142849166311755e-06