1.7792607755567621e-06 2.656273210163394e-06
3.773223986368338e-06 2.6561639269441274e-06
6.876486558807646e-07 2.656267664718557e-06
6.9547223830494e-06 2.65454043102879e-06
9.797659212195002e-07 2.656268437864772e-06
7.07756432797949e-06 2.65454043102879e-06
1.773152109523368e-06 2.6562672694108847e-06
1.7792534848731092e-06 2.656273210163394e-06
9.79757573376165e-07 2.656268437864772e-06
1.5326730017035362e-06 2.6563329936421116e-06
1.7741797536034513e-06 2.6562672694108847e-06
6.778627499656549e-06 2.65454043102879e-06
9.797863760504343e-07 2.656268437864772e-06
4.154220042570053e-06 2.65454043102879e-06
7.279313425028007e-06 2.65454043102879e-06
1.7326928174694573e-06 2.6562641228828798e-06
1.0065851364863571e-06 2.6562672593506676e-06
1.3786389249349687e-06 2.65454043102879e-06
6.751905542305732e-06 2.65454043102879e-06
6.121120890482017e-06 2.65454043102879e-06
6.45277532596181e-06 2.65454043102879e-06
1.8939929563288504e-06 2.656348544930648e-06
6.627010947923262e-06 2.65454043102879e-06
2.7536919065330786e-06 2.6561189681994556e-06
1.7792889081634387e-06 2.656273210163394e-06
4.156089288977716e-06 2.65454043102879e-06
9.49626546008311e-07 2.656255248451806e-06
1.904904547963484e-06 2.656348544930648e-06
9.79827286678087e-07 2.656268437864772e-06
9.797483913480651e-07 2.656268437864772e-06
1.7327656728287156e-06 2.6562641228828798e-06
7.144057206529487e-06 2.65454043102879e-06
1.0735486321264406e-06 2.656264405237459e-06
9.798000053937785e-07 2.656268437864772e-06
1.495959263024973e-06 2.656195473018163e-06
4.155099614884804e-06 2.65454043102879e-06
3.7833267868790066e-06 2.6561639269441274e-06
1.7739693733755162e-06 2.6562672694108847e-06
2.14975242218587e-06 2.6562601760417704e-06
1.073449876917406e-06 2.656264405237459e-06
4.161665465827334e-06 2.65454043102879e-06
1.7792532272530385e-06 2.656273210163394e-06
4.434792213951297e-06 2.65454043102879e-06
1.903169135378033e-06 2.656348544930648e-06
6.43675148829149e-06 2.65454043102879e-06
1.6394572700439002e-06 2.6561189681994556e-06
1.7793451760457716e-06 2.656273210163394e-06
1.901889856516754e-06 2.656348544930648e-06
1.0066953871542946e-06 2.6562672593506676e-06
9.797897150767429e-07 2.656268437864772e-06