0.2422330031364939 0.14285714285714285
0.2422330031364939 0.14285714285714285
0.2422330031364939 0.14285714285714285
0.2422330031364939 0.14285714285714285
0.2422330031364939 0.14285714285714285
0.2422330031364939 0.14285714285714285
0.2422330031364939 0.14285714285714285
0.2422330031364939 0.14285714285714285
0.2422330031364939 0.14285714285714285
0.2422330031364939 0.14285714285714285
0.2422330031364939 0.14285714285714285
0.2422330031364939 0.14285714285714285
0.2422330031364939 0.14285714285714285
0.2422330031364939 0.14285714285714285
0.2422330031364939 0.14285714285714285
0.2422330031364939 0.14285714285714285
0.2422330031364939 0.14285714285714285
0.2422330031364939 0.14285714285714285
0.2422330031364939 0.14285714285714285
0.2422330031364939 0.14285714285714285
0.2422330031364939 0.14285714285714285
0.2422330031364939 0.14285714285714285
0.2422330031364939 0.14285714285714285
0.3035590555919098 0.14285714285714285
0.3035590555919098 0.14285714285714285
0.3035590555919098 0.14285714285714285
0.3035590555919098 0.14285714285714285
0.3035590555919098 0.14285714285714285
0.3035590555919098 0.14285714285714285
0.3035590555919098 0.14285714285714285
0.3035590555919098 0.14285714285714285
0.3035590555919098 0.14285714285714285
0.3035590555919098 0.14285714285714285
0.3035590555919098 0.14285714285714285
0.3035590555919098 0.14285714285714285
0.3035590555919098 0.14285714285714285
0.3035590555919098 0.14285714285714285
0.3035590555919098 0.14285714285714285
0.3035590555919098 0.14285714285714285
0.3035590555919098 0.14285714285714285
0.3035590555919098 0.14285714285714285
0.3035590555919098 0.14285714285714285
0.3035590555919098 0.14285714285714285
0.3035590555919098 0.14285714285714285
0.3035590555919098 0.14285714285714285
0.3035590555919098 0.14285714285714285
0.23863539890136665 0.14285717181165408
0.23863539890136665 0.14285717181165408
0.23863539890136665 0.14285717181165408
0.23863539890136665 0.14285717181165408
0.23863539890136665 0.14285717181165408
0.23863539890136665 0.14285717181165408
0.226156328271318 0.14285714285714285
0.226156328271318 0.14285714285714285
0.226156328271318 0.14285714285714285
0.226156328271318 0.14285714285714285
0.226156328271318 0.14285714285714285
0.226156328271318 0.14285714285714285
0.226156328271318 0.14285714285714285
0.226156328271318 0.14285714285714285
0.226156328271318 0.14285714285714285
0.226156328271318 0.14285714285714285
0.226156328271318 0.14285714285714285
0.226156328271318 0.14285714285714285
0.226156328271318 0.14285714285714285
0.226156328271318 0.14285714285714285
0.226156328271318 0.14285714285714285
0.226156328271318 0.14285714285714285
0.226156328271318 0.14285714285714285
0.226156328271318 0.14285714285714285
0.226156328271318 0.14285714285714285
0.226156328271318 0.14285714285714285
0.226156328271318 0.14285714285714285
0.226156328271318 0.14285714285714285
0.226156328271318 0.14285714285714285
0.07632186390911534 0.14285717181165408
0.07632186390911534 0.14285717181165408
0.07632186390911534 0.14285717181165408
0.07632186390911534 0.14285717181165408
0.07632186390911534 0.14285717181165408
0.07632186390911534 0.14285717181165408
0.18157167678317576 0.14285714285714285
0.18157167678317576 0.14285714285714285
0.18157167678317576 0.14285714285714285
0.18157167678317576 0.14285714285714285
0.18157167678317576 0.14285714285714285
0.18157167678317576 0.14285714285714285
0.18157167678317576 0.14285714285714285
0.18157167678317576 0.14285714285714285
0.18157167678317576 0.14285714285714285
0.18157167678317576 0.14285714285714285
0.18157167678317576 0.14285714285714285
0.18157167678317576 0.14285714285714285
0.18157167678317576 0.14285714285714285
0.18157167678317576 0.14285714285714285
0.18157167678317576 0.14285714285714285
0.18157167678317576 0.14285714285714285
0.18157167678317576 0.14285714285714285
0.18157167678317576 0.14285714285714285
0.18157167678317576 0.14285714285714285
0.18157167678317576 0.14285714285714285
0.18157167678317576 0.14285714285714285
0.18157167678317576 0.14285714285714285
0.18157167678317576 0.14285714285714285
0.3035590555919098 0.14285714285714285
0.3035590555919098 0.14285714285714285
0.3035590555919098 0.14285714285714285
0.3035590555919098 0.14285714285714285
0.3035590555919098 0.14285714285714285
0.3035590555919098 0.14285714285714285
0.3035590555919098 0.14285714285714285
0.3035590555919098 0.14285714285714285
0.3035590555919098 0.14285714285714285
0.3035590555919098 0.14285714285714285
0.3035590555919098 0.14285714285714285
0.3035590555919098 0.14285714285714285
0.3035590555919098 0.14285714285714285
0.3035590555919098 0.14285714285714285
0.3035590555919098 0.14285714285714285
0.3035590555919098 0.14285714285714285
0.3035590555919098 0.14285714285714285
0.3035590555919098 0.14285714285714285
0.3035590555919098 0.14285714285714285
0.3035590555919098 0.14285714285714285
0.3035590555919098 0.14285714285714285
0.3035590555919098 0.14285714285714285
0.3035590555919098 0.14285714285714285
0.3116817474107002 0.14285714285714285
0.3116817474107002 0.14285714285714285
0.3116817474107002 0.14285714285714285
0.3116817474107002 0.14285714285714285
0.3116817474107002 0.14285714285714285
0.3116817474107002 0.14285714285714285
0.3116817474107002 0.14285714285714285
0.3116817474107002 0.14285714285714285
0.3116817474107002 0.14285714285714285
0.3116817474107002 0.14285714285714285
0.3116817474107002 0.14285714285714285
0.3116817474107002 0.14285714285714285
0.3116817474107002 0.14285714285714285
0.3116817474107002 0.14285714285714285
0.3116817474107002 0.14285714285714285
0.3116817474107002 0.14285714285714285
0.3116817474107002 0.14285714285714285
0.3116817474107002 0.14285714285714285
0.3116817474107002 0.14285714285714285
0.3116817474107002 0.14285714285714285
0.3116817474107002 0.14285714285714285
0.3116817474107002 0.14285714285714285
0.3116817474107002 0.14285714285714285
0.19378640250919513 0.14285714285714285
0.19378640250919513 0.14285714285714285
0.19378640250919513 0.14285714285714285
0.19378640250919513 0.14285714285714285
0.19378640250919513 0.14285714285714285
0.19378640250919513 0.14285714285714285
0.19378640250919513 0.14285714285714285
0.19378640250919513 0.14285714285714285
0.19378640250919513 0.14285714285714285
0.19378640250919513 0.14285714285714285
0.19378640250919513 0.14285714285714285
0.19378640250919513 0.14285714285714285
0.19378640250919513 0.14285714285714285
0.19378640250919513 0.14285714285714285
0.19378640250919513 0.14285714285714285
0.19378640250919513 0.14285714285714285
0.19378640250919513 0.14285714285714285
0.19378640250919513 0.14285714285714285
0.19378640250919513 0.14285714285714285
0.19378640250919513 0.14285714285714285
0.19378640250919513 0.14285714285714285
0.19378640250919513 0.14285714285714285
0.19378640250919513 0.14285714285714285
0.08228535325044566 0.14285714285714285
0.08228535325044566 0.14285714285714285
0.08228535325044566 0.14285714285714285
0.08228535325044566 0.14285714285714285
0.08228535325044566 0.14285714285714285
0.08228535325044566 0.14285714285714285
0.08228535325044566 0.14285714285714285
0.08228535325044566 0.14285714285714285
0.08228535325044566 0.14285714285714285
0.08228535325044566 0.14285714285714285
0.08228535325044566 0.14285714285714285
0.08228535325044566 0.14285714285714285
0.08228535325044566 0.14285714285714285
0.08228535325044566 0.14285714285714285
0.08228535325044566 0.14285714285714285
0.08228535325044566 0.14285714285714285
0.08228535325044566 0.14285714285714285
0.08228535325044566 0.14285714285714285
0.08228535325044566 0.14285714285714285
0.08228535325044566 0.14285714285714285
0.08228535325044566 0.14285714285714285
0.08228535325044566 0.14285714285714285
0.08228535325044566 0.14285714285714285
0.24072003971387956 0.14285714285714285
0.24072003971387956 0.14285714285714285
0.24072003971387956 0.14285714285714285
0.24072003971387956 0.14285714285714285
0.24072003971387956 0.14285714285714285
0.24072003971387956 0.14285714285714285
0.24072003971387956 0.14285714285714285
0.24072003971387956 0.14285714285714285
0.24072003971387956 0.14285714285714285
0.24072003971387956 0.14285714285714285
0.24072003971387956 0.14285714285714285
0.24072003971387956 0.14285714285714285
0.24072003971387956 0.14285714285714285
0.24072003971387956 0.14285714285714285
0.24072003971387956 0.14285714285714285
0.24072003971387956 0.14285714285714285
0.24072003971387956 0.14285714285714285
0.24072003971387956 0.14285714285714285
0.24072003971387956 0.14285714285714285
0.24072003971387956 0.14285714285714285
0.24072003971387956 0.14285714285714285
0.24072003971387956 0.14285714285714285
0.24072003971387956 0.14285714285714285
0.2847409520986811 0.14285717181165408
0.2847409520986811 0.14285717181165408
0.2847409520986811 0.14285717181165408
0.2847409520986811 0.14285717181165408
0.2847409520986811 0.14285717181165408
0.2847409520986811 0.14285717181165408
0.08001403223227195 0.14285717181165408
0.08001403223227195 0.14285717181165408
0.08001403223227195 0.14285717181165408
0.08001403223227195 0.14285717181165408
0.08001403223227195 0.14285717181165408
0.08001403223227195 0.14285717181165408
0.3044776719220558 0.14285717181165408
0.3044776719220558 0.14285717181165408
0.3044776719220558 0.14285717181165408
0.3044776719220558 0.14285717181165408
0.3044776719220558 0.14285717181165408
0.3044776719220558 0.14285717181165408
0.060907913441794345 0.14285714285714285
0.060907913441794345 0.14285714285714285
0.060907913441794345 0.14285714285714285
0.060907913441794345 0.14285714285714285
0.060907913441794345 0.14285714285714285
0.060907913441794345 0.14285714285714285
0.060907913441794345 0.14285714285714285
0.060907913441794345 0.14285714285714285
0.060907913441794345 0.14285714285714285
0.060907913441794345 0.14285714285714285
0.060907913441794345 0.14285714285714285
0.060907913441794345 0.14285714285714285
0.060907913441794345 0.14285714285714285
0.060907913441794345 0.14285714285714285
0.060907913441794345 0.14285714285714285
0.060907913441794345 0.14285714285714285
0.060907913441794345 0.14285714285714285
0.060907913441794345 0.14285714285714285
0.060907913441794345 0.14285714285714285
0.060907913441794345 0.14285714285714285
0.060907913441794345 0.14285714285714285
0.060907913441794345 0.14285714285714285
0.060907913441794345 0.14285714285714285
0.061519324041584306 0.14285717181165408
0.061519324041584306 0.14285717181165408
0.061519324041584306 0.14285717181165408
0.061519324041584306 0.14285717181165408
0.061519324041584306 0.14285717181165408
0.061519324041584306 0.14285717181165408
0.08862141690381642 0.14285717181165408
0.08862141690381642 0.14285717181165408
0.08862141690381642 0.14285717181165408
0.08862141690381642 0.14285717181165408
0.08862141690381642 0.14285717181165408
0.08862141690381642 0.14285717181165408
0.23368866026508864 0.14285717181165408
0.23368866026508864 0.14285717181165408
0.23368866026508864 0.14285717181165408
0.23368866026508864 0.14285717181165408
0.23368866026508864 0.14285717181165408
0.23368866026508864 0.14285717181165408
0.24072003971387956 0.14285714285714285
0.24072003971387956 0.14285714285714285
0.24072003971387956 0.14285714285714285
0.24072003971387956 0.14285714285714285
0.24072003971387956 0.14285714285714285
0.24072003971387956 0.14285714285714285
0.24072003971387956 0.14285714285714285
0.24072003971387956 0.14285714285714285
0.24072003971387956 0.14285714285714285
0.24072003971387956 0.14285714285714285
0.24072003971387956 0.14285714285714285
0.24072003971387956 0.14285714285714285
0.24072003971387956 0.14285714285714285
0.24072003971387956 0.14285714285714285
0.24072003971387956 0.14285714285714285
0.24072003971387956 0.14285714285714285
0.24072003971387956 0.14285714285714285
0.24072003971387956 0.14285714285714285
0.24072003971387956 0.14285714285714285
0.24072003971387956 0.14285714285714285
0.24072003971387956 0.14285714285714285
0.24072003971387956 0.14285714285714285
0.24072003971387956 0.14285714285714285
0.29788202040701844 0.14285717181165408
0.29788202040701844 0.14285717181165408
0.29788202040701844 0.14285717181165408
0.29788202040701844 0.14285717181165408
0.29788202040701844 0.14285717181165408
0.29788202040701844 0.14285717181165408
0.18027332712097274 0.14285717181165408
0.18027332712097274 0.14285717181165408
0.18027332712097274 0.14285717181165408
0.18027332712097274 0.14285717181165408
0.18027332712097274 0.14285717181165408
0.18027332712097274 0.14285717181165408
0.2298670538089222 0.14285717181165408
0.2298670538089222 0.14285717181165408
0.2298670538089222 0.14285717181165408
0.2298670538089222 0.14285717181165408
0.2298670538089222 0.14285717181165408
0.2298670538089222 0.14285717181165408
0.0850902090015598 0.14285717181165408
0.0850902090015598 0.14285717181165408
0.0850902090015598 0.14285717181165408
0.0850902090015598 0.14285717181165408
0.0850902090015598 0.14285717181165408
0.0850902090015598 0.14285717181165408
0.06105749112729227 0.14285717181165408
0.06105749112729227 0.14285717181165408
0.06105749112729227 0.14285717181165408
0.06105749112729227 0.14285717181165408
0.06105749112729227 0.14285717181165408
0.06105749112729227 0.14285717181165408
0.08228535325044566 0.14285714285714285
0.08228535325044566 0.14285714285714285
0.08228535325044566 0.14285714285714285
0.08228535325044566 0.14285714285714285
0.08228535325044566 0.14285714285714285
0.08228535325044566 0.14285714285714285
0.08228535325044566 0.14285714285714285
0.08228535325044566 0.14285714285714285
0.08228535325044566 0.14285714285714285
0.08228535325044566 0.14285714285714285
0.08228535325044566 0.14285714285714285
0.08228535325044566 0.14285714285714285
0.08228535325044566 0.14285714285714285
0.08228535325044566 0.14285714285714285
0.08228535325044566 0.14285714285714285
0.08228535325044566 0.14285714285714285
0.08228535325044566 0.14285714285714285
0.08228535325044566 0.14285714285714285
0.08228535325044566 0.14285714285714285
0.08228535325044566 0.14285714285714285
0.08228535325044566 0.14285714285714285
0.08228535325044566 0.14285714285714285
0.08228535325044566 0.14285714285714285
0.23456957826567681 0.14285714285714285
0.23456957826567681 0.14285714285714285
0.23456957826567681 0.14285714285714285
0.23456957826567681 0.14285714285714285
0.23456957826567681 0.14285714285714285
0.23456957826567681 0.14285714285714285
0.23456957826567681 0.14285714285714285
0.23456957826567681 0.14285714285714285
0.23456957826567681 0.14285714285714285
0.23456957826567681 0.14285714285714285
0.23456957826567681 0.14285714285714285
0.23456957826567681 0.14285714285714285
0.23456957826567681 0.14285714285714285
0.23456957826567681 0.14285714285714285
0.23456957826567681 0.14285714285714285
0.23456957826567681 0.14285714285714285
0.23456957826567681 0.14285714285714285
0.23456957826567681 0.14285714285714285
0.23456957826567681 0.14285714285714285
0.23456957826567681 0.14285714285714285
0.23456957826567681 0.14285714285714285
0.23456957826567681 0.14285714285714285
0.23456957826567681 0.14285714285714285
0.0866096837473093 0.14285717181165408
0.0866096837473093 0.14285717181165408
0.0866096837473093 0.14285717181165408
0.0866096837473093 0.14285717181165408
0.0866096837473093 0.14285717181165408
0.0866096837473093 0.14285717181165408
0.07028766913402874 0.14285717181165408
0.07028766913402874 0.14285717181165408
0.07028766913402874 0.14285717181165408
0.07028766913402874 0.14285717181165408
0.07028766913402874 0.14285717181165408
0.07028766913402874 0.14285717181165408
0.2984438120451141 0.14285717181165408
0.2984438120451141 0.14285717181165408
0.2984438120451141 0.14285717181165408
0.2984438120451141 0.14285717181165408
0.2984438120451141 0.14285717181165408
0.2984438120451141 0.14285717181165408
0.07028766913402874 0.14285717181165408
0.07028766913402874 0.14285717181165408
0.07028766913402874 0.14285717181165408
0.07028766913402874 0.14285717181165408
0.07028766913402874 0.14285717181165408
0.07028766913402874 0.14285717181165408
0.08101721686937292 0.14285714285714285
0.08101721686937292 0.14285714285714285
0.08101721686937292 0.14285714285714285
0.08101721686937292 0.14285714285714285
0.08101721686937292 0.14285714285714285
0.08101721686937292 0.14285714285714285
0.08101721686937292 0.14285714285714285
0.08101721686937292 0.14285714285714285
0.08101721686937292 0.14285714285714285
0.08101721686937292 0.14285714285714285
0.08101721686937292 0.14285714285714285
0.08101721686937292 0.14285714285714285
0.08101721686937292 0.14285714285714285
0.08101721686937292 0.14285714285714285
0.08101721686937292 0.14285714285714285
0.08101721686937292 0.14285714285714285
0.08101721686937292 0.14285714285714285
0.08101721686937292 0.14285714285714285
0.08101721686937292 0.14285714285714285
0.08101721686937292 0.14285714285714285
0.08101721686937292 0.14285714285714285
0.08101721686937292 0.14285714285714285
0.08101721686937292 0.14285714285714285
0.12991452562096395 0.14285717181165408
0.12991452562096395 0.14285717181165408
0.12991452562096395 0.14285717181165408
0.12991452562096395 0.14285717181165408
0.12991452562096395 0.14285717181165408
0.12991452562096395 0.14285717181165408
0.08057582387036763 0.14285717181165408
0.08057582387036763 0.14285717181165408
0.08057582387036763 0.14285717181165408
0.08057582387036763 0.14285717181165408
0.08057582387036763 0.14285717181165408
0.08057582387036763 0.14285717181165408
0.0677216418078841 0.14285714285714285
0.0677216418078841 0.14285714285714285
0.0677216418078841 0.14285714285714285
0.0677216418078841 0.14285714285714285
0.0677216418078841 0.14285714285714285
0.0677216418078841 0.14285714285714285
0.0677216418078841 0.14285714285714285
0.0677216418078841 0.14285714285714285
0.0677216418078841 0.14285714285714285
0.0677216418078841 0.14285714285714285
0.0677216418078841 0.14285714285714285
0.0677216418078841 0.14285714285714285
0.0677216418078841 0.14285714285714285
0.0677216418078841 0.14285714285714285
0.0677216418078841 0.14285714285714285
0.0677216418078841 0.14285714285714285
0.0677216418078841 0.14285714285714285
0.0677216418078841 0.14285714285714285
0.0677216418078841 0.14285714285714285
0.0677216418078841 0.14285714285714285
0.0677216418078841 0.14285714285714285
0.0677216418078841 0.14285714285714285
0.0677216418078841 0.14285714285714285
0.093716892178705 0.14285717181165408
0.093716892178705 0.14285717181165408
0.093716892178705 0.14285717181165408
0.093716892178705 0.14285717181165408
0.093716892178705 0.14285717181165408
0.093716892178705 0.14285717181165408
0.3116817474107002 0.14285714285714285
0.3116817474107002 0.14285714285714285
0.3116817474107002 0.14285714285714285
0.3116817474107002 0.14285714285714285
0.3116817474107002 0.14285714285714285
0.3116817474107002 0.14285714285714285
0.3116817474107002 0.14285714285714285
0.3116817474107002 0.14285714285714285
0.3116817474107002 0.14285714285714285
0.3116817474107002 0.14285714285714285
0.3116817474107002 0.14285714285714285
0.3116817474107002 0.14285714285714285
0.3116817474107002 0.14285714285714285
0.3116817474107002 0.14285714285714285
0.3116817474107002 0.14285714285714285
0.3116817474107002 0.14285714285714285
0.3116817474107002 0.14285714285714285
0.3116817474107002 0.14285714285714285
0.3116817474107002 0.14285714285714285
0.3116817474107002 0.14285714285714285
0.3116817474107002 0.14285714285714285
0.3116817474107002 0.14285714285714285
0.3116817474107002 0.14285714285714285
0.29226346548728477 0.14285714285714285
0.29226346548728477 0.14285714285714285
0.29226346548728477 0.14285714285714285
0.29226346548728477 0.14285714285714285
0.29226346548728477 0.14285714285714285
0.29226346548728477 0.14285714285714285
0.29226346548728477 0.14285714285714285
0.29226346548728477 0.14285714285714285
0.29226346548728477 0.14285714285714285
0.29226346548728477 0.14285714285714285
0.29226346548728477 0.14285714285714285
0.29226346548728477 0.14285714285714285
0.29226346548728477 0.14285714285714285
0.29226346548728477 0.14285714285714285
0.29226346548728477 0.14285714285714285
0.29226346548728477 0.14285714285714285
0.29226346548728477 0.14285714285714285
0.29226346548728477 0.14285714285714285
0.29226346548728477 0.14285714285714285
0.29226346548728477 0.14285714285714285
0.29226346548728477 0.14285714285714285
0.29226346548728477 0.14285714285714285
0.29226346548728477 0.14285714285714285
0.3035590555919098 0.14285714285714285
0.3035590555919098 0.14285714285714285
0.3035590555919098 0.14285714285714285
0.3035590555919098 0.14285714285714285
0.3035590555919098 0.14285714285714285
0.3035590555919098 0.14285714285714285
0.3035590555919098 0.14285714285714285
0.3035590555919098 0.14285714285714285
0.3035590555919098 0.14285714285714285
0.3035590555919098 0.14285714285714285
0.3035590555919098 0.14285714285714285
0.3035590555919098 0.14285714285714285
0.3035590555919098 0.14285714285714285
0.3035590555919098 0.14285714285714285
0.3035590555919098 0.14285714285714285
0.3035590555919098 0.14285714285714285
0.3035590555919098 0.14285714285714285
0.3035590555919098 0.14285714285714285
0.3035590555919098 0.14285714285714285
0.3035590555919098 0.14285714285714285
0.3035590555919098 0.14285714285714285
0.3035590555919098 0.14285714285714285
0.3035590555919098 0.14285714285714285
0.08228535325044566 0.14285714285714285
0.08228535325044566 0.14285714285714285
0.08228535325044566 0.14285714285714285
0.08228535325044566 0.14285714285714285
0.08228535325044566 0.14285714285714285
0.08228535325044566 0.14285714285714285
0.08228535325044566 0.14285714285714285
0.08228535325044566 0.14285714285714285
0.08228535325044566 0.14285714285714285
0.08228535325044566 0.14285714285714285
0.08228535325044566 0.14285714285714285
0.08228535325044566 0.14285714285714285
0.08228535325044566 0.14285714285714285
0.08228535325044566 0.14285714285714285
0.08228535325044566 0.14285714285714285
0.08228535325044566 0.14285714285714285
0.08228535325044566 0.14285714285714285
0.08228535325044566 0.14285714285714285
0.08228535325044566 0.14285714285714285
0.08228535325044566 0.14285714285714285
0.08228535325044566 0.14285714285714285
0.08228535325044566 0.14285714285714285
0.08228535325044566 0.14285714285714285
0.08001403223227195 0.14285717181165408
0.08001403223227195 0.14285717181165408
0.08001403223227195 0.14285717181165408
0.08001403223227195 0.14285717181165408
0.08001403223227195 0.14285717181165408
0.08001403223227195 0.14285717181165408
0.2298670538089222 0.14285717181165408
0.2298670538089222 0.14285717181165408
0.2298670538089222 0.14285717181165408
0.2298670538089222 0.14285717181165408
0.2298670538089222 0.14285717181165408
0.2298670538089222 0.14285717181165408
0.07079931704161684 0.14285714285714285
0.07079931704161684 0.14285714285714285
0.07079931704161684 0.14285714285714285
0.07079931704161684 0.14285714285714285
0.07079931704161684 0.14285714285714285
0.07079931704161684 0.14285714285714285
0.07079931704161684 0.14285714285714285
0.07079931704161684 0.14285714285714285
0.07079931704161684 0.14285714285714285
0.07079931704161684 0.14285714285714285
0.07079931704161684 0.14285714285714285
0.07079931704161684 0.14285714285714285
0.07079931704161684 0.14285714285714285
0.07079931704161684 0.14285714285714285
0.07079931704161684 0.14285714285714285
0.07079931704161684 0.14285714285714285
0.07079931704161684 0.14285714285714285
0.07079931704161684 0.14285714285714285
0.07079931704161684 0.14285714285714285
0.07079931704161684 0.14285714285714285
0.07079931704161684 0.14285714285714285
0.07079931704161684 0.14285714285714285
0.07079931704161684 0.14285714285714285
0.29788202040701844 0.14285717181165408
0.29788202040701844 0.14285717181165408
0.29788202040701844 0.14285717181165408
0.29788202040701844 0.14285717181165408
0.29788202040701844 0.14285717181165408
0.29788202040701844 0.14285717181165408
0.09029552241051214 0.14285714285714285
0.09029552241051214 0.14285714285714285
0.09029552241051214 0.14285714285714285
0.09029552241051214 0.14285714285714285
0.09029552241051214 0.14285714285714285
0.09029552241051214 0.14285714285714285
0.09029552241051214 0.14285714285714285
0.09029552241051214 0.14285714285714285
0.09029552241051214 0.14285714285714285
0.09029552241051214 0.14285714285714285
0.09029552241051214 0.14285714285714285
0.09029552241051214 0.14285714285714285
0.09029552241051214 0.14285714285714285
0.09029552241051214 0.14285714285714285
0.09029552241051214 0.14285714285714285
0.09029552241051214 0.14285714285714285
0.09029552241051214 0.14285714285714285
0.09029552241051214 0.14285714285714285
0.09029552241051214 0.14285714285714285
0.09029552241051214 0.14285714285714285
0.09029552241051214 0.14285714285714285
0.09029552241051214 0.14285714285714285
0.09029552241051214 0.14285714285714285
0.23462802084978676 0.14285714285714285
0.23462802084978676 0.14285714285714285
0.23462802084978676 0.14285714285714285
0.23462802084978676 0.14285714285714285
0.23462802084978676 0.14285714285714285
0.23462802084978676 0.14285714285714285
0.23462802084978676 0.14285714285714285
0.23462802084978676 0.14285714285714285
0.23462802084978676 0.14285714285714285
0.23462802084978676 0.14285714285714285
0.23462802084978676 0.14285714285714285
0.23462802084978676 0.14285714285714285
0.23462802084978676 0.14285714285714285
0.23462802084978676 0.14285714285714285
0.23462802084978676 0.14285714285714285
0.23462802084978676 0.14285714285714285
0.23462802084978676 0.14285714285714285
0.23462802084978676 0.14285714285714285
0.23462802084978676 0.14285714285714285
0.23462802084978676 0.14285714285714285
0.23462802084978676 0.14285714285714285
0.23462802084978676 0.14285714285714285
0.23462802084978676 0.14285714285714285
0.29788202040701844 0.14285717181165408
0.29788202040701844 0.14285717181165408
0.29788202040701844 0.14285717181165408
0.29788202040701844 0.14285717181165408
0.29788202040701844 0.14285717181165408
0.29788202040701844 0.14285717181165408
0.23368866026508864 0.14285717181165408
0.23368866026508864 0.14285717181165408
0.23368866026508864 0.14285717181165408
0.23368866026508864 0.14285717181165408
0.23368866026508864 0.14285717181165408
0.23368866026508864 0.14285717181165408
0.3044776719220558 0.14285717181165408
0.3044776719220558 0.14285717181165408
0.3044776719220558 0.14285717181165408
0.3044776719220558 0.14285717181165408
0.3044776719220558 0.14285717181165408
0.3044776719220558 0.14285717181165408
0.07179646900140908 0.14285717181165408
0.07179646900140908 0.14285717181165408
0.07179646900140908 0.14285717181165408
0.07179646900140908 0.14285717181165408
0.07179646900140908 0.14285717181165408
0.07179646900140908 0.14285717181165408
0.10043549879278832 0.14285714285714285
0.10043549879278832 0.14285714285714285
0.10043549879278832 0.14285714285714285
0.10043549879278832 0.14285714285714285
0.10043549879278832 0.14285714285714285
0.10043549879278832 0.14285714285714285
0.10043549879278832 0.14285714285714285
0.10043549879278832 0.14285714285714285
0.10043549879278832 0.14285714285714285
0.10043549879278832 0.14285714285714285
0.10043549879278832 0.14285714285714285
0.10043549879278832 0.14285714285714285
0.10043549879278832 0.14285714285714285
0.10043549879278832 0.14285714285714285
0.10043549879278832 0.14285714285714285
0.10043549879278832 0.14285714285714285
0.10043549879278832 0.14285714285714285
0.10043549879278832 0.14285714285714285
0.10043549879278832 0.14285714285714285
0.10043549879278832 0.14285714285714285
0.10043549879278832 0.14285714285714285
0.10043549879278832 0.14285714285714285
0.10043549879278832 0.14285714285714285
0.0677216418078841 0.14285714285714285
0.0677216418078841 0.14285714285714285
0.0677216418078841 0.14285714285714285
0.0677216418078841 0.14285714285714285
0.0677216418078841 0.14285714285714285
0.0677216418078841 0.14285714285714285
0.0677216418078841 0.14285714285714285
0.0677216418078841 0.14285714285714285
0.0677216418078841 0.14285714285714285
0.0677216418078841 0.14285714285714285
0.0677216418078841 0.14285714285714285
0.0677216418078841 0.14285714285714285
0.0677216418078841 0.14285714285714285
0.0677216418078841 0.14285714285714285
0.0677216418078841 0.14285714285714285
0.0677216418078841 0.14285714285714285
0.0677216418078841 0.14285714285714285
0.0677216418078841 0.14285714285714285
0.0677216418078841 0.14285714285714285
0.0677216418078841 0.14285714285714285
0.0677216418078841 0.14285714285714285
0.0677216418078841 0.14285714285714285
0.0677216418078841 0.14285714285714285
0.08913990868816331 0.14285714285714285
0.08913990868816331 0.14285714285714285
0.08913990868816331 0.14285714285714285
0.08913990868816331 0.14285714285714285
0.08913990868816331 0.14285714285714285
0.08913990868816331 0.14285714285714285
0.08913990868816331 0.14285714285714285
0.08913990868816331 0.14285714285714285
0.08913990868816331 0.14285714285714285
0.08913990868816331 0.14285714285714285
0.08913990868816331 0.14285714285714285
0.08913990868816331 0.14285714285714285
0.08913990868816331 0.14285714285714285
0.08913990868816331 0.14285714285714285
0.08913990868816331 0.14285714285714285
0.08913990868816331 0.14285714285714285
0.08913990868816331 0.14285714285714285
0.08913990868816331 0.14285714285714285
0.08913990868816331 0.14285714285714285
0.08913990868816331 0.14285714285714285
0.08913990868816331 0.14285714285714285
0.08913990868816331 0.14285714285714285
0.08913990868816331 0.14285714285714285
0.2933411557641537 0.14285714285714285
0.2933411557641537 0.14285714285714285
0.2933411557641537 0.14285714285714285
0.2933411557641537 0.14285714285714285
0.2933411557641537 0.14285714285714285
0.2933411557641537 0.14285714285714285
0.2933411557641537 0.14285714285714285
0.2933411557641537 0.14285714285714285
0.2933411557641537 0.14285714285714285
0.2933411557641537 0.14285714285714285
0.2933411557641537 0.14285714285714285
0.2933411557641537 0.14285714285714285
0.2933411557641537 0.14285714285714285
0.2933411557641537 0.14285714285714285
0.2933411557641537 0.14285714285714285
0.2933411557641537 0.14285714285714285
0.2933411557641537 0.14285714285714285
0.2933411557641537 0.14285714285714285
0.2933411557641537 0.14285714285714285
0.2933411557641537 0.14285714285714285
0.2933411557641537 0.14285714285714285
0.2933411557641537 0.14285714285714285
0.2933411557641537 0.14285714285714285
0.07079931704161684 0.14285714285714285
0.07079931704161684 0.14285714285714285
0.07079931704161684 0.14285714285714285
0.07079931704161684 0.14285714285714285
0.07079931704161684 0.14285714285714285
0.07079931704161684 0.14285714285714285
0.07079931704161684 0.14285714285714285
0.07079931704161684 0.14285714285714285
0.07079931704161684 0.14285714285714285
0.07079931704161684 0.14285714285714285
0.07079931704161684 0.14285714285714285
0.07079931704161684 0.14285714285714285
0.07079931704161684 0.14285714285714285
0.07079931704161684 0.14285714285714285
0.07079931704161684 0.14285714285714285
0.07079931704161684 0.14285714285714285
0.07079931704161684 0.14285714285714285
0.07079931704161684 0.14285714285714285
0.07079931704161684 0.14285714285714285
0.07079931704161684 0.14285714285714285
0.07079931704161684 0.14285714285714285
0.07079931704161684 0.14285714285714285
0.07079931704161684 0.14285714285714285
0.2382140551727949 0.14285717181165408
0.2382140551727949 0.14285717181165408
0.2382140551727949 0.14285717181165408
0.2382140551727949 0.14285717181165408
0.2382140551727949 0.14285717181165408
0.2382140551727949 0.14285717181165408
0.4383951982309272 0.14285714285714285
0.4383951982309272 0.14285714285714285
0.4383951982309272 0.14285714285714285
0.4383951982309272 0.14285714285714285
0.4383951982309272 0.14285714285714285
0.4383951982309272 0.14285714285714285
0.4383951982309272 0.14285714285714285
0.4383951982309272 0.14285714285714285
0.4383951982309272 0.14285714285714285
0.4383951982309272 0.14285714285714285
0.4383951982309272 0.14285714285714285
0.4383951982309272 0.14285714285714285
0.4383951982309272 0.14285714285714285
0.4383951982309272 0.14285714285714285
0.4383951982309272 0.14285714285714285
0.4383951982309272 0.14285714285714285
0.4383951982309272 0.14285714285714285
0.4383951982309272 0.14285714285714285
0.4383951982309272 0.14285714285714285
0.4383951982309272 0.14285714285714285
0.4383951982309272 0.14285714285714285
0.4383951982309272 0.14285714285714285
0.4383951982309272 0.14285714285714285
0.0688846970804417 0.14285717181165408
0.0688846970804417 0.14285717181165408
0.0688846970804417 0.14285717181165408
0.0688846970804417 0.14285717181165408
0.0688846970804417 0.14285717181165408
0.0688846970804417 0.14285717181165408
0.08101721686937292 0.14285714285714285
0.08101721686937292 0.14285714285714285
0.08101721686937292 0.14285714285714285
0.08101721686937292 0.14285714285714285
0.08101721686937292 0.14285714285714285
0.08101721686937292 0.14285714285714285
0.08101721686937292 0.14285714285714285
0.08101721686937292 0.14285714285714285
0.08101721686937292 0.14285714285714285
0.08101721686937292 0.14285714285714285
0.08101721686937292 0.14285714285714285
0.08101721686937292 0.14285714285714285
0.08101721686937292 0.14285714285714285
0.08101721686937292 0.14285714285714285
0.08101721686937292 0.14285714285714285
0.08101721686937292 0.14285714285714285
0.08101721686937292 0.14285714285714285
0.08101721686937292 0.14285714285714285
0.08101721686937292 0.14285714285714285
0.08101721686937292 0.14285714285714285
0.08101721686937292 0.14285714285714285
0.08101721686937292 0.14285714285714285
0.08101721686937292 0.14285714285714285
0.074813064041735 0.14285717181165408
0.074813064041735 0.14285717181165408
0.074813064041735 0.14285717181165408
0.074813064041735 0.14285717181165408
0.074813064041735 0.14285717181165408
0.074813064041735 0.14285717181165408
0.3035590555919098 0.14285714285714285
0.3035590555919098 0.14285714285714285
0.3035590555919098 0.14285714285714285
0.3035590555919098 0.14285714285714285
0.3035590555919098 0.14285714285714285
0.3035590555919098 0.14285714285714285
0.3035590555919098 0.14285714285714285
0.3035590555919098 0.14285714285714285
0.3035590555919098 0.14285714285714285
0.3035590555919098 0.14285714285714285
0.3035590555919098 0.14285714285714285
0.3035590555919098 0.14285714285714285
0.3035590555919098 0.14285714285714285
0.3035590555919098 0.14285714285714285
0.3035590555919098 0.14285714285714285
0.3035590555919098 0.14285714285714285
0.3035590555919098 0.14285714285714285
0.3035590555919098 0.14285714285714285
0.3035590555919098 0.14285714285714285
0.3035590555919098 0.14285714285714285
0.3035590555919098 0.14285714285714285
0.3035590555919098 0.14285714285714285
0.3035590555919098 0.14285714285714285
0.1905712441382359 0.14285717181165408
0.1905712441382359 0.14285717181165408
0.1905712441382359 0.14285717181165408
0.1905712441382359 0.14285717181165408
0.1905712441382359 0.14285717181165408
0.1905712441382359 0.14285717181165408
0.2238328590338356 0.14285717181165408
0.2238328590338356 0.14285717181165408
0.2238328590338356 0.14285717181165408
0.2238328590338356 0.14285717181165408
0.2238328590338356 0.14285717181165408
0.2238328590338356 0.14285717181165408
0.0850902090015598 0.14285717181165408
0.0850902090015598 0.14285717181165408
0.0850902090015598 0.14285717181165408
0.0850902090015598 0.14285717181165408
0.0850902090015598 0.14285717181165408
0.0850902090015598 0.14285717181165408
0.23368866026508864 0.14285717181165408
0.23368866026508864 0.14285717181165408
0.23368866026508864 0.14285717181165408
0.23368866026508864 0.14285717181165408
0.23368866026508864 0.14285717181165408
0.23368866026508864 0.14285717181165408
0.2382140551727949 0.14285717181165408
0.2382140551727949 0.14285717181165408
0.2382140551727949 0.14285717181165408
0.2382140551727949 0.14285717181165408
0.2382140551727949 0.14285717181165408
0.2382140551727949 0.14285717181165408
0.07462192837962858 0.14285714285714285
0.07462192837962858 0.14285714285714285
0.07462192837962858 0.14285714285714285
0.07462192837962858 0.14285714285714285
0.07462192837962858 0.14285714285714285
0.07462192837962858 0.14285714285714285
0.07462192837962858 0.14285714285714285
0.07462192837962858 0.14285714285714285
0.07462192837962858 0.14285714285714285
0.07462192837962858 0.14285714285714285
0.07462192837962858 0.14285714285714285
0.07462192837962858 0.14285714285714285
0.07462192837962858 0.14285714285714285
0.07462192837962858 0.14285714285714285
0.07462192837962858 0.14285714285714285
0.07462192837962858 0.14285714285714285
0.07462192837962858 0.14285714285714285
0.07462192837962858 0.14285714285714285
0.07462192837962858 0.14285714285714285
0.07462192837962858 0.14285714285714285
0.07462192837962858 0.14285714285714285
0.07462192837962858 0.14285714285714285
0.07462192837962858 0.14285714285714285
0.07613489180224293 0.14285714285714285
0.07613489180224293 0.14285714285714285
0.07613489180224293 0.14285714285714285
0.07613489180224293 0.14285714285714285
0.07613489180224293 0.14285714285714285
0.07613489180224293 0.14285714285714285
0.07613489180224293 0.14285714285714285
0.07613489180224293 0.14285714285714285
0.07613489180224293 0.14285714285714285
0.07613489180224293 0.14285714285714285
0.07613489180224293 0.14285714285714285
0.07613489180224293 0.14285714285714285
0.07613489180224293 0.14285714285714285
0.07613489180224293 0.14285714285714285
0.07613489180224293 0.14285714285714285
0.07613489180224293 0.14285714285714285
0.07613489180224293 0.14285714285714285
0.07613489180224293 0.14285714285714285
0.07613489180224293 0.14285714285714285
0.07613489180224293 0.14285714285714285
0.07613489180224293 0.14285714285714285
0.07613489180224293 0.14285714285714285
0.07613489180224293 0.14285714285714285
0.23456957826567681 0.14285714285714285
0.23456957826567681 0.14285714285714285
0.23456957826567681 0.14285714285714285
0.23456957826567681 0.14285714285714285
0.23456957826567681 0.14285714285714285
0.23456957826567681 0.14285714285714285
0.23456957826567681 0.14285714285714285
0.23456957826567681 0.14285714285714285
0.23456957826567681 0.14285714285714285
0.23456957826567681 0.14285714285714285
0.23456957826567681 0.14285714285714285
0.23456957826567681 0.14285714285714285
0.23456957826567681 0.14285714285714285
0.23456957826567681 0.14285714285714285
0.23456957826567681 0.14285714285714285
0.23456957826567681 0.14285714285714285
0.23456957826567681 0.14285714285714285
0.23456957826567681 0.14285714285714285
0.23456957826567681 0.14285714285714285
0.23456957826567681 0.14285714285714285
0.23456957826567681 0.14285714285714285
0.23456957826567681 0.14285714285714285
0.23456957826567681 0.14285714285714285
0.23462802084978676 0.14285714285714285
0.23462802084978676 0.14285714285714285
0.23462802084978676 0.14285714285714285
0.23462802084978676 0.14285714285714285
0.23462802084978676 0.14285714285714285
0.23462802084978676 0.14285714285714285
0.23462802084978676 0.14285714285714285
0.23462802084978676 0.14285714285714285
0.23462802084978676 0.14285714285714285
0.23462802084978676 0.14285714285714285
0.23462802084978676 0.14285714285714285
0.23462802084978676 0.14285714285714285
0.23462802084978676 0.14285714285714285
0.23462802084978676 0.14285714285714285
0.23462802084978676 0.14285714285714285
0.23462802084978676 0.14285714285714285
0.23462802084978676 0.14285714285714285
0.23462802084978676 0.14285714285714285
0.23462802084978676 0.14285714285714285
0.23462802084978676 0.14285714285714285
0.23462802084978676 0.14285714285714285
0.23462802084978676 0.14285714285714285
0.23462802084978676 0.14285714285714285
0.2984438120451141 0.14285717181165408
0.2984438120451141 0.14285717181165408
0.2984438120451141 0.14285717181165408
0.2984438120451141 0.14285717181165408
0.2984438120451141 0.14285717181165408
0.2984438120451141 0.14285717181165408
0.3044776719220558 0.14285717181165408
0.3044776719220558 0.14285717181165408
0.3044776719220558 0.14285717181165408
0.3044776719220558 0.14285717181165408
0.3044776719220558 0.14285717181165408
0.3044776719220558 0.14285717181165408
0.09021759896503223 0.14285714285714285
0.09021759896503223 0.14285714285714285
0.09021759896503223 0.14285714285714285
0.09021759896503223 0.14285714285714285
0.09021759896503223 0.14285714285714285
0.09021759896503223 0.14285714285714285
0.09021759896503223 0.14285714285714285
0.09021759896503223 0.14285714285714285
0.09021759896503223 0.14285714285714285
0.09021759896503223 0.14285714285714285
0.09021759896503223 0.14285714285714285
0.09021759896503223 0.14285714285714285
0.09021759896503223 0.14285714285714285
0.09021759896503223 0.14285714285714285
0.09021759896503223 0.14285714285714285
0.09021759896503223 0.14285714285714285
0.09021759896503223 0.14285714285714285
0.09021759896503223 0.14285714285714285
0.09021759896503223 0.14285714285714285
0.09021759896503223 0.14285714285714285
0.09021759896503223 0.14285714285714285
0.09021759896503223 0.14285714285714285
0.09021759896503223 0.14285714285714285
0.13370986303224497 0.14285714285714285
0.13370986303224497 0.14285714285714285
0.13370986303224497 0.14285714285714285
0.13370986303224497 0.14285714285714285
0.13370986303224497 0.14285714285714285
0.13370986303224497 0.14285714285714285
0.13370986303224497 0.14285714285714285
0.13370986303224497 0.14285714285714285
0.13370986303224497 0.14285714285714285
0.13370986303224497 0.14285714285714285
0.13370986303224497 0.14285714285714285
0.13370986303224497 0.14285714285714285
0.13370986303224497 0.14285714285714285
0.13370986303224497 0.14285714285714285
0.13370986303224497 0.14285714285714285
0.13370986303224497 0.14285714285714285
0.13370986303224497 0.14285714285714285
0.13370986303224497 0.14285714285714285
0.13370986303224497 0.14285714285714285
0.13370986303224497 0.14285714285714285
0.13370986303224497 0.14285714285714285
0.13370986303224497 0.14285714285714285
0.13370986303224497 0.14285714285714285
0.0685299095155358 0.14285714285714285
0.0685299095155358 0.14285714285714285
0.0685299095155358 0.14285714285714285
0.0685299095155358 0.14285714285714285
0.0685299095155358 0.14285714285714285
0.0685299095155358 0.14285714285714285
0.0685299095155358 0.14285714285714285
0.0685299095155358 0.14285714285714285
0.0685299095155358 0.14285714285714285
0.0685299095155358 0.14285714285714285
0.0685299095155358 0.14285714285714285
0.0685299095155358 0.14285714285714285
0.0685299095155358 0.14285714285714285
0.0685299095155358 0.14285714285714285
0.0685299095155358 0.14285714285714285
0.0685299095155358 0.14285714285714285
0.0685299095155358 0.14285714285714285
0.0685299095155358 0.14285714285714285
0.0685299095155358 0.14285714285714285
0.0685299095155358 0.14285714285714285
0.0685299095155358 0.14285714285714285
0.0685299095155358 0.14285714285714285
0.0685299095155358 0.14285714285714285
0.0850902090015598 0.14285717181165408
0.0850902090015598 0.14285717181165408
0.0850902090015598 0.14285717181165408
0.0850902090015598 0.14285717181165408
0.0850902090015598 0.14285717181165408
0.0850902090015598 0.14285717181165408
0.301541771028424 0.14285714285714285
0.301541771028424 0.14285714285714285
0.301541771028424 0.14285714285714285
0.301541771028424 0.14285714285714285
0.301541771028424 0.14285714285714285
0.301541771028424 0.14285714285714285
0.301541771028424 0.14285714285714285
0.301541771028424 0.14285714285714285
0.301541771028424 0.14285714285714285
0.301541771028424 0.14285714285714285
0.301541771028424 0.14285714285714285
0.301541771028424 0.14285714285714285
0.301541771028424 0.14285714285714285
0.301541771028424 0.14285714285714285
0.301541771028424 0.14285714285714285
0.301541771028424 0.14285714285714285
0.301541771028424 0.14285714285714285
0.301541771028424 0.14285714285714285
0.301541771028424 0.14285714285714285
0.301541771028424 0.14285714285714285
0.301541771028424 0.14285714285714285
0.301541771028424 0.14285714285714285
0.301541771028424 0.14285714285714285
0.08228535325044566 0.14285714285714285
0.08228535325044566 0.14285714285714285
0.08228535325044566 0.14285714285714285
0.08228535325044566 0.14285714285714285
0.08228535325044566 0.14285714285714285
0.08228535325044566 0.14285714285714285
0.08228535325044566 0.14285714285714285
0.08228535325044566 0.14285714285714285
0.08228535325044566 0.14285714285714285
0.08228535325044566 0.14285714285714285
0.08228535325044566 0.14285714285714285
0.08228535325044566 0.14285714285714285
0.08228535325044566 0.14285714285714285
0.08228535325044566 0.14285714285714285
0.08228535325044566 0.14285714285714285
0.08228535325044566 0.14285714285714285
0.08228535325044566 0.14285714285714285
0.08228535325044566 0.14285714285714285
0.08228535325044566 0.14285714285714285
0.08228535325044566 0.14285714285714285
0.08228535325044566 0.14285714285714285
0.08228535325044566 0.14285714285714285
0.08228535325044566 0.14285714285714285
0.061571180359681385 0.14285714285714285
0.061571180359681385 0.14285714285714285
0.061571180359681385 0.14285714285714285
0.061571180359681385 0.14285714285714285
0.061571180359681385 0.14285714285714285
0.061571180359681385 0.14285714285714285
0.061571180359681385 0.14285714285714285
0.061571180359681385 0.14285714285714285
0.061571180359681385 0.14285714285714285
0.061571180359681385 0.14285714285714285
0.061571180359681385 0.14285714285714285
0.061571180359681385 0.14285714285714285
0.061571180359681385 0.14285714285714285
0.061571180359681385 0.14285714285714285
0.061571180359681385 0.14285714285714285
0.061571180359681385 0.14285714285714285
0.061571180359681385 0.14285714285714285
0.061571180359681385 0.14285714285714285
0.061571180359681385 0.14285714285714285
0.061571180359681385 0.14285714285714285
0.061571180359681385 0.14285714285714285
0.061571180359681385 0.14285714285714285
0.061571180359681385 0.14285714285714285
0.2238328590338356 0.14285717181165408
0.2238328590338356 0.14285717181165408
0.2238328590338356 0.14285717181165408
0.2238328590338356 0.14285717181165408
0.2238328590338356 0.14285717181165408
0.2238328590338356 0.14285717181165408
0.07674320763768709 0.14285717181165408
0.07674320763768709 0.14285717181165408
0.07674320763768709 0.14285717181165408
0.07674320763768709 0.14285717181165408
0.07674320763768709 0.14285717181165408
0.07674320763768709 0.14285717181165408
0.09029552241051214 0.14285714285714285
0.09029552241051214 0.14285714285714285
0.09029552241051214 0.14285714285714285
0.09029552241051214 0.14285714285714285
0.09029552241051214 0.14285714285714285
0.09029552241051214 0.14285714285714285
0.09029552241051214 0.14285714285714285
0.09029552241051214 0.14285714285714285
0.09029552241051214 0.14285714285714285
0.09029552241051214 0.14285714285714285
0.09029552241051214 0.14285714285714285
0.09029552241051214 0.14285714285714285
0.09029552241051214 0.14285714285714285
0.09029552241051214 0.14285714285714285
0.09029552241051214 0.14285714285714285
0.09029552241051214 0.14285714285714285
0.09029552241051214 0.14285714285714285
0.09029552241051214 0.14285714285714285
0.09029552241051214 0.14285714285714285
0.09029552241051214 0.14285714285714285
0.09029552241051214 0.14285714285714285
0.09029552241051214 0.14285714285714285
0.09029552241051214 0.14285714285714285
0.23462802084978676 0.14285714285714285
0.23462802084978676 0.14285714285714285
0.23462802084978676 0.14285714285714285
0.23462802084978676 0.14285714285714285
0.23462802084978676 0.14285714285714285
0.23462802084978676 0.14285714285714285
0.23462802084978676 0.14285714285714285
0.23462802084978676 0.14285714285714285
0.23462802084978676 0.14285714285714285
0.23462802084978676 0.14285714285714285
0.23462802084978676 0.14285714285714285
0.23462802084978676 0.14285714285714285
0.23462802084978676 0.14285714285714285
0.23462802084978676 0.14285714285714285
0.23462802084978676 0.14285714285714285
0.23462802084978676 0.14285714285714285
0.23462802084978676 0.14285714285714285
0.23462802084978676 0.14285714285714285
0.23462802084978676 0.14285714285714285
0.23462802084978676 0.14285714285714285
0.23462802084978676 0.14285714285714285
0.23462802084978676 0.14285714285714285
0.23462802084978676 0.14285714285714285
0.07899993230588713 0.14285714285714285
0.07899993230588713 0.14285714285714285
0.07899993230588713 0.14285714285714285
0.07899993230588713 0.14285714285714285
0.07899993230588713 0.14285714285714285
0.07899993230588713 0.14285714285714285
0.07899993230588713 0.14285714285714285
0.07899993230588713 0.14285714285714285
0.07899993230588713 0.14285714285714285
0.07899993230588713 0.14285714285714285
0.07899993230588713 0.14285714285714285
0.07899993230588713 0.14285714285714285
0.07899993230588713 0.14285714285714285
0.07899993230588713 0.14285714285714285
0.07899993230588713 0.14285714285714285
0.07899993230588713 0.14285714285714285
0.07899993230588713 0.14285714285714285
0.07899993230588713 0.14285714285714285
0.07899993230588713 0.14285714285714285
0.07899993230588713 0.14285714285714285
0.07899993230588713 0.14285714285714285
0.07899993230588713 0.14285714285714285
0.07899993230588713 0.14285714285714285
0.226156328271318 0.14285714285714285
0.226156328271318 0.14285714285714285
0.226156328271318 0.14285714285714285
0.226156328271318 0.14285714285714285
0.226156328271318 0.14285714285714285
0.226156328271318 0.14285714285714285
0.226156328271318 0.14285714285714285
0.226156328271318 0.14285714285714285
0.226156328271318 0.14285714285714285
0.226156328271318 0.14285714285714285
0.226156328271318 0.14285714285714285
0.226156328271318 0.14285714285714285
0.226156328271318 0.14285714285714285
0.226156328271318 0.14285714285714285
0.226156328271318 0.14285714285714285
0.226156328271318 0.14285714285714285
0.226156328271318 0.14285714285714285
0.226156328271318 0.14285714285714285
0.226156328271318 0.14285714285714285
0.226156328271318 0.14285714285714285
0.226156328271318 0.14285714285714285
0.226156328271318 0.14285714285714285
0.226156328271318 0.14285714285714285
0.07632186390911534 0.14285717181165408
0.07632186390911534 0.14285717181165408
0.07632186390911534 0.14285717181165408
0.07632186390911534 0.14285717181165408
0.07632186390911534 0.14285717181165408
0.07632186390911534 0.14285717181165408
0.301541771028424 0.14285714285714285
0.301541771028424 0.14285714285714285
0.301541771028424 0.14285714285714285
0.301541771028424 0.14285714285714285
0.301541771028424 0.14285714285714285
0.301541771028424 0.14285714285714285
0.301541771028424 0.14285714285714285
0.301541771028424 0.14285714285714285
0.301541771028424 0.14285714285714285
0.301541771028424 0.14285714285714285
0.301541771028424 0.14285714285714285
0.301541771028424 0.14285714285714285
0.301541771028424 0.14285714285714285
0.301541771028424 0.14285714285714285
0.301541771028424 0.14285714285714285
0.301541771028424 0.14285714285714285
0.301541771028424 0.14285714285714285
0.301541771028424 0.14285714285714285
0.301541771028424 0.14285714285714285
0.301541771028424 0.14285714285714285
0.301541771028424 0.14285714285714285
0.301541771028424 0.14285714285714285
0.301541771028424 0.14285714285714285
0.3116817474107002 0.14285714285714285
0.3116817474107002 0.14285714285714285
0.3116817474107002 0.14285714285714285
0.3116817474107002 0.14285714285714285
0.3116817474107002 0.14285714285714285
0.3116817474107002 0.14285714285714285
0.3116817474107002 0.14285714285714285
0.3116817474107002 0.14285714285714285
0.3116817474107002 0.14285714285714285
0.3116817474107002 0.14285714285714285
0.3116817474107002 0.14285714285714285
0.3116817474107002 0.14285714285714285
0.3116817474107002 0.14285714285714285
0.3116817474107002 0.14285714285714285
0.3116817474107002 0.14285714285714285
0.3116817474107002 0.14285714285714285
0.3116817474107002 0.14285714285714285
0.3116817474107002 0.14285714285714285
0.3116817474107002 0.14285714285714285
0.3116817474107002 0.14285714285714285
0.3116817474107002 0.14285714285714285
0.3116817474107002 0.14285714285714285
0.3116817474107002 0.14285714285714285
0.29788202040701844 0.14285717181165408
0.29788202040701844 0.14285717181165408
0.29788202040701844 0.14285717181165408
0.29788202040701844 0.14285717181165408
0.29788202040701844 0.14285717181165408
0.29788202040701844 0.14285717181165408
0.0688846970804417 0.14285717181165408
0.0688846970804417 0.14285717181165408
0.0688846970804417 0.14285717181165408
0.0688846970804417 0.14285717181165408
0.0688846970804417 0.14285717181165408
0.0688846970804417 0.14285717181165408
0.22534165890121594 0.14285717181165408
0.22534165890121594 0.14285717181165408
0.22534165890121594 0.14285717181165408
0.22534165890121594 0.14285717181165408
0.22534165890121594 0.14285717181165408
0.22534165890121594 0.14285717181165408
0.0850902090015598 0.14285717181165408
0.0850902090015598 0.14285717181165408
0.0850902090015598 0.14285717181165408
0.0850902090015598 0.14285717181165408
0.0850902090015598 0.14285717181165408
0.0850902090015598 0.14285717181165408
0.2422330031364939 0.14285714285714285
0.2422330031364939 0.14285714285714285
0.2422330031364939 0.14285714285714285
0.2422330031364939 0.14285714285714285
0.2422330031364939 0.14285714285714285
0.2422330031364939 0.14285714285714285
0.2422330031364939 0.14285714285714285
0.2422330031364939 0.14285714285714285
0.2422330031364939 0.14285714285714285
0.2422330031364939 0.14285714285714285
0.2422330031364939 0.14285714285714285
0.2422330031364939 0.14285714285714285
0.2422330031364939 0.14285714285714285
0.2422330031364939 0.14285714285714285
0.2422330031364939 0.14285714285714285
0.2422330031364939 0.14285714285714285
0.2422330031364939 0.14285714285714285
0.2422330031364939 0.14285714285714285
0.2422330031364939 0.14285714285714285
0.2422330031364939 0.14285714285714285
0.2422330031364939 0.14285714285714285
0.2422330031364939 0.14285714285714285
0.2422330031364939 0.14285714285714285
0.093716892178705 0.14285717181165408
0.093716892178705 0.14285717181165408
0.093716892178705 0.14285717181165408
0.093716892178705 0.14285717181165408
0.093716892178705 0.14285717181165408
0.093716892178705 0.14285717181165408
0.2269645959789697 0.14285714285714285
0.2269645959789697 0.14285714285714285
0.2269645959789697 0.14285714285714285
0.2269645959789697 0.14285714285714285
0.2269645959789697 0.14285714285714285
0.2269645959789697 0.14285714285714285
0.2269645959789697 0.14285714285714285
0.2269645959789697 0.14285714285714285
0.2269645959789697 0.14285714285714285
0.2269645959789697 0.14285714285714285
0.2269645959789697 0.14285714285714285
0.2269645959789697 0.14285714285714285
0.2269645959789697 0.14285714285714285
0.2269645959789697 0.14285714285714285
0.2269645959789697 0.14285714285714285
0.2269645959789697 0.14285714285714285
0.2269645959789697 0.14285714285714285
0.2269645959789697 0.14285714285714285
0.2269645959789697 0.14285714285714285
0.2269645959789697 0.14285714285714285
0.2269645959789697 0.14285714285714285
0.2269645959789697 0.14285714285714285
0.2269645959789697 0.14285714285714285
0.4271114281480216 0.14285717181165408
0.4271114281480216 0.14285717181165408
0.4271114281480216 0.14285717181165408
0.4271114281480216 0.14285717181165408
0.4271114281480216 0.14285717181165408
0.4271114281480216 0.14285717181165408
0.2867526852551882 0.14285717181165408
0.2867526852551882 0.14285717181165408
0.2867526852551882 0.14285717181165408
0.2867526852551882 0.14285717181165408
0.2867526852551882 0.14285717181165408
0.2867526852551882 0.14285717181165408
0.23863539890136665 0.14285717181165408
0.23863539890136665 0.14285717181165408
0.23863539890136665 0.14285717181165408
0.23863539890136665 0.14285717181165408
0.23863539890136665 0.14285717181165408
0.23863539890136665 0.14285717181165408
0.07613489180224293 0.14285714285714285
0.07613489180224293 0.14285714285714285
0.07613489180224293 0.14285714285714285
0.07613489180224293 0.14285714285714285
0.07613489180224293 0.14285714285714285
0.07613489180224293 0.14285714285714285
0.07613489180224293 0.14285714285714285
0.07613489180224293 0.14285714285714285
0.07613489180224293 0.14285714285714285
0.07613489180224293 0.14285714285714285
0.07613489180224293 0.14285714285714285
0.07613489180224293 0.14285714285714285
0.07613489180224293 0.14285714285714285
0.07613489180224293 0.14285714285714285
0.07613489180224293 0.14285714285714285
0.07613489180224293 0.14285714285714285
0.07613489180224293 0.14285714285714285
0.07613489180224293 0.14285714285714285
0.07613489180224293 0.14285714285714285
0.07613489180224293 0.14285714285714285
0.07613489180224293 0.14285714285714285
0.07613489180224293 0.14285714285714285
0.07613489180224293 0.14285714285714285
0.09975075205564668 0.14285717181165408
0.09975075205564668 0.14285717181165408
0.09975075205564668 0.14285717181165408
0.09975075205564668 0.14285717181165408
0.09975075205564668 0.14285717181165408
0.09975075205564668 0.14285717181165408
0.07532662409459125 0.14285714285714285
0.07532662409459125 0.14285714285714285
0.07532662409459125 0.14285714285714285
0.07532662409459125 0.14285714285714285
0.07532662409459125 0.14285714285714285
0.07532662409459125 0.14285714285714285
0.07532662409459125 0.14285714285714285
0.07532662409459125 0.14285714285714285
0.07532662409459125 0.14285714285714285
0.07532662409459125 0.14285714285714285
0.07532662409459125 0.14285714285714285
0.07532662409459125 0.14285714285714285
0.07532662409459125 0.14285714285714285
0.07532662409459125 0.14285714285714285
0.07532662409459125 0.14285714285714285
0.07532662409459125 0.14285714285714285
0.07532662409459125 0.14285714285714285
0.07532662409459125 0.14285714285714285
0.07532662409459125 0.14285714285714285
0.07532662409459125 0.14285714285714285
0.07532662409459125 0.14285714285714285
0.07532662409459125 0.14285714285714285
0.07532662409459125 0.14285714285714285