1.7102904180970903e-05 1.3984796733974894e-05
2.010315197797246e-05 1.3985104533561287e-05
2.114955098653497e-05 1.3986381352768308e-05
3.594994454641204e-05 1.398714597870106e-05
1.0179605527265393e-05 1.3986239910742203e-05
1.8300515894268668e-05 1.3986241557758155e-05
1.24271156567352e-05 1.3985289454070158e-05
4.186993088973928e-05 1.3984409487982524e-05
2.6889744409390564e-05 1.398505766551959e-05
3.0983371602523036e-05 1.3984589033954293e-05
3.0983371602523036e-05 1.3984589033954293e-05
3.751722306147181e-05 1.398925514763174e-05
1.4312936532494254e-05 1.3985609330381728e-05
1.4312936532494254e-05 1.3985609330381728e-05
1.4312936532494254e-05 1.3985609330381728e-05
1.4312936532494254e-05 1.3985609330381728e-05
1.4312936532494254e-05 1.3985609330381728e-05
1.4312936532494254e-05 1.3985609330381728e-05
1.4312936532494254e-05 1.3985609330381728e-05
1.4312936532494254e-05 1.3985609330381728e-05
1.4312936532494254e-05 1.3985609330381728e-05
1.4312936532494254e-05 1.3985609330381728e-05
1.4312936532494254e-05 1.3985609330381728e-05
1.4312936532494254e-05 1.3985609330381728e-05
1.4312936532494254e-05 1.3985609330381728e-05
1.4312936532494254e-05 1.3985609330381728e-05
1.4312936532494254e-05 1.3985609330381728e-05
1.4312936532494254e-05 1.3985609330381728e-05
4.186993088973928e-05 1.3984409487982524e-05
1.884728010369764e-05 1.3985969991640252e-05
2.387946112329901e-05 1.3986217321811916e-05
1.884728010369764e-05 1.3985969991640252e-05
1.4672582018909492e-05 1.398836946515793e-05
1.24271156567352e-05 1.3985289454070158e-05
2.3887497677758993e-05 1.398585307212193e-05
1.7102904180970903e-05 1.3986178471984146e-05
4.342363783281557e-05 1.3985137778574029e-05
4.186993088973928e-05 1.398318513508177e-05
1.3661859232652615e-05 1.3985530790399907e-05
5.764082236242123e-05 1.3981790837147258e-05
5.764082236242123e-05 1.3981790837147258e-05
5.764082236242123e-05 1.3981790837147258e-05
5.764082236242123e-05 1.3981790837147258e-05
1.8372934161019708e-05 1.39847988130309e-05
1.8372934161019708e-05 1.39847988130309e-05
1.8372934161019708e-05 1.39847988130309e-05
1.3169022194588854e-05 1.3985222230024343e-05
1.24271156567352e-05 1.3986055458724291e-05
1.24271156567352e-05 1.3986055458724291e-05
9.584475881915744e-05 1.3987011183809455e-05