0.11008062809497608 3.724552418842849e-05
0.014615693909510306 3.724552418842849e-05
0.014524696322004486 3.724552418842849e-05
0.014087696279680028 3.724552418842849e-05
0.11008062809497608 3.724552418842849e-05
0.014524696322004486 3.724552418842849e-05
0.11008062809497608 3.724552418842849e-05
0.01496592881025945 3.724552418842849e-05
0.014524696322004486 3.724552418842849e-05
0.11008062809497608 3.724552418842849e-05
0.11008062809497608 3.724552418842849e-05
0.01402279877541231 3.724552418842849e-05
0.014615693909510306 3.724552418842849e-05
0.11008062809497608 3.724552418842849e-05
0.11008062809497608 3.724552418842849e-05
0.11008062809497608 3.724552418842849e-05
0.11008062809497608 3.724552418842849e-05
0.01496592881025945 3.724552418842849e-05
0.11008062809497608 3.724552418842849e-05
0.11008062809497608 3.724552418842849e-05
0.015022361422666159 3.724552418842849e-05
0.01496592881025945 3.724552418842849e-05
0.11008062809497608 3.724552418842849e-05
0.014087696279680028 3.724552418842849e-05
0.11008062809497608 3.724552418842849e-05
0.01402279877541231 3.724552418842849e-05
0.11008062809497608 3.724552418842849e-05
0.11008062809497608 3.724552418842849e-05
0.11008062809497608 3.724552418842849e-05
0.11008062809497608 3.724552418842849e-05
0.014087696279680028 3.724552418842849e-05
0.013116349938629535 3.724552418842849e-05
0.11008062809497608 3.724552418842849e-05
0.11008062809497608 3.724552418842849e-05
0.11008062809497608 3.724552418842849e-05
0.11008062809497608 3.724552418842849e-05
0.11008062809497608 3.724552418842849e-05
0.11008062809497608 3.724552418842849e-05
0.11008062809497608 3.724552418842849e-05
0.015022361422666159 3.724552418842849e-05
1.1850848605409065e-05 3.724552418842849e-05
0.014087696279680028 3.724552418842849e-05
2.920387692047234e-05 3.724552418842849e-05
0.014087696279680028 3.724552418842849e-05
0.015022361422666159 3.724552418842849e-05
0.01496592881025945 3.724552418842849e-05
0.014524696322004486 3.724552418842849e-05
0.014524696322004486 3.724552418842849e-05
0.11216616582723156 3.724552418842849e-05
0.11216616582723156 3.724552418842849e-05