8.4792198482556e-06 8.457918337096204e-06
3.3404441670824524e-06 8.458090988694558e-06
3.3404441670824524e-06 8.458090988694558e-06
3.3404441670824524e-06 8.458090988694558e-06
3.3404441670824524e-06 8.458090988694558e-06
3.3404441670824524e-06 8.458090988694558e-06
8.596900746404436e-06 8.457826537134937e-06
8.596900746404436e-06 8.457826537134937e-06
1.0241555858506629e-05 8.457837886811337e-06
1.0241555858506629e-05 8.457837886811337e-06
1.0241555858506629e-05 8.457837886811337e-06
1.0241555858506629e-05 8.457837886811337e-06
1.0241555858506629e-05 8.457837886811337e-06
8.325185340843292e-06 8.45778620183356e-06
8.325185340843292e-06 8.45778620183356e-06
9.259320692520081e-06 8.457824055174536e-06
9.259320692520081e-06 8.457824055174536e-06
9.259320692520081e-06 8.457824055174536e-06
9.259320692520081e-06 8.457824055174536e-06
9.259320692520081e-06 8.457824055174536e-06
9.825850072965597e-06 8.45779084087927e-06
9.825850072965597e-06 8.45779084087927e-06
9.825850072965597e-06 8.45779084087927e-06
9.825850072965597e-06 8.45779084087927e-06
9.825850072965597e-06 8.45779084087927e-06
9.51429458494366e-06 8.457810773687107e-06
9.51429458494366e-06 8.457810773687107e-06
9.51429458494366e-06 8.457810773687107e-06
9.51429458494366e-06 8.457810773687107e-06
9.51429458494366e-06 8.457810773687107e-06
9.524192392449695e-06 8.457663619578828e-06
9.524192392449695e-06 8.457663619578828e-06
9.524192392449695e-06 8.457663619578828e-06
9.524192392449695e-06 8.457663619578828e-06
9.524192392449695e-06 8.457663619578828e-06
1.0540404163632553e-05 8.457822176329131e-06
1.0540404163632553e-05 8.457822176329131e-06
1.0540404163632553e-05 8.457822176329131e-06
1.0540404163632553e-05 8.457822176329131e-06
1.0540404163632553e-05 8.457822176329131e-06
1.0540404163632553e-05 8.457822176329131e-06
1.0540404163632553e-05 8.457822176329131e-06
1.0540404163632553e-05 8.457822176329131e-06
1.0540404163632553e-05 8.457822176329131e-06
1.0540404163632553e-05 8.457822176329131e-06
1.0540404163632553e-05 8.457822176329131e-06
1.0540404163632553e-05 8.457822176329131e-06
1.0540404163632553e-05 8.457822176329131e-06
1.0540404163632553e-05 8.457822176329131e-06
1.0540404163632553e-05 8.457822176329131e-06
1.0540404163632553e-05 8.457822176329131e-06
1.0540404163632553e-05 8.457822176329131e-06
1.0540404163632553e-05 8.457822176329131e-06
1.0540404163632553e-05 8.457822176329131e-06
1.0540404163632553e-05 8.457822176329131e-06
1.0540404163632553e-05 8.457822176329131e-06
1.0540404163632553e-05 8.457822176329131e-06
1.0540404163632553e-05 8.457822176329131e-06
1.0540404163632553e-05 8.457822176329131e-06
1.0540404163632553e-05 8.457822176329131e-06
1.0540404163632553e-05 8.457822176329131e-06
1.0540404163632553e-05 8.457822176329131e-06
1.0540404163632553e-05 8.457822176329131e-06
1.0540404163632553e-05 8.457822176329131e-06
1.0540404163632553e-05 8.457822176329131e-06
1.0540404163632553e-05 8.457822176329131e-06
1.0540404163632553e-05 8.457822176329131e-06
1.0540404163632553e-05 8.457822176329131e-06
1.0540404163632553e-05 8.457822176329131e-06
1.0540404163632553e-05 8.457822176329131e-06
1.0540404163632553e-05 8.457822176329131e-06
1.0540404163632553e-05 8.457822176329131e-06
1.0540404163632553e-05 8.457822176329131e-06
1.0540404163632553e-05 8.457822176329131e-06
1.0540404163632553e-05 8.457822176329131e-06
1.0540404163632553e-05 8.457822176329131e-06
1.0540404163632553e-05 8.457822176329131e-06
1.0540404163632553e-05 8.457822176329131e-06
1.0540404163632553e-05 8.457822176329131e-06
1.0540404163632553e-05 8.457822176329131e-06
1.0540404163632553e-05 8.457822176329131e-06
1.0540404163632553e-05 8.457822176329131e-06
1.0540404163632553e-05 8.457822176329131e-06
1.0540404163632553e-05 8.457822176329131e-06
1.0540404163632553e-05 8.457822176329131e-06
1.0540404163632553e-05 8.457822176329131e-06
1.0540404163632553e-05 8.457822176329131e-06
1.0540404163632553e-05 8.457822176329131e-06
1.0540404163632553e-05 8.457822176329131e-06
1.0540404163632553e-05 8.457822176329131e-06
1.0540404163632553e-05 8.457822176329131e-06
1.0540404163632553e-05 8.457822176329131e-06
1.0540404163632553e-05 8.457822176329131e-06
1.0540404163632553e-05 8.457822176329131e-06
1.0540404163632553e-05 8.457822176329131e-06
1.0540404163632553e-05 8.457822176329131e-06
1.0540404163632553e-05 8.457822176329131e-06
1.0540404163632553e-05 8.457822176329131e-06
1.0540404163632553e-05 8.457822176329131e-06
1.0540404163632553e-05 8.457822176329131e-06
1.0540404163632553e-05 8.457822176329131e-06
1.0540404163632553e-05 8.457822176329131e-06
1.0540404163632553e-05 8.457822176329131e-06
1.0540404163632553e-05 8.457822176329131e-06
1.0540404163632553e-05 8.457822176329131e-06
1.0540404163632553e-05 8.457822176329131e-06
1.0540404163632553e-05 8.457822176329131e-06
1.0540404163632553e-05 8.457822176329131e-06
1.0540404163632553e-05 8.457822176329131e-06
1.0540404163632553e-05 8.457822176329131e-06
1.0540404163632553e-05 8.457822176329131e-06
1.0540404163632553e-05 8.457822176329131e-06
1.0540404163632553e-05 8.457822176329131e-06
1.0540404163632553e-05 8.457822176329131e-06
1.0540404163632553e-05 8.457822176329131e-06
8.142483005228569e-06 8.457769126091546e-06
8.142483005228569e-06 8.457769126091546e-06
8.479119107744112e-06 8.457810452872082e-06
8.479119107744112e-06 8.457810452872082e-06
8.479119107744112e-06 8.457810452872082e-06
8.479119107744112e-06 8.457810452872082e-06
8.479119107744112e-06 8.457810452872082e-06
8.479119107744112e-06 8.457810452872082e-06
8.479119107744112e-06 8.457810452872082e-06
8.479119107744112e-06 8.457810452872082e-06
8.479119107744112e-06 8.457810452872082e-06
8.479119107744112e-06 8.457810452872082e-06
8.479119107744112e-06 8.457810452872082e-06
8.479119107744112e-06 8.457810452872082e-06
8.479119107744112e-06 8.457810452872082e-06
8.479119107744112e-06 8.457810452872082e-06
8.479119107744112e-06 8.457810452872082e-06
8.479119107744112e-06 8.457810452872082e-06
8.480958484174948e-06 8.457804531971131e-06
8.7198836728386e-06 8.45779064314946e-06
8.7198836728386e-06 8.45779064314946e-06
8.480384042643254e-06 8.457810249436539e-06
8.480384042643254e-06 8.457810249436539e-06
8.480384042643254e-06 8.457810249436539e-06
8.480384042643254e-06 8.457810249436539e-06
8.480384042643254e-06 8.457810249436539e-06
8.480384042643254e-06 8.457810249436539e-06
8.480384042643254e-06 8.457810249436539e-06
8.480384042643254e-06 8.457810249436539e-06
8.480384042643254e-06 8.457810249436539e-06
8.480384042643254e-06 8.457810249436539e-06
8.480384042643254e-06 8.457810249436539e-06
8.480384042643254e-06 8.457810249436539e-06
8.480384042643254e-06 8.457810249436539e-06
8.480384042643254e-06 8.457810249436539e-06
8.480384042643254e-06 8.457810249436539e-06
8.480384042643254e-06 8.457810249436539e-06
8.540681577458566e-06 8.457828632396383e-06
8.540681577458566e-06 8.457828632396383e-06
9.688614998711881e-06 8.457875352470935e-06
9.688614998711881e-06 8.457875352470935e-06
9.688614998711881e-06 8.457875352470935e-06
9.688614998711881e-06 8.457875352470935e-06
9.688614998711881e-06 8.457875352470935e-06
8.479938068082855e-06 8.457788008661389e-06
8.247412415330532e-06 8.457773249592095e-06
8.247412415330532e-06 8.457773249592095e-06
8.452738582040535e-06 8.4578073428195e-06
9.078478752238476e-06 8.457712628420679e-06
9.078478752238476e-06 8.457712628420679e-06
8.452738582040535e-06 8.45780875149462e-06
1.0601669984960183e-05 8.45785377770349e-06
1.0601669984960183e-05 8.45785377770349e-06
1.0601669984960183e-05 8.45785377770349e-06
1.0601669984960183e-05 8.45785377770349e-06
1.0601669984960183e-05 8.45785377770349e-06
1.0601669984960183e-05 8.45785377770349e-06
1.0601669984960183e-05 8.45785377770349e-06
1.0601669984960183e-05 8.45785377770349e-06
1.0601669984960183e-05 8.45785377770349e-06
1.0601669984960183e-05 8.45785377770349e-06
1.0601669984960183e-05 8.45785377770349e-06
1.0601669984960183e-05 8.45785377770349e-06
1.0601669984960183e-05 8.45785377770349e-06
1.0601669984960183e-05 8.45785377770349e-06
1.0601669984960183e-05 8.45785377770349e-06
8.483549004882228e-06 8.457757963895782e-06
8.480958484174948e-06 8.457900725161768e-06
8.468154727443298e-06 8.45775665836853e-06
8.4812895867083e-06 8.457747312687651e-06
8.481275066293646e-06 8.457796200104752e-06
8.457576799544868e-06 8.457824899084595e-06
8.457576799544868e-06 8.457824899084595e-06
8.457576799544868e-06 8.457824899084595e-06
9.911034211748721e-06 8.457803991282874e-06
9.911034211748721e-06 8.457803991282874e-06
9.911034211748721e-06 8.457803991282874e-06
9.911034211748721e-06 8.457803991282874e-06
9.911034211748721e-06 8.457803991282874e-06
8.480403804191604e-06 8.457829407102007e-06
8.474369652753035e-06 8.45776708475266e-06
8.474369652753035e-06 8.45776708475266e-06
8.638523443202573e-06 8.457786553631047e-06
8.638523443202573e-06 8.457786553631047e-06
8.641146365688623e-06 8.45780308487226e-06
8.641146365688623e-06 8.45780308487226e-06
9.825850072965597e-06 8.457711070163903e-06
9.825850072965597e-06 8.457711070163903e-06
9.825850072965597e-06 8.457711070163903e-06
9.825850072965597e-06 8.457711070163903e-06
9.825850072965597e-06 8.457711070163903e-06
1.018218810208348e-05 8.457765668478546e-06
1.018218810208348e-05 8.457765668478546e-06
1.018218810208348e-05 8.457765668478546e-06
1.018218810208348e-05 8.457765668478546e-06
1.018218810208348e-05 8.457765668478546e-06
8.907740262835134e-06 8.45780181210775e-06
8.907740262835134e-06 8.45780181210775e-06
8.480242353205984e-06 8.457782175946573e-06
8.510692702253676e-06 8.457730319528818e-06
8.510692702253676e-06 8.457730319528818e-06
8.510692702253676e-06 8.457730319528818e-06
8.510692702253676e-06 8.457730319528818e-06
8.510692702253676e-06 8.457730319528818e-06
8.510692702253676e-06 8.457730319528818e-06
8.510692702253676e-06 8.457730319528818e-06
8.510692702253676e-06 8.457730319528818e-06
8.510692702253676e-06 8.457730319528818e-06
8.510692702253676e-06 8.457730319528818e-06
8.641146365688623e-06 8.457793564329528e-06
8.641146365688623e-06 8.457793564329528e-06
1.0338276257723437e-05 8.457817464196292e-06
1.0338276257723437e-05 8.457817464196292e-06
1.0338276257723437e-05 8.457817464196292e-06
1.0338276257723437e-05 8.457817464196292e-06
1.0338276257723437e-05 8.457817464196292e-06
9.988324444198736e-06 8.457838190787528e-06
9.988324444198736e-06 8.457838190787528e-06
9.988324444198736e-06 8.457838190787528e-06
9.988324444198736e-06 8.457838190787528e-06
9.988324444198736e-06 8.457838190787528e-06
8.480432615857997e-06 8.4577992952206e-06
8.463567952647284e-06 8.457796809064895e-06
8.240562172626124e-06 8.457627108018762e-06
9.274635883425188e-06 8.45775098712054e-06
9.274635883425188e-06 8.45775098712054e-06
9.274635883425188e-06 8.45775098712054e-06
9.274635883425188e-06 8.45775098712054e-06
9.274635883425188e-06 8.45775098712054e-06
8.906260141491765e-06 8.457789229982598e-06
8.906260141491765e-06 8.457789229982598e-06
8.906260141491765e-06 8.457789229982598e-06
8.906260141491765e-06 8.457789229982598e-06
8.906260141491765e-06 8.457789229982598e-06
8.906260141491765e-06 8.457789229982598e-06
8.906260141491765e-06 8.457789229982598e-06
8.906260141491765e-06 8.457789229982598e-06
8.906260141491765e-06 8.457789229982598e-06
8.906260141491765e-06 8.457789229982598e-06
8.906260141491765e-06 8.457789229982598e-06
8.906260141491765e-06 8.457789229982598e-06
8.906260141491765e-06 8.457789229982598e-06
8.906260141491765e-06 8.457789229982598e-06
8.906260141491765e-06 8.457789229982598e-06
8.906260141491765e-06 8.457789229982598e-06
8.906260141491765e-06 8.457789229982598e-06
8.906260141491765e-06 8.457789229982598e-06
8.906260141491765e-06 8.457789229982598e-06
8.906260141491765e-06 8.457789229982598e-06
8.906260141491765e-06 8.457789229982598e-06
8.906260141491765e-06 8.457789229982598e-06
8.906260141491765e-06 8.457789229982598e-06
8.906260141491765e-06 8.457789229982598e-06
8.906260141491765e-06 8.457789229982598e-06
8.906260141491765e-06 8.457789229982598e-06
8.906260141491765e-06 8.457789229982598e-06
8.906260141491765e-06 8.457789229982598e-06
8.906260141491765e-06 8.457789229982598e-06
8.906260141491765e-06 8.457789229982598e-06
8.906260141491765e-06 8.457789229982598e-06
8.906260141491765e-06 8.457789229982598e-06
8.480958484174948e-06 8.457804531971131e-06
8.486880431154197e-06 8.45781169804646e-06
7.87136479552713e-06 8.457712268678009e-06
7.87136479552713e-06 8.457712268678009e-06
7.87136479552713e-06 8.457712268678009e-06
7.87136479552713e-06 8.457712268678009e-06
7.87136479552713e-06 8.457712268678009e-06
7.87136479552713e-06 8.457712268678009e-06
7.87136479552713e-06 8.457712268678009e-06
7.87136479552713e-06 8.457712268678009e-06
7.87136479552713e-06 8.457712268678009e-06
7.87136479552713e-06 8.457712268678009e-06
7.87136479552713e-06 8.457712268678009e-06
7.87136479552713e-06 8.457712268678009e-06
7.87136479552713e-06 8.457712268678009e-06
7.87136479552713e-06 8.457712268678009e-06
7.87136479552713e-06 8.457712268678009e-06
7.87136479552713e-06 8.457712268678009e-06
7.87136479552713e-06 8.457712268678009e-06
7.87136479552713e-06 8.457712268678009e-06
7.87136479552713e-06 8.457712268678009e-06
7.87136479552713e-06 8.457712268678009e-06
8.641146365688623e-06 8.457793564329528e-06
8.641146365688623e-06 8.457793564329528e-06
8.171779513269155e-06 8.457718756891258e-06
8.171779513269155e-06 8.457718756891258e-06
8.171779513269155e-06 8.457718756891258e-06
8.171779513269155e-06 8.457718756891258e-06
8.171779513269155e-06 8.457718756891258e-06
8.171779513269155e-06 8.457718756891258e-06
8.171779513269155e-06 8.457718756891258e-06
8.171779513269155e-06 8.457718756891258e-06
1.0072244497285991e-05 8.45781211564907e-06
1.0072244497285991e-05 8.45781211564907e-06
1.0072244497285991e-05 8.45781211564907e-06
1.0072244497285991e-05 8.45781211564907e-06
1.0072244497285991e-05 8.45781211564907e-06
9.825850072965597e-06 8.457711070163903e-06
9.825850072965597e-06 8.457711070163903e-06
9.825850072965597e-06 8.457711070163903e-06
9.825850072965597e-06 8.457711070163903e-06
9.825850072965597e-06 8.457711070163903e-06
8.638523443202573e-06 8.457786553631047e-06
8.638523443202573e-06 8.457786553631047e-06
8.641146365688623e-06 8.45780308487226e-06
8.641146365688623e-06 8.45780308487226e-06
8.461388801164823e-06 8.45777577689774e-06
8.461388801164823e-06 8.45777577689774e-06
8.461388801164823e-06 8.45777577689774e-06
1.0072244497285991e-05 8.457831805126895e-06
1.0072244497285991e-05 8.457831805126895e-06
1.0072244497285991e-05 8.457831805126895e-06
1.0072244497285991e-05 8.457831805126895e-06
1.0072244497285991e-05 8.457831805126895e-06
9.988324444198736e-06 8.457838190787528e-06
9.988324444198736e-06 8.457838190787528e-06
9.988324444198736e-06 8.457838190787528e-06
9.988324444198736e-06 8.457838190787528e-06
9.988324444198736e-06 8.457838190787528e-06
9.020300181072538e-06 8.457831573494293e-06
9.020300181072538e-06 8.457831573494293e-06
9.020300181072538e-06 8.457831573494293e-06
9.020300181072538e-06 8.457831573494293e-06
9.020300181072538e-06 8.457831573494293e-06
9.020300181072538e-06 8.457831573494293e-06
8.834693150651075e-06 8.457762330939918e-06
8.834693150651075e-06 8.457762330939918e-06
8.479600948201974e-06 8.457816404221552e-06
8.479600948201974e-06 8.457816404221552e-06
8.469455877085975e-06 8.457793239028611e-06
1.0235346055600262e-05 8.457696267173795e-06
1.0235346055600262e-05 8.457696267173795e-06
1.0235346055600262e-05 8.457696267173795e-06
1.0235346055600262e-05 8.457696267173795e-06
1.0235346055600262e-05 8.457696267173795e-06
8.367453004341056e-06 8.457762618778524e-06
8.367453004341056e-06 8.457762618778524e-06
8.41979088613943e-06 8.457801962292568e-06
8.578804838116285e-06 8.457795379069065e-06
8.578804838116285e-06 8.457795379069065e-06
8.452738582040535e-06 8.45780875149462e-06
8.434968295231811e-06 8.457794245033356e-06
8.44560492246523e-06 8.457805349297994e-06
8.145480885804114e-06 8.457842818114555e-06
1.0196689183797786e-05 8.457603772013511e-06
1.0196689183797786e-05 8.457603772013511e-06
1.0196689183797786e-05 8.457603772013511e-06
1.0196689183797786e-05 8.457603772013511e-06
1.0196689183797786e-05 8.457603772013511e-06
1.0072244497285991e-05 8.457831805126895e-06
1.0072244497285991e-05 8.457831805126895e-06
1.0072244497285991e-05 8.457831805126895e-06
1.0072244497285991e-05 8.457831805126895e-06
1.0072244497285991e-05 8.457831805126895e-06
7.447882800328042e-06 8.45758839489247e-06
7.447882800328042e-06 8.45758839489247e-06
9.274635883425188e-06 8.457781056906215e-06
9.274635883425188e-06 8.457781056906215e-06
9.274635883425188e-06 8.457781056906215e-06
9.274635883425188e-06 8.457781056906215e-06
9.274635883425188e-06 8.457781056906215e-06
8.915315886901475e-06 8.457737297453068e-06
8.915315886901475e-06 8.457737297453068e-06
8.915315886901475e-06 8.457737297453068e-06
8.915315886901475e-06 8.457737297453068e-06
8.915315886901475e-06 8.457737297453068e-06
8.820355684816153e-06 8.4578057897709e-06
8.820355684816153e-06 8.4578057897709e-06
8.461112198917796e-06 8.457787302913625e-06
8.454534937325565e-06 8.457796083178145e-06
1.0072244497285991e-05 8.45781211564907e-06
1.0072244497285991e-05 8.45781211564907e-06
1.0072244497285991e-05 8.45781211564907e-06
1.0072244497285991e-05 8.45781211564907e-06
1.0072244497285991e-05 8.45781211564907e-06
8.367453004341056e-06 8.457755110884759e-06
8.367453004341056e-06 8.457755110884759e-06
8.48762466982454e-06 8.457778504764205e-06
8.415719600468336e-06 8.457791324306778e-06
8.415719600468336e-06 8.457791324306778e-06
8.415719600468336e-06 8.457791324306778e-06
8.415719600468336e-06 8.457791324306778e-06
8.462323794622579e-06 8.45779386605929e-06
8.480564158373819e-06 8.457814559975242e-06
8.480242353205984e-06 8.457782175946573e-06
8.479863123897902e-06 8.457807458942529e-06
8.479863123897902e-06 8.457807458942529e-06
8.411146507619628e-06 8.45782040351754e-06
8.480810892370751e-06 8.457802060972609e-06
8.445034178281778e-06 8.457799158403861e-06
8.302807609501016e-06 8.457795889286681e-06
8.302807609501016e-06 8.457795889286681e-06
8.670414938701498e-06 8.457801050607888e-06
8.670414938701498e-06 8.457801050607888e-06
8.367453004341056e-06 8.457762618778524e-06
8.367453004341056e-06 8.457762618778524e-06
8.360531168502682e-06 8.457825073696646e-06
8.360531168502682e-06 8.457825073696646e-06
8.360531168502682e-06 8.457825073696646e-06
8.360531168502682e-06 8.457825073696646e-06
7.921930839001494e-06 8.457793771081336e-06
7.921930839001494e-06 8.457793771081336e-06
7.921930839001494e-06 8.457793771081336e-06
7.921930839001494e-06 8.457793771081336e-06
8.452738582040535e-06 8.4578073428195e-06
1.1417289496422514e-05 8.457839171667348e-06
1.1417289496422514e-05 8.457839171667348e-06
1.1417289496422514e-05 8.457839171667348e-06
1.1417289496422514e-05 8.457839171667348e-06
1.1417289496422514e-05 8.457839171667348e-06
8.411146507619628e-06 8.457794023557581e-06
1.0512235429142581e-05 8.457811769569073e-06
1.0512235429142581e-05 8.457811769569073e-06
1.0512235429142581e-05 8.457811769569073e-06
1.0512235429142581e-05 8.457811769569073e-06
1.0512235429142581e-05 8.457811769569073e-06
8.302807609501016e-06 8.457830505672552e-06
8.302807609501016e-06 8.457830505672552e-06