0.10092993958843215 0.08333320123705522
0.10092993958843215 0.08333320123705522
0.10092993958843215 0.08333320123705522
0.10092993958843215 0.08333320123705522
0.10092993958843215 0.08333320123705522
0.10092993958843215 0.08333320123705522
0.10092993958843215 0.08333320123705522
0.10092993958843215 0.08333320123705522
0.10092993958843215 0.08333320123705522
0.10092993958843215 0.08333320123705522
0.10092993958843215 0.08333320123705522
0.10689795375634306 0.08333339408754585
0.10689795375634306 0.08333339408754585
0.10689795375634306 0.08333339408754585
0.10689795375634306 0.08333339408754585
0.10689795375634306 0.08333339408754585
0.10689795375634306 0.08333339408754585
0.10689795375634306 0.08333339408754585
0.10689795375634306 0.08333339408754585
0.10689795375634306 0.08333339408754585
0.10689795375634306 0.08333339408754585
0.10689795375634306 0.08333339408754585
0.28183176355959727 0.08333340668633114
0.28183176355959727 0.08333340668633114
0.28183176355959727 0.08333340668633114
0.28183176355959727 0.08333340668633114
0.28183176355959727 0.08333340668633114
0.28183176355959727 0.08333340668633114
0.28183176355959727 0.08333340668633114
0.28183176355959727 0.08333340668633114
0.28183176355959727 0.08333340668633114
0.28183176355959727 0.08333340668633114
0.28183176355959727 0.08333340668633114
0.21773452022992165 0.08333328597578059
0.21773452022992165 0.08333328597578059
0.21773452022992165 0.08333328597578059
0.21773452022992165 0.08333328597578059
0.21773452022992165 0.08333328597578059
0.21773452022992165 0.08333328597578059
0.21773452022992165 0.08333328597578059
0.21773452022992165 0.08333328597578059
0.21773452022992165 0.08333328597578059
0.21773452022992165 0.08333328597578059
0.21773452022992165 0.08333328597578059
0.21773452022992165 0.08333328597578059
0.21773452022992165 0.08333328597578059
0.21773452022992165 0.08333328597578059
0.21773452022992165 0.08333328597578059
0.21773452022992165 0.08333328597578059
0.21773452022992165 0.08333328597578059
0.21773452022992165 0.08333328597578059
0.21773452022992165 0.08333328597578059
0.21773452022992165 0.08333328597578059
0.21773452022992165 0.08333328597578059
0.21773452022992165 0.08333328597578059
0.21773452022992165 0.08333328597578059
0.21773452022992165 0.08333328597578059
0.21773452022992165 0.08333328597578059
0.21773452022992165 0.08333328597578059
0.21773452022992165 0.08333328597578059
0.21773452022992165 0.08333328597578059
0.21773452022992165 0.08333328597578059
0.21773452022992165 0.08333328597578059
0.21773452022992165 0.08333328597578059
0.21773452022992165 0.08333328597578059
0.21773452022992165 0.08333328597578059
0.21773452022992165 0.08333328597578059
0.21773452022992165 0.08333328597578059
0.21773452022992165 0.08333328597578059
0.21773452022992165 0.08333328597578059
0.21773452022992165 0.08333328597578059
0.21773452022992165 0.08333328597578059
0.4426966191520195 0.08333354955990972
0.4426966191520195 0.08333354955990972
0.4426966191520195 0.08333354955990972
0.4426966191520195 0.08333354955990972
0.4426966191520195 0.08333354955990972
0.4426966191520195 0.08333354955990972
0.4426966191520195 0.08333354955990972
0.4426966191520195 0.08333354955990972
0.4426966191520195 0.08333354955990972
0.4426966191520195 0.08333354955990972
0.4426966191520195 0.08333354955990972
0.4426966191520195 0.08333354955990972
0.4426966191520195 0.08333354955990972
0.4426966191520195 0.08333354955990972
0.4426966191520195 0.08333354955990972
0.4426966191520195 0.08333354955990972
0.4426966191520195 0.08333354955990972
0.4426966191520195 0.08333354955990972
0.4426966191520195 0.08333354955990972
0.4426966191520195 0.08333354955990972
0.4426966191520195 0.08333354955990972
0.4426966191520195 0.08333354955990972
0.4426966191520195 0.08333354955990972
0.4426966191520195 0.08333354955990972
0.4426966191520195 0.08333354955990972
0.4426966191520195 0.08333354955990972
0.4426966191520195 0.08333354955990972
0.4426966191520195 0.08333354955990972
0.4426966191520195 0.08333354955990972
0.4426966191520195 0.08333354955990972
0.4426966191520195 0.08333354955990972
0.4426966191520195 0.08333354955990972
0.4426966191520195 0.08333354955990972
0.4426966191520195 0.08333354955990972
0.4426966191520195 0.08333354955990972
0.4426966191520195 0.08333354955990972
0.4426966191520195 0.08333354955990972
0.4426966191520195 0.08333354955990972
0.4426966191520195 0.08333354955990972
0.2295822254623417 0.08333327753856702
0.2295822254623417 0.08333327753856702
0.2295822254623417 0.08333327753856702
0.2295822254623417 0.08333327753856702
0.2295822254623417 0.08333327753856702
0.2295822254623417 0.08333327753856702
0.2295822254623417 0.08333327753856702
0.2295822254623417 0.08333327753856702
0.2295822254623417 0.08333327753856702
0.2295822254623417 0.08333327753856702
0.2295822254623417 0.08333327753856702
0.2295822254623417 0.08333327753856702
0.2295822254623417 0.08333327753856702
0.2295822254623417 0.08333327753856702
0.2295822254623417 0.08333327753856702
0.2295822254623417 0.08333327753856702
0.2295822254623417 0.08333327753856702
0.2295822254623417 0.08333327753856702
0.2295822254623417 0.08333327753856702
0.2295822254623417 0.08333327753856702
0.2295822254623417 0.08333327753856702
0.2295822254623417 0.08333327753856702
0.2295822254623417 0.08333327753856702
0.2295822254623417 0.08333327753856702
0.2295822254623417 0.08333327753856702
0.2295822254623417 0.08333327753856702
0.2295822254623417 0.08333327753856702
0.2295822254623417 0.08333327753856702
0.2295822254623417 0.08333327753856702
0.2295822254623417 0.08333327753856702
0.2295822254623417 0.08333327753856702
0.2295822254623417 0.08333327753856702
0.2295822254623417 0.08333327753856702
0.2295822254623417 0.08333327753856702
0.2295822254623417 0.08333327753856702
0.2295822254623417 0.08333327753856702
0.2295822254623417 0.08333327753856702
0.2295822254623417 0.08333327753856702
0.2295822254623417 0.08333327753856702
0.06752548928274588 0.0833331264458333
0.06752548928274588 0.0833331264458333
0.06752548928274588 0.0833331264458333
0.06752548928274588 0.0833331264458333
0.06752548928274588 0.0833331264458333
0.06752548928274588 0.0833331264458333
0.06752548928274588 0.0833331264458333
0.06752548928274588 0.0833331264458333
0.06752548928274588 0.0833331264458333
0.06752548928274588 0.0833331264458333
0.06752548928274588 0.0833331264458333
0.3482795069744616 0.08333339592272664
0.3482795069744616 0.08333339592272664
0.3482795069744616 0.08333339592272664
0.3482795069744616 0.08333339592272664
0.3482795069744616 0.08333339592272664
0.3482795069744616 0.08333339592272664
0.3482795069744616 0.08333339592272664
0.3482795069744616 0.08333339592272664
0.3482795069744616 0.08333339592272664
0.3482795069744616 0.08333339592272664
0.3482795069744616 0.08333339592272664
0.3482795069744616 0.08333339592272664
0.3482795069744616 0.08333339592272664
0.3482795069744616 0.08333339592272664
0.3482795069744616 0.08333339592272664
0.3482795069744616 0.08333339592272664
0.3482795069744616 0.08333339592272664
0.3482795069744616 0.08333339592272664
0.3482795069744616 0.08333339592272664
0.3482795069744616 0.08333339592272664
0.3482795069744616 0.08333339592272664
0.3482795069744616 0.08333339592272664
0.3482795069744616 0.08333339592272664
0.3482795069744616 0.08333339592272664
0.3482795069744616 0.08333339592272664
0.3482795069744616 0.08333339592272664
0.3482795069744616 0.08333339592272664
0.3482795069744616 0.08333339592272664
0.3482795069744616 0.08333339592272664
0.3482795069744616 0.08333339592272664
0.3482795069744616 0.08333339592272664
0.3482795069744616 0.08333339592272664
0.3482795069744616 0.08333339592272664
0.3482795069744616 0.08333339592272664
0.3482795069744616 0.08333339592272664
0.3482795069744616 0.08333339592272664
0.3482795069744616 0.08333339592272664
0.3482795069744616 0.08333339592272664
0.3482795069744616 0.08333339592272664
0.335510914905498 0.08333362461838745
0.335510914905498 0.08333362461838745
0.335510914905498 0.08333362461838745
0.335510914905498 0.08333362461838745
0.335510914905498 0.08333362461838745
0.335510914905498 0.08333362461838745
0.335510914905498 0.08333362461838745
0.335510914905498 0.08333362461838745
0.335510914905498 0.08333362461838745
0.335510914905498 0.08333362461838745
0.335510914905498 0.08333362461838745
0.335510914905498 0.08333362461838745
0.335510914905498 0.08333362461838745
0.335510914905498 0.08333362461838745
0.335510914905498 0.08333362461838745
0.335510914905498 0.08333362461838745
0.335510914905498 0.08333362461838745
0.335510914905498 0.08333362461838745
0.335510914905498 0.08333362461838745
0.335510914905498 0.08333362461838745
0.335510914905498 0.08333362461838745
0.335510914905498 0.08333362461838745
0.335510914905498 0.08333362461838745
0.335510914905498 0.08333362461838745
0.335510914905498 0.08333362461838745
0.335510914905498 0.08333362461838745
0.335510914905498 0.08333362461838745
0.335510914905498 0.08333362461838745
0.335510914905498 0.08333362461838745
0.335510914905498 0.08333362461838745
0.335510914905498 0.08333362461838745
0.335510914905498 0.08333362461838745
0.335510914905498 0.08333362461838745
0.335510914905498 0.08333362461838745
0.335510914905498 0.08333362461838745
0.335510914905498 0.08333362461838745
0.335510914905498 0.08333362461838745
0.335510914905498 0.08333362461838745
0.335510914905498 0.08333362461838745
0.328145954702973 0.08333358115227879
0.328145954702973 0.08333358115227879
0.328145954702973 0.08333358115227879
0.328145954702973 0.08333358115227879
0.328145954702973 0.08333358115227879
0.328145954702973 0.08333358115227879
0.328145954702973 0.08333358115227879
0.328145954702973 0.08333358115227879
0.328145954702973 0.08333358115227879
0.328145954702973 0.08333358115227879
0.328145954702973 0.08333358115227879
0.328145954702973 0.08333358115227879
0.328145954702973 0.08333358115227879
0.328145954702973 0.08333358115227879
0.328145954702973 0.08333358115227879
0.328145954702973 0.08333358115227879
0.328145954702973 0.08333358115227879
0.328145954702973 0.08333358115227879
0.328145954702973 0.08333358115227879
0.328145954702973 0.08333358115227879
0.328145954702973 0.08333358115227879
0.328145954702973 0.08333358115227879
0.328145954702973 0.08333358115227879
0.328145954702973 0.08333358115227879
0.328145954702973 0.08333358115227879
0.328145954702973 0.08333358115227879
0.328145954702973 0.08333358115227879
0.328145954702973 0.08333358115227879
0.328145954702973 0.08333358115227879
0.328145954702973 0.08333358115227879
0.328145954702973 0.08333358115227879
0.328145954702973 0.08333358115227879
0.328145954702973 0.08333358115227879
0.08221541862457908 0.08333328587258765
0.08221541862457908 0.08333328587258765
0.08221541862457908 0.08333328587258765
0.08221541862457908 0.08333328587258765
0.08221541862457908 0.08333328587258765
0.08221541862457908 0.08333328587258765
0.08221541862457908 0.08333328587258765
0.08221541862457908 0.08333328587258765
0.08221541862457908 0.08333328587258765
0.08221541862457908 0.08333328587258765
0.08221541862457908 0.08333328587258765
0.3948463194200903 0.08333327561259596
0.3948463194200903 0.08333327561259596
0.3948463194200903 0.08333327561259596
0.3948463194200903 0.08333327561259596
0.3948463194200903 0.08333327561259596
0.3948463194200903 0.08333327561259596
0.3948463194200903 0.08333327561259596
0.3948463194200903 0.08333327561259596
0.3948463194200903 0.08333327561259596
0.3948463194200903 0.08333327561259596
0.3948463194200903 0.08333327561259596
0.3948463194200903 0.08333327561259596
0.3948463194200903 0.08333327561259596
0.3948463194200903 0.08333327561259596
0.3948463194200903 0.08333327561259596
0.3948463194200903 0.08333327561259596
0.3948463194200903 0.08333327561259596
0.3948463194200903 0.08333327561259596
0.3948463194200903 0.08333327561259596
0.3948463194200903 0.08333327561259596
0.3948463194200903 0.08333327561259596
0.3948463194200903 0.08333327561259596
0.3948463194200903 0.08333327561259596
0.3948463194200903 0.08333327561259596
0.3948463194200903 0.08333327561259596
0.3948463194200903 0.08333327561259596
0.3948463194200903 0.08333327561259596
0.3948463194200903 0.08333327561259596
0.3948463194200903 0.08333327561259596
0.3948463194200903 0.08333327561259596
0.3948463194200903 0.08333327561259596
0.3948463194200903 0.08333327561259596
0.3948463194200903 0.08333327561259596
0.3948463194200903 0.08333327561259596
0.3948463194200903 0.08333327561259596
0.3948463194200903 0.08333327561259596
0.3948463194200903 0.08333327561259596
0.3948463194200903 0.08333327561259596
0.3948463194200903 0.08333327561259596
0.23253670201074722 0.08333325256903167
0.23253670201074722 0.08333325256903167
0.23253670201074722 0.08333325256903167
0.23253670201074722 0.08333325256903167
0.23253670201074722 0.08333325256903167
0.23253670201074722 0.08333325256903167
0.23253670201074722 0.08333325256903167
0.23253670201074722 0.08333325256903167
0.23253670201074722 0.08333325256903167
0.23253670201074722 0.08333325256903167
0.23253670201074722 0.08333325256903167
0.23253670201074722 0.08333325256903167
0.23253670201074722 0.08333325256903167
0.23253670201074722 0.08333325256903167
0.23253670201074722 0.08333325256903167
0.23253670201074722 0.08333325256903167
0.23253670201074722 0.08333325256903167
0.23253670201074722 0.08333325256903167
0.23253670201074722 0.08333325256903167
0.23253670201074722 0.08333325256903167
0.23253670201074722 0.08333325256903167
0.23253670201074722 0.08333325256903167
0.23253670201074722 0.08333325256903167
0.23253670201074722 0.08333325256903167
0.23253670201074722 0.08333325256903167
0.23253670201074722 0.08333325256903167
0.23253670201074722 0.08333325256903167
0.23253670201074722 0.08333325256903167
0.23253670201074722 0.08333325256903167
0.23253670201074722 0.08333325256903167
0.23253670201074722 0.08333325256903167
0.23253670201074722 0.08333325256903167
0.23253670201074722 0.08333325256903167
0.23253670201074722 0.08333325256903167
0.23253670201074722 0.08333325256903167
0.23253670201074722 0.08333325256903167
0.23253670201074722 0.08333325256903167
0.23253670201074722 0.08333325256903167
0.23253670201074722 0.08333325256903167
0.3119603041629076 0.08333323736632756
0.3119603041629076 0.08333323736632756
0.3119603041629076 0.08333323736632756
0.3119603041629076 0.08333323736632756
0.3119603041629076 0.08333323736632756
0.3119603041629076 0.08333323736632756
0.3119603041629076 0.08333323736632756
0.3119603041629076 0.08333323736632756
0.3119603041629076 0.08333323736632756
0.3119603041629076 0.08333323736632756
0.3119603041629076 0.08333323736632756
0.1553604305339187 0.08333330960568347
0.1553604305339187 0.08333330960568347
0.1553604305339187 0.08333330960568347
0.1553604305339187 0.08333330960568347
0.1553604305339187 0.08333330960568347
0.1553604305339187 0.08333330960568347
0.1553604305339187 0.08333330960568347
0.1553604305339187 0.08333330960568347
0.1553604305339187 0.08333330960568347
0.1553604305339187 0.08333330960568347
0.1553604305339187 0.08333330960568347
0.137627225655624 0.0833331264458333
0.137627225655624 0.0833331264458333
0.137627225655624 0.0833331264458333
0.137627225655624 0.0833331264458333
0.137627225655624 0.0833331264458333
0.137627225655624 0.0833331264458333
0.137627225655624 0.0833331264458333
0.137627225655624 0.0833331264458333
0.137627225655624 0.0833331264458333
0.137627225655624 0.0833331264458333
0.137627225655624 0.0833331264458333
0.137627225655624 0.0833331264458333
0.137627225655624 0.0833331264458333
0.137627225655624 0.0833331264458333
0.137627225655624 0.0833331264458333
0.137627225655624 0.0833331264458333
0.137627225655624 0.0833331264458333
0.137627225655624 0.0833331264458333
0.137627225655624 0.0833331264458333
0.137627225655624 0.0833331264458333
0.137627225655624 0.0833331264458333
0.137627225655624 0.0833331264458333
0.137627225655624 0.0833331264458333
0.137627225655624 0.0833331264458333
0.137627225655624 0.0833331264458333
0.137627225655624 0.0833331264458333
0.137627225655624 0.0833331264458333
0.137627225655624 0.0833331264458333
0.137627225655624 0.0833331264458333
0.137627225655624 0.0833331264458333
0.137627225655624 0.0833331264458333
0.137627225655624 0.0833331264458333
0.137627225655624 0.0833331264458333
0.137627225655624 0.0833331264458333
0.137627225655624 0.0833331264458333
0.137627225655624 0.0833331264458333
0.137627225655624 0.0833331264458333
0.137627225655624 0.0833331264458333
0.137627225655624 0.0833331264458333
0.6924795207679261 0.0833333084051539
0.6924795207679261 0.0833333084051539
0.6924795207679261 0.0833333084051539
0.6924795207679261 0.0833333084051539
0.6924795207679261 0.0833333084051539
0.6924795207679261 0.0833333084051539
0.6924795207679261 0.0833333084051539
0.6924795207679261 0.0833333084051539
0.6924795207679261 0.0833333084051539
0.6924795207679261 0.0833333084051539
0.6924795207679261 0.0833333084051539
0.6924795207679261 0.0833333084051539
0.6924795207679261 0.0833333084051539
0.6924795207679261 0.0833333084051539
0.6924795207679261 0.0833333084051539
0.6924795207679261 0.0833333084051539
0.6924795207679261 0.0833333084051539
0.6924795207679261 0.0833333084051539
0.6924795207679261 0.0833333084051539
0.6924795207679261 0.0833333084051539
0.6924795207679261 0.0833333084051539
0.6924795207679261 0.0833333084051539
0.6924795207679261 0.0833333084051539
0.6924795207679261 0.0833333084051539
0.6924795207679261 0.0833333084051539
0.6924795207679261 0.0833333084051539
0.6924795207679261 0.0833333084051539
0.6924795207679261 0.0833333084051539
0.6924795207679261 0.0833333084051539
0.6924795207679261 0.0833333084051539
0.6924795207679261 0.0833333084051539
0.6924795207679261 0.0833333084051539
0.6924795207679261 0.0833333084051539
0.6924795207679261 0.0833333084051539
0.6924795207679261 0.0833333084051539
0.6924795207679261 0.0833333084051539
0.6924795207679261 0.0833333084051539
0.6924795207679261 0.0833333084051539
0.6924795207679261 0.0833333084051539
0.08221541862457908 0.08333328587258765
0.08221541862457908 0.08333328587258765
0.08221541862457908 0.08333328587258765
0.08221541862457908 0.08333328587258765
0.08221541862457908 0.08333328587258765
0.08221541862457908 0.08333328587258765
0.08221541862457908 0.08333328587258765
0.08221541862457908 0.08333328587258765
0.08221541862457908 0.08333328587258765
0.08221541862457908 0.08333328587258765
0.08221541862457908 0.08333328587258765
0.15220242623322813 0.08333362461838745
0.15220242623322813 0.08333362461838745
0.15220242623322813 0.08333362461838745
0.15220242623322813 0.08333362461838745
0.15220242623322813 0.08333362461838745
0.15220242623322813 0.08333362461838745
0.15220242623322813 0.08333362461838745
0.15220242623322813 0.08333362461838745
0.15220242623322813 0.08333362461838745
0.15220242623322813 0.08333362461838745
0.15220242623322813 0.08333362461838745
0.4064586857573898 0.08333308409649652
0.4064586857573898 0.08333308409649652
0.4064586857573898 0.08333308409649652
0.4064586857573898 0.08333308409649652
0.4064586857573898 0.08333308409649652
0.4064586857573898 0.08333308409649652
0.4064586857573898 0.08333308409649652
0.4064586857573898 0.08333308409649652
0.4064586857573898 0.08333308409649652
0.4064586857573898 0.08333308409649652
0.4064586857573898 0.08333308409649652
0.4064586857573898 0.08333308409649652
0.4064586857573898 0.08333308409649652
0.4064586857573898 0.08333308409649652
0.4064586857573898 0.08333308409649652
0.4064586857573898 0.08333308409649652
0.4064586857573898 0.08333308409649652
0.4064586857573898 0.08333308409649652
0.4064586857573898 0.08333308409649652
0.4064586857573898 0.08333308409649652
0.4064586857573898 0.08333308409649652
0.4064586857573898 0.08333308409649652
0.4064586857573898 0.08333308409649652
0.4064586857573898 0.08333308409649652
0.4064586857573898 0.08333308409649652
0.4064586857573898 0.08333308409649652
0.4064586857573898 0.08333308409649652
0.4064586857573898 0.08333308409649652
0.4064586857573898 0.08333308409649652
0.4064586857573898 0.08333308409649652
0.4064586857573898 0.08333308409649652
0.4064586857573898 0.08333308409649652
0.4064586857573898 0.08333308409649652
0.4064586857573898 0.08333308409649652
0.4064586857573898 0.08333308409649652
0.4064586857573898 0.08333308409649652
0.4064586857573898 0.08333308409649652
0.4064586857573898 0.08333308409649652
0.4064586857573898 0.08333308409649652
0.08301592239148389 0.08333329221483789
0.08301592239148389 0.08333329221483789
0.08301592239148389 0.08333329221483789
0.08301592239148389 0.08333329221483789
0.08301592239148389 0.08333329221483789
0.08301592239148389 0.08333329221483789
0.08301592239148389 0.08333329221483789
0.08301592239148389 0.08333329221483789
0.08301592239148389 0.08333329221483789
0.08301592239148389 0.08333329221483789
0.08301592239148389 0.08333329221483789
0.6876768633340244 0.08333323736632756
0.6876768633340244 0.08333323736632756
0.6876768633340244 0.08333323736632756
0.6876768633340244 0.08333323736632756
0.6876768633340244 0.08333323736632756
0.6876768633340244 0.08333323736632756
0.6876768633340244 0.08333323736632756
0.6876768633340244 0.08333323736632756
0.6876768633340244 0.08333323736632756
0.6876768633340244 0.08333323736632756
0.6876768633340244 0.08333323736632756
0.6876768633340244 0.08333323736632756
0.6876768633340244 0.08333323736632756
0.6876768633340244 0.08333323736632756
0.6876768633340244 0.08333323736632756
0.6876768633340244 0.08333323736632756
0.6876768633340244 0.08333323736632756
0.6876768633340244 0.08333323736632756
0.6876768633340244 0.08333323736632756
0.6876768633340244 0.08333323736632756
0.6876768633340244 0.08333323736632756
0.6876768633340244 0.08333323736632756
0.6876768633340244 0.08333323736632756
0.6876768633340244 0.08333323736632756
0.6876768633340244 0.08333323736632756
0.6876768633340244 0.08333323736632756
0.6876768633340244 0.08333323736632756
0.6876768633340244 0.08333323736632756
0.6876768633340244 0.08333323736632756
0.6876768633340244 0.08333323736632756
0.6876768633340244 0.08333323736632756
0.6876768633340244 0.08333323736632756
0.6876768633340244 0.08333323736632756
0.6876768633340244 0.08333323736632756
0.6876768633340244 0.08333323736632756
0.6876768633340244 0.08333323736632756
0.6876768633340244 0.08333323736632756
0.6876768633340244 0.08333323736632756
0.6876768633340244 0.08333323736632756
0.28183176355959727 0.08333340668633114
0.28183176355959727 0.08333340668633114
0.28183176355959727 0.08333340668633114
0.28183176355959727 0.08333340668633114
0.28183176355959727 0.08333340668633114
0.28183176355959727 0.08333340668633114
0.28183176355959727 0.08333340668633114
0.28183176355959727 0.08333340668633114
0.28183176355959727 0.08333340668633114
0.28183176355959727 0.08333340668633114
0.28183176355959727 0.08333340668633114
0.6924795207679261 0.0833333084051539
0.6924795207679261 0.0833333084051539
0.6924795207679261 0.0833333084051539
0.6924795207679261 0.0833333084051539
0.6924795207679261 0.0833333084051539
0.6924795207679261 0.0833333084051539
0.6924795207679261 0.0833333084051539
0.6924795207679261 0.0833333084051539
0.6924795207679261 0.0833333084051539
0.6924795207679261 0.0833333084051539
0.6924795207679261 0.0833333084051539
0.6924795207679261 0.0833333084051539
0.6924795207679261 0.0833333084051539
0.6924795207679261 0.0833333084051539
0.6924795207679261 0.0833333084051539
0.6924795207679261 0.0833333084051539
0.6924795207679261 0.0833333084051539
0.6924795207679261 0.0833333084051539
0.6924795207679261 0.0833333084051539
0.6924795207679261 0.0833333084051539
0.6924795207679261 0.0833333084051539
0.6924795207679261 0.0833333084051539
0.6924795207679261 0.0833333084051539
0.6924795207679261 0.0833333084051539
0.6924795207679261 0.0833333084051539
0.6924795207679261 0.0833333084051539
0.6924795207679261 0.0833333084051539
0.6924795207679261 0.0833333084051539
0.6924795207679261 0.0833333084051539
0.6924795207679261 0.0833333084051539
0.6924795207679261 0.0833333084051539
0.6924795207679261 0.0833333084051539
0.6924795207679261 0.0833333084051539
0.6924795207679261 0.0833333084051539
0.6924795207679261 0.0833333084051539
0.6924795207679261 0.0833333084051539
0.6924795207679261 0.0833333084051539
0.6924795207679261 0.0833333084051539
0.6924795207679261 0.0833333084051539
0.6924795207679261 0.08333340668633114
0.6924795207679261 0.08333340668633114
0.6924795207679261 0.08333340668633114
0.6924795207679261 0.08333340668633114
0.6924795207679261 0.08333340668633114
0.6924795207679261 0.08333340668633114
0.6924795207679261 0.08333340668633114
0.6924795207679261 0.08333340668633114
0.6924795207679261 0.08333340668633114
0.6924795207679261 0.08333340668633114
0.6924795207679261 0.08333340668633114
0.6924795207679261 0.08333340668633114
0.6924795207679261 0.08333340668633114
0.6924795207679261 0.08333340668633114
0.6924795207679261 0.08333340668633114
0.6924795207679261 0.08333340668633114
0.6924795207679261 0.08333340668633114
0.6924795207679261 0.08333340668633114
0.6924795207679261 0.08333340668633114
0.6924795207679261 0.08333340668633114
0.6924795207679261 0.08333340668633114
0.6924795207679261 0.08333340668633114
0.6924795207679261 0.08333340668633114
0.6924795207679261 0.08333340668633114
0.6924795207679261 0.08333340668633114
0.6924795207679261 0.08333340668633114
0.6924795207679261 0.08333340668633114
0.6924795207679261 0.08333340668633114
0.6924795207679261 0.08333340668633114
0.6924795207679261 0.08333340668633114
0.6924795207679261 0.08333340668633114
0.6924795207679261 0.08333340668633114
0.6924795207679261 0.08333340668633114
0.6924795207679261 0.08333340668633114
0.6924795207679261 0.08333340668633114
0.6924795207679261 0.08333340668633114
0.6924795207679261 0.08333340668633114
0.6924795207679261 0.08333340668633114
0.6924795207679261 0.08333340668633114
0.24981465546758927 0.0833333068549134
0.24981465546758927 0.0833333068549134
0.24981465546758927 0.0833333068549134
0.24981465546758927 0.0833333068549134
0.24981465546758927 0.0833333068549134
0.24981465546758927 0.0833333068549134
0.24981465546758927 0.0833333068549134
0.24981465546758927 0.0833333068549134
0.24981465546758927 0.0833333068549134
0.24981465546758927 0.0833333068549134
0.24981465546758927 0.0833333068549134
0.24981465546758927 0.0833333068549134
0.24981465546758927 0.0833333068549134
0.24981465546758927 0.0833333068549134
0.24981465546758927 0.0833333068549134
0.24981465546758927 0.0833333068549134
0.24981465546758927 0.0833333068549134
0.24981465546758927 0.0833333068549134
0.24981465546758927 0.0833333068549134
0.24981465546758927 0.0833333068549134
0.24981465546758927 0.0833333068549134
0.24981465546758927 0.0833333068549134
0.24981465546758927 0.0833333068549134
0.24981465546758927 0.0833333068549134
0.24981465546758927 0.0833333068549134
0.24981465546758927 0.0833333068549134
0.24981465546758927 0.0833333068549134
0.24981465546758927 0.0833333068549134
0.24981465546758927 0.0833333068549134
0.24981465546758927 0.0833333068549134
0.24981465546758927 0.0833333068549134
0.24981465546758927 0.0833333068549134
0.24981465546758927 0.0833333068549134
0.24981465546758927 0.0833333068549134
0.24981465546758927 0.0833333068549134
0.24981465546758927 0.0833333068549134
0.24981465546758927 0.0833333068549134
0.24981465546758927 0.0833333068549134
0.24981465546758927 0.0833333068549134
0.24981465546758927 0.0833333068549134
0.24981465546758927 0.0833333068549134
0.24981465546758927 0.0833333068549134
0.24981465546758927 0.0833333068549134
0.24981465546758927 0.0833333068549134
0.24981465546758927 0.0833333068549134
0.24981465546758927 0.0833333068549134
0.24981465546758927 0.0833333068549134
0.24981465546758927 0.0833333068549134
0.24981465546758927 0.0833333068549134
0.24981465546758927 0.0833333068549134
0.24981465546758927 0.0833333068549134
0.24981465546758927 0.0833333068549134
0.24981465546758927 0.0833333068549134
0.24981465546758927 0.0833333068549134
0.24981465546758927 0.0833333068549134
0.24981465546758927 0.0833333068549134
0.24981465546758927 0.0833333068549134
0.24981465546758927 0.0833333068549134
0.24981465546758927 0.0833333068549134
0.24981465546758927 0.0833333068549134
0.24981465546758927 0.0833333068549134
0.24981465546758927 0.0833333068549134
0.24981465546758927 0.0833333068549134
0.24981465546758927 0.0833333068549134
0.24981465546758927 0.0833333068549134
0.24981465546758927 0.0833333068549134
0.24981465546758927 0.0833333068549134
0.24981465546758927 0.0833333068549134
0.24981465546758927 0.0833333068549134
0.24981465546758927 0.0833333068549134
0.24981465546758927 0.0833333068549134
0.24981465546758927 0.0833333068549134
0.24981465546758927 0.0833333068549134
0.24981465546758927 0.0833333068549134
0.24981465546758927 0.0833333068549134
0.24981465546758927 0.0833333068549134
0.24981465546758927 0.0833333068549134
0.24981465546758927 0.0833333068549134
0.24981465546758927 0.0833333068549134
0.24981465546758927 0.0833333068549134
0.24981465546758927 0.0833333068549134
0.24981465546758927 0.0833333068549134
0.24981465546758927 0.0833333068549134
0.24981465546758927 0.0833333068549134
0.24981465546758927 0.0833333068549134
0.24981465546758927 0.0833333068549134
0.24981465546758927 0.0833333068549134
0.24981465546758927 0.0833333068549134
0.24981465546758927 0.0833333068549134
0.24981465546758927 0.0833333068549134
0.24981465546758927 0.0833333068549134
0.24981465546758927 0.0833333068549134
0.24981465546758927 0.0833333068549134
0.24981465546758927 0.0833333068549134
0.24981465546758927 0.0833333068549134
0.24981465546758927 0.0833333068549134
0.24981465546758927 0.0833333068549134
0.24981465546758927 0.0833333068549134
0.24981465546758927 0.0833333068549134
0.24981465546758927 0.0833333068549134
0.24981465546758927 0.0833333068549134
0.24981465546758927 0.0833333068549134
0.24981465546758927 0.0833333068549134
0.24981465546758927 0.0833333068549134
0.24981465546758927 0.0833333068549134
0.24981465546758927 0.0833333068549134
0.24981465546758927 0.0833333068549134
0.24981465546758927 0.0833333068549134
0.24981465546758927 0.0833333068549134
0.24981465546758927 0.0833333068549134
0.24981465546758927 0.0833333068549134
0.24981465546758927 0.0833333068549134
0.24981465546758927 0.0833333068549134
0.24981465546758927 0.0833333068549134
0.24981465546758927 0.0833333068549134
0.24981465546758927 0.0833333068549134
0.24981465546758927 0.0833333068549134
0.24981465546758927 0.0833333068549134
0.24981465546758927 0.0833333068549134
0.24981465546758927 0.0833333068549134
0.24981465546758927 0.0833333068549134
0.2767991970362518 0.08333330370434633
0.2767991970362518 0.08333330370434633
0.2767991970362518 0.08333330370434633
0.2767991970362518 0.08333330370434633
0.2767991970362518 0.08333330370434633
0.2767991970362518 0.08333330370434633
0.2767991970362518 0.08333330370434633
0.2767991970362518 0.08333330370434633
0.2767991970362518 0.08333330370434633
0.2767991970362518 0.08333330370434633
0.2767991970362518 0.08333330370434633
0.2767991970362518 0.08333330370434633
0.2767991970362518 0.08333330370434633
0.2767991970362518 0.08333330370434633
0.2767991970362518 0.08333330370434633
0.2767991970362518 0.08333330370434633
0.2767991970362518 0.08333330370434633
0.2767991970362518 0.08333330370434633
0.2767991970362518 0.08333330370434633
0.2767991970362518 0.08333330370434633
0.2767991970362518 0.08333330370434633
0.2767991970362518 0.08333330370434633
0.2767991970362518 0.08333330370434633
0.2767991970362518 0.08333330370434633
0.2767991970362518 0.08333330370434633
0.2767991970362518 0.08333330370434633
0.2767991970362518 0.08333330370434633
0.2767991970362518 0.08333330370434633
0.2767991970362518 0.08333330370434633
0.2767991970362518 0.08333330370434633
0.2767991970362518 0.08333330370434633
0.2767991970362518 0.08333330370434633
0.2767991970362518 0.08333330370434633
0.2767991970362518 0.08333330370434633
0.2767991970362518 0.08333330370434633
0.2767991970362518 0.08333330370434633
0.2767991970362518 0.08333330370434633
0.2767991970362518 0.08333330370434633
0.2767991970362518 0.08333330370434633
0.07487772615365786 0.08333322022036398
0.07487772615365786 0.08333322022036398
0.07487772615365786 0.08333322022036398
0.07487772615365786 0.08333322022036398
0.07487772615365786 0.08333322022036398
0.07487772615365786 0.08333322022036398
0.07487772615365786 0.08333322022036398
0.07487772615365786 0.08333322022036398
0.07487772615365786 0.08333322022036398
0.07487772615365786 0.08333322022036398
0.07487772615365786 0.08333322022036398
0.4080269102029585 0.08333346636378294
0.4080269102029585 0.08333346636378294
0.4080269102029585 0.08333346636378294
0.4080269102029585 0.08333346636378294
0.4080269102029585 0.08333346636378294
0.4080269102029585 0.08333346636378294
0.4080269102029585 0.08333346636378294
0.4080269102029585 0.08333346636378294
0.4080269102029585 0.08333346636378294
0.4080269102029585 0.08333346636378294
0.4080269102029585 0.08333346636378294
0.4080269102029585 0.08333346636378294
0.4080269102029585 0.08333346636378294
0.4080269102029585 0.08333346636378294
0.4080269102029585 0.08333346636378294
0.4080269102029585 0.08333346636378294
0.4080269102029585 0.08333346636378294
0.4080269102029585 0.08333346636378294
0.4080269102029585 0.08333346636378294
0.4080269102029585 0.08333346636378294
0.4080269102029585 0.08333346636378294
0.4080269102029585 0.08333346636378294
0.4080269102029585 0.08333346636378294
0.4080269102029585 0.08333346636378294
0.4080269102029585 0.08333346636378294
0.4080269102029585 0.08333346636378294
0.4080269102029585 0.08333346636378294
0.4080269102029585 0.08333346636378294
0.4080269102029585 0.08333346636378294
0.4080269102029585 0.08333346636378294
0.4080269102029585 0.08333346636378294
0.4080269102029585 0.08333346636378294
0.4080269102029585 0.08333346636378294
0.4080269102029585 0.08333346636378294
0.4080269102029585 0.08333346636378294
0.4080269102029585 0.08333346636378294
0.4080269102029585 0.08333346636378294
0.4080269102029585 0.08333346636378294
0.4080269102029585 0.08333346636378294
8.405936103957893e-07 0.08333324173136514
8.405936103957893e-07 0.08333324173136514
8.405936103957893e-07 0.08333324173136514
8.405936103957893e-07 0.08333324173136514
8.405936103957893e-07 0.08333324173136514
8.405936103957893e-07 0.08333324173136514
8.405936103957893e-07 0.08333324173136514
8.405936103957893e-07 0.08333324173136514
8.405936103957893e-07 0.08333324173136514
8.405936103957893e-07 0.08333324173136514
8.405936103957893e-07 0.08333324173136514
0.12918739673640633 0.08333331145693898
0.12918739673640633 0.08333331145693898
0.12918739673640633 0.08333331145693898
0.12918739673640633 0.08333331145693898
0.12918739673640633 0.08333331145693898
0.12918739673640633 0.08333331145693898
0.12918739673640633 0.08333331145693898
0.12918739673640633 0.08333331145693898
0.12918739673640633 0.08333331145693898
0.12918739673640633 0.08333331145693898
0.12918739673640633 0.08333331145693898
0.20377255698834168 0.08333338678259598
0.20377255698834168 0.08333338678259598
0.20377255698834168 0.08333338678259598
0.20377255698834168 0.08333338678259598
0.20377255698834168 0.08333338678259598
0.20377255698834168 0.08333338678259598
0.20377255698834168 0.08333338678259598
0.20377255698834168 0.08333338678259598
0.20377255698834168 0.08333338678259598
0.20377255698834168 0.08333338678259598
0.20377255698834168 0.08333338678259598
5.884155272770525e-06 0.08333324173136514
5.884155272770525e-06 0.08333324173136514
5.884155272770525e-06 0.08333324173136514
5.884155272770525e-06 0.08333324173136514
5.884155272770525e-06 0.08333324173136514
5.884155272770525e-06 0.08333324173136514
5.884155272770525e-06 0.08333324173136514
5.884155272770525e-06 0.08333324173136514
5.884155272770525e-06 0.08333324173136514
5.884155272770525e-06 0.08333324173136514
5.884155272770525e-06 0.08333324173136514
5.884155272770525e-06 0.08333324173136514
5.884155272770525e-06 0.08333324173136514
5.884155272770525e-06 0.08333324173136514
5.884155272770525e-06 0.08333324173136514
5.884155272770525e-06 0.08333324173136514
5.884155272770525e-06 0.08333324173136514
5.884155272770525e-06 0.08333324173136514
5.884155272770525e-06 0.08333324173136514
5.884155272770525e-06 0.08333324173136514
5.884155272770525e-06 0.08333324173136514
5.884155272770525e-06 0.08333324173136514
5.884155272770525e-06 0.08333324173136514
5.884155272770525e-06 0.08333324173136514
5.884155272770525e-06 0.08333324173136514
5.884155272770525e-06 0.08333324173136514
5.884155272770525e-06 0.08333324173136514
5.884155272770525e-06 0.08333324173136514
5.884155272770525e-06 0.08333324173136514
5.884155272770525e-06 0.08333324173136514
5.884155272770525e-06 0.08333324173136514
5.884155272770525e-06 0.08333324173136514
5.884155272770525e-06 0.08333324173136514
5.884155272770525e-06 0.08333324173136514
5.884155272770525e-06 0.08333324173136514
5.884155272770525e-06 0.08333324173136514
5.884155272770525e-06 0.08333324173136514
5.884155272770525e-06 0.08333324173136514
5.884155272770525e-06 0.08333324173136514
0.18438743834390295 0.08333308409649652
0.18438743834390295 0.08333308409649652
0.18438743834390295 0.08333308409649652
0.18438743834390295 0.08333308409649652
0.18438743834390295 0.08333308409649652
0.18438743834390295 0.08333308409649652
0.18438743834390295 0.08333308409649652
0.18438743834390295 0.08333308409649652
0.18438743834390295 0.08333308409649652
0.18438743834390295 0.08333308409649652
0.18438743834390295 0.08333308409649652
0.08221541862457908 0.08333327753856702
0.08221541862457908 0.08333327753856702
0.08221541862457908 0.08333327753856702
0.08221541862457908 0.08333327753856702
0.08221541862457908 0.08333327753856702
0.08221541862457908 0.08333327753856702
0.08221541862457908 0.08333327753856702
0.08221541862457908 0.08333327753856702
0.08221541862457908 0.08333327753856702
0.08221541862457908 0.08333327753856702
0.08221541862457908 0.08333327753856702
0.1417452052845322 0.08333339592272664
0.1417452052845322 0.08333339592272664
0.1417452052845322 0.08333339592272664
0.1417452052845322 0.08333339592272664
0.1417452052845322 0.08333339592272664
0.1417452052845322 0.08333339592272664
0.1417452052845322 0.08333339592272664
0.1417452052845322 0.08333339592272664
0.1417452052845322 0.08333339592272664
0.1417452052845322 0.08333339592272664
0.1417452052845322 0.08333339592272664
0.14612003357679995 0.08333346636378294
0.14612003357679995 0.08333346636378294
0.14612003357679995 0.08333346636378294
0.14612003357679995 0.08333346636378294
0.14612003357679995 0.08333346636378294
0.14612003357679995 0.08333346636378294
0.14612003357679995 0.08333346636378294
0.14612003357679995 0.08333346636378294
0.14612003357679995 0.08333346636378294
0.14612003357679995 0.08333346636378294
0.14612003357679995 0.08333346636378294
0.6687534198075252 0.08333358115227879
0.6687534198075252 0.08333358115227879
0.6687534198075252 0.08333358115227879
0.6687534198075252 0.08333358115227879
0.6687534198075252 0.08333358115227879
0.6687534198075252 0.08333358115227879
0.6687534198075252 0.08333358115227879
0.6687534198075252 0.08333358115227879
0.6687534198075252 0.08333358115227879
0.6687534198075252 0.08333358115227879
0.6687534198075252 0.08333358115227879
0.6687534198075252 0.08333358115227879
0.6687534198075252 0.08333358115227879
0.6687534198075252 0.08333358115227879
0.6687534198075252 0.08333358115227879
0.6687534198075252 0.08333358115227879
0.6687534198075252 0.08333358115227879
0.6687534198075252 0.08333358115227879
0.6687534198075252 0.08333358115227879
0.6687534198075252 0.08333358115227879
0.6687534198075252 0.08333358115227879
0.6687534198075252 0.08333358115227879
0.6687534198075252 0.08333358115227879
0.6687534198075252 0.08333358115227879
0.6687534198075252 0.08333358115227879
0.6687534198075252 0.08333358115227879
0.6687534198075252 0.08333358115227879
0.6687534198075252 0.08333358115227879
0.6687534198075252 0.08333358115227879
0.6687534198075252 0.08333358115227879
0.6687534198075252 0.08333358115227879
0.6687534198075252 0.08333358115227879
0.6687534198075252 0.08333358115227879
0.6687534198075252 0.08333358115227879
0.6687534198075252 0.08333358115227879
0.6687534198075252 0.08333358115227879
0.6687534198075252 0.08333358115227879
0.6687534198075252 0.08333358115227879
0.6687534198075252 0.08333358115227879
0.6687534198075252 0.08333358115227879
0.6687534198075252 0.08333358115227879
0.6687534198075252 0.08333358115227879
0.6687534198075252 0.08333358115227879
0.6687534198075252 0.08333358115227879
0.6687534198075252 0.08333358115227879
0.6687534198075252 0.08333358115227879
0.6687534198075252 0.08333358115227879
0.6687534198075252 0.08333358115227879
0.6687534198075252 0.08333358115227879
0.6687534198075252 0.08333358115227879
0.6687534198075252 0.08333358115227879
0.6687534198075252 0.08333358115227879
0.6687534198075252 0.08333358115227879
0.6687534198075252 0.08333358115227879
0.6687534198075252 0.08333358115227879
0.6687534198075252 0.08333358115227879
0.6687534198075252 0.08333358115227879
0.6687534198075252 0.08333358115227879
0.6687534198075252 0.08333358115227879
0.6687534198075252 0.08333358115227879
0.6687534198075252 0.08333358115227879
0.6687534198075252 0.08333358115227879
0.6687534198075252 0.08333358115227879
0.6687534198075252 0.08333358115227879
0.6687534198075252 0.08333358115227879
0.6687534198075252 0.08333358115227879
0.6687534198075252 0.08333358115227879
0.6687534198075252 0.08333358115227879
0.6687534198075252 0.08333358115227879
0.6687534198075252 0.08333358115227879
0.6687534198075252 0.08333358115227879
0.6687534198075252 0.08333358115227879
0.6687534198075252 0.08333358115227879
0.6687534198075252 0.08333358115227879
0.6687534198075252 0.08333358115227879
0.6687534198075252 0.08333358115227879
0.6687534198075252 0.08333358115227879
0.6687534198075252 0.08333358115227879
0.6687534198075252 0.08333358115227879
0.6687534198075252 0.08333358115227879
0.6687534198075252 0.08333358115227879
0.6687534198075252 0.08333358115227879
0.6687534198075252 0.08333358115227879
0.6687534198075252 0.08333358115227879
0.6687534198075252 0.08333358115227879
0.6687534198075252 0.08333358115227879
0.6687534198075252 0.08333358115227879
0.6687534198075252 0.08333358115227879
0.6687534198075252 0.08333358115227879
0.6687534198075252 0.08333358115227879
0.6687534198075252 0.08333358115227879
0.6687534198075252 0.08333358115227879
0.6687534198075252 0.08333358115227879
0.6687534198075252 0.08333358115227879
0.6687534198075252 0.08333358115227879
0.6687534198075252 0.08333358115227879
0.6687534198075252 0.08333358115227879
0.6687534198075252 0.08333358115227879
0.6687534198075252 0.08333358115227879
0.6687534198075252 0.08333358115227879
0.6687534198075252 0.08333358115227879
0.6687534198075252 0.08333358115227879
0.6687534198075252 0.08333358115227879
0.6687534198075252 0.08333358115227879
0.6687534198075252 0.08333358115227879
0.6687534198075252 0.08333358115227879
0.6687534198075252 0.08333358115227879
0.6687534198075252 0.08333358115227879
0.6687534198075252 0.08333358115227879
0.6687534198075252 0.08333358115227879
0.6687534198075252 0.08333358115227879
0.6687534198075252 0.08333358115227879
0.6687534198075252 0.08333358115227879
0.6687534198075252 0.08333358115227879
0.6687534198075252 0.08333358115227879
0.6687534198075252 0.08333358115227879
0.6687534198075252 0.08333358115227879
0.6924795207679261 0.08333320621155647
0.6924795207679261 0.08333320621155647
0.6924795207679261 0.08333320621155647
0.6924795207679261 0.08333320621155647
0.6924795207679261 0.08333320621155647
0.6924795207679261 0.08333320621155647
0.6924795207679261 0.08333320621155647
0.6924795207679261 0.08333320621155647
0.6924795207679261 0.08333320621155647
0.6924795207679261 0.08333320621155647
0.6924795207679261 0.08333320621155647
0.6924795207679261 0.08333320621155647
0.6924795207679261 0.08333320621155647
0.6924795207679261 0.08333320621155647
0.6924795207679261 0.08333320621155647
0.6924795207679261 0.08333320621155647
0.6924795207679261 0.08333320621155647
0.6924795207679261 0.08333320621155647
0.6924795207679261 0.08333320621155647
0.6924795207679261 0.08333320621155647
0.6924795207679261 0.08333320621155647
0.6924795207679261 0.08333320621155647
0.6924795207679261 0.08333320621155647
0.6924795207679261 0.08333320621155647
0.6924795207679261 0.08333320621155647
0.6924795207679261 0.08333320621155647
0.6924795207679261 0.08333320621155647
0.6924795207679261 0.08333320621155647
0.6924795207679261 0.08333320621155647
0.6924795207679261 0.08333320621155647
0.6924795207679261 0.08333320621155647
0.6924795207679261 0.08333320621155647
0.6924795207679261 0.08333320621155647
0.6924795207679261 0.08333320621155647
0.6924795207679261 0.08333320621155647
0.6924795207679261 0.08333320621155647
0.6924795207679261 0.08333320621155647
0.6924795207679261 0.08333320621155647
0.6924795207679261 0.08333320621155647
0.17086841213720394 0.08333354955990972
0.17086841213720394 0.08333354955990972
0.17086841213720394 0.08333354955990972
0.17086841213720394 0.08333354955990972
0.17086841213720394 0.08333354955990972
0.17086841213720394 0.08333354955990972
0.17086841213720394 0.08333354955990972
0.17086841213720394 0.08333354955990972
0.17086841213720394 0.08333354955990972
0.17086841213720394 0.08333354955990972
0.17086841213720394 0.08333354955990972
0.05840891935119211 0.08333325876438659
0.05840891935119211 0.08333325876438659
0.05840891935119211 0.08333325876438659
0.05840891935119211 0.08333325876438659
0.05840891935119211 0.08333325876438659
0.05840891935119211 0.08333325876438659
0.05840891935119211 0.08333325876438659
0.05840891935119211 0.08333325876438659
0.05840891935119211 0.08333325876438659
0.05840891935119211 0.08333325876438659
0.05840891935119211 0.08333325876438659
0.1255679671596849 0.08333330370434633
0.1255679671596849 0.08333330370434633
0.1255679671596849 0.08333330370434633
0.1255679671596849 0.08333330370434633
0.1255679671596849 0.08333330370434633
0.1255679671596849 0.08333330370434633
0.1255679671596849 0.08333330370434633
0.1255679671596849 0.08333330370434633
0.1255679671596849 0.08333330370434633
0.1255679671596849 0.08333330370434633
0.1255679671596849 0.08333330370434633
0.12918739673640633 0.08333324034832333
0.12918739673640633 0.08333324034832333
0.12918739673640633 0.08333324034832333
0.12918739673640633 0.08333324034832333
0.12918739673640633 0.08333324034832333
0.12918739673640633 0.08333324034832333
0.12918739673640633 0.08333324034832333
0.12918739673640633 0.08333324034832333
0.12918739673640633 0.08333324034832333
0.12918739673640633 0.08333324034832333
0.12918739673640633 0.08333324034832333
0.5006828216476118 0.08333338678259598
0.5006828216476118 0.08333338678259598
0.5006828216476118 0.08333338678259598
0.5006828216476118 0.08333338678259598
0.5006828216476118 0.08333338678259598
0.5006828216476118 0.08333338678259598
0.5006828216476118 0.08333338678259598
0.5006828216476118 0.08333338678259598
0.5006828216476118 0.08333338678259598
0.5006828216476118 0.08333338678259598
0.5006828216476118 0.08333338678259598
0.5006828216476118 0.08333338678259598
0.5006828216476118 0.08333338678259598
0.5006828216476118 0.08333338678259598
0.5006828216476118 0.08333338678259598
0.5006828216476118 0.08333338678259598
0.5006828216476118 0.08333338678259598
0.5006828216476118 0.08333338678259598
0.5006828216476118 0.08333338678259598
0.5006828216476118 0.08333338678259598
0.5006828216476118 0.08333338678259598
0.5006828216476118 0.08333338678259598
0.5006828216476118 0.08333338678259598
0.5006828216476118 0.08333338678259598
0.5006828216476118 0.08333338678259598
0.5006828216476118 0.08333338678259598
0.5006828216476118 0.08333338678259598
0.5006828216476118 0.08333338678259598
0.5006828216476118 0.08333338678259598
0.5006828216476118 0.08333338678259598
0.5006828216476118 0.08333338678259598
0.5006828216476118 0.08333338678259598
0.5006828216476118 0.08333338678259598
0.5006828216476118 0.08333338678259598
0.5006828216476118 0.08333338678259598
0.5006828216476118 0.08333338678259598
0.5006828216476118 0.08333338678259598
0.5006828216476118 0.08333338678259598
0.5006828216476118 0.08333338678259598
0.2295822254623417 0.08333329678960416
0.2295822254623417 0.08333329678960416
0.2295822254623417 0.08333329678960416
0.2295822254623417 0.08333329678960416
0.2295822254623417 0.08333329678960416
0.2295822254623417 0.08333329678960416
0.2295822254623417 0.08333329678960416
0.2295822254623417 0.08333329678960416
0.2295822254623417 0.08333329678960416
0.2295822254623417 0.08333329678960416
0.2295822254623417 0.08333329678960416
0.2295822254623417 0.08333329678960416
0.2295822254623417 0.08333329678960416
0.2295822254623417 0.08333329678960416
0.2295822254623417 0.08333329678960416
0.2295822254623417 0.08333329678960416
0.2295822254623417 0.08333329678960416
0.2295822254623417 0.08333329678960416
0.2295822254623417 0.08333329678960416
0.2295822254623417 0.08333329678960416
0.2295822254623417 0.08333329678960416
0.2295822254623417 0.08333329678960416
0.2295822254623417 0.08333329678960416
0.2295822254623417 0.08333329678960416
0.2295822254623417 0.08333329678960416
0.2295822254623417 0.08333329678960416
0.2295822254623417 0.08333329678960416
0.2295822254623417 0.08333329678960416
0.2295822254623417 0.08333329678960416
0.2295822254623417 0.08333329678960416
0.2295822254623417 0.08333329678960416
0.2295822254623417 0.08333329678960416
0.2295822254623417 0.08333329678960416
0.2295822254623417 0.08333329678960416
0.2295822254623417 0.08333329678960416
0.2295822254623417 0.08333329678960416
0.2295822254623417 0.08333329678960416
0.2295822254623417 0.08333329678960416
0.2295822254623417 0.08333329678960416
0.2847777860285518 0.08333331145693898
0.2847777860285518 0.08333331145693898
0.2847777860285518 0.08333331145693898
0.2847777860285518 0.08333331145693898
0.2847777860285518 0.08333331145693898
0.2847777860285518 0.08333331145693898
0.2847777860285518 0.08333331145693898
0.2847777860285518 0.08333331145693898
0.2847777860285518 0.08333331145693898
0.2847777860285518 0.08333331145693898
0.2847777860285518 0.08333331145693898
0.2847777860285518 0.08333331145693898
0.2847777860285518 0.08333331145693898
0.2847777860285518 0.08333331145693898
0.2847777860285518 0.08333331145693898
0.2847777860285518 0.08333331145693898
0.2847777860285518 0.08333331145693898
0.2847777860285518 0.08333331145693898
0.2847777860285518 0.08333331145693898
0.2847777860285518 0.08333331145693898
0.2847777860285518 0.08333331145693898
0.2847777860285518 0.08333331145693898
0.2847777860285518 0.08333331145693898
0.2847777860285518 0.08333331145693898
0.2847777860285518 0.08333331145693898
0.2847777860285518 0.08333331145693898
0.2847777860285518 0.08333331145693898
0.2847777860285518 0.08333331145693898
0.2847777860285518 0.08333331145693898
0.2847777860285518 0.08333331145693898
0.2847777860285518 0.08333331145693898
0.2847777860285518 0.08333331145693898
0.2847777860285518 0.08333331145693898
0.2847777860285518 0.08333331145693898
0.2847777860285518 0.08333331145693898
0.2847777860285518 0.08333331145693898
0.2847777860285518 0.08333331145693898
0.2847777860285518 0.08333331145693898
0.2847777860285518 0.08333331145693898
0.12918739673640633 0.0833333936448544
0.12918739673640633 0.0833333936448544
0.12918739673640633 0.0833333936448544
0.12918739673640633 0.0833333936448544
0.12918739673640633 0.0833333936448544
0.12918739673640633 0.0833333936448544
0.12918739673640633 0.0833333936448544
0.12918739673640633 0.0833333936448544
0.12918739673640633 0.0833333936448544
0.12918739673640633 0.0833333936448544
0.12918739673640633 0.0833333936448544
0.09877370085788156 0.08333328597578059
0.09877370085788156 0.08333328597578059
0.09877370085788156 0.08333328597578059
0.09877370085788156 0.08333328597578059
0.09877370085788156 0.08333328597578059
0.09877370085788156 0.08333328597578059
0.09877370085788156 0.08333328597578059
0.09877370085788156 0.08333328597578059
0.09877370085788156 0.08333328597578059
0.09877370085788156 0.08333328597578059
0.09877370085788156 0.08333328597578059
0.48133002573149875 0.08333320331210867
0.48133002573149875 0.08333320331210867
0.48133002573149875 0.08333320331210867
0.48133002573149875 0.08333320331210867
0.48133002573149875 0.08333320331210867
0.48133002573149875 0.08333320331210867
0.48133002573149875 0.08333320331210867
0.48133002573149875 0.08333320331210867
0.48133002573149875 0.08333320331210867
0.48133002573149875 0.08333320331210867
0.48133002573149875 0.08333320331210867
0.48133002573149875 0.08333320331210867
0.48133002573149875 0.08333320331210867
0.48133002573149875 0.08333320331210867
0.48133002573149875 0.08333320331210867
0.48133002573149875 0.08333320331210867
0.48133002573149875 0.08333320331210867
0.48133002573149875 0.08333320331210867
0.48133002573149875 0.08333320331210867
0.48133002573149875 0.08333320331210867
0.48133002573149875 0.08333320331210867
0.48133002573149875 0.08333320331210867
0.48133002573149875 0.08333320331210867
0.48133002573149875 0.08333320331210867
0.48133002573149875 0.08333320331210867
0.48133002573149875 0.08333320331210867
0.48133002573149875 0.08333320331210867
0.48133002573149875 0.08333320331210867
0.48133002573149875 0.08333320331210867
0.48133002573149875 0.08333320331210867
0.48133002573149875 0.08333320331210867
0.48133002573149875 0.08333320331210867
0.48133002573149875 0.08333320331210867
0.48133002573149875 0.08333320331210867
0.48133002573149875 0.08333320331210867
0.48133002573149875 0.08333320331210867
0.48133002573149875 0.08333320331210867
0.48133002573149875 0.08333320331210867
0.48133002573149875 0.08333320331210867
0.3424792954848774 0.08333330960568347
0.3424792954848774 0.08333330960568347
0.3424792954848774 0.08333330960568347
0.3424792954848774 0.08333330960568347
0.3424792954848774 0.08333330960568347
0.3424792954848774 0.08333330960568347
0.3424792954848774 0.08333330960568347
0.3424792954848774 0.08333330960568347
0.3424792954848774 0.08333330960568347
0.3424792954848774 0.08333330960568347
0.3424792954848774 0.08333330960568347
0.3424792954848774 0.08333330960568347
0.3424792954848774 0.08333330960568347
0.3424792954848774 0.08333330960568347
0.3424792954848774 0.08333330960568347
0.3424792954848774 0.08333330960568347
0.3424792954848774 0.08333330960568347
0.3424792954848774 0.08333330960568347
0.3424792954848774 0.08333330960568347
0.3424792954848774 0.08333330960568347
0.3424792954848774 0.08333330960568347
0.3424792954848774 0.08333330960568347
0.3424792954848774 0.08333330960568347
0.3424792954848774 0.08333330960568347
0.3424792954848774 0.08333330960568347
0.3424792954848774 0.08333330960568347
0.3424792954848774 0.08333330960568347
0.3424792954848774 0.08333330960568347
0.3424792954848774 0.08333330960568347
0.3424792954848774 0.08333330960568347
0.3424792954848774 0.08333330960568347
0.3424792954848774 0.08333330960568347
0.3424792954848774 0.08333330960568347
0.3424792954848774 0.08333330960568347
0.3424792954848774 0.08333330960568347
0.3424792954848774 0.08333330960568347
0.3424792954848774 0.08333330960568347
0.3424792954848774 0.08333330960568347
0.3424792954848774 0.08333330960568347
0.2847777860285518 0.08333331145693898
0.2847777860285518 0.08333331145693898
0.2847777860285518 0.08333331145693898
0.2847777860285518 0.08333331145693898
0.2847777860285518 0.08333331145693898
0.2847777860285518 0.08333331145693898
0.2847777860285518 0.08333331145693898
0.2847777860285518 0.08333331145693898
0.2847777860285518 0.08333331145693898
0.2847777860285518 0.08333331145693898
0.2847777860285518 0.08333331145693898
0.2847777860285518 0.08333331145693898
0.2847777860285518 0.08333331145693898
0.2847777860285518 0.08333331145693898
0.2847777860285518 0.08333331145693898
0.2847777860285518 0.08333331145693898
0.2847777860285518 0.08333331145693898
0.2847777860285518 0.08333331145693898
0.2847777860285518 0.08333331145693898
0.2847777860285518 0.08333331145693898
0.2847777860285518 0.08333331145693898
0.2847777860285518 0.08333331145693898
0.2847777860285518 0.08333331145693898
0.2847777860285518 0.08333331145693898
0.2847777860285518 0.08333331145693898
0.2847777860285518 0.08333331145693898
0.2847777860285518 0.08333331145693898
0.2847777860285518 0.08333331145693898
0.2847777860285518 0.08333331145693898
0.2847777860285518 0.08333331145693898
0.2847777860285518 0.08333331145693898
0.2847777860285518 0.08333331145693898
0.2847777860285518 0.08333331145693898
0.2847777860285518 0.08333331145693898
0.2847777860285518 0.08333331145693898
0.2847777860285518 0.08333331145693898
0.2847777860285518 0.08333331145693898
0.2847777860285518 0.08333331145693898
0.2847777860285518 0.08333331145693898
0.1791191961571007 0.08333327561259596
0.1791191961571007 0.08333327561259596
0.1791191961571007 0.08333327561259596
0.1791191961571007 0.08333327561259596
0.1791191961571007 0.08333327561259596
0.1791191961571007 0.08333327561259596
0.1791191961571007 0.08333327561259596
0.1791191961571007 0.08333327561259596
0.1791191961571007 0.08333327561259596
0.1791191961571007 0.08333327561259596
0.1791191961571007 0.08333327561259596
0.2847777860285518 0.0833333936448544
0.2847777860285518 0.0833333936448544
0.2847777860285518 0.0833333936448544
0.2847777860285518 0.0833333936448544
0.2847777860285518 0.0833333936448544
0.2847777860285518 0.0833333936448544
0.2847777860285518 0.0833333936448544
0.2847777860285518 0.0833333936448544
0.2847777860285518 0.0833333936448544
0.2847777860285518 0.0833333936448544
0.2847777860285518 0.0833333936448544
0.2847777860285518 0.0833333936448544
0.2847777860285518 0.0833333936448544
0.2847777860285518 0.0833333936448544
0.2847777860285518 0.0833333936448544
0.2847777860285518 0.0833333936448544
0.2847777860285518 0.0833333936448544
0.2847777860285518 0.0833333936448544
0.2847777860285518 0.0833333936448544
0.2847777860285518 0.0833333936448544
0.2847777860285518 0.0833333936448544
0.2847777860285518 0.0833333936448544
0.2847777860285518 0.0833333936448544
0.2847777860285518 0.0833333936448544
0.2847777860285518 0.0833333936448544
0.2847777860285518 0.0833333936448544
0.2847777860285518 0.0833333936448544
0.2847777860285518 0.0833333936448544
0.2847777860285518 0.0833333936448544
0.2847777860285518 0.0833333936448544
0.2847777860285518 0.0833333936448544
0.2847777860285518 0.0833333936448544
0.2847777860285518 0.0833333936448544
0.2847777860285518 0.0833333936448544
0.2847777860285518 0.0833333936448544
0.2847777860285518 0.0833333936448544
0.2847777860285518 0.0833333936448544
0.2847777860285518 0.0833333936448544
0.2847777860285518 0.0833333936448544
0.23564708429360262 0.08333339408754585
0.23564708429360262 0.08333339408754585
0.23564708429360262 0.08333339408754585
0.23564708429360262 0.08333339408754585
0.23564708429360262 0.08333339408754585
0.23564708429360262 0.08333339408754585
0.23564708429360262 0.08333339408754585
0.23564708429360262 0.08333339408754585
0.23564708429360262 0.08333339408754585
0.23564708429360262 0.08333339408754585
0.23564708429360262 0.08333339408754585
0.23564708429360262 0.08333339408754585
0.23564708429360262 0.08333339408754585
0.23564708429360262 0.08333339408754585
0.23564708429360262 0.08333339408754585
0.23564708429360262 0.08333339408754585
0.23564708429360262 0.08333339408754585
0.23564708429360262 0.08333339408754585
0.23564708429360262 0.08333339408754585
0.23564708429360262 0.08333339408754585
0.23564708429360262 0.08333339408754585
0.23564708429360262 0.08333339408754585
0.23564708429360262 0.08333339408754585
0.23564708429360262 0.08333339408754585
0.23564708429360262 0.08333339408754585
0.23564708429360262 0.08333339408754585
0.23564708429360262 0.08333339408754585
0.23564708429360262 0.08333339408754585
0.23564708429360262 0.08333339408754585
0.23564708429360262 0.08333339408754585
0.23564708429360262 0.08333339408754585
0.23564708429360262 0.08333339408754585
0.23564708429360262 0.08333339408754585
0.23564708429360262 0.08333339408754585
0.23564708429360262 0.08333339408754585
0.23564708429360262 0.08333339408754585
0.23564708429360262 0.08333339408754585
0.23564708429360262 0.08333339408754585
0.23564708429360262 0.08333339408754585
0.6975832263942524 0.0833333068549134
0.6975832263942524 0.0833333068549134
0.6975832263942524 0.0833333068549134
0.6975832263942524 0.0833333068549134
0.6975832263942524 0.0833333068549134
0.6975832263942524 0.0833333068549134
0.6975832263942524 0.0833333068549134
0.6975832263942524 0.0833333068549134
0.6975832263942524 0.0833333068549134
0.6975832263942524 0.0833333068549134
0.6975832263942524 0.0833333068549134
0.6975832263942524 0.0833333068549134
0.6975832263942524 0.0833333068549134
0.6975832263942524 0.0833333068549134
0.6975832263942524 0.0833333068549134
0.6975832263942524 0.0833333068549134
0.6975832263942524 0.0833333068549134
0.6975832263942524 0.0833333068549134
0.6975832263942524 0.0833333068549134
0.6975832263942524 0.0833333068549134
0.6975832263942524 0.0833333068549134
0.6975832263942524 0.0833333068549134
0.6975832263942524 0.0833333068549134
0.6975832263942524 0.0833333068549134
0.6975832263942524 0.0833333068549134
0.6975832263942524 0.0833333068549134
0.6975832263942524 0.0833333068549134
0.6975832263942524 0.0833333068549134
0.6975832263942524 0.0833333068549134
0.6975832263942524 0.0833333068549134
0.6975832263942524 0.0833333068549134
0.6975832263942524 0.0833333068549134
0.6975832263942524 0.0833333068549134
0.6975832263942524 0.0833333068549134
0.6975832263942524 0.0833333068549134
0.6975832263942524 0.0833333068549134
0.6975832263942524 0.0833333068549134
0.6975832263942524 0.0833333068549134
0.6975832263942524 0.0833333068549134
0.6975832263942524 0.0833333068549134
0.6975832263942524 0.0833333068549134
0.6975832263942524 0.0833333068549134
0.6975832263942524 0.0833333068549134
0.6975832263942524 0.0833333068549134
0.6975832263942524 0.0833333068549134
0.6975832263942524 0.0833333068549134
0.6975832263942524 0.0833333068549134
0.6975832263942524 0.0833333068549134
0.6975832263942524 0.0833333068549134
0.6975832263942524 0.0833333068549134
0.6975832263942524 0.0833333068549134
0.6975832263942524 0.0833333068549134
0.6975832263942524 0.0833333068549134
0.6975832263942524 0.0833333068549134
0.6975832263942524 0.0833333068549134
0.6975832263942524 0.0833333068549134
0.6975832263942524 0.0833333068549134
0.6975832263942524 0.0833333068549134
0.6975832263942524 0.0833333068549134
0.6975832263942524 0.0833333068549134
0.6975832263942524 0.0833333068549134
0.6975832263942524 0.0833333068549134
0.6975832263942524 0.0833333068549134
0.6975832263942524 0.0833333068549134
0.6975832263942524 0.0833333068549134
0.6975832263942524 0.0833333068549134
0.6975832263942524 0.0833333068549134
0.6975832263942524 0.0833333068549134
0.6975832263942524 0.0833333068549134
0.6975832263942524 0.0833333068549134
0.6975832263942524 0.0833333068549134
0.6975832263942524 0.0833333068549134
0.6975832263942524 0.0833333068549134
0.6975832263942524 0.0833333068549134
0.6975832263942524 0.0833333068549134
0.6975832263942524 0.0833333068549134
0.6975832263942524 0.0833333068549134
0.6975832263942524 0.0833333068549134
0.6975832263942524 0.0833333068549134
0.6975832263942524 0.0833333068549134
0.6975832263942524 0.0833333068549134
0.6975832263942524 0.0833333068549134
0.6975832263942524 0.0833333068549134
0.6975832263942524 0.0833333068549134
0.6975832263942524 0.0833333068549134
0.6975832263942524 0.0833333068549134
0.6975832263942524 0.0833333068549134
0.6975832263942524 0.0833333068549134
0.6975832263942524 0.0833333068549134
0.6975832263942524 0.0833333068549134
0.6975832263942524 0.0833333068549134
0.6975832263942524 0.0833333068549134
0.6975832263942524 0.0833333068549134
0.6975832263942524 0.0833333068549134
0.6975832263942524 0.0833333068549134
0.6975832263942524 0.0833333068549134
0.6975832263942524 0.0833333068549134
0.6975832263942524 0.0833333068549134
0.6975832263942524 0.0833333068549134
0.6975832263942524 0.0833333068549134
0.6975832263942524 0.0833333068549134
0.6975832263942524 0.0833333068549134
0.6975832263942524 0.0833333068549134
0.6975832263942524 0.0833333068549134
0.6975832263942524 0.0833333068549134
0.6975832263942524 0.0833333068549134
0.6975832263942524 0.0833333068549134
0.6975832263942524 0.0833333068549134
0.6975832263942524 0.0833333068549134
0.6975832263942524 0.0833333068549134
0.6975832263942524 0.0833333068549134
0.6975832263942524 0.0833333068549134
0.6975832263942524 0.0833333068549134
0.6975832263942524 0.0833333068549134
0.6975832263942524 0.0833333068549134
0.6975832263942524 0.0833333068549134
0.6975832263942524 0.0833333068549134
0.6975832263942524 0.0833333068549134
0.6975832263942524 0.0833333068549134
0.6975832263942524 0.0833333068549134
0.6975832263942524 0.0833333068549134
0.6975832263942524 0.0833333068549134
0.6975832263942524 0.0833333068549134
0.6975832263942524 0.0833333068549134
0.6975832263942524 0.0833333068549134
0.6975832263942524 0.0833333068549134
0.6975832263942524 0.0833333068549134
0.6975832263942524 0.0833333068549134
0.6975832263942524 0.0833333068549134
0.6975832263942524 0.0833333068549134
0.6975832263942524 0.0833333068549134
0.6975832263942524 0.0833333068549134
0.6975832263942524 0.0833333068549134
0.6975832263942524 0.0833333068549134
0.6975832263942524 0.0833333068549134
0.6975832263942524 0.0833333068549134
0.6975832263942524 0.0833333068549134
0.6975832263942524 0.0833333068549134
0.6975832263942524 0.0833333068549134
0.6975832263942524 0.0833333068549134
0.6975832263942524 0.0833333068549134
0.6975832263942524 0.0833333068549134
0.6975832263942524 0.0833333068549134
0.6975832263942524 0.0833333068549134
0.6975832263942524 0.0833333068549134
0.6975832263942524 0.0833333068549134
0.6975832263942524 0.0833333068549134
0.6975832263942524 0.0833333068549134
0.6975832263942524 0.0833333068549134
0.6975832263942524 0.0833333068549134
0.6975832263942524 0.0833333068549134
0.6975832263942524 0.0833333068549134
0.6975832263942524 0.0833333068549134
0.6975832263942524 0.0833333068549134
0.6975832263942524 0.0833333068549134
0.6975832263942524 0.0833333068549134
0.6975832263942524 0.0833333068549134
0.6975832263942524 0.0833333068549134
0.6975832263942524 0.0833333068549134
0.6975832263942524 0.0833333068549134
0.6975832263942524 0.0833333068549134
0.6975832263942524 0.0833333068549134
0.6975832263942524 0.0833333068549134
0.6975832263942524 0.0833333068549134
0.6975832263942524 0.0833333068549134
0.6975832263942524 0.0833333068549134
0.6975832263942524 0.0833333068549134
0.6975832263942524 0.0833333068549134
0.6975832263942524 0.0833333068549134
0.6975832263942524 0.0833333068549134
0.6975832263942524 0.0833333068549134
0.6975832263942524 0.0833333068549134
0.6975832263942524 0.0833333068549134
0.6975832263942524 0.0833333068549134
0.6975832263942524 0.0833333068549134
0.6975832263942524 0.0833333068549134
0.6975832263942524 0.0833333068549134
0.6975832263942524 0.0833333068549134
0.6975832263942524 0.0833333068549134
0.6975832263942524 0.0833333068549134
0.6975832263942524 0.0833333068549134
0.6975832263942524 0.0833333068549134
0.6975832263942524 0.0833333068549134
0.6975832263942524 0.0833333068549134
0.6975832263942524 0.0833333068549134
0.6975832263942524 0.0833333068549134
0.6975832263942524 0.0833333068549134
0.6975832263942524 0.0833333068549134
0.6975832263942524 0.0833333068549134
0.6975832263942524 0.0833333068549134
0.6975832263942524 0.0833333068549134
0.6975832263942524 0.0833333068549134
0.6975832263942524 0.0833333068549134
0.6975832263942524 0.0833333068549134
0.6975832263942524 0.0833333068549134
0.6975832263942524 0.0833333068549134
0.6975832263942524 0.0833333068549134
0.6975832263942524 0.0833333068549134
0.6975832263942524 0.0833333068549134
0.6975832263942524 0.0833333068549134
0.6975832263942524 0.0833333068549134
0.6975832263942524 0.0833333068549134
0.6975832263942524 0.0833333068549134
0.6975832263942524 0.0833333068549134
0.6975832263942524 0.0833333068549134
0.6975832263942524 0.0833333068549134
0.6975832263942524 0.0833333068549134
0.6975832263942524 0.0833333068549134
0.6975832263942524 0.0833333068549134
0.6975832263942524 0.0833333068549134
0.6975832263942524 0.0833333068549134
0.6975832263942524 0.0833333068549134
0.6975832263942524 0.0833333068549134
0.6975832263942524 0.0833333068549134
0.6975832263942524 0.0833333068549134
0.6975832263942524 0.0833333068549134
0.6975832263942524 0.0833333068549134
0.6975832263942524 0.0833333068549134
0.6975832263942524 0.0833333068549134
0.6975832263942524 0.0833333068549134
0.6975832263942524 0.0833333068549134
0.6975832263942524 0.0833333068549134
0.6975832263942524 0.0833333068549134
0.6975832263942524 0.0833333068549134
0.6975832263942524 0.0833333068549134
0.6975832263942524 0.0833333068549134
0.6975832263942524 0.0833333068549134
0.6975832263942524 0.0833333068549134
0.6975832263942524 0.0833333068549134
0.6975832263942524 0.0833333068549134
0.6975832263942524 0.0833333068549134
0.6975832263942524 0.0833333068549134
0.6975832263942524 0.0833333068549134
0.6975832263942524 0.0833333068549134
0.6975832263942524 0.0833333068549134
0.6975832263942524 0.0833333068549134
0.6975832263942524 0.0833333068549134
0.6975832263942524 0.0833333068549134
0.6975832263942524 0.0833333068549134
0.6975832263942524 0.0833333068549134
0.6975832263942524 0.0833333068549134
0.6975832263942524 0.0833333068549134
0.6975832263942524 0.0833333068549134
0.6975832263942524 0.0833333068549134
0.6975832263942524 0.0833333068549134
0.6975832263942524 0.0833333068549134
0.6975832263942524 0.0833333068549134
0.6975832263942524 0.0833333068549134
0.6975832263942524 0.0833333068549134
0.6975832263942524 0.0833333068549134
0.6975832263942524 0.0833333068549134
0.6975832263942524 0.0833333068549134
0.6975832263942524 0.0833333068549134
0.6975832263942524 0.0833333068549134
0.6975832263942524 0.0833333068549134
0.6975832263942524 0.0833333068549134
0.6975832263942524 0.0833333068549134
0.6975832263942524 0.0833333068549134
0.6975832263942524 0.0833333068549134
0.6975832263942524 0.0833333068549134
0.6975832263942524 0.0833333068549134
0.6975832263942524 0.0833333068549134
0.6975832263942524 0.0833333068549134
0.6975832263942524 0.0833333068549134
0.6975832263942524 0.0833333068549134
0.6975832263942524 0.0833333068549134
0.6975832263942524 0.0833333068549134
0.6975832263942524 0.0833333068549134
0.6975832263942524 0.0833333068549134
0.6975832263942524 0.0833333068549134
0.6975832263942524 0.0833333068549134
0.6975832263942524 0.0833333068549134
0.6975832263942524 0.0833333068549134
0.6975832263942524 0.0833333068549134
0.6975832263942524 0.0833333068549134
0.6975832263942524 0.0833333068549134
0.6975832263942524 0.0833333068549134
0.6975832263942524 0.0833333068549134
0.6975832263942524 0.0833333068549134
0.6975832263942524 0.0833333068549134
0.6975832263942524 0.0833333068549134
0.6975832263942524 0.0833333068549134
0.6975832263942524 0.0833333068549134
0.6975832263942524 0.0833333068549134
0.6975832263942524 0.0833333068549134
0.6975832263942524 0.0833333068549134
0.6975832263942524 0.0833333068549134
0.6975832263942524 0.0833333068549134
0.6975832263942524 0.0833333068549134
0.6975832263942524 0.0833333068549134
0.6975832263942524 0.0833333068549134
0.6975832263942524 0.0833333068549134
0.6975832263942524 0.0833333068549134
0.6975832263942524 0.0833333068549134
0.6975832263942524 0.0833333068549134
0.6975832263942524 0.0833333068549134
0.6975832263942524 0.0833333068549134
0.6975832263942524 0.0833333068549134
0.6975832263942524 0.0833333068549134
0.6975832263942524 0.0833333068549134
0.6975832263942524 0.0833333068549134
0.6975832263942524 0.0833333068549134
0.6975832263942524 0.0833333068549134
0.6975832263942524 0.0833333068549134
0.6975832263942524 0.0833333068549134
0.6975832263942524 0.0833333068549134
0.6975832263942524 0.0833333068549134
0.6975832263942524 0.0833333068549134
0.6975832263942524 0.0833333068549134
0.6975832263942524 0.0833333068549134
0.6975832263942524 0.0833333068549134
0.6975832263942524 0.0833333068549134
0.6975832263942524 0.0833333068549134
0.6975832263942524 0.0833333068549134
0.6975832263942524 0.0833333068549134
0.6975832263942524 0.0833333068549134
0.6975832263942524 0.0833333068549134
0.6975832263942524 0.0833333068549134
0.6975832263942524 0.0833333068549134
0.6975832263942524 0.0833333068549134
0.6975832263942524 0.0833333068549134
0.6975832263942524 0.0833333068549134
0.6975832263942524 0.0833333068549134
0.6975832263942524 0.0833333068549134
0.6975832263942524 0.0833333068549134
0.6975832263942524 0.0833333068549134
0.6975832263942524 0.0833333068549134
0.6975832263942524 0.0833333068549134
0.6975832263942524 0.0833333068549134
0.6975832263942524 0.0833333068549134
0.6975832263942524 0.0833333068549134
0.6975832263942524 0.0833333068549134
0.6975832263942524 0.0833333068549134
0.6975832263942524 0.0833333068549134
0.6975832263942524 0.0833333068549134
0.6975832263942524 0.0833333068549134
0.6975832263942524 0.0833333068549134
0.6975832263942524 0.0833333068549134
0.6975832263942524 0.0833333068549134
0.6975832263942524 0.0833333068549134
0.6975832263942524 0.0833333068549134
0.6975832263942524 0.0833333068549134
0.6975832263942524 0.0833333068549134
0.6975832263942524 0.0833333068549134
0.6975832263942524 0.0833333068549134
0.6975832263942524 0.0833333068549134
0.6975832263942524 0.0833333068549134
0.6975832263942524 0.0833333068549134
0.6975832263942524 0.0833333068549134
0.6975832263942524 0.0833333068549134
0.6975832263942524 0.0833333068549134
0.6975832263942524 0.0833333068549134
0.6975832263942524 0.0833333068549134
0.6975832263942524 0.0833333068549134
0.6975832263942524 0.0833333068549134
0.6975832263942524 0.0833333068549134
0.6975832263942524 0.0833333068549134
0.6975832263942524 0.0833333068549134
0.6975832263942524 0.0833333068549134
0.6975832263942524 0.0833333068549134
0.6975832263942524 0.0833333068549134
0.6975832263942524 0.0833333068549134
0.6975832263942524 0.0833333068549134
0.6975832263942524 0.0833333068549134
0.6975832263942524 0.0833333068549134
0.6975832263942524 0.0833333068549134
0.6975832263942524 0.0833333068549134
0.6975832263942524 0.0833333068549134
0.6975832263942524 0.0833333068549134
0.6975832263942524 0.0833333068549134
0.6975832263942524 0.0833333068549134
0.6975832263942524 0.0833333068549134
0.6975832263942524 0.0833333068549134
0.6975832263942524 0.0833333068549134
0.6975832263942524 0.0833333068549134
0.6975832263942524 0.0833333068549134
0.6975832263942524 0.0833333068549134
0.6975832263942524 0.0833333068549134
0.6975832263942524 0.0833333068549134
0.6975832263942524 0.0833333068549134
0.6975832263942524 0.0833333068549134
0.6975832263942524 0.0833333068549134
0.6975832263942524 0.0833333068549134
0.6975832263942524 0.0833333068549134
0.6975832263942524 0.0833333068549134
0.6975832263942524 0.0833333068549134
0.6975832263942524 0.0833333068549134
0.6975832263942524 0.0833333068549134
0.6975832263942524 0.0833333068549134
0.6975832263942524 0.0833333068549134
0.6975832263942524 0.0833333068549134
0.6975832263942524 0.0833333068549134
0.6975832263942524 0.0833333068549134
0.6975832263942524 0.0833333068549134
0.6975832263942524 0.0833333068549134
0.6975832263942524 0.0833333068549134
0.6975832263942524 0.0833333068549134
0.6975832263942524 0.0833333068549134
0.6975832263942524 0.0833333068549134
0.6975832263942524 0.0833333068549134
0.6975832263942524 0.0833333068549134
0.6975832263942524 0.0833333068549134
0.6975832263942524 0.0833333068549134
0.6975832263942524 0.0833333068549134
0.6975832263942524 0.0833333068549134
0.6975832263942524 0.0833333068549134
0.6975832263942524 0.0833333068549134
0.6975832263942524 0.0833333068549134
0.6975832263942524 0.0833333068549134
0.6975832263942524 0.0833333068549134
0.6975832263942524 0.0833333068549134
0.6975832263942524 0.0833333068549134
0.6975832263942524 0.0833333068549134
0.6975832263942524 0.0833333068549134
0.6975832263942524 0.0833333068549134
0.6975832263942524 0.0833333068549134
0.6975832263942524 0.0833333068549134
0.6975832263942524 0.0833333068549134
0.6975832263942524 0.0833333068549134
0.6975832263942524 0.0833333068549134
0.6975832263942524 0.0833333068549134
0.6975832263942524 0.0833333068549134
0.6975832263942524 0.0833333068549134
0.6975832263942524 0.0833333068549134
0.6975832263942524 0.0833333068549134
0.6975832263942524 0.0833333068549134
0.6975832263942524 0.0833333068549134
0.6975832263942524 0.0833333068549134
0.6975832263942524 0.0833333068549134
0.2295822254623417 0.08333328587258765
0.2295822254623417 0.08333328587258765
0.2295822254623417 0.08333328587258765
0.2295822254623417 0.08333328587258765
0.2295822254623417 0.08333328587258765
0.2295822254623417 0.08333328587258765
0.2295822254623417 0.08333328587258765
0.2295822254623417 0.08333328587258765
0.2295822254623417 0.08333328587258765
0.2295822254623417 0.08333328587258765
0.2295822254623417 0.08333328587258765
0.2295822254623417 0.08333328587258765
0.2295822254623417 0.08333328587258765
0.2295822254623417 0.08333328587258765
0.2295822254623417 0.08333328587258765
0.2295822254623417 0.08333328587258765
0.2295822254623417 0.08333328587258765
0.2295822254623417 0.08333328587258765
0.2295822254623417 0.08333328587258765
0.2295822254623417 0.08333328587258765
0.2295822254623417 0.08333328587258765
0.2295822254623417 0.08333328587258765
0.2295822254623417 0.08333328587258765
0.2295822254623417 0.08333328587258765
0.2295822254623417 0.08333328587258765
0.2295822254623417 0.08333328587258765
0.2295822254623417 0.08333328587258765
0.2295822254623417 0.08333328587258765
0.2295822254623417 0.08333328587258765
0.2295822254623417 0.08333328587258765
0.2295822254623417 0.08333328587258765
0.2295822254623417 0.08333328587258765
0.2295822254623417 0.08333328587258765
0.2295822254623417 0.08333328587258765
0.2295822254623417 0.08333328587258765
0.2295822254623417 0.08333328587258765
0.2295822254623417 0.08333328587258765
0.2295822254623417 0.08333328587258765
0.2295822254623417 0.08333328587258765
0.12876017598239967 0.08333325876438659
0.12876017598239967 0.08333325876438659
0.12876017598239967 0.08333325876438659
0.12876017598239967 0.08333325876438659
0.12876017598239967 0.08333325876438659
0.12876017598239967 0.08333325876438659
0.12876017598239967 0.08333325876438659
0.12876017598239967 0.08333325876438659
0.12876017598239967 0.08333325876438659
0.12876017598239967 0.08333325876438659
0.12876017598239967 0.08333325876438659
0.12876017598239967 0.08333325876438659
0.12876017598239967 0.08333325876438659
0.12876017598239967 0.08333325876438659
0.12876017598239967 0.08333325876438659
0.12876017598239967 0.08333325876438659
0.12876017598239967 0.08333325876438659
0.12876017598239967 0.08333325876438659
0.12876017598239967 0.08333325876438659
0.12876017598239967 0.08333325876438659
0.12876017598239967 0.08333325876438659
0.12876017598239967 0.08333325876438659
0.12876017598239967 0.08333325876438659
0.12876017598239967 0.08333325876438659
0.12876017598239967 0.08333325876438659
0.12876017598239967 0.08333325876438659
0.12876017598239967 0.08333325876438659
0.12876017598239967 0.08333325876438659
0.12876017598239967 0.08333325876438659
0.12876017598239967 0.08333325876438659
0.12876017598239967 0.08333325876438659
0.12876017598239967 0.08333325876438659
0.12876017598239967 0.08333325876438659
0.12876017598239967 0.08333325876438659
0.12876017598239967 0.08333325876438659
0.12876017598239967 0.08333325876438659
0.12876017598239967 0.08333325876438659
0.12876017598239967 0.08333325876438659
0.12876017598239967 0.08333325876438659
0.16506212715135057 0.08333322022036398
0.16506212715135057 0.08333322022036398
0.16506212715135057 0.08333322022036398
0.16506212715135057 0.08333322022036398
0.16506212715135057 0.08333322022036398
0.16506212715135057 0.08333322022036398
0.16506212715135057 0.08333322022036398
0.16506212715135057 0.08333322022036398
0.16506212715135057 0.08333322022036398
0.16506212715135057 0.08333322022036398
0.16506212715135057 0.08333322022036398
0.16506212715135057 0.08333322022036398
0.16506212715135057 0.08333322022036398
0.16506212715135057 0.08333322022036398
0.16506212715135057 0.08333322022036398
0.16506212715135057 0.08333322022036398
0.16506212715135057 0.08333322022036398
0.16506212715135057 0.08333322022036398
0.16506212715135057 0.08333322022036398
0.16506212715135057 0.08333322022036398
0.16506212715135057 0.08333322022036398
0.16506212715135057 0.08333322022036398
0.16506212715135057 0.08333322022036398
0.16506212715135057 0.08333322022036398
0.16506212715135057 0.08333322022036398
0.16506212715135057 0.08333322022036398
0.16506212715135057 0.08333322022036398
0.16506212715135057 0.08333322022036398
0.16506212715135057 0.08333322022036398
0.16506212715135057 0.08333322022036398
0.16506212715135057 0.08333322022036398
0.16506212715135057 0.08333322022036398
0.16506212715135057 0.08333322022036398
0.16506212715135057 0.08333322022036398
0.16506212715135057 0.08333322022036398
0.16506212715135057 0.08333322022036398
0.16506212715135057 0.08333322022036398
0.16506212715135057 0.08333322022036398
0.16506212715135057 0.08333322022036398
0.2479939704742436 0.08333320123705522
0.2479939704742436 0.08333320123705522
0.2479939704742436 0.08333320123705522
0.2479939704742436 0.08333320123705522
0.2479939704742436 0.08333320123705522
0.2479939704742436 0.08333320123705522
0.2479939704742436 0.08333320123705522
0.2479939704742436 0.08333320123705522
0.2479939704742436 0.08333320123705522
0.2479939704742436 0.08333320123705522
0.2479939704742436 0.08333320123705522
0.2479939704742436 0.08333320123705522
0.2479939704742436 0.08333320123705522
0.2479939704742436 0.08333320123705522
0.2479939704742436 0.08333320123705522
0.2479939704742436 0.08333320123705522
0.2479939704742436 0.08333320123705522
0.2479939704742436 0.08333320123705522
0.2479939704742436 0.08333320123705522
0.2479939704742436 0.08333320123705522
0.2479939704742436 0.08333320123705522
0.2479939704742436 0.08333320123705522
0.2479939704742436 0.08333320123705522
0.2479939704742436 0.08333320123705522
0.2479939704742436 0.08333320123705522
0.2479939704742436 0.08333320123705522
0.2479939704742436 0.08333320123705522
0.2479939704742436 0.08333320123705522
0.2479939704742436 0.08333320123705522
0.2479939704742436 0.08333320123705522
0.2479939704742436 0.08333320123705522
0.2479939704742436 0.08333320123705522
0.2479939704742436 0.08333320123705522
0.2479939704742436 0.08333320123705522
0.2479939704742436 0.08333320123705522
0.2479939704742436 0.08333320123705522
0.2479939704742436 0.08333320123705522
0.2479939704742436 0.08333320123705522
0.2479939704742436 0.08333320123705522
0.08221541862457908 0.08333329678960416
0.08221541862457908 0.08333329678960416
0.08221541862457908 0.08333329678960416
0.08221541862457908 0.08333329678960416
0.08221541862457908 0.08333329678960416
0.08221541862457908 0.08333329678960416
0.08221541862457908 0.08333329678960416
0.08221541862457908 0.08333329678960416
0.08221541862457908 0.08333329678960416
0.08221541862457908 0.08333329678960416
0.08221541862457908 0.08333329678960416
0.137627225655624 0.0833331264458333
0.137627225655624 0.0833331264458333
0.137627225655624 0.0833331264458333
0.137627225655624 0.0833331264458333
0.137627225655624 0.0833331264458333
0.137627225655624 0.0833331264458333
0.137627225655624 0.0833331264458333
0.137627225655624 0.0833331264458333
0.137627225655624 0.0833331264458333
0.137627225655624 0.0833331264458333
0.137627225655624 0.0833331264458333
0.137627225655624 0.0833331264458333
0.137627225655624 0.0833331264458333
0.137627225655624 0.0833331264458333
0.137627225655624 0.0833331264458333
0.137627225655624 0.0833331264458333
0.137627225655624 0.0833331264458333
0.137627225655624 0.0833331264458333
0.137627225655624 0.0833331264458333
0.137627225655624 0.0833331264458333
0.137627225655624 0.0833331264458333
0.137627225655624 0.0833331264458333
0.137627225655624 0.0833331264458333
0.137627225655624 0.0833331264458333
0.137627225655624 0.0833331264458333
0.137627225655624 0.0833331264458333
0.137627225655624 0.0833331264458333
0.137627225655624 0.0833331264458333
0.137627225655624 0.0833331264458333
0.137627225655624 0.0833331264458333
0.137627225655624 0.0833331264458333
0.137627225655624 0.0833331264458333
0.137627225655624 0.0833331264458333
0.137627225655624 0.0833331264458333
0.137627225655624 0.0833331264458333
0.137627225655624 0.0833331264458333
0.137627225655624 0.0833331264458333
0.137627225655624 0.0833331264458333
0.137627225655624 0.0833331264458333
0.17237125262579417 0.08333320331210867
0.17237125262579417 0.08333320331210867
0.17237125262579417 0.08333320331210867
0.17237125262579417 0.08333320331210867
0.17237125262579417 0.08333320331210867
0.17237125262579417 0.08333320331210867
0.17237125262579417 0.08333320331210867
0.17237125262579417 0.08333320331210867
0.17237125262579417 0.08333320331210867
0.17237125262579417 0.08333320331210867
0.17237125262579417 0.08333320331210867
0.28183176355959727 0.08333320621155647
0.28183176355959727 0.08333320621155647
0.28183176355959727 0.08333320621155647
0.28183176355959727 0.08333320621155647
0.28183176355959727 0.08333320621155647
0.28183176355959727 0.08333320621155647
0.28183176355959727 0.08333320621155647
0.28183176355959727 0.08333320621155647
0.28183176355959727 0.08333320621155647
0.28183176355959727 0.08333320621155647
0.28183176355959727 0.08333320621155647
0.10470590561584465 0.0833334202052192
0.10470590561584465 0.0833334202052192
0.10470590561584465 0.0833334202052192
0.10470590561584465 0.0833334202052192
0.10470590561584465 0.0833334202052192
0.10470590561584465 0.0833334202052192
0.10470590561584465 0.0833334202052192
0.10470590561584465 0.0833334202052192
0.10470590561584465 0.0833334202052192
0.10470590561584465 0.0833334202052192
0.10470590561584465 0.0833334202052192
0.10470590561584465 0.0833334202052192
0.10470590561584465 0.0833334202052192
0.10470590561584465 0.0833334202052192
0.10470590561584465 0.0833334202052192
0.10470590561584465 0.0833334202052192
0.10470590561584465 0.0833334202052192
0.10470590561584465 0.0833334202052192
0.10470590561584465 0.0833334202052192
0.10470590561584465 0.0833334202052192
0.10470590561584465 0.0833334202052192
0.10470590561584465 0.0833334202052192
0.10470590561584465 0.0833334202052192
0.10470590561584465 0.0833334202052192
0.10470590561584465 0.0833334202052192
0.10470590561584465 0.0833334202052192
0.10470590561584465 0.0833334202052192
0.10470590561584465 0.0833334202052192
0.10470590561584465 0.0833334202052192
0.10470590561584465 0.0833334202052192
0.10470590561584465 0.0833334202052192
0.10470590561584465 0.0833334202052192
0.10470590561584465 0.0833334202052192
0.10470590561584465 0.0833334202052192
0.10470590561584465 0.0833334202052192
0.10470590561584465 0.0833334202052192
0.10470590561584465 0.0833334202052192
0.10470590561584465 0.0833334202052192
0.10470590561584465 0.0833334202052192
0.2847777860285518 0.08333324034832333
0.2847777860285518 0.08333324034832333
0.2847777860285518 0.08333324034832333
0.2847777860285518 0.08333324034832333
0.2847777860285518 0.08333324034832333
0.2847777860285518 0.08333324034832333
0.2847777860285518 0.08333324034832333
0.2847777860285518 0.08333324034832333
0.2847777860285518 0.08333324034832333
0.2847777860285518 0.08333324034832333
0.2847777860285518 0.08333324034832333
0.2847777860285518 0.08333324034832333
0.2847777860285518 0.08333324034832333
0.2847777860285518 0.08333324034832333
0.2847777860285518 0.08333324034832333
0.2847777860285518 0.08333324034832333
0.2847777860285518 0.08333324034832333
0.2847777860285518 0.08333324034832333
0.2847777860285518 0.08333324034832333
0.2847777860285518 0.08333324034832333
0.2847777860285518 0.08333324034832333
0.2847777860285518 0.08333324034832333
0.2847777860285518 0.08333324034832333
0.2847777860285518 0.08333324034832333
0.2847777860285518 0.08333324034832333
0.2847777860285518 0.08333324034832333
0.2847777860285518 0.08333324034832333
0.2847777860285518 0.08333324034832333
0.2847777860285518 0.08333324034832333
0.2847777860285518 0.08333324034832333
0.2847777860285518 0.08333324034832333
0.2847777860285518 0.08333324034832333
0.2847777860285518 0.08333324034832333
0.2847777860285518 0.08333324034832333
0.2847777860285518 0.08333324034832333
0.2847777860285518 0.08333324034832333
0.2847777860285518 0.08333324034832333
0.2847777860285518 0.08333324034832333
0.2847777860285518 0.08333324034832333
0.06264234649946701 0.0833334202052192
0.06264234649946701 0.0833334202052192
0.06264234649946701 0.0833334202052192
0.06264234649946701 0.0833334202052192
0.06264234649946701 0.0833334202052192
0.06264234649946701 0.0833334202052192
0.06264234649946701 0.0833334202052192
0.06264234649946701 0.0833334202052192
0.06264234649946701 0.0833334202052192
0.06264234649946701 0.0833334202052192
0.06264234649946701 0.0833334202052192
0.12918739673640633 0.08333331145693898
0.12918739673640633 0.08333331145693898
0.12918739673640633 0.08333331145693898
0.12918739673640633 0.08333331145693898
0.12918739673640633 0.08333331145693898
0.12918739673640633 0.08333331145693898
0.12918739673640633 0.08333331145693898
0.12918739673640633 0.08333331145693898
0.12918739673640633 0.08333331145693898
0.12918739673640633 0.08333331145693898
0.12918739673640633 0.08333331145693898
0.28183176355959727 0.0833333084051539
0.28183176355959727 0.0833333084051539
0.28183176355959727 0.0833333084051539
0.28183176355959727 0.0833333084051539
0.28183176355959727 0.0833333084051539
0.28183176355959727 0.0833333084051539
0.28183176355959727 0.0833333084051539
0.28183176355959727 0.0833333084051539
0.28183176355959727 0.0833333084051539
0.28183176355959727 0.0833333084051539
0.28183176355959727 0.0833333084051539
0.6924795207679261 0.08333340668633114
0.6924795207679261 0.08333340668633114
0.6924795207679261 0.08333340668633114
0.6924795207679261 0.08333340668633114
0.6924795207679261 0.08333340668633114
0.6924795207679261 0.08333340668633114
0.6924795207679261 0.08333340668633114
0.6924795207679261 0.08333340668633114
0.6924795207679261 0.08333340668633114
0.6924795207679261 0.08333340668633114
0.6924795207679261 0.08333340668633114
0.6924795207679261 0.08333340668633114
0.6924795207679261 0.08333340668633114
0.6924795207679261 0.08333340668633114
0.6924795207679261 0.08333340668633114
0.6924795207679261 0.08333340668633114
0.6924795207679261 0.08333340668633114
0.6924795207679261 0.08333340668633114
0.6924795207679261 0.08333340668633114
0.6924795207679261 0.08333340668633114
0.6924795207679261 0.08333340668633114
0.6924795207679261 0.08333340668633114
0.6924795207679261 0.08333340668633114
0.6924795207679261 0.08333340668633114
0.6924795207679261 0.08333340668633114
0.6924795207679261 0.08333340668633114
0.6924795207679261 0.08333340668633114
0.6924795207679261 0.08333340668633114
0.6924795207679261 0.08333340668633114
0.6924795207679261 0.08333340668633114
0.6924795207679261 0.08333340668633114
0.6924795207679261 0.08333340668633114
0.6924795207679261 0.08333340668633114
0.6924795207679261 0.08333340668633114
0.6924795207679261 0.08333340668633114
0.6924795207679261 0.08333340668633114
0.6924795207679261 0.08333340668633114
0.6924795207679261 0.08333340668633114
0.6924795207679261 0.08333340668633114
0.2295822254623417 0.08333328587258765
0.2295822254623417 0.08333328587258765
0.2295822254623417 0.08333328587258765
0.2295822254623417 0.08333328587258765
0.2295822254623417 0.08333328587258765
0.2295822254623417 0.08333328587258765
0.2295822254623417 0.08333328587258765
0.2295822254623417 0.08333328587258765
0.2295822254623417 0.08333328587258765
0.2295822254623417 0.08333328587258765
0.2295822254623417 0.08333328587258765
0.2295822254623417 0.08333328587258765
0.2295822254623417 0.08333328587258765
0.2295822254623417 0.08333328587258765
0.2295822254623417 0.08333328587258765
0.2295822254623417 0.08333328587258765
0.2295822254623417 0.08333328587258765
0.2295822254623417 0.08333328587258765
0.2295822254623417 0.08333328587258765
0.2295822254623417 0.08333328587258765
0.2295822254623417 0.08333328587258765
0.2295822254623417 0.08333328587258765
0.2295822254623417 0.08333328587258765
0.2295822254623417 0.08333328587258765
0.2295822254623417 0.08333328587258765
0.2295822254623417 0.08333328587258765
0.2295822254623417 0.08333328587258765
0.2295822254623417 0.08333328587258765
0.2295822254623417 0.08333328587258765
0.2295822254623417 0.08333328587258765
0.2295822254623417 0.08333328587258765
0.2295822254623417 0.08333328587258765
0.2295822254623417 0.08333328587258765
0.2295822254623417 0.08333328587258765
0.2295822254623417 0.08333328587258765
0.2295822254623417 0.08333328587258765
0.2295822254623417 0.08333328587258765
0.2295822254623417 0.08333328587258765
0.2295822254623417 0.08333328587258765
0.06264234649946701 0.0833334202052192
0.06264234649946701 0.0833334202052192
0.06264234649946701 0.0833334202052192
0.06264234649946701 0.0833334202052192
0.06264234649946701 0.0833334202052192
0.06264234649946701 0.0833334202052192
0.06264234649946701 0.0833334202052192
0.06264234649946701 0.0833334202052192
0.06264234649946701 0.0833334202052192
0.06264234649946701 0.0833334202052192
0.06264234649946701 0.0833334202052192
0.10548654322765479 0.08333325256903167
0.10548654322765479 0.08333325256903167
0.10548654322765479 0.08333325256903167
0.10548654322765479 0.08333325256903167
0.10548654322765479 0.08333325256903167
0.10548654322765479 0.08333325256903167
0.10548654322765479 0.08333325256903167
0.10548654322765479 0.08333325256903167
0.10548654322765479 0.08333325256903167
0.10548654322765479 0.08333325256903167
0.10548654322765479 0.08333325256903167
0.28183176355959727 0.0833333084051539
0.28183176355959727 0.0833333084051539
0.28183176355959727 0.0833333084051539
0.28183176355959727 0.0833333084051539
0.28183176355959727 0.0833333084051539
0.28183176355959727 0.0833333084051539
0.28183176355959727 0.0833333084051539
0.28183176355959727 0.0833333084051539
0.28183176355959727 0.0833333084051539
0.28183176355959727 0.0833333084051539
0.28183176355959727 0.0833333084051539
0.10470590561584465 0.0833334202052192
0.10470590561584465 0.0833334202052192
0.10470590561584465 0.0833334202052192
0.10470590561584465 0.0833334202052192
0.10470590561584465 0.0833334202052192
0.10470590561584465 0.0833334202052192
0.10470590561584465 0.0833334202052192
0.10470590561584465 0.0833334202052192
0.10470590561584465 0.0833334202052192
0.10470590561584465 0.0833334202052192
0.10470590561584465 0.0833334202052192
0.10470590561584465 0.0833334202052192
0.10470590561584465 0.0833334202052192
0.10470590561584465 0.0833334202052192
0.10470590561584465 0.0833334202052192
0.10470590561584465 0.0833334202052192
0.10470590561584465 0.0833334202052192
0.10470590561584465 0.0833334202052192
0.10470590561584465 0.0833334202052192
0.10470590561584465 0.0833334202052192
0.10470590561584465 0.0833334202052192
0.10470590561584465 0.0833334202052192
0.10470590561584465 0.0833334202052192
0.10470590561584465 0.0833334202052192
0.10470590561584465 0.0833334202052192
0.10470590561584465 0.0833334202052192
0.10470590561584465 0.0833334202052192
0.10470590561584465 0.0833334202052192
0.10470590561584465 0.0833334202052192
0.10470590561584465 0.0833334202052192
0.10470590561584465 0.0833334202052192
0.10470590561584465 0.0833334202052192
0.10470590561584465 0.0833334202052192
0.10470590561584465 0.0833334202052192
0.10470590561584465 0.0833334202052192
0.10470590561584465 0.0833334202052192
0.10470590561584465 0.0833334202052192
0.10470590561584465 0.0833334202052192
0.10470590561584465 0.0833334202052192
0.2150853402188486 0.08333329221483789
0.2150853402188486 0.08333329221483789
0.2150853402188486 0.08333329221483789
0.2150853402188486 0.08333329221483789
0.2150853402188486 0.08333329221483789
0.2150853402188486 0.08333329221483789
0.2150853402188486 0.08333329221483789
0.2150853402188486 0.08333329221483789
0.2150853402188486 0.08333329221483789
0.2150853402188486 0.08333329221483789
0.2150853402188486 0.08333329221483789
0.2150853402188486 0.08333329221483789
0.2150853402188486 0.08333329221483789
0.2150853402188486 0.08333329221483789
0.2150853402188486 0.08333329221483789
0.2150853402188486 0.08333329221483789
0.2150853402188486 0.08333329221483789
0.2150853402188486 0.08333329221483789
0.2150853402188486 0.08333329221483789
0.2150853402188486 0.08333329221483789
0.2150853402188486 0.08333329221483789
0.2150853402188486 0.08333329221483789
0.2150853402188486 0.08333329221483789
0.2150853402188486 0.08333329221483789
0.2150853402188486 0.08333329221483789
0.2150853402188486 0.08333329221483789
0.2150853402188486 0.08333329221483789
0.2150853402188486 0.08333329221483789
0.2150853402188486 0.08333329221483789
0.2150853402188486 0.08333329221483789
0.2150853402188486 0.08333329221483789
0.2150853402188486 0.08333329221483789
0.2150853402188486 0.08333329221483789
0.2150853402188486 0.08333329221483789
0.2150853402188486 0.08333329221483789
0.2150853402188486 0.08333329221483789
0.2150853402188486 0.08333329221483789
0.2150853402188486 0.08333329221483789
0.2150853402188486 0.08333329221483789
0.06752548928274588 0.0833331264458333
0.06752548928274588 0.0833331264458333
0.06752548928274588 0.0833331264458333
0.06752548928274588 0.0833331264458333
0.06752548928274588 0.0833331264458333
0.06752548928274588 0.0833331264458333
0.06752548928274588 0.0833331264458333
0.06752548928274588 0.0833331264458333
0.06752548928274588 0.0833331264458333
0.06752548928274588 0.0833331264458333
0.06752548928274588 0.0833331264458333