2.412164124225259e-07 3.9549208541211234e-07
2.412164124225259e-07 3.9549208541211234e-07
4.000975051405604e-07 3.954908943426231e-07
3.957986610298312e-07 3.9549231257157214e-07
4.9700202914541e-07 3.9549222894845915e-07
5.167936230380125e-07 3.9549115263547085e-07
3.756345264840493e-07 3.954919989591658e-07
2.1813082993249804e-07 3.954919227209669e-07
4.186925092243844e-07 3.954922554096283e-07
2.4321932249152613e-07 3.9549171455292143e-07
4.912619545640153e-07 3.9549258390682527e-07
2.504946043775597e-07 3.954919935574808e-07
3.4723861139562264e-07 3.9549285700434326e-07
3.9678350239023664e-07 3.954925227911233e-07
4.661107466065955e-07 3.954913068345742e-07
4.02295513835424e-07 3.954908874577833e-07
5.876582080102086e-07 3.954901200663203e-07
4.104629900915024e-07 3.954911046288006e-07
5.421407780801065e-07 3.9549110133821764e-07
2.3281439085451785e-07 3.95491957987344e-07
2.6797983265532135e-07 3.954923445294421e-07
2.6797983265532135e-07 3.954923445294421e-07
5.426832753772969e-07 3.9549019488432137e-07
5.213532499875242e-07 3.954917740330364e-07
5.212777490354584e-07 3.954915302091238e-07
3.7287206778246353e-07 3.9549155653167753e-07
3.702420651734143e-07 3.9547947754262556e-07
2.3755616255628472e-07 3.95490009167108e-07
3.4563876660061035e-07 3.9549279171913935e-07
3.5638782191213597e-07 3.9549156413147186e-07
3.0757145305903425e-07 3.9549170913845114e-07
3.627829987235039e-07 3.954913704693387e-07
2.9959559512528996e-07 3.9549307273575423e-07
3.6883122606553266e-07 3.9549135455398416e-07
2.032807013079272e-07 3.954922356828674e-07
3.8727853445835297e-07 3.95492650846502e-07
4.859930446156149e-07 3.9549215489890496e-07
4.859930446156149e-07 3.9549215489890496e-07
4.49511407491645e-07 3.9549213724630826e-07
4.962772989729729e-07 3.9549160283540365e-07
4.1261655785650834e-07 3.9549066629777696e-07
3.6578850756505926e-07 3.9549157822373397e-07
4.5897402451970794e-07 3.95491774809591e-07
6.296370522833617e-07 3.95490958789639e-07
3.396518413121691e-07 3.954918858157645e-07
4.658962745217011e-07 3.9549205503927733e-07
1.9478576395301071e-07 3.9548913581589103e-07
3.053968499331909e-07 3.9549157693057544e-07
3.053968499331909e-07 3.9549157693057544e-07
3.402071298038342e-07 3.9548899378298355e-07
4.4643421564704624e-07 3.95511245851595e-07
5.014679025593159e-07 3.95492578080583e-07
2.907220091579521e-07 3.954901257008906e-07
3.835656612946458e-07 3.9549326115664014e-07
5.01948706191901e-07 3.954917361483469e-07
3.5817902660429846e-07 3.954897300447563e-07
1.1424279021417333e-07 3.954918365241966e-07
5.01948706191901e-07 3.954917361483469e-07
5.01948706191901e-07 3.954917361483469e-07
4.007064914558611e-07 3.9549132901114696e-07
4.439112858310651e-07 3.954919037128094e-07
5.031471232218882e-07 3.954922084075271e-07
5.031471232218882e-07 3.954922084075271e-07
4.4302681986261927e-07 3.95493672269462e-07
5.977575261713589e-07 3.95490096075491e-07
3.053968499331909e-07 3.9549157693057544e-07
5.123830346435544e-07 3.9549935757399554e-07
3.4935867114706445e-07 3.9549161772675707e-07
2.607566312761904e-07 3.954918144968481e-07
2.607566312761904e-07 3.954918144968481e-07
2.0532538688625266e-07 3.9549193668106577e-07
4.6945139969542803e-07 3.954922127491224e-07
5.340657849812965e-07 3.954920161423919e-07
2.5885640740652845e-07 3.954915082846983e-07
2.2239352460389309e-07 3.9549166877823e-07
4.2764214897057725e-07 3.9549169307693886e-07
3.373706786829491e-07 3.954914230073268e-07
3.877161365459544e-07 3.9549310720657995e-07
4.238619927662022e-07 3.9549028380332554e-07
4.2403772332128815e-07 3.954898316096032e-07
4.370973179608847e-07 3.9549208486532356e-07
2.7357668926619815e-07 3.9549263722806514e-07
5.346791804984973e-07 3.954920161423919e-07
3.9176252073273246e-07 3.9549178635412094e-07
2.878810988242039e-07 3.9548981092261677e-07
2.878810988242039e-07 3.9548981092261677e-07
4.439112858310651e-07 3.954919037128094e-07
4.6780777816917296e-07 3.954922803308477e-07
4.6780777816917296e-07 3.954922803308477e-07
4.6780777816917296e-07 3.954922803308477e-07
4.471900103239853e-07 3.9549159724938876e-07
2.0480166888026228e-07 3.954922449849716e-07
2.0827225586732235e-07 3.9549193668106577e-07
2.316468102218876e-07 3.9549146892823957e-07
2.0879019627961572e-07 3.954919836244796e-07
2.6797983265532135e-07 3.954923445294421e-07
4.109713663106304e-07 3.954858834009496e-07
3.0757145305903425e-07 3.9549170913845114e-07
5.911315365134796e-07 3.9548883160822545e-07
3.8113487819527713e-07 3.954918166513296e-07
5.134450960191972e-07 3.95491702681353e-07
4.451561522564351e-07 3.954912831321006e-07
3.569343024010953e-07 3.954921898564175e-07
4.535687003657104e-07 3.9549144437415065e-07
4.4323677443984985e-07 3.9549180693864987e-07
3.47269780474172e-07 3.954920017355297e-07
3.6131533144575237e-07 3.954916660895837e-07
3.556970110198394e-07 3.954920277104516e-07
5.370094157609308e-07 3.954921594857653e-07