0.32662012674384755 0.008849335766165931
0.32662012674384755 0.008849335766165931
0.32662012674384755 0.008849335766165931
0.32662012674384755 0.008849335766165931
0.32662012674384755 0.008849335766165931
0.32662012674384755 0.008849335766165931
0.32662012674384755 0.008849335766165931
0.32662012674384755 0.008849335766165931
0.32662012674384755 0.008849335766165931
0.32662012674384755 0.008849335766165931
0.32662012674384755 0.008849335766165931
0.32662012674384755 0.008849335766165931
0.32662012674384755 0.008849335766165931
0.32662012674384755 0.008849335766165931
0.32662012674384755 0.008849335766165931
0.32662012674384755 0.008849335766165931
0.32662012674384755 0.008849335766165931
0.32662012674384755 0.008849335766165931
0.32662012674384755 0.008849335766165931
0.32662012674384755 0.008849335766165931
0.32662012674384755 0.008849335766165931
0.32662012674384755 0.008849335766165931
0.32662012674384755 0.008849335766165931
0.32662012674384755 0.008849335766165931
0.32662012674384755 0.008849335766165931
0.32662012674384755 0.008849335766165931
0.32662012674384755 0.008849335766165931
0.32662012674384755 0.008849335766165931
0.32662012674384755 0.008849335766165931
0.32662012674384755 0.008849335766165931
0.32662012674384755 0.008849335766165931
0.32662012674384755 0.008849335766165931
0.32662012674384755 0.008849335766165931
0.32662012674384755 0.008849335766165931
0.32662012674384755 0.008849335766165931
0.32662012674384755 0.008849335766165931
0.32662012674384755 0.008849335766165931
0.32662012674384755 0.008849335766165931
0.32662012674384755 0.008849335766165931
0.32662012674384755 0.008849335766165931
0.32662012674384755 0.008849335766165931
0.32662012674384755 0.008849335766165931
0.32662012674384755 0.008849335766165931
0.32662012674384755 0.008849335766165931
0.32662012674384755 0.008849335766165931
0.32662012674384755 0.008849335766165931
0.32662012674384755 0.008849335766165931
0.32662012674384755 0.008849335766165931
0.32662012674384755 0.008849335766165931
0.32662012674384755 0.008849335766165931
0.32662012674384755 0.008849335766165931
0.32662012674384755 0.008849335766165931
0.32662012674384755 0.008849335766165931
0.32662012674384755 0.008849335766165931
0.32662012674384755 0.008849335766165931
0.32662012674384755 0.008849335766165931
0.32662012674384755 0.008849335766165931
0.32662012674384755 0.008849335766165931
0.32662012674384755 0.008849335766165931
0.32662012674384755 0.008849335766165931
0.32662012674384755 0.008849335766165931
0.32662012674384755 0.008849335766165931
0.32662012674384755 0.008849335766165931
0.32662012674384755 0.008849335766165931
0.32662012674384755 0.008849335766165931
0.32662012674384755 0.008849335766165931
0.32662012674384755 0.008849335766165931
0.32662012674384755 0.008849335766165931
0.32662012674384755 0.008849335766165931
0.32662012674384755 0.008849335766165931
0.32662012674384755 0.008849335766165931
0.32662012674384755 0.008849335766165931
0.32662012674384755 0.008849335766165931
0.32662012674384755 0.008849335766165931
0.32662012674384755 0.008849335766165931
0.32662012674384755 0.008849335766165931
0.32662012674384755 0.008849335766165931
0.32662012674384755 0.008849335766165931
0.32662012674384755 0.008849335766165931
0.32662012674384755 0.008849335766165931
0.32662012674384755 0.008849335766165931
0.32662012674384755 0.008849335766165931
0.32662012674384755 0.008849335766165931
0.32662012674384755 0.008849335766165931
0.3634439067493383 0.008849466500200171
0.3634439067493383 0.008849466500200171
0.3634439067493383 0.008849466500200171
0.3634439067493383 0.008849466500200171
0.3634439067493383 0.008849466500200171
0.3634439067493383 0.008849466500200171
0.3634439067493383 0.008849466500200171
0.3634439067493383 0.008849466500200171
0.3634439067493383 0.008849466500200171
0.3634439067493383 0.008849466500200171
0.3634439067493383 0.008849466500200171
0.3634439067493383 0.008849466500200171
0.3416626958228228 0.008850054407452866
0.3416626958228228 0.008850054407452866
0.3416626958228228 0.008850054407452866
0.3416626958228228 0.008850054407452866
0.3416626958228228 0.008850054407452866
0.3416626958228228 0.008850054407452866
0.3416626958228228 0.008850054407452866
0.3416626958228228 0.008850054407452866
0.3416626958228228 0.008850054407452866
0.3416626958228228 0.008850054407452866
0.3416626958228228 0.008850054407452866
0.3416626958228228 0.008850054407452866
0.3416626958228228 0.008850054407452866
0.3416626958228228 0.008850054407452866
0.3416626958228228 0.008850054407452866
0.3416626958228228 0.008850054407452866
0.3416626958228228 0.008850054407452866
0.3416626958228228 0.008850054407452866
0.3416626958228228 0.008850054407452866
0.3416626958228228 0.008850054407452866
0.3416626958228228 0.008850054407452866
0.3416626958228228 0.008850054407452866
0.3416626958228228 0.008850054407452866
0.3416626958228228 0.008850054407452866
0.3416626958228228 0.008850054407452866
0.3416626958228228 0.008850054407452866
0.3416626958228228 0.008850054407452866
0.3416626958228228 0.008850054407452866
0.47166246068547135 0.008849621319008611
0.47166246068547135 0.008849621319008611
0.47166246068547135 0.008849621319008611
0.47166246068547135 0.008849621319008611
0.47166246068547135 0.008849621319008611
0.47166246068547135 0.008849621319008611
0.47166246068547135 0.008849621319008611
0.47166246068547135 0.008849621319008611
0.47166246068547135 0.008849621319008611
0.47166246068547135 0.008849621319008611
0.47166246068547135 0.008849621319008611
0.47166246068547135 0.008849621319008611
0.47166246068547135 0.008849621319008611
0.47166246068547135 0.008849621319008611
0.47166246068547135 0.008849621319008611
0.47166246068547135 0.008849621319008611
0.47166246068547135 0.008849621319008611
0.47166246068547135 0.008849621319008611
0.47166246068547135 0.008849621319008611
0.47166246068547135 0.008849621319008611
0.47166246068547135 0.008849621319008611
0.47166246068547135 0.008849621319008611
0.47166246068547135 0.008849621319008611
0.47166246068547135 0.008849621319008611
0.1312494252873563 0.00884934523755129
0.1312494252873563 0.00884934523755129
0.1312494252873563 0.00884934523755129
0.1312494252873563 0.00884934523755129
0.1312494252873563 0.00884934523755129
0.1312494252873563 0.00884934523755129
0.1312494252873563 0.00884934523755129
0.1312494252873563 0.00884934523755129
0.1312494252873563 0.00884934523755129
0.1312494252873563 0.00884934523755129
0.1312494252873563 0.00884934523755129
0.1312494252873563 0.00884934523755129
0.1312494252873563 0.00884934523755129
0.1312494252873563 0.00884934523755129
0.1312494252873563 0.00884934523755129
0.1312494252873563 0.00884934523755129
0.1312494252873563 0.00884934523755129
0.1312494252873563 0.00884934523755129
0.1312494252873563 0.00884934523755129
0.1312494252873563 0.00884934523755129
0.1312494252873563 0.00884934523755129
0.1312494252873563 0.00884934523755129
0.1312494252873563 0.00884934523755129
0.1312494252873563 0.00884934523755129
0.1312494252873563 0.00884934523755129
0.1312494252873563 0.00884934523755129
0.1312494252873563 0.00884934523755129
0.1312494252873563 0.00884934523755129
0.1312494252873563 0.00884934523755129
0.1312494252873563 0.00884934523755129
0.1312494252873563 0.00884934523755129
0.1312494252873563 0.00884934523755129
0.41451523414904795 0.00884934167438289
0.41451523414904795 0.00884934167438289
0.41451523414904795 0.00884934167438289
0.41451523414904795 0.00884934167438289
0.41451523414904795 0.00884934167438289
0.41451523414904795 0.00884934167438289
0.45886428891090203 0.008850044966280297
0.45886428891090203 0.008850044966280297
0.45886428891090203 0.008850044966280297
0.45886428891090203 0.008850044966280297
0.45886428891090203 0.008850044966280297
0.45886428891090203 0.008850044966280297
0.34779770114942526 0.00884934523755129
0.34779770114942526 0.00884934523755129
0.34779770114942526 0.00884934523755129
0.34779770114942526 0.00884934523755129
0.34779770114942526 0.00884934523755129
0.34779770114942526 0.00884934523755129
0.34779770114942526 0.00884934523755129
0.34779770114942526 0.00884934523755129
0.34779770114942526 0.00884934523755129
0.34779770114942526 0.00884934523755129
0.34779770114942526 0.00884934523755129
0.34779770114942526 0.00884934523755129
0.34779770114942526 0.00884934523755129
0.34779770114942526 0.00884934523755129
0.34779770114942526 0.00884934523755129
0.34779770114942526 0.00884934523755129
0.34779770114942526 0.00884934523755129
0.34779770114942526 0.00884934523755129
0.34779770114942526 0.00884934523755129
0.34779770114942526 0.00884934523755129
0.34779770114942526 0.00884934523755129
0.34779770114942526 0.00884934523755129
0.34779770114942526 0.00884934523755129
0.34779770114942526 0.00884934523755129
0.34779770114942526 0.00884934523755129
0.34779770114942526 0.00884934523755129
0.34779770114942526 0.00884934523755129
0.34779770114942526 0.00884934523755129
0.34779770114942526 0.00884934523755129
0.34779770114942526 0.00884934523755129
0.34779770114942526 0.00884934523755129
0.34779770114942526 0.00884934523755129
0.34779770114942526 0.00884934523755129
0.34779770114942526 0.00884934523755129
0.34779770114942526 0.00884934523755129
0.34779770114942526 0.00884934523755129
0.34779770114942526 0.00884934523755129
0.34779770114942526 0.00884934523755129
0.34779770114942526 0.00884934523755129
0.34779770114942526 0.00884934523755129
0.34779770114942526 0.00884934523755129
0.34779770114942526 0.00884934523755129
0.34779770114942526 0.00884934523755129
0.34779770114942526 0.00884934523755129
0.34779770114942526 0.00884934523755129
0.34779770114942526 0.00884934523755129
0.34779770114942526 0.00884934523755129
0.34779770114942526 0.00884934523755129
0.34779770114942526 0.00884934523755129
0.34779770114942526 0.00884934523755129
0.34779770114942526 0.00884934523755129
0.34779770114942526 0.00884934523755129
0.34779770114942526 0.00884934523755129
0.34779770114942526 0.00884934523755129
0.34779770114942526 0.00884934523755129
0.34779770114942526 0.00884934523755129
0.3063534460289226 0.008849571962023612
0.3063534460289226 0.008849571962023612
0.3063534460289226 0.008849571962023612
0.3063534460289226 0.008849571962023612
0.3063534460289226 0.008849571962023612
0.3063534460289226 0.008849571962023612
0.3063534460289226 0.008849571962023612
0.3063534460289226 0.008849571962023612
0.3063534460289226 0.008849571962023612
0.3063534460289226 0.008849571962023612
0.3063534460289226 0.008849571962023612
0.3063534460289226 0.008849571962023612
0.3063534460289226 0.008849571962023612
0.3063534460289226 0.008849571962023612
0.3063534460289226 0.008849571962023612
0.3063534460289226 0.008849571962023612
0.33858151006487197 0.008849747281360086
0.33858151006487197 0.008849747281360086
0.33858151006487197 0.008849747281360086
0.33858151006487197 0.008849747281360086
0.33858151006487197 0.008849747281360086
0.33858151006487197 0.008849747281360086
0.33858151006487197 0.008849747281360086
0.33858151006487197 0.008849747281360086
0.33858151006487197 0.008849747281360086
0.33858151006487197 0.008849747281360086
0.33858151006487197 0.008849747281360086
0.33858151006487197 0.008849747281360086
0.33858151006487197 0.008849747281360086
0.33858151006487197 0.008849747281360086
0.33858151006487197 0.008849747281360086
0.33858151006487197 0.008849747281360086
0.33858151006487197 0.008849747281360086
0.33858151006487197 0.008849747281360086
0.33858151006487197 0.008849747281360086
0.33858151006487197 0.008849747281360086
0.33858151006487197 0.008849747281360086
0.33858151006487197 0.008849747281360086
0.33858151006487197 0.008849747281360086
0.33858151006487197 0.008849747281360086
0.33858151006487197 0.008849747281360086
0.33858151006487197 0.008849747281360086
0.33858151006487197 0.008849747281360086
0.33858151006487197 0.008849747281360086
0.33858151006487197 0.008849747281360086
0.33858151006487197 0.008849747281360086
0.33858151006487197 0.008849747281360086
0.33858151006487197 0.008849747281360086
0.33858151006487197 0.008849747281360086
0.33858151006487197 0.008849747281360086
0.33858151006487197 0.008849747281360086
0.33858151006487197 0.008849747281360086
0.33858151006487197 0.008849747281360086
0.33858151006487197 0.008849747281360086
0.33858151006487197 0.008849747281360086
0.33858151006487197 0.008849747281360086
0.33858151006487197 0.008849747281360086
0.33858151006487197 0.008849747281360086
0.33858151006487197 0.008849747281360086
0.33858151006487197 0.008849747281360086
0.33858151006487197 0.008849747281360086
0.33858151006487197 0.008849747281360086
0.33858151006487197 0.008849747281360086
0.33858151006487197 0.008849747281360086
0.33858151006487197 0.008849747281360086
0.33858151006487197 0.008849747281360086
0.33858151006487197 0.008849747281360086
0.33858151006487197 0.008849747281360086
0.33858151006487197 0.008849747281360086
0.33858151006487197 0.008849747281360086
0.33858151006487197 0.008849747281360086
0.33858151006487197 0.008849747281360086
0.33858151006487197 0.008849747281360086
0.33858151006487197 0.008849747281360086
0.33858151006487197 0.008849747281360086
0.33858151006487197 0.008849747281360086
0.33858151006487197 0.008849747281360086
0.33858151006487197 0.008849747281360086
0.33858151006487197 0.008849747281360086
0.33858151006487197 0.008849747281360086
0.33858151006487197 0.008849747281360086
0.33858151006487197 0.008849747281360086
0.33858151006487197 0.008849747281360086
0.33858151006487197 0.008849747281360086
0.33858151006487197 0.008849747281360086
0.33858151006487197 0.008849747281360086
0.33858151006487197 0.008849747281360086
0.33858151006487197 0.008849747281360086
0.33858151006487197 0.008849747281360086
0.33858151006487197 0.008849747281360086
0.33858151006487197 0.008849747281360086
0.33858151006487197 0.008849747281360086
0.33858151006487197 0.008849747281360086
0.33858151006487197 0.008849747281360086
0.33858151006487197 0.008849747281360086
0.33858151006487197 0.008849747281360086
0.33858151006487197 0.008849747281360086
0.33858151006487197 0.008849747281360086
0.33858151006487197 0.008849747281360086
0.33858151006487197 0.008849747281360086
0.33858151006487197 0.008849747281360086
0.33858151006487197 0.008849747281360086
0.33858151006487197 0.008849747281360086
0.33858151006487197 0.008849747281360086
0.33858151006487197 0.008849747281360086
0.33858151006487197 0.008849747281360086
0.33858151006487197 0.008849747281360086
0.33858151006487197 0.008849747281360086
0.33858151006487197 0.008849747281360086
0.33858151006487197 0.008849747281360086
0.33858151006487197 0.008849747281360086
0.33858151006487197 0.008849747281360086
0.33858151006487197 0.008849747281360086
0.33858151006487197 0.008849747281360086
0.33858151006487197 0.008849747281360086
0.33858151006487197 0.008849747281360086
0.33858151006487197 0.008849747281360086
0.33858151006487197 0.008849747281360086
0.33858151006487197 0.008849747281360086
0.33858151006487197 0.008849747281360086
0.33858151006487197 0.008849747281360086
0.33858151006487197 0.008849747281360086
0.33858151006487197 0.008849747281360086
0.33858151006487197 0.008849747281360086
0.33858151006487197 0.008849747281360086
0.33858151006487197 0.008849747281360086
0.33858151006487197 0.008849747281360086
0.33858151006487197 0.008849747281360086
0.33858151006487197 0.008849747281360086
0.33858151006487197 0.008849747281360086
0.33858151006487197 0.008849747281360086
0.33858151006487197 0.008849747281360086
0.33858151006487197 0.008849747281360086
0.33858151006487197 0.008849747281360086
0.33858151006487197 0.008849747281360086
0.33858151006487197 0.008849747281360086
0.33858151006487197 0.008849747281360086
0.33858151006487197 0.008849747281360086
0.33858151006487197 0.008849747281360086
0.33858151006487197 0.008849747281360086
0.33858151006487197 0.008849747281360086
0.33858151006487197 0.008849747281360086
0.33858151006487197 0.008849747281360086
0.33858151006487197 0.008849747281360086
0.2674123694770364 0.00884934167438289
0.2674123694770364 0.00884934167438289
0.2674123694770364 0.00884934167438289
0.2674123694770364 0.00884934167438289
0.2674123694770364 0.00884934167438289
0.2674123694770364 0.00884934167438289
0.2674123694770364 0.00884934167438289
0.2674123694770364 0.00884934167438289
0.2674123694770364 0.00884934167438289
0.2674123694770364 0.00884934167438289
0.2674123694770364 0.00884934167438289
0.2674123694770364 0.00884934167438289
0.2674123694770364 0.00884934167438289
0.2674123694770364 0.00884934167438289
0.2674123694770364 0.00884934167438289
0.2674123694770364 0.00884934167438289
0.2825868989785207 0.008849619114898889
0.2825868989785207 0.008849619114898889
0.2825868989785207 0.008849619114898889
0.2825868989785207 0.008849619114898889
0.2825868989785207 0.008849619114898889
0.2825868989785207 0.008849619114898889
0.2825868989785207 0.008849619114898889
0.2825868989785207 0.008849619114898889
0.2825868989785207 0.008849619114898889
0.2825868989785207 0.008849619114898889
0.2825868989785207 0.008849619114898889
0.2825868989785207 0.008849619114898889
0.2825868989785207 0.008849619114898889
0.2825868989785207 0.008849619114898889
0.2825868989785207 0.008849619114898889
0.2825868989785207 0.008849619114898889
0.2825868989785207 0.008849619114898889
0.2825868989785207 0.008849619114898889
0.2825868989785207 0.008849619114898889
0.2825868989785207 0.008849619114898889
0.2825868989785207 0.008849619114898889
0.2825868989785207 0.008849619114898889
0.2825868989785207 0.008849619114898889
0.2825868989785207 0.008849619114898889
0.2825868989785207 0.008849619114898889
0.2825868989785207 0.008849619114898889
0.2825868989785207 0.008849619114898889
0.2825868989785207 0.008849619114898889
0.2825868989785207 0.008849619114898889
0.2825868989785207 0.008849619114898889
0.2825868989785207 0.008849619114898889
0.2825868989785207 0.008849619114898889
0.33355917173249133 0.008849621319008611
0.33355917173249133 0.008849621319008611
0.33355917173249133 0.008849621319008611
0.33355917173249133 0.008849621319008611
0.33355917173249133 0.008849621319008611
0.33355917173249133 0.008849621319008611
0.33355917173249133 0.008849621319008611
0.33355917173249133 0.008849621319008611
0.33355917173249133 0.008849621319008611
0.33355917173249133 0.008849621319008611
0.33355917173249133 0.008849621319008611
0.33355917173249133 0.008849621319008611
0.33355917173249133 0.008849621319008611
0.33355917173249133 0.008849621319008611
0.33355917173249133 0.008849621319008611
0.33355917173249133 0.008849621319008611
0.33355917173249133 0.008849621319008611
0.33355917173249133 0.008849621319008611
0.33355917173249133 0.008849621319008611
0.33355917173249133 0.008849621319008611
0.33355917173249133 0.008849621319008611
0.33355917173249133 0.008849621319008611
0.33355917173249133 0.008849621319008611
0.33355917173249133 0.008849621319008611
0.33355917173249133 0.008849621319008611
0.33355917173249133 0.008849621319008611
0.33355917173249133 0.008849621319008611
0.33355917173249133 0.008849621319008611
0.33355917173249133 0.008849621319008611
0.33355917173249133 0.008849621319008611
0.33355917173249133 0.008849621319008611
0.33355917173249133 0.008849621319008611
0.33355917173249133 0.008849621319008611
0.33355917173249133 0.008849621319008611
0.33355917173249133 0.008849621319008611
0.33355917173249133 0.008849621319008611
0.33355917173249133 0.008849621319008611
0.33355917173249133 0.008849621319008611
0.33355917173249133 0.008849621319008611
0.33355917173249133 0.008849621319008611
0.33355917173249133 0.008849621319008611
0.33355917173249133 0.008849621319008611
0.33355917173249133 0.008849621319008611
0.33355917173249133 0.008849621319008611
0.33355917173249133 0.008849621319008611
0.33355917173249133 0.008849621319008611
0.33355917173249133 0.008849621319008611
0.33355917173249133 0.008849621319008611
0.33355917173249133 0.008849621319008611
0.33355917173249133 0.008849621319008611
0.33355917173249133 0.008849621319008611
0.33355917173249133 0.008849621319008611
0.33355917173249133 0.008849621319008611
0.33355917173249133 0.008849621319008611
0.33355917173249133 0.008849621319008611
0.33355917173249133 0.008849621319008611
0.33355917173249133 0.008849621319008611
0.33355917173249133 0.008849621319008611
0.33355917173249133 0.008849621319008611
0.33355917173249133 0.008849621319008611
0.33355917173249133 0.008849621319008611
0.33355917173249133 0.008849621319008611
0.33355917173249133 0.008849621319008611
0.33355917173249133 0.008849621319008611
0.33355917173249133 0.008849621319008611
0.33355917173249133 0.008849621319008611
0.33355917173249133 0.008849621319008611
0.33355917173249133 0.008849621319008611
0.33355917173249133 0.008849621319008611
0.33355917173249133 0.008849621319008611
0.33355917173249133 0.008849621319008611
0.33355917173249133 0.008849621319008611
0.33355917173249133 0.008849621319008611
0.33355917173249133 0.008849621319008611
0.33355917173249133 0.008849621319008611
0.33355917173249133 0.008849621319008611
0.33355917173249133 0.008849621319008611
0.33355917173249133 0.008849621319008611
0.33355917173249133 0.008849621319008611
0.33355917173249133 0.008849621319008611
0.33355917173249133 0.008849621319008611
0.33355917173249133 0.008849621319008611
0.33355917173249133 0.008849621319008611
0.33355917173249133 0.008849621319008611
0.33355917173249133 0.008849621319008611
0.33355917173249133 0.008849621319008611
0.33355917173249133 0.008849621319008611
0.33355917173249133 0.008849621319008611
0.33355917173249133 0.008849621319008611
0.33355917173249133 0.008849621319008611
0.33355917173249133 0.008849621319008611
0.33355917173249133 0.008849621319008611
0.33355917173249133 0.008849621319008611
0.33355917173249133 0.008849621319008611
0.33355917173249133 0.008849621319008611
0.33355917173249133 0.008849621319008611
0.33355917173249133 0.008849621319008611
0.33355917173249133 0.008849621319008611
0.33355917173249133 0.008849621319008611
0.33355917173249133 0.008849621319008611
0.33355917173249133 0.008849621319008611
0.33355917173249133 0.008849621319008611
0.33355917173249133 0.008849621319008611
0.33355917173249133 0.008849621319008611
0.33355917173249133 0.008849621319008611
0.33355917173249133 0.008849621319008611
0.33355917173249133 0.008849621319008611
0.33355917173249133 0.008849621319008611
0.33355917173249133 0.008849621319008611
0.33355917173249133 0.008849621319008611
0.33355917173249133 0.008849621319008611
0.33355917173249133 0.008849621319008611
0.194558744918636 0.008849621319008611
0.194558744918636 0.008849621319008611
0.194558744918636 0.008849621319008611
0.194558744918636 0.008849621319008611
0.194558744918636 0.008849621319008611
0.194558744918636 0.008849621319008611
0.194558744918636 0.008849621319008611
0.194558744918636 0.008849621319008611
0.194558744918636 0.008849621319008611
0.194558744918636 0.008849621319008611
0.194558744918636 0.008849621319008611
0.194558744918636 0.008849621319008611
0.194558744918636 0.008849621319008611
0.194558744918636 0.008849621319008611
0.194558744918636 0.008849621319008611
0.194558744918636 0.008849621319008611
0.194558744918636 0.008849621319008611
0.194558744918636 0.008849621319008611
0.194558744918636 0.008849621319008611
0.194558744918636 0.008849621319008611
0.194558744918636 0.008849621319008611
0.194558744918636 0.008849621319008611
0.194558744918636 0.008849621319008611
0.194558744918636 0.008849621319008611
0.194558744918636 0.008849621319008611
0.194558744918636 0.008849621319008611
0.194558744918636 0.008849621319008611
0.194558744918636 0.008849621319008611
0.194558744918636 0.008849621319008611
0.194558744918636 0.008849621319008611
0.194558744918636 0.008849621319008611
0.194558744918636 0.008849621319008611
0.194558744918636 0.008849621319008611
0.194558744918636 0.008849621319008611
0.194558744918636 0.008849621319008611
0.194558744918636 0.008849621319008611
0.194558744918636 0.008849621319008611
0.194558744918636 0.008849621319008611
0.194558744918636 0.008849621319008611
0.194558744918636 0.008849621319008611
0.194558744918636 0.008849621319008611
0.194558744918636 0.008849621319008611
0.194558744918636 0.008849621319008611
0.194558744918636 0.008849621319008611
0.194558744918636 0.008849621319008611
0.194558744918636 0.008849621319008611
0.194558744918636 0.008849621319008611
0.194558744918636 0.008849621319008611
0.194558744918636 0.008849621319008611
0.194558744918636 0.008849621319008611
0.194558744918636 0.008849621319008611
0.194558744918636 0.008849621319008611
0.194558744918636 0.008849621319008611
0.194558744918636 0.008849621319008611
0.194558744918636 0.008849621319008611
0.194558744918636 0.008849621319008611
0.194558744918636 0.008849621319008611
0.194558744918636 0.008849621319008611
0.194558744918636 0.008849621319008611
0.194558744918636 0.008849621319008611
0.194558744918636 0.008849621319008611
0.194558744918636 0.008849621319008611
0.194558744918636 0.008849621319008611
0.194558744918636 0.008849621319008611
0.33769515464142724 0.00884930958886626
0.33769515464142724 0.00884930958886626
0.33769515464142724 0.00884930958886626
0.33769515464142724 0.00884930958886626
0.33769515464142724 0.00884930958886626
0.33769515464142724 0.00884930958886626
0.33769515464142724 0.00884930958886626
0.33769515464142724 0.00884930958886626
0.33769515464142724 0.00884930958886626
0.33769515464142724 0.00884930958886626
0.33769515464142724 0.00884930958886626
0.33769515464142724 0.00884930958886626
0.33769515464142724 0.00884930958886626
0.33769515464142724 0.00884930958886626
0.33769515464142724 0.00884930958886626
0.33769515464142724 0.00884930958886626
0.3266247914900165 0.008849466500200171
0.3266247914900165 0.008849466500200171
0.3266247914900165 0.008849466500200171
0.3266247914900165 0.008849466500200171
0.3266247914900165 0.008849466500200171
0.3266247914900165 0.008849466500200171
0.3266247914900165 0.008849466500200171
0.3266247914900165 0.008849466500200171
0.3266247914900165 0.008849466500200171
0.3266247914900165 0.008849466500200171
0.3266247914900165 0.008849466500200171
0.3266247914900165 0.008849466500200171
0.3266247914900165 0.008849466500200171
0.3266247914900165 0.008849466500200171
0.3266247914900165 0.008849466500200171
0.3266247914900165 0.008849466500200171
0.3266247914900165 0.008849466500200171
0.3266247914900165 0.008849466500200171
0.3266247914900165 0.008849466500200171
0.3266247914900165 0.008849466500200171
0.3266247914900165 0.008849466500200171
0.3266247914900165 0.008849466500200171
0.3266247914900165 0.008849466500200171
0.3266247914900165 0.008849466500200171
0.3266247914900165 0.008849466500200171
0.3266247914900165 0.008849466500200171
0.3266247914900165 0.008849466500200171
0.3266247914900165 0.008849466500200171
0.3266247914900165 0.008849466500200171
0.3266247914900165 0.008849466500200171
0.3266247914900165 0.008849466500200171
0.3266247914900165 0.008849466500200171
0.12043442854691891 0.008849070530573377
0.12043442854691891 0.008849070530573377
0.12043442854691891 0.008849070530573377
0.12043442854691891 0.008849070530573377
0.12043442854691891 0.008849070530573377
0.12043442854691891 0.008849070530573377
0.12043442854691891 0.008849070530573377
0.12043442854691891 0.008849070530573377
0.12043442854691891 0.008849070530573377
0.12043442854691891 0.008849070530573377
0.12043442854691891 0.008849070530573377
0.12043442854691891 0.008849070530573377
0.12043442854691891 0.008849070530573377
0.12043442854691891 0.008849070530573377
0.12043442854691891 0.008849070530573377
0.12043442854691891 0.008849070530573377
0.12043442854691891 0.008849070530573377
0.12043442854691891 0.008849070530573377
0.12043442854691891 0.008849070530573377
0.12043442854691891 0.008849070530573377
0.12043442854691891 0.008849070530573377
0.12043442854691891 0.008849070530573377
0.12043442854691891 0.008849070530573377
0.12043442854691891 0.008849070530573377
0.12043442854691891 0.008849070530573377
0.12043442854691891 0.008849070530573377
0.12043442854691891 0.008849070530573377
0.12043442854691891 0.008849070530573377
0.12043442854691891 0.008849070530573377
0.12043442854691891 0.008849070530573377
0.12043442854691891 0.008849070530573377
0.12043442854691891 0.008849070530573377
0.12043442854691891 0.008849070530573377
0.12043442854691891 0.008849070530573377
0.12043442854691891 0.008849070530573377
0.12043442854691891 0.008849070530573377
0.12043442854691891 0.008849070530573377
0.12043442854691891 0.008849070530573377
0.12043442854691891 0.008849070530573377
0.12043442854691891 0.008849070530573377
0.12043442854691891 0.008849070530573377
0.12043442854691891 0.008849070530573377
0.12043442854691891 0.008849070530573377
0.12043442854691891 0.008849070530573377
0.12043442854691891 0.008849070530573377
0.12043442854691891 0.008849070530573377
0.12043442854691891 0.008849070530573377
0.12043442854691891 0.008849070530573377
0.3159541838358618 0.008849664793995383
0.3159541838358618 0.008849664793995383
0.3159541838358618 0.008849664793995383
0.3159541838358618 0.008849664793995383
0.3159541838358618 0.008849664793995383
0.3159541838358618 0.008849664793995383
0.3159541838358618 0.008849664793995383
0.3159541838358618 0.008849664793995383
0.3159541838358618 0.008849664793995383
0.3159541838358618 0.008849664793995383
0.3159541838358618 0.008849664793995383
0.3159541838358618 0.008849664793995383
0.3159541838358618 0.008849664793995383
0.3159541838358618 0.008849664793995383
0.3159541838358618 0.008849664793995383
0.3159541838358618 0.008849664793995383
0.3159541838358618 0.008849664793995383
0.3159541838358618 0.008849664793995383
0.3159541838358618 0.008849664793995383
0.3159541838358618 0.008849664793995383
0.3159541838358618 0.008849664793995383
0.3159541838358618 0.008849664793995383
0.3159541838358618 0.008849664793995383
0.3159541838358618 0.008849664793995383
0.3159541838358618 0.008849664793995383
0.3159541838358618 0.008849664793995383
0.3159541838358618 0.008849664793995383
0.3159541838358618 0.008849664793995383
0.020726659380566767 0.008849576627963712
0.020726659380566767 0.008849576627963712
0.020726659380566767 0.008849576627963712
0.020726659380566767 0.008849576627963712
0.020726659380566767 0.008849576627963712
0.020726659380566767 0.008849576627963712
0.020726659380566767 0.008849576627963712
0.020726659380566767 0.008849576627963712
0.020726659380566767 0.008849576627963712
0.020726659380566767 0.008849576627963712
0.020726659380566767 0.008849576627963712
0.020726659380566767 0.008849576627963712
0.020726659380566767 0.008849576627963712
0.020726659380566767 0.008849576627963712
0.020726659380566767 0.008849576627963712
0.020726659380566767 0.008849576627963712
0.33406028064596416 0.008849070530573377
0.33406028064596416 0.008849070530573377
0.33406028064596416 0.008849070530573377
0.33406028064596416 0.008849070530573377
0.33406028064596416 0.008849070530573377
0.33406028064596416 0.008849070530573377
0.33406028064596416 0.008849070530573377
0.33406028064596416 0.008849070530573377
0.33406028064596416 0.008849070530573377
0.33406028064596416 0.008849070530573377
0.33406028064596416 0.008849070530573377
0.33406028064596416 0.008849070530573377
0.33406028064596416 0.008849070530573377
0.33406028064596416 0.008849070530573377
0.33406028064596416 0.008849070530573377
0.33406028064596416 0.008849070530573377
0.33406028064596416 0.008849070530573377
0.33406028064596416 0.008849070530573377
0.33406028064596416 0.008849070530573377
0.33406028064596416 0.008849070530573377
0.33406028064596416 0.008849070530573377
0.33406028064596416 0.008849070530573377
0.33406028064596416 0.008849070530573377
0.33406028064596416 0.008849070530573377
0.33406028064596416 0.008849070530573377
0.33406028064596416 0.008849070530573377
0.33406028064596416 0.008849070530573377
0.33406028064596416 0.008849070530573377
0.33406028064596416 0.008849070530573377
0.33406028064596416 0.008849070530573377
0.33406028064596416 0.008849070530573377
0.33406028064596416 0.008849070530573377
0.33406028064596416 0.008849070530573377
0.33406028064596416 0.008849070530573377
0.33406028064596416 0.008849070530573377
0.33406028064596416 0.008849070530573377
0.33406028064596416 0.008849070530573377
0.33406028064596416 0.008849070530573377
0.33406028064596416 0.008849070530573377
0.33406028064596416 0.008849070530573377
0.33406028064596416 0.008849070530573377
0.33406028064596416 0.008849070530573377
0.33406028064596416 0.008849070530573377
0.33406028064596416 0.008849070530573377
0.33406028064596416 0.008849070530573377
0.33406028064596416 0.008849070530573377
0.33406028064596416 0.008849070530573377
0.33406028064596416 0.008849070530573377
0.33406028064596416 0.008849070530573377
0.33406028064596416 0.008849070530573377
0.33406028064596416 0.008849070530573377
0.33406028064596416 0.008849070530573377
0.33406028064596416 0.008849070530573377
0.33406028064596416 0.008849070530573377
0.33406028064596416 0.008849070530573377
0.33406028064596416 0.008849070530573377
0.33406028064596416 0.008849070530573377
0.33406028064596416 0.008849070530573377
0.33406028064596416 0.008849070530573377
0.33406028064596416 0.008849070530573377
0.33406028064596416 0.008849070530573377
0.33406028064596416 0.008849070530573377
0.33406028064596416 0.008849070530573377
0.33406028064596416 0.008849070530573377
0.33406028064596416 0.008849070530573377
0.33406028064596416 0.008849070530573377
0.33406028064596416 0.008849070530573377
0.33406028064596416 0.008849070530573377
0.33406028064596416 0.008849070530573377
0.33406028064596416 0.008849070530573377
0.33406028064596416 0.008849070530573377
0.33406028064596416 0.008849070530573377
0.33406028064596416 0.008849070530573377
0.33406028064596416 0.008849070530573377
0.33406028064596416 0.008849070530573377
0.33406028064596416 0.008849070530573377
0.33406028064596416 0.008849070530573377
0.33406028064596416 0.008849070530573377
0.33406028064596416 0.008849070530573377
0.33406028064596416 0.008849070530573377
0.33406028064596416 0.008849070530573377
0.33406028064596416 0.008849070530573377
0.33406028064596416 0.008849070530573377
0.33406028064596416 0.008849070530573377
0.2627725087109139 0.00884883559113005
0.2627725087109139 0.00884883559113005
0.2627725087109139 0.00884883559113005
0.2627725087109139 0.00884883559113005
0.2627725087109139 0.00884883559113005
0.2627725087109139 0.00884883559113005
0.2627725087109139 0.00884883559113005
0.2627725087109139 0.00884883559113005
0.2627725087109139 0.00884883559113005
0.2627725087109139 0.00884883559113005
0.2627725087109139 0.00884883559113005
0.2627725087109139 0.00884883559113005
0.2627725087109139 0.00884883559113005
0.2627725087109139 0.00884883559113005
0.2627725087109139 0.00884883559113005
0.2627725087109139 0.00884883559113005
0.2627725087109139 0.00884883559113005
0.2627725087109139 0.00884883559113005
0.2627725087109139 0.00884883559113005
0.2627725087109139 0.00884883559113005
0.2627725087109139 0.00884883559113005
0.2627725087109139 0.00884883559113005
0.2627725087109139 0.00884883559113005
0.2627725087109139 0.00884883559113005
0.2627725087109139 0.00884883559113005
0.2627725087109139 0.00884883559113005
0.2627725087109139 0.00884883559113005
0.2627725087109139 0.00884883559113005
0.6447241515181811 0.008849171244994878
0.6447241515181811 0.008849171244994878
0.6447241515181811 0.008849171244994878
0.6447241515181811 0.008849171244994878
0.6447241515181811 0.008849171244994878
0.6447241515181811 0.008849171244994878
0.3190768428784684 0.008849571962023612
0.3190768428784684 0.008849571962023612
0.3190768428784684 0.008849571962023612
0.3190768428784684 0.008849571962023612
0.3190768428784684 0.008849571962023612
0.3190768428784684 0.008849571962023612
0.3190768428784684 0.008849571962023612
0.3190768428784684 0.008849571962023612
0.3190768428784684 0.008849571962023612
0.3190768428784684 0.008849571962023612
0.3190768428784684 0.008849571962023612
0.3190768428784684 0.008849571962023612
0.3190768428784684 0.008849571962023612
0.3190768428784684 0.008849571962023612
0.3190768428784684 0.008849571962023612
0.3190768428784684 0.008849571962023612
0.3190768428784684 0.008849571962023612
0.3190768428784684 0.008849571962023612
0.3190768428784684 0.008849571962023612
0.3190768428784684 0.008849571962023612
0.3190768428784684 0.008849571962023612
0.3190768428784684 0.008849571962023612
0.3190768428784684 0.008849571962023612
0.3190768428784684 0.008849571962023612
0.3190768428784684 0.008849571962023612
0.3190768428784684 0.008849571962023612
0.3190768428784684 0.008849571962023612
0.3190768428784684 0.008849571962023612
0.6956863618896305 0.00884883559113005
0.6956863618896305 0.00884883559113005
0.6956863618896305 0.00884883559113005
0.6956863618896305 0.00884883559113005
0.6956863618896305 0.00884883559113005
0.6956863618896305 0.00884883559113005
0.5115771740087758 0.008850054407452866
0.5115771740087758 0.008850054407452866
0.5115771740087758 0.008850054407452866
0.5115771740087758 0.008850054407452866
0.5115771740087758 0.008850054407452866
0.5115771740087758 0.008850054407452866
0.30975204068116036 0.008849466500200171
0.30975204068116036 0.008849466500200171
0.30975204068116036 0.008849466500200171
0.30975204068116036 0.008849466500200171
0.30975204068116036 0.008849466500200171
0.30975204068116036 0.008849466500200171
0.30975204068116036 0.008849466500200171
0.30975204068116036 0.008849466500200171
0.30975204068116036 0.008849466500200171
0.30975204068116036 0.008849466500200171
0.30975204068116036 0.008849466500200171
0.30975204068116036 0.008849466500200171
0.30975204068116036 0.008849466500200171
0.30975204068116036 0.008849466500200171
0.30975204068116036 0.008849466500200171
0.30975204068116036 0.008849466500200171
0.30975204068116036 0.008849466500200171
0.30975204068116036 0.008849466500200171
0.30975204068116036 0.008849466500200171
0.30975204068116036 0.008849466500200171
0.30975204068116036 0.008849466500200171
0.30975204068116036 0.008849466500200171
0.30975204068116036 0.008849466500200171
0.30975204068116036 0.008849466500200171
0.30975204068116036 0.008849466500200171
0.30975204068116036 0.008849466500200171
0.30975204068116036 0.008849466500200171
0.30975204068116036 0.008849466500200171
0.30975204068116036 0.008849466500200171
0.30975204068116036 0.008849466500200171
0.30975204068116036 0.008849466500200171
0.30975204068116036 0.008849466500200171
0.30975204068116036 0.008849466500200171
0.30975204068116036 0.008849466500200171
0.30975204068116036 0.008849466500200171
0.30975204068116036 0.008849466500200171
0.30975204068116036 0.008849466500200171
0.30975204068116036 0.008849466500200171
0.30975204068116036 0.008849466500200171
0.30975204068116036 0.008849466500200171
0.30975204068116036 0.008849466500200171
0.30975204068116036 0.008849466500200171
0.30975204068116036 0.008849466500200171
0.30975204068116036 0.008849466500200171
0.30975204068116036 0.008849466500200171
0.30975204068116036 0.008849466500200171
0.30975204068116036 0.008849466500200171
0.30975204068116036 0.008849466500200171
0.30975204068116036 0.008849466500200171
0.30975204068116036 0.008849466500200171
0.30975204068116036 0.008849466500200171
0.30975204068116036 0.008849466500200171
0.30975204068116036 0.008849466500200171
0.30975204068116036 0.008849466500200171
0.30975204068116036 0.008849466500200171
0.30975204068116036 0.008849466500200171
0.3222795370662758 0.008849387416991226
0.3222795370662758 0.008849387416991226
0.3222795370662758 0.008849387416991226
0.3222795370662758 0.008849387416991226
0.3222795370662758 0.008849387416991226
0.3222795370662758 0.008849387416991226
0.3222795370662758 0.008849387416991226
0.3222795370662758 0.008849387416991226
0.3222795370662758 0.008849387416991226
0.3222795370662758 0.008849387416991226
0.3222795370662758 0.008849387416991226
0.3222795370662758 0.008849387416991226
0.3222795370662758 0.008849387416991226
0.3222795370662758 0.008849387416991226
0.3222795370662758 0.008849387416991226
0.3222795370662758 0.008849387416991226
0.3222795370662758 0.008849387416991226
0.3222795370662758 0.008849387416991226
0.3222795370662758 0.008849387416991226
0.3222795370662758 0.008849387416991226
0.3222795370662758 0.008849387416991226
0.3222795370662758 0.008849387416991226
0.3222795370662758 0.008849387416991226
0.3222795370662758 0.008849387416991226
0.3222795370662758 0.008849387416991226
0.3222795370662758 0.008849387416991226
0.3222795370662758 0.008849387416991226
0.3222795370662758 0.008849387416991226
0.3222795370662758 0.008849387416991226
0.3222795370662758 0.008849387416991226
0.3222795370662758 0.008849387416991226
0.3222795370662758 0.008849387416991226
0.3222795370662758 0.008849387416991226
0.3222795370662758 0.008849387416991226
0.3222795370662758 0.008849387416991226
0.3222795370662758 0.008849387416991226
0.3222795370662758 0.008849387416991226
0.3222795370662758 0.008849387416991226
0.3222795370662758 0.008849387416991226
0.3222795370662758 0.008849387416991226
0.3222795370662758 0.008849387416991226
0.3222795370662758 0.008849387416991226
0.3222795370662758 0.008849387416991226
0.3222795370662758 0.008849387416991226
0.3222795370662758 0.008849387416991226
0.3222795370662758 0.008849387416991226
0.3222795370662758 0.008849387416991226
0.3222795370662758 0.008849387416991226
0.3222795370662758 0.008849387416991226
0.3222795370662758 0.008849387416991226
0.3222795370662758 0.008849387416991226
0.3222795370662758 0.008849387416991226
0.3222795370662758 0.008849387416991226
0.3222795370662758 0.008849387416991226
0.3222795370662758 0.008849387416991226
0.3222795370662758 0.008849387416991226
0.3131418474202315 0.008849664793995383
0.3131418474202315 0.008849664793995383
0.3131418474202315 0.008849664793995383
0.3131418474202315 0.008849664793995383
0.3131418474202315 0.008849664793995383
0.3131418474202315 0.008849664793995383
0.3131418474202315 0.008849664793995383
0.3131418474202315 0.008849664793995383
0.3131418474202315 0.008849664793995383
0.3131418474202315 0.008849664793995383
0.3131418474202315 0.008849664793995383
0.3131418474202315 0.008849664793995383
0.3131418474202315 0.008849664793995383
0.3131418474202315 0.008849664793995383
0.3131418474202315 0.008849664793995383
0.3131418474202315 0.008849664793995383
0.04378848381841813 0.008849171244994878
0.04378848381841813 0.008849171244994878
0.04378848381841813 0.008849171244994878
0.04378848381841813 0.008849171244994878
0.04378848381841813 0.008849171244994878
0.04378848381841813 0.008849171244994878
0.04378848381841813 0.008849171244994878
0.04378848381841813 0.008849171244994878
0.04378848381841813 0.008849171244994878
0.04378848381841813 0.008849171244994878
0.04378848381841813 0.008849171244994878
0.04378848381841813 0.008849171244994878
0.04378848381841813 0.008849171244994878
0.04378848381841813 0.008849171244994878
0.04378848381841813 0.008849171244994878
0.04378848381841813 0.008849171244994878
0.3360228853694633 0.008849643845730764
0.3360228853694633 0.008849643845730764
0.3360228853694633 0.008849643845730764
0.3360228853694633 0.008849643845730764
0.3360228853694633 0.008849643845730764
0.3360228853694633 0.008849643845730764
0.3360228853694633 0.008849643845730764
0.3360228853694633 0.008849643845730764
0.3360228853694633 0.008849643845730764
0.3360228853694633 0.008849643845730764
0.3360228853694633 0.008849643845730764
0.3360228853694633 0.008849643845730764
0.3360228853694633 0.008849643845730764
0.3360228853694633 0.008849643845730764
0.3360228853694633 0.008849643845730764
0.3360228853694633 0.008849643845730764
0.31851010592600887 0.008849643845730764
0.31851010592600887 0.008849643845730764
0.31851010592600887 0.008849643845730764
0.31851010592600887 0.008849643845730764
0.31851010592600887 0.008849643845730764
0.31851010592600887 0.008849643845730764
0.31851010592600887 0.008849643845730764
0.31851010592600887 0.008849643845730764
0.31851010592600887 0.008849643845730764
0.31851010592600887 0.008849643845730764
0.31851010592600887 0.008849643845730764
0.31851010592600887 0.008849643845730764
0.31851010592600887 0.008849643845730764
0.31851010592600887 0.008849643845730764
0.31851010592600887 0.008849643845730764
0.31851010592600887 0.008849643845730764
0.31851010592600887 0.008849643845730764
0.31851010592600887 0.008849643845730764
0.31851010592600887 0.008849643845730764
0.31851010592600887 0.008849643845730764
0.31851010592600887 0.008849643845730764
0.31851010592600887 0.008849643845730764
0.31851010592600887 0.008849643845730764
0.31851010592600887 0.008849643845730764
0.31851010592600887 0.008849643845730764
0.31851010592600887 0.008849643845730764
0.31851010592600887 0.008849643845730764
0.31851010592600887 0.008849643845730764
0.33970757065120566 0.008849243908669542
0.33970757065120566 0.008849243908669542
0.33970757065120566 0.008849243908669542
0.33970757065120566 0.008849243908669542
0.33970757065120566 0.008849243908669542
0.33970757065120566 0.008849243908669542
0.33970757065120566 0.008849243908669542
0.33970757065120566 0.008849243908669542
0.33970757065120566 0.008849243908669542
0.33970757065120566 0.008849243908669542
0.33970757065120566 0.008849243908669542
0.33970757065120566 0.008849243908669542
0.33970757065120566 0.008849243908669542
0.33970757065120566 0.008849243908669542
0.33970757065120566 0.008849243908669542
0.33970757065120566 0.008849243908669542
0.33970757065120566 0.008849243908669542
0.33970757065120566 0.008849243908669542
0.33970757065120566 0.008849243908669542
0.33970757065120566 0.008849243908669542
0.33970757065120566 0.008849243908669542
0.33970757065120566 0.008849243908669542
0.33970757065120566 0.008849243908669542
0.33970757065120566 0.008849243908669542
0.33970757065120566 0.008849243908669542
0.33970757065120566 0.008849243908669542
0.33970757065120566 0.008849243908669542
0.33970757065120566 0.008849243908669542
0.33970757065120566 0.008849243908669542
0.33970757065120566 0.008849243908669542
0.33970757065120566 0.008849243908669542
0.33970757065120566 0.008849243908669542
0.33970757065120566 0.008849243908669542
0.33970757065120566 0.008849243908669542
0.33970757065120566 0.008849243908669542
0.33970757065120566 0.008849243908669542
0.33970757065120566 0.008849243908669542
0.33970757065120566 0.008849243908669542
0.33970757065120566 0.008849243908669542
0.33970757065120566 0.008849243908669542
0.33970757065120566 0.008849243908669542
0.33970757065120566 0.008849243908669542
0.33970757065120566 0.008849243908669542
0.33970757065120566 0.008849243908669542
0.33970757065120566 0.008849243908669542
0.33970757065120566 0.008849243908669542
0.33970757065120566 0.008849243908669542
0.33970757065120566 0.008849243908669542
0.33970757065120566 0.008849243908669542
0.33970757065120566 0.008849243908669542
0.33970757065120566 0.008849243908669542
0.33970757065120566 0.008849243908669542
0.33970757065120566 0.008849243908669542
0.33970757065120566 0.008849243908669542
0.33970757065120566 0.008849243908669542
0.33970757065120566 0.008849243908669542
0.33970757065120566 0.008849243908669542
0.33970757065120566 0.008849243908669542
0.33970757065120566 0.008849243908669542
0.33970757065120566 0.008849243908669542
0.33970757065120566 0.008849243908669542
0.33970757065120566 0.008849243908669542
0.33970757065120566 0.008849243908669542
0.33970757065120566 0.008849243908669542
0.33970757065120566 0.008849243908669542
0.33970757065120566 0.008849243908669542
0.33970757065120566 0.008849243908669542
0.33970757065120566 0.008849243908669542
0.33970757065120566 0.008849243908669542
0.33970757065120566 0.008849243908669542
0.33970757065120566 0.008849243908669542
0.33970757065120566 0.008849243908669542
0.33970757065120566 0.008849243908669542
0.33970757065120566 0.008849243908669542
0.33970757065120566 0.008849243908669542
0.33970757065120566 0.008849243908669542
0.33970757065120566 0.008849243908669542
0.33970757065120566 0.008849243908669542
0.33970757065120566 0.008849243908669542
0.33970757065120566 0.008849243908669542
0.33970757065120566 0.008849243908669542
0.33970757065120566 0.008849243908669542
0.33970757065120566 0.008849243908669542
0.33970757065120566 0.008849243908669542
0.33970757065120566 0.008849243908669542
0.33970757065120566 0.008849243908669542
0.33970757065120566 0.008849243908669542
0.33970757065120566 0.008849243908669542
0.33970757065120566 0.008849243908669542
0.33970757065120566 0.008849243908669542
0.33970757065120566 0.008849243908669542
0.33970757065120566 0.008849243908669542
0.33970757065120566 0.008849243908669542
0.33970757065120566 0.008849243908669542
0.33970757065120566 0.008849243908669542
0.33970757065120566 0.008849243908669542
0.5207206896551724 0.00884934523755129
0.5207206896551724 0.00884934523755129
0.5207206896551724 0.00884934523755129
0.5207206896551724 0.00884934523755129
0.5207206896551724 0.00884934523755129
0.5207206896551724 0.00884934523755129
0.5207206896551724 0.00884934523755129
0.5207206896551724 0.00884934523755129
0.5207206896551724 0.00884934523755129
0.5207206896551724 0.00884934523755129
0.5207206896551724 0.00884934523755129
0.5207206896551724 0.00884934523755129
0.5452636462710624 0.008849070530573377
0.5452636462710624 0.008849070530573377
0.5452636462710624 0.008849070530573377
0.5452636462710624 0.008849070530573377
0.5452636462710624 0.008849070530573377
0.5452636462710624 0.008849070530573377
0.5452636462710624 0.008849070530573377
0.5452636462710624 0.008849070530573377
0.5452636462710624 0.008849070530573377
0.5452636462710624 0.008849070530573377
0.5452636462710624 0.008849070530573377
0.5452636462710624 0.008849070530573377
0.5452636462710624 0.008849070530573377
0.5452636462710624 0.008849070530573377
0.5452636462710624 0.008849070530573377
0.5452636462710624 0.008849070530573377
0.5452636462710624 0.008849070530573377
0.5452636462710624 0.008849070530573377
0.23677703249574383 0.008849130938586327
0.23677703249574383 0.008849130938586327
0.23677703249574383 0.008849130938586327
0.23677703249574383 0.008849130938586327
0.23677703249574383 0.008849130938586327
0.23677703249574383 0.008849130938586327
0.23677703249574383 0.008849130938586327
0.23677703249574383 0.008849130938586327
0.23677703249574383 0.008849130938586327
0.23677703249574383 0.008849130938586327
0.23677703249574383 0.008849130938586327
0.23677703249574383 0.008849130938586327
0.23677703249574383 0.008849130938586327
0.23677703249574383 0.008849130938586327
0.23677703249574383 0.008849130938586327
0.23677703249574383 0.008849130938586327
0.23677703249574383 0.008849130938586327
0.23677703249574383 0.008849130938586327
0.23677703249574383 0.008849130938586327
0.23677703249574383 0.008849130938586327
0.23677703249574383 0.008849130938586327
0.23677703249574383 0.008849130938586327
0.23677703249574383 0.008849130938586327
0.23677703249574383 0.008849130938586327
0.23677703249574383 0.008849130938586327
0.23677703249574383 0.008849130938586327
0.23677703249574383 0.008849130938586327
0.23677703249574383 0.008849130938586327
0.4202547774219 0.008849387416991226
0.4202547774219 0.008849387416991226
0.4202547774219 0.008849387416991226
0.4202547774219 0.008849387416991226
0.4202547774219 0.008849387416991226
0.4202547774219 0.008849387416991226
0.4202547774219 0.008849387416991226
0.4202547774219 0.008849387416991226
0.4202547774219 0.008849387416991226
0.4202547774219 0.008849387416991226
0.4202547774219 0.008849387416991226
0.4202547774219 0.008849387416991226
0.29963931975640057 0.008849849179322942
0.29963931975640057 0.008849849179322942
0.29963931975640057 0.008849849179322942
0.29963931975640057 0.008849849179322942
0.29963931975640057 0.008849849179322942
0.29963931975640057 0.008849849179322942
0.29963931975640057 0.008849849179322942
0.29963931975640057 0.008849849179322942
0.29963931975640057 0.008849849179322942
0.29963931975640057 0.008849849179322942
0.29963931975640057 0.008849849179322942
0.29963931975640057 0.008849849179322942
0.29963931975640057 0.008849849179322942
0.29963931975640057 0.008849849179322942
0.29963931975640057 0.008849849179322942
0.29963931975640057 0.008849849179322942
0.4259149368146838 0.008849335766165931
0.4259149368146838 0.008849335766165931
0.4259149368146838 0.008849335766165931
0.4259149368146838 0.008849335766165931
0.4259149368146838 0.008849335766165931
0.4259149368146838 0.008849335766165931
0.4259149368146838 0.008849335766165931
0.4259149368146838 0.008849335766165931
0.4259149368146838 0.008849335766165931
0.4259149368146838 0.008849335766165931
0.4259149368146838 0.008849335766165931
0.4259149368146838 0.008849335766165931
0.4259149368146838 0.008849335766165931
0.4259149368146838 0.008849335766165931
0.4259149368146838 0.008849335766165931
0.4259149368146838 0.008849335766165931
0.4259149368146838 0.008849335766165931
0.4259149368146838 0.008849335766165931
0.04026420087573968 0.008849295238570636
0.04026420087573968 0.008849295238570636
0.04026420087573968 0.008849295238570636
0.04026420087573968 0.008849295238570636
0.04026420087573968 0.008849295238570636
0.04026420087573968 0.008849295238570636
0.04026420087573968 0.008849295238570636
0.04026420087573968 0.008849295238570636
0.04026420087573968 0.008849295238570636
0.04026420087573968 0.008849295238570636
0.04026420087573968 0.008849295238570636
0.04026420087573968 0.008849295238570636
0.04026420087573968 0.008849295238570636
0.04026420087573968 0.008849295238570636
0.04026420087573968 0.008849295238570636
0.04026420087573968 0.008849295238570636
0.041319925468807014 0.00884883559113005
0.041319925468807014 0.00884883559113005
0.041319925468807014 0.00884883559113005
0.041319925468807014 0.00884883559113005
0.041319925468807014 0.00884883559113005
0.041319925468807014 0.00884883559113005
0.041319925468807014 0.00884883559113005
0.041319925468807014 0.00884883559113005
0.041319925468807014 0.00884883559113005
0.041319925468807014 0.00884883559113005
0.041319925468807014 0.00884883559113005
0.041319925468807014 0.00884883559113005
0.041319925468807014 0.00884883559113005
0.041319925468807014 0.00884883559113005
0.041319925468807014 0.00884883559113005
0.041319925468807014 0.00884883559113005
0.3134264614767514 0.008849265930370696
0.3134264614767514 0.008849265930370696
0.3134264614767514 0.008849265930370696
0.3134264614767514 0.008849265930370696
0.3134264614767514 0.008849265930370696
0.3134264614767514 0.008849265930370696
0.3134264614767514 0.008849265930370696
0.3134264614767514 0.008849265930370696
0.3134264614767514 0.008849265930370696
0.3134264614767514 0.008849265930370696
0.3134264614767514 0.008849265930370696
0.3134264614767514 0.008849265930370696
0.3134264614767514 0.008849265930370696
0.3134264614767514 0.008849265930370696
0.3134264614767514 0.008849265930370696
0.3134264614767514 0.008849265930370696
0.3134264614767514 0.008849265930370696
0.3134264614767514 0.008849265930370696
0.3134264614767514 0.008849265930370696
0.3134264614767514 0.008849265930370696
0.3134264614767514 0.008849265930370696
0.3134264614767514 0.008849265930370696
0.3134264614767514 0.008849265930370696
0.3134264614767514 0.008849265930370696
0.3134264614767514 0.008849265930370696
0.3134264614767514 0.008849265930370696
0.3134264614767514 0.008849265930370696
0.3134264614767514 0.008849265930370696
0.3134264614767514 0.008849265930370696
0.3134264614767514 0.008849265930370696
0.3134264614767514 0.008849265930370696
0.3134264614767514 0.008849265930370696
0.3134264614767514 0.008849265930370696
0.3134264614767514 0.008849265930370696
0.3134264614767514 0.008849265930370696
0.3134264614767514 0.008849265930370696
0.3134264614767514 0.008849265930370696
0.3134264614767514 0.008849265930370696
0.3134264614767514 0.008849265930370696
0.3134264614767514 0.008849265930370696
0.3134264614767514 0.008849265930370696
0.3134264614767514 0.008849265930370696
0.3134264614767514 0.008849265930370696
0.3134264614767514 0.008849265930370696
0.3134264614767514 0.008849265930370696
0.3134264614767514 0.008849265930370696
0.3134264614767514 0.008849265930370696
0.3134264614767514 0.008849265930370696
0.3134264614767514 0.008849265930370696
0.3134264614767514 0.008849265930370696
0.3134264614767514 0.008849265930370696
0.3134264614767514 0.008849265930370696
0.3134264614767514 0.008849265930370696
0.3134264614767514 0.008849265930370696
0.3134264614767514 0.008849265930370696
0.3134264614767514 0.008849265930370696
0.33984211269448533 0.008849243908669542
0.33984211269448533 0.008849243908669542
0.33984211269448533 0.008849243908669542
0.33984211269448533 0.008849243908669542
0.33984211269448533 0.008849243908669542
0.33984211269448533 0.008849243908669542
0.33984211269448533 0.008849243908669542
0.33984211269448533 0.008849243908669542
0.33984211269448533 0.008849243908669542
0.33984211269448533 0.008849243908669542
0.33984211269448533 0.008849243908669542
0.33984211269448533 0.008849243908669542
0.33984211269448533 0.008849243908669542
0.33984211269448533 0.008849243908669542
0.33984211269448533 0.008849243908669542
0.33984211269448533 0.008849243908669542
0.33984211269448533 0.008849243908669542
0.33984211269448533 0.008849243908669542
0.33984211269448533 0.008849243908669542
0.33984211269448533 0.008849243908669542
0.33984211269448533 0.008849243908669542
0.33984211269448533 0.008849243908669542
0.33984211269448533 0.008849243908669542
0.33984211269448533 0.008849243908669542
0.33984211269448533 0.008849243908669542
0.33984211269448533 0.008849243908669542
0.33984211269448533 0.008849243908669542
0.33984211269448533 0.008849243908669542
0.33984211269448533 0.008849243908669542
0.33984211269448533 0.008849243908669542
0.33984211269448533 0.008849243908669542
0.33984211269448533 0.008849243908669542
0.33984211269448533 0.008849243908669542
0.33984211269448533 0.008849243908669542
0.33984211269448533 0.008849243908669542
0.33984211269448533 0.008849243908669542
0.5067778808090728 0.008849380298613738
0.5067778808090728 0.008849380298613738
0.5067778808090728 0.008849380298613738
0.5067778808090728 0.008849380298613738
0.5067778808090728 0.008849380298613738
0.5067778808090728 0.008849380298613738
0.3452881228029166 0.008849643845730764
0.3452881228029166 0.008849643845730764
0.3452881228029166 0.008849643845730764
0.3452881228029166 0.008849643845730764
0.3452881228029166 0.008849643845730764
0.3452881228029166 0.008849643845730764
0.2776716292828978 0.008849265930370696
0.2776716292828978 0.008849265930370696
0.2776716292828978 0.008849265930370696
0.2776716292828978 0.008849265930370696
0.2776716292828978 0.008849265930370696
0.2776716292828978 0.008849265930370696
0.2776716292828978 0.008849265930370696
0.2776716292828978 0.008849265930370696
0.2776716292828978 0.008849265930370696
0.2776716292828978 0.008849265930370696
0.2776716292828978 0.008849265930370696
0.2776716292828978 0.008849265930370696
0.2776716292828978 0.008849265930370696
0.2776716292828978 0.008849265930370696
0.2776716292828978 0.008849265930370696
0.2776716292828978 0.008849265930370696
0.2776716292828978 0.008849265930370696
0.2776716292828978 0.008849265930370696
0.2776716292828978 0.008849265930370696
0.2776716292828978 0.008849265930370696
0.2776716292828978 0.008849265930370696
0.2776716292828978 0.008849265930370696
0.2776716292828978 0.008849265930370696
0.2776716292828978 0.008849265930370696
0.2776716292828978 0.008849265930370696
0.2776716292828978 0.008849265930370696
0.2776716292828978 0.008849265930370696
0.2776716292828978 0.008849265930370696
0.2776716292828978 0.008849265930370696
0.2776716292828978 0.008849265930370696
0.2776716292828978 0.008849265930370696
0.2776716292828978 0.008849265930370696
0.25726866893205047 0.008849387416991226
0.25726866893205047 0.008849387416991226
0.25726866893205047 0.008849387416991226
0.25726866893205047 0.008849387416991226
0.25726866893205047 0.008849387416991226
0.25726866893205047 0.008849387416991226
0.25726866893205047 0.008849387416991226
0.25726866893205047 0.008849387416991226
0.25726866893205047 0.008849387416991226
0.25726866893205047 0.008849387416991226
0.25726866893205047 0.008849387416991226
0.25726866893205047 0.008849387416991226
0.25726866893205047 0.008849387416991226
0.25726866893205047 0.008849387416991226
0.25726866893205047 0.008849387416991226
0.25726866893205047 0.008849387416991226
0.25726866893205047 0.008849387416991226
0.25726866893205047 0.008849387416991226
0.25726866893205047 0.008849387416991226
0.25726866893205047 0.008849387416991226
0.25726866893205047 0.008849387416991226
0.25726866893205047 0.008849387416991226
0.25726866893205047 0.008849387416991226
0.25726866893205047 0.008849387416991226
0.25726866893205047 0.008849387416991226
0.25726866893205047 0.008849387416991226
0.25726866893205047 0.008849387416991226
0.25726866893205047 0.008849387416991226
0.25726866893205047 0.008849387416991226
0.25726866893205047 0.008849387416991226
0.25726866893205047 0.008849387416991226
0.25726866893205047 0.008849387416991226
0.37438505352209805 0.008849571962023612
0.37438505352209805 0.008849571962023612
0.37438505352209805 0.008849571962023612
0.37438505352209805 0.008849571962023612
0.37438505352209805 0.008849571962023612
0.37438505352209805 0.008849571962023612
0.3990665792474742 0.008849619114898889
0.3990665792474742 0.008849619114898889
0.3990665792474742 0.008849619114898889
0.3990665792474742 0.008849619114898889
0.3990665792474742 0.008849619114898889
0.3990665792474742 0.008849619114898889
0.3990665792474742 0.008849619114898889
0.3990665792474742 0.008849619114898889
0.3990665792474742 0.008849619114898889
0.3990665792474742 0.008849619114898889
0.3990665792474742 0.008849619114898889
0.3990665792474742 0.008849619114898889
0.146532041886945 0.008850054407452866
0.146532041886945 0.008850054407452866
0.146532041886945 0.008850054407452866
0.146532041886945 0.008850054407452866
0.146532041886945 0.008850054407452866
0.146532041886945 0.008850054407452866
0.146532041886945 0.008850054407452866
0.146532041886945 0.008850054407452866
0.146532041886945 0.008850054407452866
0.146532041886945 0.008850054407452866
0.146532041886945 0.008850054407452866
0.146532041886945 0.008850054407452866
0.146532041886945 0.008850054407452866
0.146532041886945 0.008850054407452866
0.146532041886945 0.008850054407452866
0.146532041886945 0.008850054407452866
0.11996893367641111 0.008849576627963712
0.11996893367641111 0.008849576627963712
0.11996893367641111 0.008849576627963712
0.11996893367641111 0.008849576627963712
0.11996893367641111 0.008849576627963712
0.11996893367641111 0.008849576627963712
0.11996893367641111 0.008849576627963712
0.11996893367641111 0.008849576627963712
0.11996893367641111 0.008849576627963712
0.11996893367641111 0.008849576627963712
0.11996893367641111 0.008849576627963712
0.11996893367641111 0.008849576627963712
0.11996893367641111 0.008849576627963712
0.11996893367641111 0.008849576627963712
0.11996893367641111 0.008849576627963712
0.11996893367641111 0.008849576627963712
0.11996893367641111 0.008849576627963712
0.11996893367641111 0.008849576627963712
0.11996893367641111 0.008849576627963712
0.11996893367641111 0.008849576627963712
0.11996893367641111 0.008849576627963712
0.11996893367641111 0.008849576627963712
0.11996893367641111 0.008849576627963712
0.11996893367641111 0.008849576627963712
0.11996893367641111 0.008849576627963712
0.11996893367641111 0.008849576627963712
0.11996893367641111 0.008849576627963712
0.11996893367641111 0.008849576627963712
0.27879548819419203 0.008849295238570636
0.27879548819419203 0.008849295238570636
0.27879548819419203 0.008849295238570636
0.27879548819419203 0.008849295238570636
0.27879548819419203 0.008849295238570636
0.27879548819419203 0.008849295238570636
0.27879548819419203 0.008849295238570636
0.27879548819419203 0.008849295238570636
0.27879548819419203 0.008849295238570636
0.27879548819419203 0.008849295238570636
0.27879548819419203 0.008849295238570636
0.27879548819419203 0.008849295238570636
0.27879548819419203 0.008849295238570636
0.27879548819419203 0.008849295238570636
0.27879548819419203 0.008849295238570636
0.27879548819419203 0.008849295238570636
0.27879548819419203 0.008849295238570636
0.27879548819419203 0.008849295238570636
0.27879548819419203 0.008849295238570636
0.27879548819419203 0.008849295238570636
0.27879548819419203 0.008849295238570636
0.27879548819419203 0.008849295238570636
0.27879548819419203 0.008849295238570636
0.27879548819419203 0.008849295238570636
0.27879548819419203 0.008849295238570636
0.27879548819419203 0.008849295238570636
0.27879548819419203 0.008849295238570636
0.27879548819419203 0.008849295238570636
0.1545394855320572 0.008849380298613738
0.1545394855320572 0.008849380298613738
0.1545394855320572 0.008849380298613738
0.1545394855320572 0.008849380298613738
0.1545394855320572 0.008849380298613738
0.1545394855320572 0.008849380298613738
0.1545394855320572 0.008849380298613738
0.1545394855320572 0.008849380298613738
0.1545394855320572 0.008849380298613738
0.1545394855320572 0.008849380298613738
0.1545394855320572 0.008849380298613738
0.1545394855320572 0.008849380298613738
0.1545394855320572 0.008849380298613738
0.1545394855320572 0.008849380298613738
0.1545394855320572 0.008849380298613738
0.1545394855320572 0.008849380298613738
0.7451284293568764 0.008849130938586327
0.7451284293568764 0.008849130938586327
0.7451284293568764 0.008849130938586327
0.7451284293568764 0.008849130938586327
0.7451284293568764 0.008849130938586327
0.7451284293568764 0.008849130938586327
0.3707211183325337 0.008849664793995383
0.3707211183325337 0.008849664793995383
0.3707211183325337 0.008849664793995383
0.3707211183325337 0.008849664793995383
0.3707211183325337 0.008849664793995383
0.3707211183325337 0.008849664793995383
0.247265266363616 0.008849335766165931
0.247265266363616 0.008849335766165931
0.247265266363616 0.008849335766165931
0.247265266363616 0.008849335766165931
0.247265266363616 0.008849335766165931
0.247265266363616 0.008849335766165931
0.247265266363616 0.008849335766165931
0.247265266363616 0.008849335766165931
0.247265266363616 0.008849335766165931
0.247265266363616 0.008849335766165931
0.247265266363616 0.008849335766165931
0.247265266363616 0.008849335766165931
0.247265266363616 0.008849335766165931
0.247265266363616 0.008849335766165931
0.247265266363616 0.008849335766165931
0.247265266363616 0.008849335766165931
0.247265266363616 0.008849335766165931
0.247265266363616 0.008849335766165931
0.247265266363616 0.008849335766165931
0.247265266363616 0.008849335766165931
0.247265266363616 0.008849335766165931
0.247265266363616 0.008849335766165931
0.247265266363616 0.008849335766165931
0.247265266363616 0.008849335766165931
0.247265266363616 0.008849335766165931
0.247265266363616 0.008849335766165931
0.247265266363616 0.008849335766165931
0.247265266363616 0.008849335766165931
0.247265266363616 0.008849335766165931
0.247265266363616 0.008849335766165931
0.247265266363616 0.008849335766165931
0.247265266363616 0.008849335766165931
0.247265266363616 0.008849335766165931
0.247265266363616 0.008849335766165931
0.247265266363616 0.008849335766165931
0.247265266363616 0.008849335766165931
0.247265266363616 0.008849335766165931
0.247265266363616 0.008849335766165931
0.247265266363616 0.008849335766165931
0.247265266363616 0.008849335766165931
0.247265266363616 0.008849335766165931
0.247265266363616 0.008849335766165931
0.247265266363616 0.008849335766165931
0.247265266363616 0.008849335766165931
0.247265266363616 0.008849335766165931
0.247265266363616 0.008849335766165931
0.247265266363616 0.008849335766165931
0.247265266363616 0.008849335766165931
0.32216533542767667 0.008849849179322942
0.32216533542767667 0.008849849179322942
0.32216533542767667 0.008849849179322942
0.32216533542767667 0.008849849179322942
0.32216533542767667 0.008849849179322942
0.32216533542767667 0.008849849179322942
0.32216533542767667 0.008849849179322942
0.32216533542767667 0.008849849179322942
0.32216533542767667 0.008849849179322942
0.32216533542767667 0.008849849179322942
0.32216533542767667 0.008849849179322942
0.32216533542767667 0.008849849179322942
0.32216533542767667 0.008849849179322942
0.32216533542767667 0.008849849179322942
0.32216533542767667 0.008849849179322942
0.32216533542767667 0.008849849179322942
0.32216533542767667 0.008849849179322942
0.32216533542767667 0.008849849179322942
0.32216533542767667 0.008849849179322942
0.32216533542767667 0.008849849179322942
0.32216533542767667 0.008849849179322942
0.32216533542767667 0.008849849179322942
0.32216533542767667 0.008849849179322942
0.32216533542767667 0.008849849179322942
0.32216533542767667 0.008849849179322942
0.32216533542767667 0.008849849179322942
0.32216533542767667 0.008849849179322942
0.32216533542767667 0.008849849179322942
0.3384566856559931 0.008849380298613738
0.3384566856559931 0.008849380298613738
0.3384566856559931 0.008849380298613738
0.3384566856559931 0.008849380298613738
0.3384566856559931 0.008849380298613738
0.3384566856559931 0.008849380298613738
0.3384566856559931 0.008849380298613738
0.3384566856559931 0.008849380298613738
0.3384566856559931 0.008849380298613738
0.3384566856559931 0.008849380298613738
0.3384566856559931 0.008849380298613738
0.3384566856559931 0.008849380298613738
0.3384566856559931 0.008849380298613738
0.3384566856559931 0.008849380298613738
0.3384566856559931 0.008849380298613738
0.3384566856559931 0.008849380298613738
0.3384566856559931 0.008849380298613738
0.3384566856559931 0.008849380298613738
0.3384566856559931 0.008849380298613738
0.3384566856559931 0.008849380298613738
0.3384566856559931 0.008849380298613738
0.3384566856559931 0.008849380298613738
0.3384566856559931 0.008849380298613738
0.3384566856559931 0.008849380298613738
0.3384566856559931 0.008849380298613738
0.3384566856559931 0.008849380298613738
0.3384566856559931 0.008849380298613738
0.3384566856559931 0.008849380298613738
0.3780088998592588 0.008849849179322942
0.3780088998592588 0.008849849179322942
0.3780088998592588 0.008849849179322942
0.3780088998592588 0.008849849179322942
0.3780088998592588 0.008849849179322942
0.3780088998592588 0.008849849179322942
0.017925221646463426 0.008849130938586327
0.017925221646463426 0.008849130938586327
0.017925221646463426 0.008849130938586327
0.017925221646463426 0.008849130938586327
0.017925221646463426 0.008849130938586327
0.017925221646463426 0.008849130938586327
0.017925221646463426 0.008849130938586327
0.017925221646463426 0.008849130938586327
0.017925221646463426 0.008849130938586327
0.017925221646463426 0.008849130938586327
0.017925221646463426 0.008849130938586327
0.017925221646463426 0.008849130938586327
0.017925221646463426 0.008849130938586327
0.017925221646463426 0.008849130938586327
0.017925221646463426 0.008849130938586327
0.017925221646463426 0.008849130938586327
0.3088887745439493 0.008849747281360086
0.3088887745439493 0.008849747281360086
0.3088887745439493 0.008849747281360086
0.3088887745439493 0.008849747281360086
0.3088887745439493 0.008849747281360086
0.3088887745439493 0.008849747281360086
0.3088887745439493 0.008849747281360086
0.3088887745439493 0.008849747281360086
0.3088887745439493 0.008849747281360086
0.3088887745439493 0.008849747281360086
0.3088887745439493 0.008849747281360086
0.3088887745439493 0.008849747281360086
0.3088887745439493 0.008849747281360086
0.3088887745439493 0.008849747281360086
0.3088887745439493 0.008849747281360086
0.3088887745439493 0.008849747281360086
0.3088887745439493 0.008849747281360086
0.3088887745439493 0.008849747281360086
0.3088887745439493 0.008849747281360086
0.3088887745439493 0.008849747281360086
0.3088887745439493 0.008849747281360086
0.3088887745439493 0.008849747281360086
0.3088887745439493 0.008849747281360086
0.3088887745439493 0.008849747281360086
0.3088887745439493 0.008849747281360086
0.3088887745439493 0.008849747281360086
0.3088887745439493 0.008849747281360086
0.3088887745439493 0.008849747281360086
0.3088887745439493 0.008849747281360086
0.3088887745439493 0.008849747281360086
0.3088887745439493 0.008849747281360086
0.3088887745439493 0.008849747281360086
0.3088887745439493 0.008849747281360086
0.3088887745439493 0.008849747281360086
0.3088887745439493 0.008849747281360086
0.3088887745439493 0.008849747281360086
0.3088887745439493 0.008849747281360086
0.3088887745439493 0.008849747281360086
0.3088887745439493 0.008849747281360086
0.3088887745439493 0.008849747281360086
0.3088887745439493 0.008849747281360086
0.3088887745439493 0.008849747281360086
0.3088887745439493 0.008849747281360086
0.3088887745439493 0.008849747281360086
0.3088887745439493 0.008849747281360086
0.3088887745439493 0.008849747281360086
0.3088887745439493 0.008849747281360086
0.3088887745439493 0.008849747281360086
0.3088887745439493 0.008849747281360086
0.3088887745439493 0.008849747281360086
0.3088887745439493 0.008849747281360086
0.3088887745439493 0.008849747281360086
0.3088887745439493 0.008849747281360086
0.3088887745439493 0.008849747281360086
0.3088887745439493 0.008849747281360086
0.3088887745439493 0.008849747281360086
0.3088887745439493 0.008849747281360086
0.3088887745439493 0.008849747281360086
0.3088887745439493 0.008849747281360086
0.3088887745439493 0.008849747281360086
0.3088887745439493 0.008849747281360086
0.3088887745439493 0.008849747281360086
0.3088887745439493 0.008849747281360086
0.3088887745439493 0.008849747281360086
0.3088887745439493 0.008849747281360086
0.3088887745439493 0.008849747281360086
0.3088887745439493 0.008849747281360086
0.3088887745439493 0.008849747281360086
0.3088887745439493 0.008849747281360086
0.3088887745439493 0.008849747281360086
0.3088887745439493 0.008849747281360086
0.3088887745439493 0.008849747281360086
0.3088887745439493 0.008849747281360086
0.3088887745439493 0.008849747281360086
0.3088887745439493 0.008849747281360086
0.3088887745439493 0.008849747281360086
0.3088887745439493 0.008849747281360086
0.3088887745439493 0.008849747281360086
0.3088887745439493 0.008849747281360086
0.3088887745439493 0.008849747281360086
0.3088887745439493 0.008849747281360086
0.3088887745439493 0.008849747281360086
0.3088887745439493 0.008849747281360086
0.3088887745439493 0.008849747281360086
0.3088887745439493 0.008849747281360086
0.3088887745439493 0.008849747281360086
0.3088887745439493 0.008849747281360086
0.3088887745439493 0.008849747281360086
0.3088887745439493 0.008849747281360086
0.3088887745439493 0.008849747281360086
0.3088887745439493 0.008849747281360086
0.3088887745439493 0.008849747281360086
0.3088887745439493 0.008849747281360086
0.3088887745439493 0.008849747281360086
0.3088887745439493 0.008849747281360086
0.3088887745439493 0.008849747281360086
0.3088887745439493 0.008849747281360086
0.3088887745439493 0.008849747281360086
0.3088887745439493 0.008849747281360086
0.3088887745439493 0.008849747281360086
0.3088887745439493 0.008849747281360086
0.3088887745439493 0.008849747281360086
0.3088887745439493 0.008849747281360086
0.3088887745439493 0.008849747281360086
0.3088887745439493 0.008849747281360086
0.3088887745439493 0.008849747281360086
0.3088887745439493 0.008849747281360086
0.3088887745439493 0.008849747281360086
0.3088887745439493 0.008849747281360086
0.3088887745439493 0.008849747281360086
0.3088887745439493 0.008849747281360086
0.3088887745439493 0.008849747281360086
0.3088887745439493 0.008849747281360086
0.3088887745439493 0.008849747281360086
0.3088887745439493 0.008849747281360086
0.3088887745439493 0.008849747281360086
0.3088887745439493 0.008849747281360086
0.3088887745439493 0.008849747281360086
0.3088887745439493 0.008849747281360086
0.3088887745439493 0.008849747281360086
0.3088887745439493 0.008849747281360086
0.3088887745439493 0.008849747281360086
0.3088887745439493 0.008849747281360086
0.3088887745439493 0.008849747281360086
0.3088887745439493 0.008849747281360086
0.3088887745439493 0.008849747281360086
0.3088887745439493 0.008849747281360086
0.3088887745439493 0.008849747281360086
0.3088887745439493 0.008849747281360086
0.3088887745439493 0.008849747281360086
0.3088887745439493 0.008849747281360086
0.3088887745439493 0.008849747281360086
0.3088887745439493 0.008849747281360086
0.3088887745439493 0.008849747281360086
0.3088887745439493 0.008849747281360086
0.3088887745439493 0.008849747281360086
0.3088887745439493 0.008849747281360086
0.3088887745439493 0.008849747281360086
0.3088887745439493 0.008849747281360086
0.3088887745439493 0.008849747281360086
0.3088887745439493 0.008849747281360086
0.3088887745439493 0.008849747281360086
0.3088887745439493 0.008849747281360086
0.3088887745439493 0.008849747281360086
0.3088887745439493 0.008849747281360086
0.3088887745439493 0.008849747281360086
0.3088887745439493 0.008849747281360086
0.3088887745439493 0.008849747281360086
0.3088887745439493 0.008849747281360086
0.3088887745439493 0.008849747281360086
0.3088887745439493 0.008849747281360086
0.3088887745439493 0.008849747281360086
0.3088887745439493 0.008849747281360086
0.3088887745439493 0.008849747281360086
0.3088887745439493 0.008849747281360086
0.3088887745439493 0.008849747281360086
0.3088887745439493 0.008849747281360086
0.3088887745439493 0.008849747281360086
0.3088887745439493 0.008849747281360086
0.3088887745439493 0.008849747281360086
0.3088887745439493 0.008849747281360086
0.3088887745439493 0.008849747281360086
0.3088887745439493 0.008849747281360086
0.3088887745439493 0.008849747281360086
0.3088887745439493 0.008849747281360086
0.3088887745439493 0.008849747281360086
0.3088887745439493 0.008849747281360086
0.3088887745439493 0.008849747281360086
0.3088887745439493 0.008849747281360086
0.3088887745439493 0.008849747281360086
0.3088887745439493 0.008849747281360086
0.3088887745439493 0.008849747281360086
0.3088887745439493 0.008849747281360086
0.3088887745439493 0.008849747281360086
0.3088887745439493 0.008849747281360086
0.3088887745439493 0.008849747281360086
0.3088887745439493 0.008849747281360086
0.3088887745439493 0.008849747281360086
0.3088887745439493 0.008849747281360086
0.3088887745439493 0.008849747281360086
0.3088887745439493 0.008849747281360086
0.3088887745439493 0.008849747281360086
0.3088887745439493 0.008849747281360086
0.3088887745439493 0.008849747281360086
0.3088887745439493 0.008849747281360086
0.3088887745439493 0.008849747281360086
0.3088887745439493 0.008849747281360086
0.3088887745439493 0.008849747281360086
0.3088887745439493 0.008849747281360086
0.3088887745439493 0.008849747281360086
0.3088887745439493 0.008849747281360086
0.3088887745439493 0.008849747281360086
0.3088887745439493 0.008849747281360086
0.3088887745439493 0.008849747281360086
0.3088887745439493 0.008849747281360086
0.3088887745439493 0.008849747281360086
0.3088887745439493 0.008849747281360086
0.3088887745439493 0.008849747281360086
0.3088887745439493 0.008849747281360086
0.3088887745439493 0.008849747281360086
0.3088887745439493 0.008849747281360086
0.3088887745439493 0.008849747281360086
0.3088887745439493 0.008849747281360086
0.3088887745439493 0.008849747281360086
0.3088887745439493 0.008849747281360086
0.3088887745439493 0.008849747281360086
0.3088887745439493 0.008849747281360086
0.3088887745439493 0.008849747281360086
0.3088887745439493 0.008849747281360086
0.3088887745439493 0.008849747281360086
0.3088887745439493 0.008849747281360086
0.3088887745439493 0.008849747281360086
0.3088887745439493 0.008849747281360086
0.3088887745439493 0.008849747281360086
0.3088887745439493 0.008849747281360086
0.3088887745439493 0.008849747281360086
0.3088887745439493 0.008849747281360086
0.3088887745439493 0.008849747281360086
0.3088887745439493 0.008849747281360086
0.3088887745439493 0.008849747281360086
0.3088887745439493 0.008849747281360086
0.3088887745439493 0.008849747281360086
0.3088887745439493 0.008849747281360086
0.3088887745439493 0.008849747281360086
0.03909792585892907 0.008849048056951449
0.03909792585892907 0.008849048056951449
0.03909792585892907 0.008849048056951449
0.03909792585892907 0.008849048056951449
0.03909792585892907 0.008849048056951449
0.03909792585892907 0.008849048056951449
0.03909792585892907 0.008849048056951449
0.03909792585892907 0.008849048056951449
0.03909792585892907 0.008849048056951449
0.03909792585892907 0.008849048056951449
0.03909792585892907 0.008849048056951449
0.03909792585892907 0.008849048056951449
0.03909792585892907 0.008849048056951449
0.03909792585892907 0.008849048056951449
0.03909792585892907 0.008849048056951449
0.03909792585892907 0.008849048056951449
0.18887218347572043 0.008850044966280297
0.18887218347572043 0.008850044966280297
0.18887218347572043 0.008850044966280297
0.18887218347572043 0.008850044966280297
0.18887218347572043 0.008850044966280297
0.18887218347572043 0.008850044966280297
0.18887218347572043 0.008850044966280297
0.18887218347572043 0.008850044966280297
0.18887218347572043 0.008850044966280297
0.18887218347572043 0.008850044966280297
0.18887218347572043 0.008850044966280297
0.18887218347572043 0.008850044966280297
0.18887218347572043 0.008850044966280297
0.18887218347572043 0.008850044966280297
0.18887218347572043 0.008850044966280297
0.18887218347572043 0.008850044966280297
0.35746884859151634 0.00884930958886626
0.35746884859151634 0.00884930958886626
0.35746884859151634 0.00884930958886626
0.35746884859151634 0.00884930958886626
0.35746884859151634 0.00884930958886626
0.35746884859151634 0.00884930958886626
0.32026698463929054 0.008849243908669542
0.32026698463929054 0.008849243908669542
0.32026698463929054 0.008849243908669542
0.32026698463929054 0.008849243908669542
0.32026698463929054 0.008849243908669542
0.32026698463929054 0.008849243908669542
0.32026698463929054 0.008849243908669542
0.32026698463929054 0.008849243908669542
0.32026698463929054 0.008849243908669542
0.32026698463929054 0.008849243908669542
0.32026698463929054 0.008849243908669542
0.32026698463929054 0.008849243908669542
0.32026698463929054 0.008849243908669542
0.32026698463929054 0.008849243908669542
0.32026698463929054 0.008849243908669542
0.32026698463929054 0.008849243908669542
0.32026698463929054 0.008849243908669542
0.32026698463929054 0.008849243908669542
0.32026698463929054 0.008849243908669542
0.32026698463929054 0.008849243908669542
0.32026698463929054 0.008849243908669542
0.32026698463929054 0.008849243908669542
0.32026698463929054 0.008849243908669542
0.32026698463929054 0.008849243908669542
0.32026698463929054 0.008849243908669542
0.32026698463929054 0.008849243908669542
0.32026698463929054 0.008849243908669542
0.32026698463929054 0.008849243908669542
0.32026698463929054 0.008849243908669542
0.32026698463929054 0.008849243908669542
0.32026698463929054 0.008849243908669542
0.32026698463929054 0.008849243908669542
0.32026698463929054 0.008849243908669542
0.32026698463929054 0.008849243908669542
0.32026698463929054 0.008849243908669542
0.32026698463929054 0.008849243908669542
0.32026698463929054 0.008849243908669542
0.32026698463929054 0.008849243908669542
0.32026698463929054 0.008849243908669542
0.32026698463929054 0.008849243908669542
0.32026698463929054 0.008849243908669542
0.32026698463929054 0.008849243908669542
0.32026698463929054 0.008849243908669542
0.32026698463929054 0.008849243908669542
0.32026698463929054 0.008849243908669542
0.32026698463929054 0.008849243908669542
0.32026698463929054 0.008849243908669542
0.32026698463929054 0.008849243908669542
0.32026698463929054 0.008849243908669542
0.32026698463929054 0.008849243908669542
0.32026698463929054 0.008849243908669542
0.32026698463929054 0.008849243908669542
0.32026698463929054 0.008849243908669542
0.32026698463929054 0.008849243908669542
0.32026698463929054 0.008849243908669542
0.32026698463929054 0.008849243908669542
0.32026698463929054 0.008849243908669542
0.32026698463929054 0.008849243908669542
0.32026698463929054 0.008849243908669542
0.32026698463929054 0.008849243908669542
0.32026698463929054 0.008849243908669542
0.32026698463929054 0.008849243908669542
0.32026698463929054 0.008849243908669542
0.32026698463929054 0.008849243908669542
0.32026698463929054 0.008849243908669542
0.32026698463929054 0.008849243908669542
0.32026698463929054 0.008849243908669542
0.32026698463929054 0.008849243908669542
0.32026698463929054 0.008849243908669542
0.32026698463929054 0.008849243908669542
0.32026698463929054 0.008849243908669542
0.32026698463929054 0.008849243908669542
0.32026698463929054 0.008849243908669542
0.32026698463929054 0.008849243908669542
0.32026698463929054 0.008849243908669542
0.32026698463929054 0.008849243908669542
0.32026698463929054 0.008849243908669542
0.32026698463929054 0.008849243908669542
0.32026698463929054 0.008849243908669542
0.32026698463929054 0.008849243908669542
0.32026698463929054 0.008849243908669542
0.32026698463929054 0.008849243908669542
0.32026698463929054 0.008849243908669542
0.32026698463929054 0.008849243908669542
0.32026698463929054 0.008849243908669542
0.32026698463929054 0.008849243908669542
0.32026698463929054 0.008849243908669542
0.32026698463929054 0.008849243908669542
0.32026698463929054 0.008849243908669542
0.32026698463929054 0.008849243908669542
0.32026698463929054 0.008849243908669542
0.32026698463929054 0.008849243908669542
0.32026698463929054 0.008849243908669542
0.32026698463929054 0.008849243908669542
0.32026698463929054 0.008849243908669542
0.32026698463929054 0.008849243908669542
0.32026698463929054 0.008849243908669542
0.32026698463929054 0.008849243908669542
0.32026698463929054 0.008849243908669542
0.32026698463929054 0.008849243908669542
0.32026698463929054 0.008849243908669542
0.32026698463929054 0.008849243908669542
0.32026698463929054 0.008849243908669542
0.32026698463929054 0.008849243908669542
0.32026698463929054 0.008849243908669542
0.32026698463929054 0.008849243908669542
0.32026698463929054 0.008849243908669542
0.32026698463929054 0.008849243908669542
0.32026698463929054 0.008849243908669542
0.32026698463929054 0.008849243908669542
0.32026698463929054 0.008849243908669542
0.32026698463929054 0.008849243908669542
0.32026698463929054 0.008849243908669542
0.32026698463929054 0.008849243908669542
0.32026698463929054 0.008849243908669542
0.32026698463929054 0.008849243908669542
0.32026698463929054 0.008849243908669542
0.32026698463929054 0.008849243908669542
0.32026698463929054 0.008849243908669542
0.32026698463929054 0.008849243908669542
0.32026698463929054 0.008849243908669542
0.32026698463929054 0.008849243908669542
0.32026698463929054 0.008849243908669542
0.32026698463929054 0.008849243908669542
0.32026698463929054 0.008849243908669542
0.32026698463929054 0.008849243908669542
0.32026698463929054 0.008849243908669542
0.32026698463929054 0.008849243908669542
0.32026698463929054 0.008849243908669542
0.32026698463929054 0.008849243908669542
0.32026698463929054 0.008849243908669542
0.32026698463929054 0.008849243908669542
0.32026698463929054 0.008849243908669542
0.32026698463929054 0.008849243908669542
0.32026698463929054 0.008849243908669542
0.32026698463929054 0.008849243908669542
0.32026698463929054 0.008849243908669542
0.32026698463929054 0.008849243908669542
0.32026698463929054 0.008849243908669542
0.32026698463929054 0.008849243908669542
0.32026698463929054 0.008849243908669542
0.32026698463929054 0.008849243908669542
0.32026698463929054 0.008849243908669542
0.32026698463929054 0.008849243908669542
0.32026698463929054 0.008849243908669542
0.32026698463929054 0.008849243908669542
0.32026698463929054 0.008849243908669542
0.32026698463929054 0.008849243908669542
0.32026698463929054 0.008849243908669542
0.32026698463929054 0.008849243908669542
0.32026698463929054 0.008849243908669542
0.32026698463929054 0.008849243908669542
0.32026698463929054 0.008849243908669542
0.32026698463929054 0.008849243908669542
0.32026698463929054 0.008849243908669542
0.32026698463929054 0.008849243908669542
0.32026698463929054 0.008849243908669542
0.32026698463929054 0.008849243908669542
0.32026698463929054 0.008849243908669542
0.32026698463929054 0.008849243908669542
0.32026698463929054 0.008849243908669542
0.32026698463929054 0.008849243908669542
0.32026698463929054 0.008849243908669542
0.32026698463929054 0.008849243908669542
0.32026698463929054 0.008849243908669542
0.32026698463929054 0.008849243908669542
0.32026698463929054 0.008849243908669542
0.32026698463929054 0.008849243908669542
1.0 0.008848926265204986
1.0 0.008848926265204986
1.0 0.008848926265204986
1.0 0.008848926265204986
1.0 0.008848926265204986
1.0 0.008848926265204986
0.6806901445458221 0.008849295238570636
0.6806901445458221 0.008849295238570636
0.6806901445458221 0.008849295238570636
0.6806901445458221 0.008849295238570636
0.6806901445458221 0.008849295238570636
0.6806901445458221 0.008849295238570636
0.3046596827596107 0.00884930958886626
0.3046596827596107 0.00884930958886626
0.3046596827596107 0.00884930958886626
0.3046596827596107 0.00884930958886626
0.3046596827596107 0.00884930958886626
0.3046596827596107 0.00884930958886626
0.3046596827596107 0.00884930958886626
0.3046596827596107 0.00884930958886626
0.3046596827596107 0.00884930958886626
0.3046596827596107 0.00884930958886626
0.3046596827596107 0.00884930958886626
0.3046596827596107 0.00884930958886626
0.3046596827596107 0.00884930958886626
0.3046596827596107 0.00884930958886626
0.3046596827596107 0.00884930958886626
0.3046596827596107 0.00884930958886626
0.3046596827596107 0.00884930958886626
0.3046596827596107 0.00884930958886626
0.3046596827596107 0.00884930958886626
0.3046596827596107 0.00884930958886626
0.3046596827596107 0.00884930958886626
0.3046596827596107 0.00884930958886626
0.3046596827596107 0.00884930958886626
0.3046596827596107 0.00884930958886626
0.3046596827596107 0.00884930958886626
0.3046596827596107 0.00884930958886626
0.3046596827596107 0.00884930958886626
0.3046596827596107 0.00884930958886626
0.3181512235780722 0.008849619114898889
0.3181512235780722 0.008849619114898889
0.3181512235780722 0.008849619114898889
0.3181512235780722 0.008849619114898889
0.3181512235780722 0.008849619114898889
0.3181512235780722 0.008849619114898889
0.3181512235780722 0.008849619114898889
0.3181512235780722 0.008849619114898889
0.3181512235780722 0.008849619114898889
0.3181512235780722 0.008849619114898889
0.3181512235780722 0.008849619114898889
0.3181512235780722 0.008849619114898889
0.3181512235780722 0.008849619114898889
0.3181512235780722 0.008849619114898889
0.3181512235780722 0.008849619114898889
0.3181512235780722 0.008849619114898889
0.3181512235780722 0.008849619114898889
0.3181512235780722 0.008849619114898889
0.3181512235780722 0.008849619114898889
0.3181512235780722 0.008849619114898889
0.3181512235780722 0.008849619114898889
0.3181512235780722 0.008849619114898889
0.3181512235780722 0.008849619114898889
0.3181512235780722 0.008849619114898889
0.3181512235780722 0.008849619114898889
0.3181512235780722 0.008849619114898889
0.3181512235780722 0.008849619114898889
0.3181512235780722 0.008849619114898889
0.3181512235780722 0.008849619114898889
0.3181512235780722 0.008849619114898889
0.3181512235780722 0.008849619114898889
0.3181512235780722 0.008849619114898889
0.3181512235780722 0.008849619114898889
0.3181512235780722 0.008849619114898889
0.3181512235780722 0.008849619114898889
0.3181512235780722 0.008849619114898889
0.3181512235780722 0.008849619114898889
0.3181512235780722 0.008849619114898889
0.3181512235780722 0.008849619114898889
0.3181512235780722 0.008849619114898889
0.3181512235780722 0.008849619114898889
0.3181512235780722 0.008849619114898889
0.3181512235780722 0.008849619114898889
0.3181512235780722 0.008849619114898889
0.3181512235780722 0.008849619114898889
0.3181512235780722 0.008849619114898889
0.3181512235780722 0.008849619114898889
0.3181512235780722 0.008849619114898889
0.3181512235780722 0.008849619114898889
0.3181512235780722 0.008849619114898889
0.3181512235780722 0.008849619114898889
0.3181512235780722 0.008849619114898889
0.3181512235780722 0.008849619114898889
0.3181512235780722 0.008849619114898889
0.3181512235780722 0.008849619114898889
0.3181512235780722 0.008849619114898889
0.31122565999564805 0.008849171244994878
0.31122565999564805 0.008849171244994878
0.31122565999564805 0.008849171244994878
0.31122565999564805 0.008849171244994878
0.31122565999564805 0.008849171244994878
0.31122565999564805 0.008849171244994878
0.31122565999564805 0.008849171244994878
0.31122565999564805 0.008849171244994878
0.31122565999564805 0.008849171244994878
0.31122565999564805 0.008849171244994878
0.31122565999564805 0.008849171244994878
0.31122565999564805 0.008849171244994878
0.31122565999564805 0.008849171244994878
0.31122565999564805 0.008849171244994878
0.31122565999564805 0.008849171244994878
0.31122565999564805 0.008849171244994878
0.31122565999564805 0.008849171244994878
0.31122565999564805 0.008849171244994878
0.31122565999564805 0.008849171244994878
0.31122565999564805 0.008849171244994878
0.31122565999564805 0.008849171244994878
0.31122565999564805 0.008849171244994878
0.31122565999564805 0.008849171244994878
0.31122565999564805 0.008849171244994878
0.31122565999564805 0.008849171244994878
0.31122565999564805 0.008849171244994878
0.31122565999564805 0.008849171244994878
0.31122565999564805 0.008849171244994878
0.3520483127253345 0.008850044966280297
0.3520483127253345 0.008850044966280297
0.3520483127253345 0.008850044966280297
0.3520483127253345 0.008850044966280297
0.3520483127253345 0.008850044966280297
0.3520483127253345 0.008850044966280297
0.3520483127253345 0.008850044966280297
0.3520483127253345 0.008850044966280297
0.3520483127253345 0.008850044966280297
0.3520483127253345 0.008850044966280297
0.3520483127253345 0.008850044966280297
0.3520483127253345 0.008850044966280297
0.3520483127253345 0.008850044966280297
0.3520483127253345 0.008850044966280297
0.3520483127253345 0.008850044966280297
0.3520483127253345 0.008850044966280297
0.3520483127253345 0.008850044966280297
0.3520483127253345 0.008850044966280297
0.3520483127253345 0.008850044966280297
0.3520483127253345 0.008850044966280297
0.3520483127253345 0.008850044966280297
0.3520483127253345 0.008850044966280297
0.3520483127253345 0.008850044966280297
0.3520483127253345 0.008850044966280297
0.3520483127253345 0.008850044966280297
0.3520483127253345 0.008850044966280297
0.3520483127253345 0.008850044966280297
0.3520483127253345 0.008850044966280297
0.6612470513462972 0.008849048056951449
0.6612470513462972 0.008849048056951449
0.6612470513462972 0.008849048056951449
0.6612470513462972 0.008849048056951449
0.6612470513462972 0.008849048056951449
0.6612470513462972 0.008849048056951449
0.40871030474068926 0.008849265930370696
0.40871030474068926 0.008849265930370696
0.40871030474068926 0.008849265930370696
0.40871030474068926 0.008849265930370696
0.40871030474068926 0.008849265930370696
0.40871030474068926 0.008849265930370696
0.40871030474068926 0.008849265930370696
0.40871030474068926 0.008849265930370696
0.40871030474068926 0.008849265930370696
0.40871030474068926 0.008849265930370696
0.40871030474068926 0.008849265930370696
0.40871030474068926 0.008849265930370696
0.3523484701287072 0.008849747281360086
0.3523484701287072 0.008849747281360086
0.3523484701287072 0.008849747281360086
0.3523484701287072 0.008849747281360086
0.3523484701287072 0.008849747281360086
0.3523484701287072 0.008849747281360086
0.3523484701287072 0.008849747281360086
0.3523484701287072 0.008849747281360086
0.3523484701287072 0.008849747281360086
0.3523484701287072 0.008849747281360086
0.3523484701287072 0.008849747281360086
0.3523484701287072 0.008849747281360086
0.3523484701287072 0.008849747281360086
0.3523484701287072 0.008849747281360086
0.3523484701287072 0.008849747281360086
0.3523484701287072 0.008849747281360086
0.3523484701287072 0.008849747281360086
0.3523484701287072 0.008849747281360086
0.3523484701287072 0.008849747281360086
0.3523484701287072 0.008849747281360086
0.3523484701287072 0.008849747281360086
0.3523484701287072 0.008849747281360086
0.3523484701287072 0.008849747281360086
0.3523484701287072 0.008849747281360086
0.3523484701287072 0.008849747281360086
0.3523484701287072 0.008849747281360086
0.3523484701287072 0.008849747281360086
0.3523484701287072 0.008849747281360086
0.3523484701287072 0.008849747281360086
0.3523484701287072 0.008849747281360086
0.3523484701287072 0.008849747281360086
0.3523484701287072 0.008849747281360086
0.3523484701287072 0.008849747281360086
0.3523484701287072 0.008849747281360086
0.3523484701287072 0.008849747281360086
0.3523484701287072 0.008849747281360086
0.3523484701287072 0.008849747281360086
0.3523484701287072 0.008849747281360086
0.3523484701287072 0.008849747281360086
0.3523484701287072 0.008849747281360086
0.3523484701287072 0.008849747281360086
0.3523484701287072 0.008849747281360086
0.3523484701287072 0.008849747281360086
0.3523484701287072 0.008849747281360086
0.3523484701287072 0.008849747281360086
0.3523484701287072 0.008849747281360086
0.3523484701287072 0.008849747281360086
0.3523484701287072 0.008849747281360086
0.8592463189418518 0.008849576627963712
0.8592463189418518 0.008849576627963712
0.8592463189418518 0.008849576627963712
0.8592463189418518 0.008849576627963712
0.8592463189418518 0.008849576627963712
0.8592463189418518 0.008849576627963712
0.31787807050759914 0.00884934167438289
0.31787807050759914 0.00884934167438289
0.31787807050759914 0.00884934167438289
0.31787807050759914 0.00884934167438289
0.31787807050759914 0.00884934167438289
0.31787807050759914 0.00884934167438289
0.31787807050759914 0.00884934167438289
0.31787807050759914 0.00884934167438289
0.31787807050759914 0.00884934167438289
0.31787807050759914 0.00884934167438289
0.31787807050759914 0.00884934167438289
0.31787807050759914 0.00884934167438289
0.31787807050759914 0.00884934167438289
0.31787807050759914 0.00884934167438289
0.31787807050759914 0.00884934167438289
0.31787807050759914 0.00884934167438289
0.31787807050759914 0.00884934167438289
0.31787807050759914 0.00884934167438289
0.31787807050759914 0.00884934167438289
0.31787807050759914 0.00884934167438289
0.31787807050759914 0.00884934167438289
0.31787807050759914 0.00884934167438289
0.31787807050759914 0.00884934167438289
0.31787807050759914 0.00884934167438289
0.31787807050759914 0.00884934167438289
0.31787807050759914 0.00884934167438289
0.31787807050759914 0.00884934167438289
0.31787807050759914 0.00884934167438289
0.2993907134214161 0.008849048056951449
0.2993907134214161 0.008849048056951449
0.2993907134214161 0.008849048056951449
0.2993907134214161 0.008849048056951449
0.2993907134214161 0.008849048056951449
0.2993907134214161 0.008849048056951449
0.2993907134214161 0.008849048056951449
0.2993907134214161 0.008849048056951449
0.2993907134214161 0.008849048056951449
0.2993907134214161 0.008849048056951449
0.2993907134214161 0.008849048056951449
0.2993907134214161 0.008849048056951449
0.2993907134214161 0.008849048056951449
0.2993907134214161 0.008849048056951449
0.2993907134214161 0.008849048056951449
0.2993907134214161 0.008849048056951449
0.2993907134214161 0.008849048056951449
0.2993907134214161 0.008849048056951449
0.2993907134214161 0.008849048056951449
0.2993907134214161 0.008849048056951449
0.2993907134214161 0.008849048056951449
0.2993907134214161 0.008849048056951449
0.2993907134214161 0.008849048056951449
0.2993907134214161 0.008849048056951449
0.2993907134214161 0.008849048056951449
0.2993907134214161 0.008849048056951449
0.2993907134214161 0.008849048056951449
0.2993907134214161 0.008849048056951449