0.02922714179790047 0.14285715415735742
0.026893964563445227 0.14285715415735742
0.031861475166039634 0.14285715415735742
0.031861475166039634 0.14285715415735742
0.031861475166039634 0.14285715415735742
0.031861475166039634 0.14285715415735742
0.026893964563445227 0.14285715415735742
0.031861475166039634 0.14285715415735742
0.026893964563445227 0.14285715415735742
0.031861475166039634 0.14285715415735742
0.04082077950295164 0.14285715415735742
0.026893964563445227 0.14285715415735742
0.04082077950295164 0.14285715415735742
0.026893964563445227 0.14285715415735742
0.02922714179790047 0.14285715415735742
0.04082077950295164 0.14285715415735742
0.026893964563445227 0.14285715415735742
0.04082077950295164 0.14285715415735742
0.04082077950295164 0.14285715415735742
0.031861475166039634 0.14285715415735742
0.04082077950295164 0.14285715415735742
0.02922714179790047 0.14285715415735742
0.026893964563445227 0.14285715415735742
0.02922714179790047 0.14285715415735742
0.04082077950295164 0.14285715415735742
0.031861475166039634 0.14285715415735742
0.02922714179790047 0.14285715415735742
0.6103930211144827 0.14285715415735742
0.6103930211144827 0.14285715415735742
0.6103930211144827 0.14285715415735742
0.6103930211144827 0.14285715415735742
0.6103930211144827 0.14285715415735742
0.6103930211144827 0.14285715415735742
0.6103930211144827 0.14285715415735742
0.6103930211144827 0.14285715415735742
0.6103930211144827 0.14285715415735742
0.6103930211144827 0.14285715415735742
0.6103930211144827 0.14285715415735742
0.6103930211144827 0.14285715415735742
0.6103930211144827 0.14285715415735742
0.6103930211144827 0.14285715415735742
0.6103930211144827 0.14285715415735742
0.6103930211144827 0.14285715415735742
0.6103930211144827 0.14285715415735742
0.6103930211144827 0.14285715415735742
0.6103930211144827 0.14285715415735742
0.6103930211144827 0.14285715415735742
0.6103930211144827 0.14285715415735742
0.6103930211144827 0.14285715415735742
0.6103930211144827 0.14285715415735742