4.980279853732016e-07 3.954770627636397e-07
4.280173889235999e-07 3.954827433452116e-07
5.030872768570148e-07 3.955075887528297e-07
4.242774361491979e-07 3.954929298672463e-07
4.3941872335237987e-07 3.954962788457909e-07
4.892555546790845e-07 3.954735388414025e-07
4.964354913480382e-07 3.9546134087328823e-07
4.964354913480382e-07 3.9546134087328823e-07
4.967151187921786e-07 3.954814997889557e-07
4.292947193807745e-07 3.954958951692403e-07
4.4065335402482474e-07 3.954913427272547e-07
4.3196280329932404e-07 3.954896010706978e-07
4.180578105782434e-07 3.954837643929194e-07
4.976962707099637e-07 3.954958319754491e-07
5.501760754306856e-07 3.955283981766873e-07
3.8669407239234876e-07 3.9549378309338037e-07
6.119625339315127e-07 3.955465946847809e-07
4.1655150335005903e-07 3.954968313679634e-07
4.190377057202597e-07 3.9548300577107753e-07
4.3354648000485964e-07 3.954963885277001e-07
4.081319107593549e-07 3.9550097809055673e-07
3.4624534986189624e-07 3.953552488596325e-07
5.138417001718267e-07 3.955052109456225e-07
4.375111124742768e-07 3.954868634534459e-07
4.227325133252453e-07 3.954861577798968e-07
4.2507816163340504e-07 3.95473112442854e-07
4.1485053230719827e-07 3.954915237766641e-07
4.1485053230719827e-07 3.954915237766641e-07
3.931621350087601e-07 3.9549095343626397e-07
4.2850792659830893e-07 3.954956212999746e-07
5.357505665673193e-07 3.954837051838769e-07
4.345258069908861e-07 3.954792749103215e-07
4.6766461567407454e-07 3.954822443530092e-07
3.864719695234772e-07 3.955186949767243e-07
5.431980913502478e-07 3.955028195753099e-07
4.155262931511415e-07 3.9550555428387583e-07
4.688227167884731e-07 3.954868081758537e-07
4.22326744650318e-07 3.954931437296559e-07
4.946921627390952e-07 3.9546470517720876e-07
5.120631419566689e-07 3.9547960313402304e-07
4.2375457143996673e-07 3.9549182979757413e-07
4.052650843031996e-07 3.954972270541802e-07
4.167028685487146e-07 3.954775298645761e-07
4.3074269154731804e-07 3.954810679930583e-07
5.234921760133378e-07 3.954818657954116e-07
4.924415488374327e-07 3.9550844465537734e-07
3.9046226576372e-07 3.954803705693384e-07
4.621046284459073e-07 3.954728754261754e-07
4.0511856537274505e-07 3.9556000970181117e-07