1.9534529687349896e-06 1.003711722804946e-06
1.9533463284798263e-06 1.003711722804946e-06
5.886298569987029e-06 1.0037213507138349e-06
6.379455451237351e-06 1.0037118462339249e-06
1.5383912810510123e-05 1.0037213507138349e-06
6.378487052857602e-06 1.0037118462339249e-06
1.953310963486696e-06 1.003711722804946e-06
1.1634426998944133e-05 1.0037213507138349e-06
1.953329067076409e-06 1.003711722804946e-06
6.380013054750671e-06 1.0037118462339249e-06
9.76624708645319e-06 1.0037213507138349e-06
7.870133184508594e-06 1.0037144546685772e-06
1.95329790066524e-06 1.003711722804946e-06
6.379764708386358e-06 1.0037118462339249e-06
1.1153705139300551e-06 1.0037116060877918e-06
2.374835539804936e-06 1.0037213507138349e-06
6.634971967110703e-06 1.0037098992161019e-06
1.7269276933993233e-07 1.0037213507138349e-06
8.822695250948646e-06 1.0037213507138349e-06
9.464819707241672e-06 1.0037213507138349e-06
1.953299302421006e-06 1.003711722804946e-06
6.379604587516325e-06 1.0037118462339249e-06
6.377019711499306e-06 1.0037118462339249e-06
1.950775701787321e-06 1.003711722804946e-06
1.222072717431841e-05 1.0037213507138349e-06
1.229572517700318e-05 1.0037213507138349e-06
1.9532727088263566e-06 1.003711722804946e-06
6.624409467040297e-06 1.0037098992161019e-06
7.266911733824352e-06 1.0037213507138349e-06
5.294069536884965e-06 1.0037213507138349e-06
1.5657477753487197e-06 1.0037213507138349e-06
5.159929064936204e-06 1.0037213507138349e-06
8.1617259601888e-06 1.0037213507138349e-06
6.111292354994311e-06 1.0037213507138349e-06
6.379666270083283e-06 1.0037118462339249e-06
7.72813426855377e-06 1.0037213507138349e-06
6.379606891012094e-06 1.0037118462339249e-06
2.546686646198946e-06 1.0037213507138349e-06
1.953323177039252e-06 1.003711722804946e-06
6.3795363622787645e-06 1.0037118462339249e-06
7.5745351202752175e-06 1.0037213507138349e-06
1.9053972820796178e-06 1.003713504670145e-06
7.8632598322452e-06 1.0037144546685772e-06
1.9532882540385438e-06 1.003711722804946e-06
4.175327400929919e-06 1.0037213507138349e-06
1.9532973562053773e-06 1.003711722804946e-06
8.770910402190574e-06 1.0037213507138349e-06
6.0156292679784425e-06 1.0037213507138349e-06
6.634717218855537e-06 1.0037098992161019e-06
9.08301169357375e-06 1.0037213507138349e-06