3.5904548114124443e-06 7.688923930753907e-06
3.5904548114124443e-06 7.688923930753907e-06
3.5904548114124443e-06 7.688923930753907e-06
5.945065208461472e-06 7.689046469529019e-06
5.945065208461472e-06 7.689046469529019e-06
5.945065208461472e-06 7.689046469529019e-06
5.945065208461472e-06 7.689046469529019e-06
5.945065208461472e-06 7.689046469529019e-06
3.7609780875062893e-06 7.688962187722108e-06
3.7609780875062893e-06 7.688962187722108e-06
3.7609780875062893e-06 7.688962187722108e-06
3.7609780875062893e-06 7.688962187722108e-06
3.7609780875062893e-06 7.688962187722108e-06
3.7609780875062893e-06 7.688962187722108e-06
3.7609780875062893e-06 7.688962187722108e-06
3.7609780875062893e-06 7.688962187722108e-06
4.693768409393385e-06 7.689002188708826e-06
4.741424629235202e-06 7.688989802701683e-06
6.0418958820825025e-06 7.68902035909969e-06
6.0418958820825025e-06 7.68902035909969e-06
6.0418958820825025e-06 7.68902035909969e-06
6.0418958820825025e-06 7.68902035909969e-06
6.0418958820825025e-06 7.68902035909969e-06
6.0418958820825025e-06 7.68902035909969e-06
6.0418958820825025e-06 7.68902035909969e-06
6.0418958820825025e-06 7.68902035909969e-06
6.0418958820825025e-06 7.68902035909969e-06
3.770919401013819e-06 7.688995149442904e-06
3.770919401013819e-06 7.688995149442904e-06
3.770919401013819e-06 7.688995149442904e-06
3.770919401013819e-06 7.688995149442904e-06
3.944123750801593e-06 7.688988905968452e-06
3.944123750801593e-06 7.688988905968452e-06
3.8125080093062186e-06 7.689024010968464e-06
3.8125080093062186e-06 7.689024010968464e-06
3.8125080093062186e-06 7.689024010968464e-06
3.973721536805906e-06 7.689007513005738e-06
3.973721536805906e-06 7.689007513005738e-06
3.973721536805906e-06 7.689007513005738e-06
3.973721536805906e-06 7.689007513005738e-06
3.973721536805906e-06 7.689007513005738e-06
3.973721536805906e-06 7.689007513005738e-06
3.973721536805906e-06 7.689007513005738e-06
3.973721536805906e-06 7.689007513005738e-06
3.973721536805906e-06 7.689007513005738e-06
3.973721536805906e-06 7.689007513005738e-06
3.973721536805906e-06 7.689007513005738e-06
3.973721536805906e-06 7.689007513005738e-06
3.973721536805906e-06 7.689007513005738e-06
3.973721536805906e-06 7.689007513005738e-06