1.031410956913471e-05 1.0472603000790438e-05
9.499135867161243e-06 1.0469052852589465e-05
3.957300725175358e-05 1.047520780193477e-05
9.07506777286231e-06 1.0469736538041992e-05
1.3059092393078682e-05 1.047520780193477e-05
0.00013603221242790292 1.047520780193477e-05
7.649468361948844e-05 1.047520780193477e-05
4.353030797692894e-05 1.047520780193477e-05
5.441288497116117e-05 1.047520780193477e-05
2.838933128930148e-05 1.047520780193477e-05
8.244376510781995e-05 1.047520780193477e-05
9.50961122855845e-06 1.0469052852589465e-05
0.0001632386549134835 1.047520780193477e-05
3.060724779627816e-05 1.047520780193477e-05
6.52954619653934e-05 1.047520780193477e-05
8.63072711983106e-06 1.0470681605246407e-05
2.3935722623926087e-05 1.0481005887433997e-05
8.706061595385788e-05 1.047520780193477e-05
1.748985588358752e-05 1.047520780193477e-05
4.353030797692894e-05 1.047520780193477e-05
7.2955823425020565e-06 1.047520780193477e-05
2.9710920740291012e-05 1.0483216370590684e-05
3.917727717923604e-05 1.047520780193477e-05
4.880330920093837e-05 1.047520780193477e-05
5.0227278434918004e-05 1.047520780193477e-05
8.682907176249123e-05 1.047520780193477e-05
1.7183016306682477e-05 1.047520780193477e-05
0.000125568196087295 1.047520780193477e-05
0.0001305909239307868 1.047520780193477e-05
9.327923137913344e-05 1.047520780193477e-05
9.074528328781418e-06 1.0469736538041992e-05
4.080966372837088e-05 1.047520780193477e-05
8.622463669477738e-06 1.0470681605246407e-05
0.0001305909239307868 1.047520780193477e-05
2.368762815779256e-05 1.0481005887433997e-05
5.9359510877630366e-05 1.047520780193477e-05
4.11773183565544e-05 1.047520780193477e-05
8.161932745674175e-05 1.047520780193477e-05
3.649247375311408e-05 1.047520780193477e-05
3.095905524221239e-05 1.047520780193477e-05
7.541577201666153e-05 1.047520780193477e-05
5.0227278434918004e-05 1.047520780193477e-05
4.984386409572016e-05 1.047520780193477e-05
9.602273818440207e-06 1.047520780193477e-05
6.203068886712373e-05 1.047520780193477e-05
2.4145100499907272e-05 1.0481005887433997e-05
8.62163428918966e-06 1.0470681605246407e-05
2.277748673211398e-05 1.047520780193477e-05
1.3547998423130792e-05 1.0468698227113782e-05
4.640286637134557e-05 1.047520780193477e-05