7.72219267556487e-06 8.459199704237816e-06
7.72219267556487e-06 8.459199704237816e-06
7.72219267556487e-06 8.459199704237816e-06
7.72219267556487e-06 8.459199704237816e-06
7.72219267556487e-06 8.459199704237816e-06
7.72219267556487e-06 8.459199704237816e-06
7.72219267556487e-06 8.459199704237816e-06
7.72219267556487e-06 8.459199704237816e-06
7.72219267556487e-06 8.459199704237816e-06
7.72219267556487e-06 8.459199704237816e-06
7.72219267556487e-06 8.459199704237816e-06
7.72219267556487e-06 8.459199704237816e-06
7.72219267556487e-06 8.459199704237816e-06
7.72219267556487e-06 8.459199704237816e-06
7.72219267556487e-06 8.459199704237816e-06
7.72219267556487e-06 8.459199704237816e-06
7.72219267556487e-06 8.459199704237816e-06
7.72219267556487e-06 8.459199704237816e-06
7.72219267556487e-06 8.459199704237816e-06
7.72219267556487e-06 8.459199704237816e-06
7.72219267556487e-06 8.459199704237816e-06
7.72219267556487e-06 8.459199704237816e-06
7.72219267556487e-06 8.459199704237816e-06
7.72219267556487e-06 8.459199704237816e-06
7.72219267556487e-06 8.459199704237816e-06
7.72219267556487e-06 8.459199704237816e-06
7.72219267556487e-06 8.459199704237816e-06
7.72219267556487e-06 8.459199704237816e-06
7.72219267556487e-06 8.459199704237816e-06
7.72219267556487e-06 8.459199704237816e-06
7.72219267556487e-06 8.459199704237816e-06
7.72219267556487e-06 8.459199704237816e-06
7.72219267556487e-06 8.459199704237816e-06
7.72219267556487e-06 8.459199704237816e-06
7.72219267556487e-06 8.459199704237816e-06
7.72219267556487e-06 8.459199704237816e-06
7.72219267556487e-06 8.459199704237816e-06
7.72219267556487e-06 8.459199704237816e-06
7.72219267556487e-06 8.459199704237816e-06
7.72219267556487e-06 8.459199704237816e-06
7.72219267556487e-06 8.459199704237816e-06
7.72219267556487e-06 8.459199704237816e-06
7.72219267556487e-06 8.459199704237816e-06
7.72219267556487e-06 8.459199704237816e-06
7.72219267556487e-06 8.459199704237816e-06
7.72219267556487e-06 8.459199704237816e-06
7.72219267556487e-06 8.459199704237816e-06
7.72219267556487e-06 8.459199704237816e-06
7.72219267556487e-06 8.459199704237816e-06
7.72219267556487e-06 8.459199704237816e-06