0.31885618569035656 0.25
0.31885618569035656 0.25
0.31885618569035656 0.25
0.31885618569035656 0.25
0.31885618569035656 0.25
0.31885618569035656 0.25
0.31885618569035656 0.25
0.31885618569035656 0.25
0.31885618569035656 0.25
0.31885618569035656 0.25
0.31885618569035656 0.25
0.31885618569035656 0.25
0.31885618569035656 0.25
0.31885618569035656 0.25
0.31885618569035656 0.25
0.31885618569035656 0.25
0.31885618569035656 0.25
0.31885618569035656 0.25
0.31885618569035656 0.25
0.6811438143096434 0.25
0.6811438143096434 0.25
0.6811438143096434 0.25
0.6811438143096434 0.25
0.6811438143096434 0.25
0.6811438143096434 0.25
0.6811438143096434 0.25
0.6811438143096434 0.25
0.6811438143096434 0.25
0.6811438143096434 0.25
0.6811438143096434 0.25
0.6811438143096434 0.25
0.6811438143096434 0.25
0.6811438143096434 0.25
0.6811438143096434 0.25
0.6811438143096434 0.25
0.6811438143096434 0.25
0.6811438143096434 0.25
0.6811438143096434 0.25
0.6811438143096434 0.25
0.6811438143096434 0.25
0.6811438143096434 0.25
0.6811438143096434 0.25
0.6811438143096434 0.25
0.6811438143096434 0.25
0.6811438143096434 0.25
0.6811438143096434 0.25
0.6811438143096434 0.25
0.6811438143096434 0.25
0.6811438143096434 0.25
0.6811438143096434 0.25