3.633286670294828e-05 1.7978447118043202e-05
3.633286670294828e-05 1.7978447118043202e-05
3.633286670294828e-05 1.7978447118043202e-05
3.633286670294828e-05 1.7978447118043202e-05
3.633286670294828e-05 1.7978447118043202e-05
3.633286670294828e-05 1.7978447118043202e-05
3.633286670294828e-05 1.7978447118043202e-05
3.633286670294828e-05 1.7978447118043202e-05
3.633286670294828e-05 1.7978447118043202e-05
3.633286670294828e-05 1.7978447118043202e-05
3.633286670294828e-05 1.7978447118043202e-05
3.633286670294828e-05 1.7978447118043202e-05
3.633286670294828e-05 1.7978447118043202e-05
3.633286670294828e-05 1.7978447118043202e-05
3.633286670294828e-05 1.7978447118043202e-05
3.633286670294828e-05 1.7978447118043202e-05
3.633286670294828e-05 1.7978447118043202e-05
3.633286670294828e-05 1.7978447118043202e-05
3.633286670294828e-05 1.7978447118043202e-05
3.633286670294828e-05 1.7978447118043202e-05
8.45730229210844e-06 1.798232726537929e-05
2.246491740219091e-05 1.7978428986513592e-05
2.246491740219091e-05 1.7978428986513592e-05
2.246491740219091e-05 1.7978428986513592e-05
2.246491740219091e-05 1.7978428986513592e-05
2.246491740219091e-05 1.7978428986513592e-05
2.246491740219091e-05 1.7978428986513592e-05
2.246491740219091e-05 1.7978428986513592e-05
2.246491740219091e-05 1.7978428986513592e-05
2.246491740219091e-05 1.7978428986513592e-05
2.246491740219091e-05 1.7978428986513592e-05
2.246491740219091e-05 1.7978428986513592e-05
2.246491740219091e-05 1.7978428986513592e-05
6.198032387345509e-05 1.8121365878255937e-05
2.0657920241636754e-05 1.7978371107533846e-05
2.0657920241636754e-05 1.7978371107533846e-05
2.0657920241636754e-05 1.7978371107533846e-05
2.0657920241636754e-05 1.7978371107533846e-05
2.0657920241636754e-05 1.7978371107533846e-05
2.0657920241636754e-05 1.7978371107533846e-05
2.0657920241636754e-05 1.7978371107533846e-05
2.0657920241636754e-05 1.7978371107533846e-05
2.0657920241636754e-05 1.7978371107533846e-05
2.0657920241636754e-05 1.7978371107533846e-05
2.0657920241636754e-05 1.7978371107533846e-05
2.0657920241636754e-05 1.7978371107533846e-05
2.0657920241636754e-05 1.7978371107533846e-05
2.0657920241636754e-05 1.7978371107533846e-05
8.832173489873209e-06 1.7977973805876307e-05
2.0099119208358403e-05 1.7978906881298687e-05