0.002350215656988495 1.4997622435737394e-05
0.002350215656988495 1.4997622435737394e-05
0.0014997622435737393 1.4997622435737394e-05
0.013813692476398595 1.4997622435737394e-05
0.013813692476398595 1.4997622435737394e-05
0.013813692476398595 1.4997622435737394e-05
0.013813692476398595 1.4997622435737394e-05
0.013813692476398595 1.4997622435737394e-05
0.013813692476398595 1.4997622435737394e-05
0.013813692476398595 1.4997622435737394e-05
0.013813692476398595 1.4997622435737394e-05
8.822130844551408e-07 1.4997622435737394e-05
0.0017803060044304742 1.4997622435737394e-05
0.009915192856191328 1.4997622435737394e-05
0.009915192856191328 1.4997622435737394e-05
0.009915192856191328 1.4997622435737394e-05
0.009915192856191328 1.4997622435737394e-05
0.009915192856191328 1.4997622435737394e-05
0.009915192856191328 1.4997622435737394e-05
0.009915192856191328 1.4997622435737394e-05
0.009915192856191328 1.4997622435737394e-05
0.003984074289399416 1.4997622435737394e-05
0.003984074289399416 1.4997622435737394e-05
0.003984074289399416 1.4997622435737394e-05
0.003984074289399416 1.4997622435737394e-05
0.011543758210095517 1.4997622435737394e-05
0.0016779692866336778 1.4997622435737394e-05
0.003276539395666393 1.4997622435737394e-05
0.003276539395666393 1.4997622435737394e-05
0.006591013953964357 1.4997622435737394e-05
0.006591013953964357 1.4997622435737394e-05
0.006591013953964357 1.4997622435737394e-05
0.006591013953964357 1.4997622435737394e-05
0.006591013953964357 1.4997622435737394e-05
0.006591013953964357 1.4997622435737394e-05
0.00222405918591141 1.4997622435737394e-05
0.009470557461625936 1.4997622435737394e-05
0.009470557461625936 1.4997622435737394e-05
0.009470557461625936 1.4997622435737394e-05
0.011699027712959623 1.4997622435737394e-05
0.004953626469215615 1.4997622435737394e-05
0.004953626469215615 1.4997622435737394e-05
0.004953626469215615 1.4997622435737394e-05
0.004953626469215615 1.4997622435737394e-05
0.004953626469215615 1.4997622435737394e-05
0.004953626469215615 1.4997622435737394e-05
0.004953626469215615 1.4997622435737394e-05
0.004953626469215615 1.4997622435737394e-05
0.004953626469215615 1.4997622435737394e-05
0.002206414924222307 1.4997622435737394e-05