3.932741382926659e-05 0.00010050339089701461
0.0074503600643221705 0.020201181570299938
0.0074503600643221705 0.020201181570299938
0.0074503600643221705 0.020201181570299938
0.0074503600643221705 0.020201181570299938
0.0002184856323848144 0.00010050339089701461
0.0002184856323848144 0.00010050339089701461
0.0002184856323848144 0.00010050339089701461
0.0002184856323848144 0.00010050339089701461
0.0006336083339159616 0.00010050339089701461
0.0006336083339159616 0.00010050339089701461
0.0006336083339159616 0.00010050339089701461
0.00015293994266937007 0.00010050339089701461
0.00015293994266937007 0.00010050339089701461
0.000607390058029784 0.00010050339089701461
0.000607390058029784 0.00010050339089701461
0.000607390058029784 0.00010050339089701461
0.0002534433335663847 0.00010050339089701461
0.0005243655177235545 0.00010050339089701461
0.0005243655177235545 0.00010050339089701461
0.00768632454729777 0.010102775641473816
2.6218275886177725e-05 0.00010050339089701461
1.3109137943088863e-05 0.00010050339089701461
1.3109137943088863e-05 0.00010050339089701461
6.99154023631406e-05 0.00010050339089701461
0.0011579738516395161 0.00010050339089701461
0.0017085576452492484 0.00010050339089701461
0.0074154023631406 0.020201181570299938
0.0074154023631406 0.020201181570299938
0.00022285534503251067 0.00010050339089701461
0.00022285534503251067 0.00010050339089701461
0.00022285534503251067 0.00010050339089701461
0.09199119065930224 0.08080909599384745
0.00011798224148779976 0.00010050339089701461
0.00011798224148779976 0.00010050339089701461
0.00011798224148779976 0.00010050339089701461
0.00011798224148779976 0.00010050339089701461
0.00011798224148779976 0.00010050339089701461
0.0007035237362791023 0.00010050339089701461
0.0010268824722086275 0.00010050339089701461
0.0027223309795147872 0.00010050339089701461
0.00040201356358805844 0.00010050339089701461
0.00040201356358805844 0.00010050339089701461
0.01586642662378522 0.020201181570299938
0.15185625393274138 0.12121145913444732
0.00019663706914633294 0.00010050339089701461
0.013091659092498077 0.010102775641473816
0.013091659092498077 0.010102775641473816
0.0008215059777669021 0.00010050339089701461
0.003207369083409075 0.00010050339089701461