2.0534424365326574e-06 1.9771236541462992e-06
2.0534424365326574e-06 1.9771236541462992e-06
3.0208231380552425e-06 1.9745661158698153e-06
3.0208231380552425e-06 1.9745661158698153e-06
2.2666310525810477e-06 1.976241015606765e-06
2.2666310525810477e-06 1.976241015606765e-06
1.6742399487695945e-06 1.97569886572763e-06
1.6742399487695945e-06 1.97569886572763e-06
1.9520378717656127e-06 1.9771236541462992e-06
1.9520378717656127e-06 1.9771236541462992e-06
1.8363424865546343e-06 1.9745661158698153e-06
1.8363424865546343e-06 1.9745661158698153e-06
1.4097174644257798e-06 1.9745661158698153e-06
1.4097174644257798e-06 1.9745661158698153e-06
1.3943127655468662e-06 1.9771236541462992e-06
1.3943127655468662e-06 1.9771236541462992e-06
7.401016688235344e-06 1.9745661158698153e-06
7.401016688235344e-06 1.9745661158698153e-06
2.509762977984359e-06 1.9771236541462992e-06
2.509762977984359e-06 1.9771236541462992e-06
1.3803696378913976e-06 1.9771236541462992e-06
1.3803696378913976e-06 1.9771236541462992e-06
2.424686266866245e-06 1.9771236541462992e-06
2.424686266866245e-06 1.9771236541462992e-06
1.2548814889921795e-06 1.9771236541462992e-06
1.2548814889921795e-06 1.9771236541462992e-06
1.3514108342992703e-06 1.9771236541462992e-06
1.3514108342992703e-06 1.9771236541462992e-06
1.8804624034393883e-06 1.9745661158698153e-06
1.8804624034393883e-06 1.9745661158698153e-06
2.1134846130394605e-06 1.9771236541462992e-06
2.1134846130394605e-06 1.9771236541462992e-06
2.2668826897923244e-06 1.9771236541462992e-06
2.2668826897923244e-06 1.9771236541462992e-06
2.509762977984359e-06 1.9771236541462992e-06
2.509762977984359e-06 1.9771236541462992e-06
2.3921178383913424e-06 1.9771236541462992e-06
2.3921178383913424e-06 1.9771236541462992e-06
2.352902791860337e-06 1.9771236541462992e-06
2.352902791860337e-06 1.9771236541462992e-06
2.269341758130717e-06 1.9771236541462992e-06
2.269341758130717e-06 1.9771236541462992e-06
2.4624288061447546e-06 1.975865781863473e-06
2.4624288061447546e-06 1.975865781863473e-06
2.439077197883849e-06 1.9757218086710385e-06
2.439077197883849e-06 1.9757218086710385e-06
2.4011272885932492e-06 1.9771236541462992e-06
2.4011272885932492e-06 1.9771236541462992e-06
8.399017603471352e-07 1.9745661158698153e-06
8.399017603471352e-07 1.9745661158698153e-06
1.3943127655468662e-06 1.9771236541462992e-06
1.3943127655468662e-06 1.9771236541462992e-06
1.4341502731339196e-06 1.9771236541462992e-06
1.4341502731339196e-06 1.9771236541462992e-06
9.126410829034033e-07 1.9771236541462992e-06
9.126410829034033e-07 1.9771236541462992e-06
1.1696249587657641e-05 1.9745661158698153e-06
1.1696249587657641e-05 1.9745661158698153e-06
2.230900424874986e-06 1.9771236541462992e-06
2.230900424874986e-06 1.9771236541462992e-06
3.381950112177505e-07 1.9771236541462992e-06
3.381950112177505e-07 1.9771236541462992e-06
1.624239687273181e-06 1.9745661158698153e-06
1.624239687273181e-06 1.9745661158698153e-06
2.509762977984359e-06 1.9771236541462992e-06
2.509762977984359e-06 1.9771236541462992e-06
1.8823222334882694e-06 1.9771236541462992e-06
1.8823222334882694e-06 1.9771236541462992e-06
2.258786680185923e-06 1.9758967236672545e-06
2.258786680185923e-06 1.9758967236672545e-06
3.1718642949580044e-06 1.9745661158698153e-06
3.1718642949580044e-06 1.9745661158698153e-06
2.469925470397306e-06 1.9771236541462992e-06
2.469925470397306e-06 1.9771236541462992e-06
4.1829382966405984e-07 1.9771236541462992e-06
4.1829382966405984e-07 1.9771236541462992e-06
2.0534424365326574e-06 1.9771236541462992e-06
2.0534424365326574e-06 1.9771236541462992e-06
1.7568340845890513e-06 1.9771236541462992e-06
1.7568340845890513e-06 1.9771236541462992e-06
2.3703317014296724e-06 1.9771236541462992e-06
2.3703317014296724e-06 1.9771236541462992e-06
1.2548814889921795e-06 1.9771236541462992e-06
1.2548814889921795e-06 1.9771236541462992e-06
1.1583521436850889e-06 1.9771236541462992e-06
1.1583521436850889e-06 1.9771236541462992e-06
2.281602707258508e-06 1.9771236541462992e-06
2.281602707258508e-06 1.9771236541462992e-06
1.4097174644257798e-06 1.9745661158698153e-06
1.4097174644257798e-06 1.9745661158698153e-06
2.509762977984359e-06 1.9771236541462992e-06
2.509762977984359e-06 1.9771236541462992e-06
2.4437165838268762e-06 1.9771236541462992e-06
2.4437165838268762e-06 1.9771236541462992e-06
2.2455774013544268e-06 1.9771236541462992e-06
2.2455774013544268e-06 1.9771236541462992e-06
1.712210728775097e-06 1.975940559880351e-06
1.712210728775097e-06 1.975940559880351e-06
1.2278184367579372e-06 1.9745661158698153e-06
1.2278184367579372e-06 1.9745661158698153e-06
2.1824025895516167e-06 1.9771236541462992e-06
2.1824025895516167e-06 1.9771236541462992e-06
5.855749467614778e-06 1.9745661158698153e-06
5.855749467614778e-06 1.9745661158698153e-06
2.3346632353342875e-06 1.9771236541462992e-06
2.3346632353342875e-06 1.9771236541462992e-06
2.151225409700879e-06 1.9771236541462992e-06
2.151225409700879e-06 1.9771236541462992e-06
1.140801353629254e-06 1.9771236541462992e-06
1.140801353629254e-06 1.9771236541462992e-06
2.9505714371702367e-07 1.9745661158698153e-06
2.9505714371702367e-07 1.9745661158698153e-06
1.8823222334882694e-06 1.9771236541462992e-06
1.8823222334882694e-06 1.9771236541462992e-06
1.8823222334882694e-06 1.9771236541462992e-06
1.8823222334882694e-06 1.9771236541462992e-06
8.013130850420222e-06 1.9745661158698153e-06
8.013130850420222e-06 1.9745661158698153e-06
2.8194349288515596e-06 1.9745661158698153e-06
2.8194349288515596e-06 1.9745661158698153e-06
7.181579535753972e-07 1.9745661158698153e-06
7.181579535753972e-07 1.9745661158698153e-06
1.0752082355789846e-05 1.9745661158698153e-06
1.0752082355789846e-05 1.9745661158698153e-06
2.509762977984359e-06 1.9771236541462992e-06
2.509762977984359e-06 1.9771236541462992e-06
1.8823222334882694e-06 1.9771236541462992e-06
1.8823222334882694e-06 1.9771236541462992e-06
2.189320026330999e-06 1.9771236541462992e-06
2.189320026330999e-06 1.9771236541462992e-06
2.230900424874986e-06 1.9771236541462992e-06
2.230900424874986e-06 1.9771236541462992e-06
3.338804521008426e-07 1.9745661158698153e-06
3.338804521008426e-07 1.9745661158698153e-06
1.8093640073840729e-06 1.9771236541462992e-06
1.8093640073840729e-06 1.9771236541462992e-06
8.857986981121267e-07 1.9771236541462992e-06
8.857986981121267e-07 1.9771236541462992e-06
1.8307932834571896e-06 1.9771236541462992e-06
1.8307932834571896e-06 1.9771236541462992e-06