1.0354819903371957e-06 1.1237444964613286e-06
1.0354819903371957e-06 1.1237444964613286e-06
1.0354819903371957e-06 1.1237444964613286e-06
1.0354819903371957e-06 1.1237444964613286e-06
1.0354819903371957e-06 1.1237444964613286e-06
1.0354819903371957e-06 1.1237444964613286e-06
1.0354819903371957e-06 1.1237444964613286e-06
1.0354819903371957e-06 1.1237444964613286e-06
1.0382602927076459e-06 1.1237444964613286e-06
1.0382602927076459e-06 1.1237444964613286e-06
1.0382602927076459e-06 1.1237444964613286e-06
1.0382602927076459e-06 1.1237444964613286e-06
1.0382602927076459e-06 1.1237444964613286e-06
1.0382602927076459e-06 1.1237444964613286e-06
1.0382602927076459e-06 1.1237444964613286e-06
1.0382602927076459e-06 1.1237444964613286e-06
1.0382602927076459e-06 1.1237444964613286e-06
1.0382602927076459e-06 1.1237444964613286e-06
1.0382602927076459e-06 1.1237444964613286e-06
1.0382602927076459e-06 1.1237444964613286e-06
1.0382602927076459e-06 1.1237444964613286e-06
1.0382602927076459e-06 1.1237444964613286e-06
1.0382602927076459e-06 1.1237444964613286e-06
1.0382602927076459e-06 1.1237444964613286e-06
1.0382602927076459e-06 1.1237444964613286e-06
1.0382602927076459e-06 1.1237444964613286e-06
1.0382602927076459e-06 1.1237444964613286e-06
1.0382602927076459e-06 1.1237444964613286e-06
1.0382602927076459e-06 1.1237444964613286e-06
1.0382602927076459e-06 1.1237444964613286e-06
1.0382602927076459e-06 1.1237444964613286e-06
1.0382602927076459e-06 1.1237444964613286e-06
1.0382602927076459e-06 1.1237444964613286e-06
1.0382602927076459e-06 1.1237444964613286e-06
1.0382602927076459e-06 1.1237444964613286e-06
1.0382602927076459e-06 1.1237444964613286e-06
1.0382602927076459e-06 1.1237444964613286e-06
1.0382602927076459e-06 1.1237444964613286e-06
1.0382602927076459e-06 1.1237444964613286e-06
1.0382602927076459e-06 1.1237444964613286e-06
1.0382602927076459e-06 1.1237444964613286e-06
1.0382602927076459e-06 1.1237444964613286e-06
1.0382602927076459e-06 1.1237444964613286e-06
1.0382602927076459e-06 1.1237444964613286e-06
1.0382602927076459e-06 1.1237444964613286e-06
1.0382602927076459e-06 1.1237444964613286e-06
1.0382602927076459e-06 1.1237444964613286e-06
1.0382602927076459e-06 1.1237444964613286e-06
1.0382602927076459e-06 1.1237444964613286e-06
1.0382602927076459e-06 1.1237444964613286e-06