2.331402217897966e-06 1.975826324282349e-06
2.331402217897966e-06 1.975826324282349e-06
2.331402217897966e-06 1.975826324282349e-06
2.331402217897966e-06 1.975826324282349e-06
2.331402217897966e-06 1.975826324282349e-06
2.331402217897966e-06 1.975826324282349e-06
3.834497352800907e-06 1.9758094483560856e-06
3.834497352800907e-06 1.9758094483560856e-06
3.834497352800907e-06 1.9758094483560856e-06
3.834497352800907e-06 1.9758094483560856e-06
3.834497352800907e-06 1.9758094483560856e-06
3.834497352800907e-06 1.9758094483560856e-06
3.834497352800907e-06 1.9758094483560856e-06
3.834497352800907e-06 1.9758094483560856e-06
3.834497352800907e-06 1.9758094483560856e-06
1.1703099821054213e-06 1.9758100889961107e-06
1.1703099821054213e-06 1.9758100889961107e-06
1.1703099821054213e-06 1.9758100889961107e-06
1.3063504282203027e-06 1.9758413714529636e-06
1.3063504282203027e-06 1.9758413714529636e-06
1.3063504282203027e-06 1.9758413714529636e-06
1.3063504282203027e-06 1.9758413714529636e-06
1.3063504282203027e-06 1.9758413714529636e-06
1.3063504282203027e-06 1.9758413714529636e-06
1.3063504282203027e-06 1.9758413714529636e-06
1.3063504282203027e-06 1.9758413714529636e-06
1.3063504282203027e-06 1.9758413714529636e-06
3.36804967927335e-06 1.9758288396656035e-06
3.36804967927335e-06 1.9758288396656035e-06
3.36804967927335e-06 1.9758288396656035e-06
1.6304909708830227e-06 1.9758065000298063e-06
1.6304909708830227e-06 1.9758065000298063e-06
1.6304909708830227e-06 1.9758065000298063e-06
1.6304909708830227e-06 1.9758065000298063e-06
1.6304909708830227e-06 1.9758065000298063e-06
1.6304909708830227e-06 1.9758065000298063e-06
1.6304909708830227e-06 1.9758065000298063e-06
1.6304909708830227e-06 1.9758065000298063e-06
1.6304909708830227e-06 1.9758065000298063e-06
1.6304909708830227e-06 1.9758065000298063e-06
1.6304909708830227e-06 1.9758065000298063e-06
1.6304909708830227e-06 1.9758065000298063e-06
1.6304909708830227e-06 1.9758065000298063e-06
1.6304909708830227e-06 1.9758065000298063e-06
1.6304909708830227e-06 1.9758065000298063e-06
1.6304909708830227e-06 1.9758065000298063e-06
1.6304909708830227e-06 1.9758065000298063e-06
1.6304909708830227e-06 1.9758065000298063e-06
1.6304909708830227e-06 1.9758065000298063e-06
1.6304909708830227e-06 1.9758065000298063e-06
1.6304909708830227e-06 1.9758065000298063e-06
1.6304909708830227e-06 1.9758065000298063e-06
1.6304909708830227e-06 1.9758065000298063e-06
1.6304909708830227e-06 1.9758065000298063e-06
1.6304909708830227e-06 1.9758065000298063e-06
1.6304909708830227e-06 1.9758065000298063e-06
1.6304909708830227e-06 1.9758065000298063e-06
1.6304909708830227e-06 1.9758065000298063e-06
3.5755793815505724e-06 1.97573129227253e-06
3.5755793815505724e-06 1.97573129227253e-06
3.5755793815505724e-06 1.97573129227253e-06
3.5755793815505724e-06 1.97573129227253e-06
3.5755793815505724e-06 1.97573129227253e-06
3.5755793815505724e-06 1.97573129227253e-06
3.5755793815505724e-06 1.97573129227253e-06
3.5755793815505724e-06 1.97573129227253e-06
3.5755793815505724e-06 1.97573129227253e-06
3.5755793815505724e-06 1.97573129227253e-06
3.5755793815505724e-06 1.97573129227253e-06
3.5755793815505724e-06 1.97573129227253e-06
3.5755793815505724e-06 1.97573129227253e-06
3.5755793815505724e-06 1.97573129227253e-06
3.4091683338880007e-06 1.9758418087082223e-06
3.4091683338880007e-06 1.9758418087082223e-06
3.4091683338880007e-06 1.9758418087082223e-06
2.5105551937138113e-06 1.975880802958213e-06
2.5105551937138113e-06 1.975880802958213e-06
2.5105551937138113e-06 1.975880802958213e-06
4.088999984196117e-06 1.975750233055534e-06
4.088999984196117e-06 1.975750233055534e-06
4.088999984196117e-06 1.975750233055534e-06
4.113918609979579e-06 1.9757495923865963e-06
4.113918609979579e-06 1.9757495923865963e-06
4.113918609979579e-06 1.9757495923865963e-06
2.599519364587512e-06 1.9759793842342944e-06
2.599519364587512e-06 1.9759793842342944e-06
2.599519364587512e-06 1.9759793842342944e-06
2.599519364587512e-06 1.9759793842342944e-06
2.599519364587512e-06 1.9759793842342944e-06
2.599519364587512e-06 1.9759793842342944e-06
2.599519364587512e-06 1.9759793842342944e-06
2.599519364587512e-06 1.9759793842342944e-06
2.599519364587512e-06 1.9759793842342944e-06
2.599519364587512e-06 1.9759793842342944e-06
2.599519364587512e-06 1.9759793842342944e-06
2.599519364587512e-06 1.9759793842342944e-06
2.599519364587512e-06 1.9759793842342944e-06
2.599519364587512e-06 1.9759793842342944e-06
9.971773289043958e-07 1.9758113124009453e-06
9.971773289043958e-07 1.9758113124009453e-06
9.971773289043958e-07 1.9758113124009453e-06
9.971773289043958e-07 1.9758113124009453e-06
9.971773289043958e-07 1.9758113124009453e-06
9.971773289043958e-07 1.9758113124009453e-06
9.971773289043958e-07 1.9758113124009453e-06
9.971773289043958e-07 1.9758113124009453e-06
9.971773289043958e-07 1.9758113124009453e-06
9.971773289043958e-07 1.9758113124009453e-06
9.971773289043958e-07 1.9758113124009453e-06
9.971773289043958e-07 1.9758113124009453e-06
9.971773289043958e-07 1.9758113124009453e-06
9.971773289043958e-07 1.9758113124009453e-06
3.372543349296059e-06 1.9758499433352592e-06
3.372543349296059e-06 1.9758499433352592e-06
3.372543349296059e-06 1.9758499433352592e-06
1.4549007420727957e-06 1.9758538450268448e-06
1.4549007420727957e-06 1.9758538450268448e-06
1.4549007420727957e-06 1.9758538450268448e-06
1.4549007420727957e-06 1.9758538450268448e-06
1.4549007420727957e-06 1.9758538450268448e-06
1.4549007420727957e-06 1.9758538450268448e-06
1.4549007420727957e-06 1.9758538450268448e-06
1.4549007420727957e-06 1.9758538450268448e-06
1.4549007420727957e-06 1.9758538450268448e-06
1.4549007420727957e-06 1.9758538450268448e-06
1.4549007420727957e-06 1.9758538450268448e-06
1.4549007420727957e-06 1.9758538450268448e-06
1.4549007420727957e-06 1.9758538450268448e-06
1.4549007420727957e-06 1.9758538450268448e-06
1.4549007420727957e-06 1.9758538450268448e-06
1.4549007420727957e-06 1.9758538450268448e-06
1.4549007420727957e-06 1.9758538450268448e-06
1.4549007420727957e-06 1.9758538450268448e-06
1.4549007420727957e-06 1.9758538450268448e-06
1.4549007420727957e-06 1.9758538450268448e-06
1.4549007420727957e-06 1.9758538450268448e-06
1.4549007420727957e-06 1.9758538450268448e-06
1.4549007420727957e-06 1.9758538450268448e-06
1.4549007420727957e-06 1.9758538450268448e-06
1.4549007420727957e-06 1.9758538450268448e-06
1.4549007420727957e-06 1.9758538450268448e-06
1.4549007420727957e-06 1.9758538450268448e-06
1.4549007420727957e-06 1.9758538450268448e-06
1.4549007420727957e-06 1.9758538450268448e-06
1.4549007420727957e-06 1.9758538450268448e-06
1.4549007420727957e-06 1.9758538450268448e-06
1.4549007420727957e-06 1.9758538450268448e-06
1.4549007420727957e-06 1.9758538450268448e-06
1.4549007420727957e-06 1.9758538450268448e-06
1.4549007420727957e-06 1.9758538450268448e-06
1.4549007420727957e-06 1.9758538450268448e-06
1.4549007420727957e-06 1.9758538450268448e-06
1.4549007420727957e-06 1.9758538450268448e-06
1.4549007420727957e-06 1.9758538450268448e-06
1.4549007420727957e-06 1.9758538450268448e-06
1.4549007420727957e-06 1.9758538450268448e-06
1.4549007420727957e-06 1.9758538450268448e-06
1.4549007420727957e-06 1.9758538450268448e-06
1.4549007420727957e-06 1.9758538450268448e-06
1.4549007420727957e-06 1.9758538450268448e-06
1.4549007420727957e-06 1.9758538450268448e-06
1.4549007420727957e-06 1.9758538450268448e-06
1.4549007420727957e-06 1.9758538450268448e-06
1.4549007420727957e-06 1.9758538450268448e-06
1.4549007420727957e-06 1.9758538450268448e-06
1.4549007420727957e-06 1.9758538450268448e-06
1.4549007420727957e-06 1.9758538450268448e-06
1.4549007420727957e-06 1.9758538450268448e-06
1.4549007420727957e-06 1.9758538450268448e-06
1.4549007420727957e-06 1.9758538450268448e-06
1.4549007420727957e-06 1.9758538450268448e-06
1.2598649096394386e-06 1.975830426074783e-06
1.2598649096394386e-06 1.975830426074783e-06
1.2598649096394386e-06 1.975830426074783e-06
1.3161679168471533e-06 1.9758956691267507e-06
1.3161679168471533e-06 1.9758956691267507e-06
1.3161679168471533e-06 1.9758956691267507e-06
2.877607136612481e-06 1.9758214882832366e-06
2.877607136612481e-06 1.9758214882832366e-06
2.877607136612481e-06 1.9758214882832366e-06
1.1905237798000362e-06 1.9757704512220288e-06
1.1905237798000362e-06 1.9757704512220288e-06
1.1905237798000362e-06 1.9757704512220288e-06
1.822972205759839e-06 1.975015967195904e-06
1.822972205759839e-06 1.975015967195904e-06
1.822972205759839e-06 1.975015967195904e-06
3.9618063362562936e-06 1.9758567416857216e-06
3.9618063362562936e-06 1.9758567416857216e-06
3.9618063362562936e-06 1.9758567416857216e-06
3.9618063362562936e-06 1.9758567416857216e-06
3.9618063362562936e-06 1.9758567416857216e-06
3.9618063362562936e-06 1.9758567416857216e-06
3.9618063362562936e-06 1.9758567416857216e-06
3.9618063362562936e-06 1.9758567416857216e-06
3.9618063362562936e-06 1.9758567416857216e-06
3.9618063362562936e-06 1.9758567416857216e-06
3.9618063362562936e-06 1.9758567416857216e-06
3.9618063362562936e-06 1.9758567416857216e-06
3.9618063362562936e-06 1.9758567416857216e-06
3.9618063362562936e-06 1.9758567416857216e-06
3.9618063362562936e-06 1.9758567416857216e-06
3.9618063362562936e-06 1.9758567416857216e-06
3.9618063362562936e-06 1.9758567416857216e-06
3.9618063362562936e-06 1.9758567416857216e-06
3.9618063362562936e-06 1.9758567416857216e-06
3.9618063362562936e-06 1.9758567416857216e-06
3.9618063362562936e-06 1.9758567416857216e-06
3.9618063362562936e-06 1.9758567416857216e-06
3.9618063362562936e-06 1.9758567416857216e-06
3.9618063362562936e-06 1.9758567416857216e-06
3.9618063362562936e-06 1.9758567416857216e-06
3.9618063362562936e-06 1.9758567416857216e-06
3.9618063362562936e-06 1.9758567416857216e-06
3.9618063362562936e-06 1.9758567416857216e-06
3.9618063362562936e-06 1.9758567416857216e-06
3.9618063362562936e-06 1.9758567416857216e-06
3.9618063362562936e-06 1.9758567416857216e-06
3.9618063362562936e-06 1.9758567416857216e-06
3.9618063362562936e-06 1.9758567416857216e-06
3.9618063362562936e-06 1.9758567416857216e-06
3.9618063362562936e-06 1.9758567416857216e-06
3.9618063362562936e-06 1.9758567416857216e-06
3.9618063362562936e-06 1.9758567416857216e-06
3.9618063362562936e-06 1.9758567416857216e-06
3.9618063362562936e-06 1.9758567416857216e-06
3.9618063362562936e-06 1.9758567416857216e-06
3.9618063362562936e-06 1.9758567416857216e-06
3.9618063362562936e-06 1.9758567416857216e-06
2.4878613451209713e-06 1.975849117206421e-06
2.4878613451209713e-06 1.975849117206421e-06
2.4878613451209713e-06 1.975849117206421e-06
2.4878613451209713e-06 1.975849117206421e-06
2.4878613451209713e-06 1.975849117206421e-06
2.4878613451209713e-06 1.975849117206421e-06
1.1635734496190632e-06 1.975821817743589e-06
1.1635734496190632e-06 1.975821817743589e-06
1.1635734496190632e-06 1.975821817743589e-06
1.1635734496190632e-06 1.975821817743589e-06
1.1635734496190632e-06 1.975821817743589e-06
1.1635734496190632e-06 1.975821817743589e-06
1.1635734496190632e-06 1.975821817743589e-06
1.1635734496190632e-06 1.975821817743589e-06
1.1635734496190632e-06 1.975821817743589e-06
1.1635734496190632e-06 1.975821817743589e-06
1.1635734496190632e-06 1.975821817743589e-06
1.1635734496190632e-06 1.975821817743589e-06
1.1635734496190632e-06 1.975821817743589e-06
1.1635734496190632e-06 1.975821817743589e-06
1.1635734496190632e-06 1.975821817743589e-06
1.1635734496190632e-06 1.975821817743589e-06
1.1635734496190632e-06 1.975821817743589e-06
1.1635734496190632e-06 1.975821817743589e-06
1.1635734496190632e-06 1.975821817743589e-06
1.1635734496190632e-06 1.975821817743589e-06
1.1635734496190632e-06 1.975821817743589e-06
1.1635734496190632e-06 1.975821817743589e-06
1.1635734496190632e-06 1.975821817743589e-06
1.1635734496190632e-06 1.975821817743589e-06
1.1635734496190632e-06 1.975821817743589e-06
1.1635734496190632e-06 1.975821817743589e-06
1.1635734496190632e-06 1.975821817743589e-06
1.1635734496190632e-06 1.975821817743589e-06
3.097578096740172e-06 1.9758056169062696e-06
3.097578096740172e-06 1.9758056169062696e-06
3.097578096740172e-06 1.9758056169062696e-06
3.097578096740172e-06 1.9758056169062696e-06
3.097578096740172e-06 1.9758056169062696e-06
3.097578096740172e-06 1.9758056169062696e-06
3.097578096740172e-06 1.9758056169062696e-06
3.097578096740172e-06 1.9758056169062696e-06
3.097578096740172e-06 1.9758056169062696e-06
3.097578096740172e-06 1.9758056169062696e-06
3.097578096740172e-06 1.9758056169062696e-06
3.097578096740172e-06 1.9758056169062696e-06
3.097578096740172e-06 1.9758056169062696e-06
3.097578096740172e-06 1.9758056169062696e-06
3.097578096740172e-06 1.9758056169062696e-06
3.097578096740172e-06 1.9758056169062696e-06
3.097578096740172e-06 1.9758056169062696e-06
3.097578096740172e-06 1.9758056169062696e-06
3.097578096740172e-06 1.9758056169062696e-06
3.097578096740172e-06 1.9758056169062696e-06
3.097578096740172e-06 1.9758056169062696e-06
3.097578096740172e-06 1.9758056169062696e-06
3.097578096740172e-06 1.9758056169062696e-06
3.097578096740172e-06 1.9758056169062696e-06
3.097578096740172e-06 1.9758056169062696e-06
3.097578096740172e-06 1.9758056169062696e-06
3.097578096740172e-06 1.9758056169062696e-06
3.097578096740172e-06 1.9758056169062696e-06
1.2708971858871366e-06 1.975859372414296e-06
1.2708971858871366e-06 1.975859372414296e-06
1.2708971858871366e-06 1.975859372414296e-06
1.2708971858871366e-06 1.975859372414296e-06
1.2708971858871366e-06 1.975859372414296e-06
1.2708971858871366e-06 1.975859372414296e-06
1.2708971858871366e-06 1.975859372414296e-06
1.2708971858871366e-06 1.975859372414296e-06
1.2708971858871366e-06 1.975859372414296e-06
1.2708971858871366e-06 1.975859372414296e-06
1.2708971858871366e-06 1.975859372414296e-06
1.2708971858871366e-06 1.975859372414296e-06
1.2708971858871366e-06 1.975859372414296e-06
1.2708971858871366e-06 1.975859372414296e-06
1.5472312976565957e-06 1.975864125919269e-06
1.5472312976565957e-06 1.975864125919269e-06
1.5472312976565957e-06 1.975864125919269e-06
1.5472312976565957e-06 1.975864125919269e-06
1.5472312976565957e-06 1.975864125919269e-06
1.5472312976565957e-06 1.975864125919269e-06
1.5472312976565957e-06 1.975864125919269e-06
1.5472312976565957e-06 1.975864125919269e-06
1.5472312976565957e-06 1.975864125919269e-06
1.5472312976565957e-06 1.975864125919269e-06
1.5472312976565957e-06 1.975864125919269e-06
1.5472312976565957e-06 1.975864125919269e-06
1.5472312976565957e-06 1.975864125919269e-06
1.5472312976565957e-06 1.975864125919269e-06
2.5119737959313286e-06 1.9757769916669553e-06
2.5119737959313286e-06 1.9757769916669553e-06
2.5119737959313286e-06 1.9757769916669553e-06
3.4091683338880007e-06 1.9758540034116946e-06
3.4091683338880007e-06 1.9758540034116946e-06
3.4091683338880007e-06 1.9758540034116946e-06
1.1703099821054213e-06 1.9758100889961107e-06
1.1703099821054213e-06 1.9758100889961107e-06
1.1703099821054213e-06 1.9758100889961107e-06
1.1703099821054213e-06 1.9758100889961107e-06
1.1703099821054213e-06 1.9758100889961107e-06
1.1703099821054213e-06 1.9758100889961107e-06
2.247380676235275e-06 1.9760817322410747e-06
2.247380676235275e-06 1.9760817322410747e-06
2.247380676235275e-06 1.9760817322410747e-06
4.238751792074633e-06 1.9758519215194883e-06
4.238751792074633e-06 1.9758519215194883e-06
4.238751792074633e-06 1.9758519215194883e-06
4.238751792074633e-06 1.9758519215194883e-06
4.238751792074633e-06 1.9758519215194883e-06
4.238751792074633e-06 1.9758519215194883e-06
4.238751792074633e-06 1.9758519215194883e-06
4.238751792074633e-06 1.9758519215194883e-06
4.238751792074633e-06 1.9758519215194883e-06
4.238751792074633e-06 1.9758519215194883e-06
4.238751792074633e-06 1.9758519215194883e-06
4.238751792074633e-06 1.9758519215194883e-06
4.238751792074633e-06 1.9758519215194883e-06
4.238751792074633e-06 1.9758519215194883e-06
4.07947038208986e-06 1.9757537572889535e-06
4.07947038208986e-06 1.9757537572889535e-06
4.07947038208986e-06 1.9757537572889535e-06
3.571653015284984e-06 1.975915603061328e-06
3.571653015284984e-06 1.975915603061328e-06
3.571653015284984e-06 1.975915603061328e-06
3.571653015284984e-06 1.975915603061328e-06
3.571653015284984e-06 1.975915603061328e-06
3.571653015284984e-06 1.975915603061328e-06
3.571653015284984e-06 1.975915603061328e-06
3.571653015284984e-06 1.975915603061328e-06
3.571653015284984e-06 1.975915603061328e-06
3.571653015284984e-06 1.975915603061328e-06
3.571653015284984e-06 1.975915603061328e-06
3.571653015284984e-06 1.975915603061328e-06
3.571653015284984e-06 1.975915603061328e-06
3.571653015284984e-06 1.975915603061328e-06
1.8188880994452073e-06 1.9760872623650053e-06
1.8188880994452073e-06 1.9760872623650053e-06
1.8188880994452073e-06 1.9760872623650053e-06
4.155508737203841e-06 1.975865186837671e-06
4.155508737203841e-06 1.975865186837671e-06
4.155508737203841e-06 1.975865186837671e-06
2.2982432289390847e-06 1.975645043622848e-06
2.2982432289390847e-06 1.975645043622848e-06
2.2982432289390847e-06 1.975645043622848e-06
2.8175147688191426e-06 1.9758248185568516e-06
2.8175147688191426e-06 1.9758248185568516e-06
2.8175147688191426e-06 1.9758248185568516e-06
2.2187474878442543e-06 1.9760463448451244e-06
2.2187474878442543e-06 1.9760463448451244e-06
2.2187474878442543e-06 1.9760463448451244e-06
3.6342130641311608e-06 1.9758876151012442e-06
3.6342130641311608e-06 1.9758876151012442e-06
3.6342130641311608e-06 1.9758876151012442e-06
3.6342130641311608e-06 1.9758876151012442e-06
3.6342130641311608e-06 1.9758876151012442e-06
3.6342130641311608e-06 1.9758876151012442e-06
3.6342130641311608e-06 1.9758876151012442e-06
3.6342130641311608e-06 1.9758876151012442e-06
3.6342130641311608e-06 1.9758876151012442e-06
3.6342130641311608e-06 1.9758876151012442e-06
3.6342130641311608e-06 1.9758876151012442e-06
3.6342130641311608e-06 1.9758876151012442e-06
3.6342130641311608e-06 1.9758876151012442e-06
3.6342130641311608e-06 1.9758876151012442e-06
1.2276481969319775e-06 1.9758488113498495e-06
1.2276481969319775e-06 1.9758488113498495e-06
1.2276481969319775e-06 1.9758488113498495e-06
1.2276481969319775e-06 1.9758488113498495e-06
1.2276481969319775e-06 1.9758488113498495e-06
1.2276481969319775e-06 1.9758488113498495e-06
1.2276481969319775e-06 1.9758488113498495e-06
1.2276481969319775e-06 1.9758488113498495e-06
1.2276481969319775e-06 1.9758488113498495e-06
1.2276481969319775e-06 1.9758488113498495e-06
1.2276481969319775e-06 1.9758488113498495e-06
1.2276481969319775e-06 1.9758488113498495e-06
1.2276481969319775e-06 1.9758488113498495e-06
1.2276481969319775e-06 1.9758488113498495e-06
1.2276481969319775e-06 1.9758488113498495e-06
1.2276481969319775e-06 1.9758488113498495e-06
1.2276481969319775e-06 1.9758488113498495e-06
1.2276481969319775e-06 1.9758488113498495e-06
1.2276481969319775e-06 1.9758488113498495e-06
1.2276481969319775e-06 1.9758488113498495e-06
1.2276481969319775e-06 1.9758488113498495e-06
1.2276481969319775e-06 1.9758488113498495e-06
1.2276481969319775e-06 1.9758488113498495e-06
1.2276481969319775e-06 1.9758488113498495e-06
1.2276481969319775e-06 1.9758488113498495e-06
1.2276481969319775e-06 1.9758488113498495e-06
1.2276481969319775e-06 1.9758488113498495e-06
1.2276481969319775e-06 1.9758488113498495e-06
1.2276481969319775e-06 1.9758488113498495e-06
1.2276481969319775e-06 1.9758488113498495e-06
1.2276481969319775e-06 1.9758488113498495e-06
1.2276481969319775e-06 1.9758488113498495e-06
1.2276481969319775e-06 1.9758488113498495e-06
1.2276481969319775e-06 1.9758488113498495e-06
1.2276481969319775e-06 1.9758488113498495e-06
1.2276481969319775e-06 1.9758488113498495e-06
1.2276481969319775e-06 1.9758488113498495e-06
1.2276481969319775e-06 1.9758488113498495e-06
1.2276481969319775e-06 1.9758488113498495e-06
1.2276481969319775e-06 1.9758488113498495e-06
1.2276481969319775e-06 1.9758488113498495e-06
1.2276481969319775e-06 1.9758488113498495e-06
2.490601532106415e-06 1.9758234692385665e-06
2.490601532106415e-06 1.9758234692385665e-06
2.490601532106415e-06 1.9758234692385665e-06
1.4225599614497909e-06 1.975830419419185e-06
1.4225599614497909e-06 1.975830419419185e-06
1.4225599614497909e-06 1.975830419419185e-06
1.4225599614497909e-06 1.975830419419185e-06
1.4225599614497909e-06 1.975830419419185e-06
1.4225599614497909e-06 1.975830419419185e-06
1.4225599614497909e-06 1.975830419419185e-06
1.4225599614497909e-06 1.975830419419185e-06
1.4225599614497909e-06 1.975830419419185e-06
1.4225599614497909e-06 1.975830419419185e-06
1.4225599614497909e-06 1.975830419419185e-06
1.4225599614497909e-06 1.975830419419185e-06
1.4225599614497909e-06 1.975830419419185e-06
1.4225599614497909e-06 1.975830419419185e-06
1.3564077949261345e-06 1.9758329470051093e-06
1.3564077949261345e-06 1.9758329470051093e-06
1.3564077949261345e-06 1.9758329470051093e-06
3.0716477157304113e-06 1.9758440323812778e-06
3.0716477157304113e-06 1.9758440323812778e-06
3.0716477157304113e-06 1.9758440323812778e-06
3.0716477157304113e-06 1.9758440323812778e-06
3.0716477157304113e-06 1.9758440323812778e-06
3.0716477157304113e-06 1.9758440323812778e-06
3.0716477157304113e-06 1.9758440323812778e-06
3.0716477157304113e-06 1.9758440323812778e-06
3.0716477157304113e-06 1.9758440323812778e-06
3.0716477157304113e-06 1.9758440323812778e-06
3.0716477157304113e-06 1.9758440323812778e-06
3.0716477157304113e-06 1.9758440323812778e-06
3.0716477157304113e-06 1.9758440323812778e-06
3.0716477157304113e-06 1.9758440323812778e-06
9.118530498106493e-07 1.9757531169628867e-06
9.118530498106493e-07 1.9757531169628867e-06
9.118530498106493e-07 1.9757531169628867e-06
1.4437535150767199e-06 1.9758497876927553e-06
1.4437535150767199e-06 1.9758497876927553e-06
1.4437535150767199e-06 1.9758497876927553e-06
1.4437535150767199e-06 1.9758497876927553e-06
1.4437535150767199e-06 1.9758497876927553e-06
1.4437535150767199e-06 1.9758497876927553e-06
1.4437535150767199e-06 1.9758497876927553e-06
1.4437535150767199e-06 1.9758497876927553e-06
1.4437535150767199e-06 1.9758497876927553e-06
1.4437535150767199e-06 1.9758497876927553e-06
1.4437535150767199e-06 1.9758497876927553e-06
1.4437535150767199e-06 1.9758497876927553e-06
3.1926112363176355e-06 1.9757367736601862e-06
3.1926112363176355e-06 1.9757367736601862e-06
3.1926112363176355e-06 1.9757367736601862e-06
3.1926112363176355e-06 1.9757367736601862e-06
3.1926112363176355e-06 1.9757367736601862e-06
3.1926112363176355e-06 1.9757367736601862e-06
1.4037189931392816e-06 1.9758298341020584e-06
1.4037189931392816e-06 1.9758298341020584e-06
1.4037189931392816e-06 1.9758298341020584e-06
2.4545228941601924e-06 1.9760105732308223e-06
2.4545228941601924e-06 1.9760105732308223e-06
2.4545228941601924e-06 1.9760105732308223e-06
2.4545228941601924e-06 1.9760105732308223e-06
2.4545228941601924e-06 1.9760105732308223e-06
2.4545228941601924e-06 1.9760105732308223e-06
2.4545228941601924e-06 1.9760105732308223e-06
2.4545228941601924e-06 1.9760105732308223e-06
2.4545228941601924e-06 1.9760105732308223e-06
2.4545228941601924e-06 1.9760105732308223e-06
2.4545228941601924e-06 1.9760105732308223e-06
2.4545228941601924e-06 1.9760105732308223e-06
2.4545228941601924e-06 1.9760105732308223e-06
2.4545228941601924e-06 1.9760105732308223e-06
1.4113009511328236e-06 1.9758837969655e-06
1.4113009511328236e-06 1.9758837969655e-06
1.4113009511328236e-06 1.9758837969655e-06
1.4113009511328236e-06 1.9758837969655e-06
1.4113009511328236e-06 1.9758837969655e-06
1.4113009511328236e-06 1.9758837969655e-06
1.4113009511328236e-06 1.9758837969655e-06
1.4113009511328236e-06 1.9758837969655e-06
1.4113009511328236e-06 1.9758837969655e-06
1.4113009511328236e-06 1.9758837969655e-06
1.4113009511328236e-06 1.9758837969655e-06
1.4113009511328236e-06 1.9758837969655e-06
4.155508737203841e-06 1.975762092698013e-06
4.155508737203841e-06 1.975762092698013e-06
4.155508737203841e-06 1.975762092698013e-06
2.8335010457250343e-06 1.9758386215310893e-06
2.8335010457250343e-06 1.9758386215310893e-06
2.8335010457250343e-06 1.9758386215310893e-06
2.8335010457250343e-06 1.9758386215310893e-06
2.8335010457250343e-06 1.9758386215310893e-06
2.8335010457250343e-06 1.9758386215310893e-06
2.8335010457250343e-06 1.9758386215310893e-06
2.8335010457250343e-06 1.9758386215310893e-06
2.8335010457250343e-06 1.9758386215310893e-06
2.8335010457250343e-06 1.9758386215310893e-06
2.8335010457250343e-06 1.9758386215310893e-06
2.8335010457250343e-06 1.9758386215310893e-06
2.8335010457250343e-06 1.9758386215310893e-06
2.8335010457250343e-06 1.9758386215310893e-06
2.8335010457250343e-06 1.9758386215310893e-06
2.8335010457250343e-06 1.9758386215310893e-06
2.8335010457250343e-06 1.9758386215310893e-06
2.8335010457250343e-06 1.9758386215310893e-06
2.8335010457250343e-06 1.9758386215310893e-06
2.8335010457250343e-06 1.9758386215310893e-06
2.8335010457250343e-06 1.9758386215310893e-06
2.8335010457250343e-06 1.9758386215310893e-06
2.8335010457250343e-06 1.9758386215310893e-06
2.8335010457250343e-06 1.9758386215310893e-06
2.8335010457250343e-06 1.9758386215310893e-06
2.8335010457250343e-06 1.9758386215310893e-06
2.8335010457250343e-06 1.9758386215310893e-06
2.8335010457250343e-06 1.9758386215310893e-06
4.236135921749928e-06 1.975982743104003e-06
4.236135921749928e-06 1.975982743104003e-06
4.236135921749928e-06 1.975982743104003e-06
4.236135921749928e-06 1.975982743104003e-06
4.236135921749928e-06 1.975982743104003e-06
4.236135921749928e-06 1.975982743104003e-06
4.236135921749928e-06 1.975982743104003e-06
4.236135921749928e-06 1.975982743104003e-06
4.236135921749928e-06 1.975982743104003e-06
4.236135921749928e-06 1.975982743104003e-06
4.236135921749928e-06 1.975982743104003e-06
4.236135921749928e-06 1.975982743104003e-06
4.236135921749928e-06 1.975982743104003e-06
4.236135921749928e-06 1.975982743104003e-06
4.236135921749928e-06 1.975982743104003e-06
4.236135921749928e-06 1.975982743104003e-06
4.236135921749928e-06 1.975982743104003e-06
4.236135921749928e-06 1.975982743104003e-06
4.236135921749928e-06 1.975982743104003e-06
4.236135921749928e-06 1.975982743104003e-06
4.236135921749928e-06 1.975982743104003e-06
4.236135921749928e-06 1.975982743104003e-06
4.236135921749928e-06 1.975982743104003e-06
4.236135921749928e-06 1.975982743104003e-06
4.236135921749928e-06 1.975982743104003e-06
4.236135921749928e-06 1.975982743104003e-06
4.236135921749928e-06 1.975982743104003e-06
4.236135921749928e-06 1.975982743104003e-06
2.4878613451209713e-06 1.975849117206421e-06
2.4878613451209713e-06 1.975849117206421e-06
2.4878613451209713e-06 1.975849117206421e-06
4.2955809290004665e-06 1.9758242023920934e-06
4.2955809290004665e-06 1.9758242023920934e-06
4.2955809290004665e-06 1.9758242023920934e-06
4.2955809290004665e-06 1.9758242023920934e-06
4.2955809290004665e-06 1.9758242023920934e-06
4.2955809290004665e-06 1.9758242023920934e-06
4.2955809290004665e-06 1.9758242023920934e-06
4.2955809290004665e-06 1.9758242023920934e-06
4.2955809290004665e-06 1.9758242023920934e-06
4.2955809290004665e-06 1.9758242023920934e-06
4.2955809290004665e-06 1.9758242023920934e-06
4.2955809290004665e-06 1.9758242023920934e-06
4.2955809290004665e-06 1.9758242023920934e-06
4.2955809290004665e-06 1.9758242023920934e-06
1.2216253767013026e-06 1.975844458420491e-06
1.2216253767013026e-06 1.975844458420491e-06
1.2216253767013026e-06 1.975844458420491e-06
1.2216253767013026e-06 1.975844458420491e-06
1.2216253767013026e-06 1.975844458420491e-06
1.2216253767013026e-06 1.975844458420491e-06
4.2607967352023626e-06 1.975829096801735e-06
4.2607967352023626e-06 1.975829096801735e-06
4.2607967352023626e-06 1.975829096801735e-06
4.2607967352023626e-06 1.975829096801735e-06
4.2607967352023626e-06 1.975829096801735e-06
4.2607967352023626e-06 1.975829096801735e-06
4.2607967352023626e-06 1.975829096801735e-06
4.2607967352023626e-06 1.975829096801735e-06
4.2607967352023626e-06 1.975829096801735e-06
4.2607967352023626e-06 1.975829096801735e-06
4.2607967352023626e-06 1.975829096801735e-06
4.2607967352023626e-06 1.975829096801735e-06
4.2607967352023626e-06 1.975829096801735e-06
4.2607967352023626e-06 1.975829096801735e-06
1.3063504282203027e-06 1.9758413714529636e-06
1.3063504282203027e-06 1.9758413714529636e-06
1.3063504282203027e-06 1.9758413714529636e-06
3.36804967927335e-06 1.9758288396656035e-06
3.36804967927335e-06 1.9758288396656035e-06
3.36804967927335e-06 1.9758288396656035e-06
1.0648502207351511e-06 1.9758528132842006e-06
1.0648502207351511e-06 1.9758528132842006e-06
1.0648502207351511e-06 1.9758528132842006e-06
1.0648502207351511e-06 1.9758528132842006e-06
1.0648502207351511e-06 1.9758528132842006e-06
1.0648502207351511e-06 1.9758528132842006e-06
1.0648502207351511e-06 1.9758528132842006e-06
1.0648502207351511e-06 1.9758528132842006e-06
1.0648502207351511e-06 1.9758528132842006e-06
1.0648502207351511e-06 1.9758528132842006e-06
1.0648502207351511e-06 1.9758528132842006e-06
1.0648502207351511e-06 1.9758528132842006e-06
1.0648502207351511e-06 1.9758528132842006e-06
1.0648502207351511e-06 1.9758528132842006e-06
3.097578096740172e-06 1.9758056169062696e-06
3.097578096740172e-06 1.9758056169062696e-06
3.097578096740172e-06 1.9758056169062696e-06
3.097578096740172e-06 1.9758056169062696e-06
3.097578096740172e-06 1.9758056169062696e-06
3.097578096740172e-06 1.9758056169062696e-06
3.097578096740172e-06 1.9758056169062696e-06
3.097578096740172e-06 1.9758056169062696e-06
3.097578096740172e-06 1.9758056169062696e-06
3.097578096740172e-06 1.9758056169062696e-06
3.097578096740172e-06 1.9758056169062696e-06
3.097578096740172e-06 1.9758056169062696e-06
3.097578096740172e-06 1.9758056169062696e-06
3.097578096740172e-06 1.9758056169062696e-06
1.0092953727449235e-06 1.975872719075317e-06
1.0092953727449235e-06 1.975872719075317e-06
1.0092953727449235e-06 1.975872719075317e-06
1.0092953727449235e-06 1.975872719075317e-06
1.0092953727449235e-06 1.975872719075317e-06
1.0092953727449235e-06 1.975872719075317e-06
1.0092953727449235e-06 1.975872719075317e-06
1.0092953727449235e-06 1.975872719075317e-06
1.0092953727449235e-06 1.975872719075317e-06
1.0092953727449235e-06 1.975872719075317e-06
1.0092953727449235e-06 1.975872719075317e-06
1.0092953727449235e-06 1.975872719075317e-06
1.0092953727449235e-06 1.975872719075317e-06
1.0092953727449235e-06 1.975872719075317e-06
8.278771567408929e-07 1.9759160128381176e-06
8.278771567408929e-07 1.9759160128381176e-06
8.278771567408929e-07 1.9759160128381176e-06
8.278771567408929e-07 1.9759160128381176e-06
8.278771567408929e-07 1.9759160128381176e-06
8.278771567408929e-07 1.9759160128381176e-06
8.278771567408929e-07 1.9759160128381176e-06
8.278771567408929e-07 1.9759160128381176e-06
8.278771567408929e-07 1.9759160128381176e-06
8.278771567408929e-07 1.9759160128381176e-06
8.278771567408929e-07 1.9759160128381176e-06
8.278771567408929e-07 1.9759160128381176e-06
8.278771567408929e-07 1.9759160128381176e-06
8.278771567408929e-07 1.9759160128381176e-06
1.7539757010318335e-06 1.975849584339531e-06
1.7539757010318335e-06 1.975849584339531e-06
1.7539757010318335e-06 1.975849584339531e-06
1.4155094158005118e-06 1.975845267424976e-06
1.4155094158005118e-06 1.975845267424976e-06
1.4155094158005118e-06 1.975845267424976e-06
2.6910422587096513e-06 1.9758229812611314e-06
2.6910422587096513e-06 1.9758229812611314e-06
2.6910422587096513e-06 1.9758229812611314e-06
2.6910422587096513e-06 1.9758229812611314e-06
2.6910422587096513e-06 1.9758229812611314e-06
2.6910422587096513e-06 1.9758229812611314e-06
2.6910422587096513e-06 1.9758229812611314e-06
2.6910422587096513e-06 1.9758229812611314e-06
2.6910422587096513e-06 1.9758229812611314e-06
2.6910422587096513e-06 1.9758229812611314e-06
2.6910422587096513e-06 1.9758229812611314e-06
2.6910422587096513e-06 1.9758229812611314e-06
2.6910422587096513e-06 1.9758229812611314e-06
2.6910422587096513e-06 1.9758229812611314e-06
1.6976837445461471e-06 1.9760141179959266e-06
1.6976837445461471e-06 1.9760141179959266e-06
1.6976837445461471e-06 1.9760141179959266e-06
1.3161679168471533e-06 1.9758956691267507e-06
1.3161679168471533e-06 1.9758956691267507e-06
1.3161679168471533e-06 1.9758956691267507e-06
1.3161679168471533e-06 1.9758956691267507e-06
1.3161679168471533e-06 1.9758956691267507e-06
1.3161679168471533e-06 1.9758956691267507e-06
1.3161679168471533e-06 1.9758956691267507e-06
1.3161679168471533e-06 1.9758956691267507e-06
1.3161679168471533e-06 1.9758956691267507e-06
2.5105551937138113e-06 1.975880802958213e-06
2.5105551937138113e-06 1.975880802958213e-06
2.5105551937138113e-06 1.975880802958213e-06
2.5105551937138113e-06 1.975880802958213e-06
2.5105551937138113e-06 1.975880802958213e-06
2.5105551937138113e-06 1.975880802958213e-06
1.6674896005539357e-06 1.9758630042957035e-06
1.6674896005539357e-06 1.9758630042957035e-06
1.6674896005539357e-06 1.9758630042957035e-06
1.6674896005539357e-06 1.9758630042957035e-06
1.6674896005539357e-06 1.9758630042957035e-06
1.6674896005539357e-06 1.9758630042957035e-06
1.1122774931325356e-06 1.975815850360315e-06
1.1122774931325356e-06 1.975815850360315e-06
1.1122774931325356e-06 1.975815850360315e-06
1.1122774931325356e-06 1.975815850360315e-06
1.1122774931325356e-06 1.975815850360315e-06
1.1122774931325356e-06 1.975815850360315e-06
1.1122774931325356e-06 1.975815850360315e-06
1.1122774931325356e-06 1.975815850360315e-06
1.1122774931325356e-06 1.975815850360315e-06
1.1122774931325356e-06 1.975815850360315e-06
1.1122774931325356e-06 1.975815850360315e-06
1.1122774931325356e-06 1.975815850360315e-06
1.1122774931325356e-06 1.975815850360315e-06
1.1122774931325356e-06 1.975815850360315e-06
3.1894303020872524e-06 1.975833579081179e-06
3.1894303020872524e-06 1.975833579081179e-06
3.1894303020872524e-06 1.975833579081179e-06
3.1894303020872524e-06 1.975833579081179e-06
3.1894303020872524e-06 1.975833579081179e-06
3.1894303020872524e-06 1.975833579081179e-06
3.1894303020872524e-06 1.975833579081179e-06
3.1894303020872524e-06 1.975833579081179e-06
3.1894303020872524e-06 1.975833579081179e-06
2.2850235900734076e-06 1.975725404006986e-06
2.2850235900734076e-06 1.975725404006986e-06
2.2850235900734076e-06 1.975725404006986e-06
2.1408262699731593e-06 1.9760482199610083e-06
2.1408262699731593e-06 1.9760482199610083e-06
2.1408262699731593e-06 1.9760482199610083e-06
2.680024131219146e-06 1.9756358717775394e-06
2.680024131219146e-06 1.9756358717775394e-06
2.680024131219146e-06 1.9756358717775394e-06
2.680024131219146e-06 1.9756358717775394e-06
2.680024131219146e-06 1.9756358717775394e-06
2.680024131219146e-06 1.9756358717775394e-06
2.680024131219146e-06 1.9756358717775394e-06
2.680024131219146e-06 1.9756358717775394e-06
2.680024131219146e-06 1.9756358717775394e-06
2.680024131219146e-06 1.9756358717775394e-06
2.680024131219146e-06 1.9756358717775394e-06
2.680024131219146e-06 1.9756358717775394e-06
2.680024131219146e-06 1.9756358717775394e-06
2.680024131219146e-06 1.9756358717775394e-06
4.2955809290004665e-06 1.975849170711472e-06
4.2955809290004665e-06 1.975849170711472e-06
4.2955809290004665e-06 1.975849170711472e-06
4.2955809290004665e-06 1.975849170711472e-06
4.2955809290004665e-06 1.975849170711472e-06
4.2955809290004665e-06 1.975849170711472e-06
4.2955809290004665e-06 1.975849170711472e-06
4.2955809290004665e-06 1.975849170711472e-06
4.2955809290004665e-06 1.975849170711472e-06
4.2955809290004665e-06 1.975849170711472e-06
4.2955809290004665e-06 1.975849170711472e-06
4.2955809290004665e-06 1.975849170711472e-06
4.2955809290004665e-06 1.975849170711472e-06
4.2955809290004665e-06 1.975849170711472e-06
1.2557087909954107e-06 1.9758490942930753e-06
1.2557087909954107e-06 1.9758490942930753e-06
1.2557087909954107e-06 1.9758490942930753e-06
1.2557087909954107e-06 1.9758490942930753e-06
1.2557087909954107e-06 1.9758490942930753e-06
1.2557087909954107e-06 1.9758490942930753e-06
4.241583497503424e-06 1.975847737318427e-06
4.241583497503424e-06 1.975847737318427e-06
4.241583497503424e-06 1.975847737318427e-06
4.241583497503424e-06 1.975847737318427e-06
4.241583497503424e-06 1.975847737318427e-06
4.241583497503424e-06 1.975847737318427e-06
4.241583497503424e-06 1.975847737318427e-06
4.241583497503424e-06 1.975847737318427e-06
4.241583497503424e-06 1.975847737318427e-06
4.241583497503424e-06 1.975847737318427e-06
4.241583497503424e-06 1.975847737318427e-06
4.241583497503424e-06 1.975847737318427e-06
4.241583497503424e-06 1.975847737318427e-06
4.241583497503424e-06 1.975847737318427e-06
2.1909166838826745e-06 1.9757781324061062e-06
2.1909166838826745e-06 1.9757781324061062e-06
2.1909166838826745e-06 1.9757781324061062e-06
3.297755287570624e-06 1.9757408584976706e-06
3.297755287570624e-06 1.9757408584976706e-06
3.297755287570624e-06 1.9757408584976706e-06
3.297755287570624e-06 1.9757408584976706e-06
3.297755287570624e-06 1.9757408584976706e-06
3.297755287570624e-06 1.9757408584976706e-06
3.297755287570624e-06 1.9757408584976706e-06
3.297755287570624e-06 1.9757408584976706e-06
3.297755287570624e-06 1.9757408584976706e-06
3.297755287570624e-06 1.9757408584976706e-06
3.297755287570624e-06 1.9757408584976706e-06
3.297755287570624e-06 1.9757408584976706e-06
3.297755287570624e-06 1.9757408584976706e-06
3.297755287570624e-06 1.9757408584976706e-06
1.214449011316426e-06 1.9759043254809228e-06
1.214449011316426e-06 1.9759043254809228e-06
1.214449011316426e-06 1.9759043254809228e-06
1.214449011316426e-06 1.9759043254809228e-06
1.214449011316426e-06 1.9759043254809228e-06
1.214449011316426e-06 1.9759043254809228e-06
2.406934092054925e-06 1.9760213648025813e-06
2.406934092054925e-06 1.9760213648025813e-06
2.406934092054925e-06 1.9760213648025813e-06
1.1303384492218301e-06 1.975847592072268e-06
1.1303384492218301e-06 1.975847592072268e-06
1.1303384492218301e-06 1.975847592072268e-06
1.1303384492218301e-06 1.975847592072268e-06
1.1303384492218301e-06 1.975847592072268e-06
1.1303384492218301e-06 1.975847592072268e-06
1.1303384492218301e-06 1.975847592072268e-06
1.1303384492218301e-06 1.975847592072268e-06
1.1303384492218301e-06 1.975847592072268e-06
1.1303384492218301e-06 1.975847592072268e-06
1.1303384492218301e-06 1.975847592072268e-06
1.1303384492218301e-06 1.975847592072268e-06
1.1303384492218301e-06 1.975847592072268e-06
1.1303384492218301e-06 1.975847592072268e-06
1.2216253767013026e-06 1.975844458420491e-06
1.2216253767013026e-06 1.975844458420491e-06
1.2216253767013026e-06 1.975844458420491e-06
1.5078662615940923e-06 1.9758400987073087e-06
1.5078662615940923e-06 1.9758400987073087e-06
1.5078662615940923e-06 1.9758400987073087e-06
1.1122774931325356e-06 1.975815850360315e-06
1.1122774931325356e-06 1.975815850360315e-06
1.1122774931325356e-06 1.975815850360315e-06
1.1122774931325356e-06 1.975815850360315e-06
1.1122774931325356e-06 1.975815850360315e-06
1.1122774931325356e-06 1.975815850360315e-06
1.1122774931325356e-06 1.975815850360315e-06
1.1122774931325356e-06 1.975815850360315e-06
1.1122774931325356e-06 1.975815850360315e-06
1.1122774931325356e-06 1.975815850360315e-06
1.1122774931325356e-06 1.975815850360315e-06
1.1122774931325356e-06 1.975815850360315e-06
1.1122774931325356e-06 1.975815850360315e-06
1.1122774931325356e-06 1.975815850360315e-06
1.1122774931325356e-06 1.975815850360315e-06
1.1122774931325356e-06 1.975815850360315e-06
1.1122774931325356e-06 1.975815850360315e-06
1.1122774931325356e-06 1.975815850360315e-06
1.1122774931325356e-06 1.975815850360315e-06
1.1122774931325356e-06 1.975815850360315e-06
1.1122774931325356e-06 1.975815850360315e-06
1.1122774931325356e-06 1.975815850360315e-06
1.1122774931325356e-06 1.975815850360315e-06
1.1122774931325356e-06 1.975815850360315e-06
1.1122774931325356e-06 1.975815850360315e-06
1.1122774931325356e-06 1.975815850360315e-06
1.1122774931325356e-06 1.975815850360315e-06
1.1122774931325356e-06 1.975815850360315e-06
3.383371195365111e-06 1.9758434017441057e-06
3.383371195365111e-06 1.9758434017441057e-06
3.383371195365111e-06 1.9758434017441057e-06
2.861912205137016e-06 1.975870894912135e-06
2.861912205137016e-06 1.975870894912135e-06
2.861912205137016e-06 1.975870894912135e-06
9.512518066577023e-07 1.97583565924553e-06
9.512518066577023e-07 1.97583565924553e-06
9.512518066577023e-07 1.97583565924553e-06
2.841179276378982e-06 1.9758569013618167e-06
2.841179276378982e-06 1.9758569013618167e-06
2.841179276378982e-06 1.9758569013618167e-06
2.623700940072047e-06 1.9759580256545916e-06
2.623700940072047e-06 1.9759580256545916e-06
2.623700940072047e-06 1.9759580256545916e-06
2.623700940072047e-06 1.9759580256545916e-06
2.623700940072047e-06 1.9759580256545916e-06
2.623700940072047e-06 1.9759580256545916e-06
2.623700940072047e-06 1.9759580256545916e-06
2.623700940072047e-06 1.9759580256545916e-06
2.623700940072047e-06 1.9759580256545916e-06
2.623700940072047e-06 1.9759580256545916e-06
2.623700940072047e-06 1.9759580256545916e-06
2.623700940072047e-06 1.9759580256545916e-06
2.623700940072047e-06 1.9759580256545916e-06
2.623700940072047e-06 1.9759580256545916e-06
2.2811069337382406e-06 1.975803970006017e-06
2.2811069337382406e-06 1.975803970006017e-06
2.2811069337382406e-06 1.975803970006017e-06
4.238751792074633e-06 1.9758519215194883e-06
4.238751792074633e-06 1.9758519215194883e-06
4.238751792074633e-06 1.9758519215194883e-06
4.238751792074633e-06 1.9758519215194883e-06
4.238751792074633e-06 1.9758519215194883e-06
4.238751792074633e-06 1.9758519215194883e-06
4.238751792074633e-06 1.9758519215194883e-06
4.238751792074633e-06 1.9758519215194883e-06
4.238751792074633e-06 1.9758519215194883e-06
4.238751792074633e-06 1.9758519215194883e-06
4.238751792074633e-06 1.9758519215194883e-06
4.238751792074633e-06 1.9758519215194883e-06
4.238751792074633e-06 1.9758519215194883e-06
4.238751792074633e-06 1.9758519215194883e-06
4.07947038208986e-06 1.9757537572889535e-06
4.07947038208986e-06 1.9757537572889535e-06
4.07947038208986e-06 1.9757537572889535e-06
3.659799657443648e-06 1.9757775522718036e-06
3.659799657443648e-06 1.9757775522718036e-06
3.659799657443648e-06 1.9757775522718036e-06
3.659799657443648e-06 1.9757775522718036e-06
3.659799657443648e-06 1.9757775522718036e-06
3.659799657443648e-06 1.9757775522718036e-06
3.659799657443648e-06 1.9757775522718036e-06
3.659799657443648e-06 1.9757775522718036e-06
3.659799657443648e-06 1.9757775522718036e-06
3.659799657443648e-06 1.9757775522718036e-06
3.659799657443648e-06 1.9757775522718036e-06
3.659799657443648e-06 1.9757775522718036e-06
3.659799657443648e-06 1.9757775522718036e-06
3.659799657443648e-06 1.9757775522718036e-06
9.63983942970695e-07 1.9758028708377895e-06
9.63983942970695e-07 1.9758028708377895e-06
9.63983942970695e-07 1.9758028708377895e-06
2.6845437770474383e-06 1.9758112403968624e-06
2.6845437770474383e-06 1.9758112403968624e-06
2.6845437770474383e-06 1.9758112403968624e-06
1.4257226683348692e-06 1.975410970016699e-06
1.4257226683348692e-06 1.975410970016699e-06
1.4257226683348692e-06 1.975410970016699e-06
1.4257226683348692e-06 1.975410970016699e-06
1.4257226683348692e-06 1.975410970016699e-06
1.4257226683348692e-06 1.975410970016699e-06
1.2276481969319775e-06 1.9758488113498495e-06
1.2276481969319775e-06 1.9758488113498495e-06
1.2276481969319775e-06 1.9758488113498495e-06
1.2276481969319775e-06 1.9758488113498495e-06
1.2276481969319775e-06 1.9758488113498495e-06
1.2276481969319775e-06 1.9758488113498495e-06
1.2276481969319775e-06 1.9758488113498495e-06
1.2276481969319775e-06 1.9758488113498495e-06
1.2276481969319775e-06 1.9758488113498495e-06
1.2276481969319775e-06 1.9758488113498495e-06
1.2276481969319775e-06 1.9758488113498495e-06
1.2276481969319775e-06 1.9758488113498495e-06
1.2276481969319775e-06 1.9758488113498495e-06
1.2276481969319775e-06 1.9758488113498495e-06
1.2434014220969555e-06 1.975834890521327e-06
1.2434014220969555e-06 1.975834890521327e-06
1.2434014220969555e-06 1.975834890521327e-06