2.4147150636224927e-05 0.0001217856292957431
3.1496283438554252e-06 0.0001217856292957431
2.449710934109775e-06 0.0001217856292957431
3.2546159553172726e-05 0.0001217856292957431
1.0148802441311925e-05 0.0001217856292957431
2.09975222923695e-06 0.0001217856292957431
5.949297982838025e-06 0.0001217856292957431
2.09975222923695e-06 0.0001217856292957431
1.5748141719277124e-05 0.0001217856292957431
3.849545753601075e-06 0.0001217856292957431
1.5748141719277124e-05 0.0001217856292957431
1.0148802441311925e-05 0.0001217856292957431
3.1496283438554252e-06 0.0001217856292957431
1.3998348194913e-06 0.0001217856292957431
1.1548637260803226e-05 0.0001217856292957431
3.849545753601075e-06 0.0001217856292957431
1.749793524364125e-06 0.0001217856292957431
6.2992566877108505e-06 0.0001217856292957431
3.849545753601075e-06 0.0001217856292957431
4.1995044584739e-06 0.0001217856292957431
1.0848719851057575e-05 0.0001217856292957431
2.5546985455716225e-05 0.0001217856292957431
1.0848719851057575e-05 0.0001217856292957431
6.2992566877108505e-06 0.0001217856292957431
1.749793524364125e-06 0.0001217856292957431
5.949297982838025e-06 0.0001217856292957431
1.3648389490040176e-05 0.0001217856292957431
1.1548637260803226e-05 0.0001217856292957431
5.249380573092375e-06 0.0001217856292957431
2.65968615703347e-05 0.0001217856292957431
4.1995044584739e-06 0.0001217856292957431
3.849545753601075e-06 0.0001217856292957431
6.614219522096392e-05 0.0001217856292957431
2.3447233226479275e-05 0.0001217856292957431
5.249380573092375e-06 0.0001217856292957431
3.49958704872825e-06 0.0001217856292957431
2.7996696389826e-06 0.0001217856292957431
1.469826560465865e-05 0.0001217856292957431
2.37971919313521e-05 0.0001217856292957431
2.7996696389826e-06 0.0001217856292957431
4.1995044584739e-06 0.0001217856292957431
1.3998348194913e-05 0.0001217856292957431
0.00010743732239595728 0.0001217856292957431
1.3998348194913e-06 0.0001217856292957431
1.749793524364125e-05 0.0001217856292957431
2.449710934109775e-06 0.0001217856292957431
6.2992566877108505e-06 0.0001217856292957431
1.049876114618475e-05 0.0001217856292957431
6.649215392583675e-06 0.0001217856292957431
5.249380573092375e-06 0.0001217856292957431