6.9970736683013905e-06 9.222196712243978e-06
2.023844941095993e-06 9.222196712243978e-06
3.7317726230940748e-06 9.222196712243978e-06
3.887263149056328e-06 9.222196712243978e-06
3.392520566449159e-06 9.222196712243978e-06
3.957940660857352e-06 9.222196712243978e-06
5.936910991286028e-06 9.222196712243978e-06
3.7317726230940748e-06 9.222196712243978e-06
5.1379478144048855e-06 9.222196712243978e-06
3.4207915711695687e-06 9.222196712243978e-06
5.5976589346411126e-06 9.222196712243978e-06
6.663879684096562e-06 9.222196712243978e-06
8.21546958069218e-06 9.222196712243978e-06
4.146414025660083e-06 9.222196712243978e-06
7.774526298112656e-07 9.222196712243978e-06
9.329431557735187e-06 9.222196712243978e-06
7.2562245449051455e-06 9.222196712243978e-06
7.46354524618815e-07 9.222196712243978e-06
1.8658863115470374e-06 9.222196712243978e-06
6.219621038490125e-06 9.222196712243978e-06
6.9970736683013905e-06 9.222196712243978e-06
8.838408844170178e-06 9.222196712243978e-06
4.240650708061449e-06 9.222196712243978e-06
2.332357889433797e-06 9.222196712243978e-06
3.5882429068212258e-06 9.222196712243978e-06
9.329431557735187e-06 9.222196712243978e-06
3.939093324377079e-06 9.222196712243978e-06
5.468977120051661e-06 9.222196712243978e-06
5.239817724207434e-06 9.222196712243978e-06
9.420598641361264e-07 9.222196712243978e-06
4.699269229081428e-06 9.222196712243978e-06
8.292828051320166e-06 9.222196712243978e-06
4.664715778867594e-06 9.222196712243978e-06
5.936910991286028e-06 9.222196712243978e-06
7.4635452461881495e-06 9.222196712243978e-06
6.7379227916976355e-06 9.222196712243978e-06
3.912342266147014e-06 9.222196712243978e-06
3.42993807269676e-06 9.222196712243978e-06
2.7988294673205563e-06 9.222196712243978e-06
4.1821589741571526e-06 9.222196712243978e-06
5.088780849673738e-06 9.222196712243978e-06
2.641667000218924e-06 9.222196712243978e-06
3.912342266147014e-06 9.222196712243978e-06
7.134271191209261e-06 9.222196712243978e-06
2.946136281390059e-06 9.222196712243978e-06
9.329431557735187e-06 9.222196712243978e-06
6.219621038490125e-06 9.222196712243978e-06
7.774526298112656e-06 9.222196712243978e-06
5.5976589346411126e-06 9.222196712243978e-06
7.774526298112656e-06 9.222196712243978e-06