0.2777777777777778 0.011494252873563218
0.06666666666666667 0.011494252873563218
0.034482758620689655 0.011494252873563218
0.06666666666666667 0.011494252873563218
0.16666666666666666 0.011494252873563218
0.16666666666666666 0.011494252873563218
0.013157894736842105 0.011494252873563218
0.05555555555555555 0.011494252873563218
0.05555555555555555 0.011494252873563218
0.05555555555555555 0.011494252873563218
0.025 0.011494252873563218
0.025 0.011494252873563218
0.034482758620689655 0.011494252873563218
0.06666666666666667 0.011494252873563218
0.06666666666666667 0.011494252873563218
0.06666666666666667 0.011494252873563218
0.06666666666666667 0.011494252873563218
0.06666666666666667 0.011494252873563218
0.06666666666666667 0.011494252873563218
0.05555555555555555 0.011494252873563218
0.05555555555555555 0.011494252873563218
0.05555555555555555 0.011494252873563218
0.05555555555555555 0.011494252873563218
0.05555555555555555 0.011494252873563218
0.05555555555555555 0.011494252873563218
0.16666666666666666 0.011494252873563218
0.16666666666666666 0.011494252873563218
0.06666666666666667 0.011494252873563218
0.06666666666666667 0.011494252873563218
0.14285714285714285 0.011494252873563218
0.013157894736842105 0.011494252873563218
0.013157894736842105 0.011494252873563218
0.013157894736842105 0.011494252873563218
0.013157894736842105 0.011494252873563218
0.013157894736842105 0.011494252873563218
0.013157894736842105 0.011494252873563218
0.075 0.011494252873563218
0.05555555555555555 0.011494252873563218
0.05555555555555555 0.011494252873563218
0.14285714285714285 0.011494252873563218
0.9696969696969697 0.011494252873563218
0.16666666666666666 0.011494252873563218
0.030303030303030304 0.011494252873563218
0.14285714285714285 0.011494252873563218
0.14285714285714285 0.011494252873563218
0.05555555555555555 0.011494252873563218
0.05555555555555555 0.011494252873563218
0.013157894736842105 0.011494252873563218
0.013157894736842105 0.011494252873563218
0.025 0.011494252873563218
0.025 0.011494252873563218
0.013157894736842105 0.011494252873563218
0.013157894736842105 0.011494252873563218
0.05555555555555555 0.011494252873563218
0.025 0.011494252873563218
0.025 0.011494252873563218
0.025 0.011494252873563218
0.025 0.011494252873563218
0.025 0.011494252873563218
0.025 0.011494252873563218
0.013157894736842105 0.011494252873563218
0.013157894736842105 0.011494252873563218
0.025 0.011494252873563218
0.025 0.011494252873563218
0.030303030303030304 0.011494252873563218
0.030303030303030304 0.011494252873563218
0.05555555555555555 0.011494252873563218
0.05555555555555555 0.011494252873563218
0.05555555555555555 0.011494252873563218
0.05555555555555555 0.011494252873563218
0.05555555555555555 0.011494252873563218
0.05555555555555555 0.011494252873563218
0.013157894736842105 0.011494252873563218
0.013157894736842105 0.011494252873563218
0.14285714285714285 0.011494252873563218
0.14285714285714285 0.011494252873563218
0.06666666666666667 0.011494252873563218
0.06666666666666667 0.011494252873563218
0.034482758620689655 0.011494252873563218
0.025 0.011494252873563218
0.025 0.011494252873563218
0.16666666666666666 0.011494252873563218
0.16666666666666666 0.011494252873563218
0.05555555555555555 0.011494252873563218
0.05555555555555555 0.011494252873563218
0.030303030303030304 0.011494252873563218
0.030303030303030304 0.011494252873563218
0.030303030303030304 0.011494252873563218
0.030303030303030304 0.011494252873563218
0.030303030303030304 0.011494252873563218
0.030303030303030304 0.011494252873563218
0.16666666666666666 0.011494252873563218
0.16666666666666666 0.011494252873563218
0.16666666666666666 0.011494252873563218
0.16666666666666666 0.011494252873563218
0.16666666666666666 0.011494252873563218
0.16666666666666666 0.011494252873563218
0.05555555555555555 0.011494252873563218
0.05555555555555555 0.011494252873563218
0.05555555555555555 0.011494252873563218
0.05555555555555555 0.011494252873563218
0.05555555555555555 0.011494252873563218
0.05555555555555555 0.011494252873563218
0.05555555555555555 0.011494252873563218
0.05555555555555555 0.011494252873563218
0.05555555555555555 0.011494252873563218
0.05555555555555555 0.011494252873563218
0.05555555555555555 0.011494252873563218
0.05555555555555555 0.011494252873563218
0.05555555555555555 0.011494252873563218
0.05555555555555555 0.011494252873563218
0.05555555555555555 0.011494252873563218
0.05555555555555555 0.011494252873563218
0.05555555555555555 0.011494252873563218
0.05555555555555555 0.011494252873563218
0.05555555555555555 0.011494252873563218
0.05555555555555555 0.011494252873563218
0.05555555555555555 0.011494252873563218
0.05555555555555555 0.011494252873563218
0.05555555555555555 0.011494252873563218
0.05555555555555555 0.011494252873563218
0.05555555555555555 0.011494252873563218
0.05555555555555555 0.011494252873563218
0.05555555555555555 0.011494252873563218
0.05555555555555555 0.011494252873563218
0.05555555555555555 0.011494252873563218
0.05555555555555555 0.011494252873563218
0.05555555555555555 0.011494252873563218
0.030303030303030304 0.011494252873563218
0.030303030303030304 0.011494252873563218
0.16666666666666666 0.011494252873563218
0.16666666666666666 0.011494252873563218
0.034482758620689655 0.011494252873563218
0.034482758620689655 0.011494252873563218
0.42857142857142855 0.011494252873563218
0.05555555555555555 0.011494252873563218
0.05555555555555555 0.011494252873563218
0.025 0.011494252873563218
0.025 0.011494252873563218
0.025 0.011494252873563218
0.025 0.011494252873563218
0.025 0.011494252873563218
0.025 0.011494252873563218
0.025 0.011494252873563218
0.025 0.011494252873563218
0.025 0.011494252873563218
0.025 0.011494252873563218
0.025 0.011494252873563218
0.025 0.011494252873563218
0.025 0.011494252873563218
0.025 0.011494252873563218
0.025 0.011494252873563218
0.025 0.011494252873563218
0.025 0.011494252873563218
0.025 0.011494252873563218
0.025 0.011494252873563218
0.025 0.011494252873563218
0.025 0.011494252873563218
0.025 0.011494252873563218
0.025 0.011494252873563218
0.025 0.011494252873563218
0.025 0.011494252873563218
0.025 0.011494252873563218
0.025 0.011494252873563218
0.025 0.011494252873563218
0.025 0.011494252873563218
0.025 0.011494252873563218
0.025 0.011494252873563218
0.7222222222222222 0.011494252873563218
0.013157894736842105 0.011494252873563218
0.16666666666666666 0.011494252873563218
0.16666666666666666 0.011494252873563218
0.16666666666666666 0.011494252873563218
0.16666666666666666 0.011494252873563218
0.16666666666666666 0.011494252873563218
0.16666666666666666 0.011494252873563218
0.16666666666666666 0.011494252873563218
0.16666666666666666 0.011494252873563218
0.16666666666666666 0.011494252873563218
0.16666666666666666 0.011494252873563218
0.16666666666666666 0.011494252873563218
0.16666666666666666 0.011494252873563218
0.16666666666666666 0.011494252873563218
0.16666666666666666 0.011494252873563218
0.16666666666666666 0.011494252873563218
0.16666666666666666 0.011494252873563218
0.16666666666666666 0.011494252873563218
0.16666666666666666 0.011494252873563218
0.16666666666666666 0.011494252873563218
0.16666666666666666 0.011494252873563218
0.16666666666666666 0.011494252873563218
0.16666666666666666 0.011494252873563218
0.16666666666666666 0.011494252873563218
0.16666666666666666 0.011494252873563218
0.16666666666666666 0.011494252873563218
0.16666666666666666 0.011494252873563218
0.16666666666666666 0.011494252873563218
0.16666666666666666 0.011494252873563218
0.16666666666666666 0.011494252873563218
0.16666666666666666 0.011494252873563218
0.16666666666666666 0.011494252873563218
0.030303030303030304 0.011494252873563218
0.14285714285714285 0.011494252873563218
0.14285714285714285 0.011494252873563218
0.05555555555555555 0.011494252873563218
0.16666666666666666 0.011494252873563218
0.025 0.011494252873563218
0.025 0.011494252873563218
0.13793103448275862 0.011494252873563218
0.14285714285714285 0.011494252873563218
0.14285714285714285 0.011494252873563218
0.030303030303030304 0.011494252873563218
0.05555555555555555 0.011494252873563218
0.05555555555555555 0.011494252873563218
0.013157894736842105 0.011494252873563218
0.013157894736842105 0.011494252873563218
0.05555555555555555 0.011494252873563218
0.05555555555555555 0.011494252873563218
0.05555555555555555 0.011494252873563218
0.05555555555555555 0.011494252873563218
0.05555555555555555 0.011494252873563218
0.05555555555555555 0.011494252873563218
0.05555555555555555 0.011494252873563218
0.05555555555555555 0.011494252873563218
0.05555555555555555 0.011494252873563218
0.05555555555555555 0.011494252873563218
0.05555555555555555 0.011494252873563218
0.05555555555555555 0.011494252873563218
0.05555555555555555 0.011494252873563218
0.05555555555555555 0.011494252873563218
0.05555555555555555 0.011494252873563218
0.05555555555555555 0.011494252873563218
0.05555555555555555 0.011494252873563218
0.05555555555555555 0.011494252873563218
0.05555555555555555 0.011494252873563218
0.05555555555555555 0.011494252873563218
0.05555555555555555 0.011494252873563218
0.05555555555555555 0.011494252873563218
0.05555555555555555 0.011494252873563218
0.05555555555555555 0.011494252873563218
0.05555555555555555 0.011494252873563218
0.05555555555555555 0.011494252873563218
0.05555555555555555 0.011494252873563218
0.05555555555555555 0.011494252873563218
0.05555555555555555 0.011494252873563218
0.05555555555555555 0.011494252873563218
0.05555555555555555 0.011494252873563218
0.05555555555555555 0.011494252873563218
0.05555555555555555 0.011494252873563218
0.05555555555555555 0.011494252873563218
0.14285714285714285 0.011494252873563218
0.14285714285714285 0.011494252873563218
0.14285714285714285 0.011494252873563218
0.14285714285714285 0.011494252873563218
0.14285714285714285 0.011494252873563218
0.14285714285714285 0.011494252873563218
0.14285714285714285 0.011494252873563218
0.14285714285714285 0.011494252873563218
0.14285714285714285 0.011494252873563218
0.14285714285714285 0.011494252873563218
0.14285714285714285 0.011494252873563218
0.14285714285714285 0.011494252873563218
0.14285714285714285 0.011494252873563218
0.14285714285714285 0.011494252873563218
0.14285714285714285 0.011494252873563218
0.14285714285714285 0.011494252873563218
0.14285714285714285 0.011494252873563218
0.14285714285714285 0.011494252873563218
0.14285714285714285 0.011494252873563218
0.14285714285714285 0.011494252873563218
0.14285714285714285 0.011494252873563218
0.14285714285714285 0.011494252873563218
0.14285714285714285 0.011494252873563218
0.14285714285714285 0.011494252873563218
0.14285714285714285 0.011494252873563218
0.14285714285714285 0.011494252873563218
0.14285714285714285 0.011494252873563218
0.14285714285714285 0.011494252873563218
0.14285714285714285 0.011494252873563218
0.14285714285714285 0.011494252873563218
0.14285714285714285 0.011494252873563218
0.14285714285714285 0.011494252873563218
0.034482758620689655 0.011494252873563218
0.034482758620689655 0.011494252873563218
0.034482758620689655 0.011494252873563218
0.034482758620689655 0.011494252873563218
0.034482758620689655 0.011494252873563218
0.034482758620689655 0.011494252873563218
0.05555555555555555 0.011494252873563218
0.05555555555555555 0.011494252873563218
0.034482758620689655 0.011494252873563218
0.034482758620689655 0.011494252873563218
0.034482758620689655 0.011494252873563218
0.06666666666666667 0.011494252873563218
0.06666666666666667 0.011494252873563218
0.030303030303030304 0.011494252873563218
0.030303030303030304 0.011494252873563218
0.05555555555555555 0.011494252873563218
0.05555555555555555 0.011494252873563218
0.025 0.011494252873563218
0.06666666666666667 0.011494252873563218
0.034482758620689655 0.011494252873563218
0.034482758620689655 0.011494252873563218
0.034482758620689655 0.011494252873563218
0.034482758620689655 0.011494252873563218
0.034482758620689655 0.011494252873563218
0.034482758620689655 0.011494252873563218
0.034482758620689655 0.011494252873563218
0.034482758620689655 0.011494252873563218
0.034482758620689655 0.011494252873563218
0.034482758620689655 0.011494252873563218
0.034482758620689655 0.011494252873563218
0.034482758620689655 0.011494252873563218
0.034482758620689655 0.011494252873563218
0.034482758620689655 0.011494252873563218
0.034482758620689655 0.011494252873563218
0.034482758620689655 0.011494252873563218
0.034482758620689655 0.011494252873563218
0.034482758620689655 0.011494252873563218
0.034482758620689655 0.011494252873563218
0.034482758620689655 0.011494252873563218
0.034482758620689655 0.011494252873563218
0.034482758620689655 0.011494252873563218
0.034482758620689655 0.011494252873563218
0.034482758620689655 0.011494252873563218
0.034482758620689655 0.011494252873563218
0.034482758620689655 0.011494252873563218
0.034482758620689655 0.011494252873563218
0.034482758620689655 0.011494252873563218
0.034482758620689655 0.011494252873563218
0.034482758620689655 0.011494252873563218
0.034482758620689655 0.011494252873563218
0.16666666666666666 0.011494252873563218
0.16666666666666666 0.011494252873563218
0.030303030303030304 0.011494252873563218
0.030303030303030304 0.011494252873563218
0.06666666666666667 0.011494252873563218
0.06666666666666667 0.011494252873563218
0.06666666666666667 0.011494252873563218
0.06666666666666667 0.011494252873563218
0.06666666666666667 0.011494252873563218
0.06666666666666667 0.011494252873563218
0.06666666666666667 0.011494252873563218
0.06666666666666667 0.011494252873563218
0.06666666666666667 0.011494252873563218
0.06666666666666667 0.011494252873563218
0.06666666666666667 0.011494252873563218
0.06666666666666667 0.011494252873563218
0.06666666666666667 0.011494252873563218
0.06666666666666667 0.011494252873563218
0.06666666666666667 0.011494252873563218
0.06666666666666667 0.011494252873563218
0.06666666666666667 0.011494252873563218
0.06666666666666667 0.011494252873563218
0.06666666666666667 0.011494252873563218
0.06666666666666667 0.011494252873563218
0.06666666666666667 0.011494252873563218
0.06666666666666667 0.011494252873563218
0.06666666666666667 0.011494252873563218
0.06666666666666667 0.011494252873563218
0.06666666666666667 0.011494252873563218
0.06666666666666667 0.011494252873563218
0.06666666666666667 0.011494252873563218
0.06666666666666667 0.011494252873563218
0.06666666666666667 0.011494252873563218
0.06666666666666667 0.011494252873563218
0.06666666666666667 0.011494252873563218
0.16666666666666666 0.011494252873563218
0.034482758620689655 0.011494252873563218
0.034482758620689655 0.011494252873563218
0.9333333333333333 0.011494252873563218
0.030303030303030304 0.011494252873563218
0.030303030303030304 0.011494252873563218
0.030303030303030304 0.011494252873563218
0.030303030303030304 0.011494252873563218
0.030303030303030304 0.011494252873563218
0.030303030303030304 0.011494252873563218
0.030303030303030304 0.011494252873563218
0.030303030303030304 0.011494252873563218
0.030303030303030304 0.011494252873563218
0.030303030303030304 0.011494252873563218
0.030303030303030304 0.011494252873563218
0.030303030303030304 0.011494252873563218
0.030303030303030304 0.011494252873563218
0.030303030303030304 0.011494252873563218
0.030303030303030304 0.011494252873563218
0.030303030303030304 0.011494252873563218
0.030303030303030304 0.011494252873563218
0.030303030303030304 0.011494252873563218
0.030303030303030304 0.011494252873563218
0.030303030303030304 0.011494252873563218
0.030303030303030304 0.011494252873563218
0.030303030303030304 0.011494252873563218
0.030303030303030304 0.011494252873563218
0.030303030303030304 0.011494252873563218
0.030303030303030304 0.011494252873563218
0.030303030303030304 0.011494252873563218
0.030303030303030304 0.011494252873563218
0.030303030303030304 0.011494252873563218
0.030303030303030304 0.011494252873563218
0.030303030303030304 0.011494252873563218
0.030303030303030304 0.011494252873563218
0.025 0.011494252873563218
0.013157894736842105 0.011494252873563218
0.013157894736842105 0.011494252873563218
0.013157894736842105 0.011494252873563218
0.013157894736842105 0.011494252873563218
0.013157894736842105 0.011494252873563218
0.013157894736842105 0.011494252873563218
0.013157894736842105 0.011494252873563218
0.013157894736842105 0.011494252873563218
0.013157894736842105 0.011494252873563218
0.013157894736842105 0.011494252873563218
0.013157894736842105 0.011494252873563218
0.013157894736842105 0.011494252873563218
0.013157894736842105 0.011494252873563218
0.013157894736842105 0.011494252873563218
0.013157894736842105 0.011494252873563218
0.013157894736842105 0.011494252873563218
0.013157894736842105 0.011494252873563218
0.013157894736842105 0.011494252873563218
0.013157894736842105 0.011494252873563218
0.013157894736842105 0.011494252873563218
0.013157894736842105 0.011494252873563218
0.013157894736842105 0.011494252873563218
0.013157894736842105 0.011494252873563218
0.013157894736842105 0.011494252873563218
0.013157894736842105 0.011494252873563218
0.013157894736842105 0.011494252873563218
0.013157894736842105 0.011494252873563218
0.013157894736842105 0.011494252873563218
0.013157894736842105 0.011494252873563218
0.013157894736842105 0.011494252873563218
0.013157894736842105 0.011494252873563218
0.05555555555555555 0.011494252873563218
0.05555555555555555 0.011494252873563218
0.05555555555555555 0.011494252873563218
0.05555555555555555 0.011494252873563218
0.05555555555555555 0.011494252873563218
0.05555555555555555 0.011494252873563218
0.05555555555555555 0.011494252873563218
0.05555555555555555 0.011494252873563218
0.05555555555555555 0.011494252873563218
0.05555555555555555 0.011494252873563218
0.05555555555555555 0.011494252873563218
0.05555555555555555 0.011494252873563218
0.05555555555555555 0.011494252873563218
0.05555555555555555 0.011494252873563218
0.05555555555555555 0.011494252873563218
0.05555555555555555 0.011494252873563218
0.05555555555555555 0.011494252873563218
0.05555555555555555 0.011494252873563218
0.05555555555555555 0.011494252873563218
0.05555555555555555 0.011494252873563218
0.05555555555555555 0.011494252873563218
0.05555555555555555 0.011494252873563218
0.05555555555555555 0.011494252873563218
0.05555555555555555 0.011494252873563218
0.05555555555555555 0.011494252873563218
0.05555555555555555 0.011494252873563218
0.05555555555555555 0.011494252873563218
0.05555555555555555 0.011494252873563218
0.05555555555555555 0.011494252873563218
0.05555555555555555 0.011494252873563218
0.05555555555555555 0.011494252873563218
0.14285714285714285 0.011494252873563218
0.14285714285714285 0.011494252873563218
0.14285714285714285 0.011494252873563218
0.14285714285714285 0.011494252873563218
0.14285714285714285 0.011494252873563218
0.14285714285714285 0.011494252873563218
0.034482758620689655 0.011494252873563218
0.034482758620689655 0.011494252873563218
0.013157894736842105 0.011494252873563218
0.05555555555555555 0.011494252873563218
0.05555555555555555 0.011494252873563218
0.06666666666666667 0.011494252873563218
0.06666666666666667 0.011494252873563218
0.06666666666666667 0.011494252873563218
0.030303030303030304 0.011494252873563218
0.14285714285714285 0.011494252873563218