0.00025275937307683085 1.458611401945348e-05
7.213133097291378e-05 1.458611401945348e-05
0.0001561013914753155 1.458611401945348e-05
1.5984782487072307e-06 1.458611401945348e-05
0.00012428168383698718 1.458611401945348e-05
1.6584211830337518e-05 1.458611401945348e-05
7.592771681359346e-06 1.458611401945348e-05
4.995244527210096e-06 1.458611401945348e-05
0.00024616565030091355 1.458611401945348e-05
2.4776412854962075e-05 1.458611401945348e-05
2.0980027014282405e-05 1.458611401945348e-05
3.996195621768077e-06 1.458611401945348e-05
9.216226152702628e-05 1.458611401945348e-05
0.00014725980866215363 1.458611401945348e-05
2.4576603073873673e-05 1.458611401945348e-05
0.00039422469808742075 1.458611401945348e-05
1.55851629248955e-05 1.458611401945348e-05
0.0002177926613863602 1.458611401945348e-05
9.470983623590342e-05 1.458611401945348e-05
1.823264252431685e-05 1.458611401945348e-05
9.570888514134545e-05 1.458611401945348e-05
0.00012428168383698718 1.458611401945348e-05
4.8154157242305324e-05 1.458611401945348e-05
6.393912994828923e-06 1.458611401945348e-05
0.000166241737865552 1.458611401945348e-05
0.00039682222524157004 1.458611401945348e-05
2.4376793292785267e-05 1.458611401945348e-05
1.1189347740950615e-05 1.458611401945348e-05
8.741677922617668e-06 1.458611401945348e-05
0.0004012180404255149 1.458611401945348e-05
2.817317913346494e-05 1.458611401945348e-05
3.1969564974144614e-06 1.458611401945348e-05
4.1160814904211194e-05 1.458611401945348e-05
2.4776412854962075e-05 1.458611401945348e-05
5.5547119142576266e-05 1.458611401945348e-05
9.690774382787587e-05 1.458611401945348e-05
0.00020340635714799512 1.458611401945348e-05
0.0003972218448037468 1.458611401945348e-05
0.00025355861220118447 1.458611401945348e-05
6.433874951046604e-05 1.458611401945348e-05
1.5185543362718691e-05 1.458611401945348e-05
1.2588016208569442e-05 1.458611401945348e-05
0.00037124657326225433 1.458611401945348e-05
8.392010805712962e-05 1.458611401945348e-05
4.595624965033288e-06 1.458611401945348e-05
3.3967662785028653e-06 1.458611401945348e-05
0.00023697440037084695 1.458611401945348e-05
0.00024276888402241067 1.458611401945348e-05
0.00037564238844619923 1.458611401945348e-05
7.35299994405326e-05 1.458611401945348e-05