1.493861081332044e-05 1.3971708608154205e-05
1.4823019649260646e-05 1.397163114963994e-05
1.58551381708559e-05 1.397180851043504e-05
1.565798687727179e-05 1.3971926934674124e-05
1.4292483322170666e-05 1.39716904720637e-05
1.2718535081751662e-05 1.397180591577015e-05
1.463654139658713e-05 1.3971725321697268e-05
1.4594029640909457e-05 1.397174999069705e-05
1.4538047203703056e-05 1.3971812890260713e-05
1.487695312439767e-05 1.3971678114557496e-05
1.3648477548794454e-05 1.3971836663114944e-05
1.8158743368684498e-05 1.3969693700050637e-05
1.3594022582751223e-05 1.3971670627079602e-05
1.4246715572282559e-05 1.3971800835726293e-05
1.2253944050011122e-05 1.3971708608154205e-05
1.4617642238888374e-05 1.3971735743217875e-05
1.4892475385863479e-05 1.3971737667015173e-05
1.5204084521313775e-05 1.3971728708584518e-05
1.4730177090274e-05 1.3971741419092931e-05
1.3891887943766591e-05 1.3971799944282404e-05
1.4630790628886884e-05 1.3971702733284721e-05
1.86372829041294e-05 1.397164658788752e-05
1.7891583875046458e-05 1.3971933116026417e-05
1.417200068065828e-05 1.3971668747695515e-05
1.5237083697600764e-05 1.3971958434863408e-05
1.304461174771794e-05 1.397169771488381e-05
1.4823019649260646e-05 1.397163114963994e-05
1.3978462555290258e-05 1.3971763784568654e-05
1.4200824757080027e-05 1.397179084203247e-05
1.3397839011938854e-05 1.3971753624742927e-05
1.2547643437624254e-05 1.3971660825456444e-05
1.4712837979131307e-05 1.3971695528014107e-05
1.4908715339411944e-05 1.3971825667276563e-05
1.4594029640909457e-05 1.397174999069705e-05
1.4359072983286924e-05 1.3971736881121125e-05
1.4583229861414453e-05 1.3971743163414399e-05
1.4166291654665453e-05 1.3971739469444716e-05
1.503728052306693e-05 1.3971761688993903e-05
1.4568569964635076e-05 1.3971798323436819e-05
1.515961666781418e-05 1.3971741176264845e-05
1.3801088010953442e-05 1.397175593760336e-05
1.4730636860312976e-05 1.3971713120601031e-05
1.4296366580604264e-05 1.3971786661432927e-05
1.4072472404022254e-05 1.3971762523890921e-05
1.4028790605118865e-05 1.397175178632797e-05
1.346324387315195e-05 1.3971848838326907e-05
1.4414762746760557e-05 1.3971717149681068e-05
1.4414762746760557e-05 1.3971717149681068e-05
1.4663580567422348e-05 1.3971717992218835e-05
1.480820154014363e-05 1.3971737290770241e-05