3.996195621768077e-06 1.4985733581630287e-05
0.00010789728178773807 1.4985733581630287e-05
0.00010789728178773807 1.4985733581630287e-05
0.0009670793404678746 1.4985733581630287e-05
0.0007013323316202975 1.4985733581630287e-05
0.0007093247228638337 1.4985733581630287e-05
0.0007093247228638337 1.4985733581630287e-05
0.0007093247228638337 1.4985733581630287e-05
0.0007093247228638337 1.4985733581630287e-05
0.0007093247228638337 1.4985733581630287e-05
0.0007093247228638337 1.4985733581630287e-05
0.0007093247228638337 1.4985733581630287e-05
0.0007093247228638337 1.4985733581630287e-05
0.0007093247228638337 1.4985733581630287e-05
0.0005314940176951542 1.4985733581630287e-05
0.003207946035374324 1.4985733581630287e-05
4.196005402856481e-05 1.4985733581630287e-05
4.196005402856481e-05 1.4985733581630287e-05
4.196005402856481e-05 1.4985733581630287e-05
4.196005402856481e-05 1.4985733581630287e-05
0.00036165570377001097 1.4985733581630287e-05
0.00036165570377001097 1.4985733581630287e-05
0.0003866319264060614 1.4985733581630287e-05
0.0003866319264060614 1.4985733581630287e-05
0.0003866319264060614 1.4985733581630287e-05
0.0003866319264060614 1.4985733581630287e-05
0.0003866319264060614 1.4985733581630287e-05
0.0003866319264060614 1.4985733581630287e-05
0.0003866319264060614 1.4985733581630287e-05
0.0003866319264060614 1.4985733581630287e-05
0.0003866319264060614 1.4985733581630287e-05
0.0003866319264060614 1.4985733581630287e-05
0.0003866319264060614 1.4985733581630287e-05
0.0003866319264060614 1.4985733581630287e-05
0.0003866319264060614 1.4985733581630287e-05
0.0003866319264060614 1.4985733581630287e-05
1.298763577074625e-05 1.4985733581630287e-05
0.00012288301536936836 1.4985733581630287e-05
0.0008671744499236727 1.4985733581630287e-05
0.0009720745849950847 1.4985733581630287e-05
0.0009720745849950847 1.4985733581630287e-05
0.0009720745849950847 1.4985733581630287e-05
0.0009720745849950847 1.4985733581630287e-05
0.0009720745849950847 1.4985733581630287e-05
0.0009720745849950847 1.4985733581630287e-05
0.0009720745849950847 1.4985733581630287e-05
0.0009720745849950847 1.4985733581630287e-05
0.0009720745849950847 1.4985733581630287e-05
0.0009720745849950847 1.4985733581630287e-05
0.0009720745849950847 1.4985733581630287e-05