0.02412261390096601 0.08515393656873968
0.016605491667378423 0.016404191807565527
0.02412261390096601 0.05193452056481054
0.12621766237014143 0.20429586670311187
0.049833099407074935 0.2511506678252351
0.049833099407074935 0.2511506678252351
0.049833099407074935 0.2511506678252351
0.049833099407074935 0.2511506678252351
0.049833099407074935 0.2511506678252351
0.049833099407074935 0.2511506678252351
0.049833099407074935 0.2511506678252351
0.049833099407074935 0.2511506678252351
0.049833099407074935 0.2511506678252351
0.049833099407074935 0.2511506678252351
0.08716103229844806 0.22648667656340782
0.15852442263622343 0.19253205227435713
0.06963469315745516 0.17184514872758852
0.07638456296306648 0.19691005317520713
0.11946779256453009 0.1900589913395283
0.08213985967315697 0.23293670474659287
0.0361112191965136 0.0965500866215824
0.07638456296306648 0.19938311411003598
0.009460129677586531 0.009180526461173762
0.06963469315745516 0.17184514872758852
0.03211437494225127 0.07616398843085977
0.07638456296306648 0.19938311411003598
0.06963469315745516 0.16596324151321115
0.03211437494225127 0.08107674102393565
0.08213985967315697 0.17829517691077357
0.11946779256453009 0.20827283395146806
0.0361112191965136 0.1070105717964079
0.021332243671854004 0.10176364457070426
0.03211437494225127 0.07780149231741675
0.07638456296306648 0.19691005317520713
0.07638456296306648 0.19691005317520713
0.08716103229844806 0.22648667656340782
0.11919373081643055 0.16235393864076697
0.032723454589895805 0.0629964959850255
0.12226828199664885 0.13401378548662946
0.07638456296306648 0.1944369922403783
0.11946779256453009 0.20827283395146806
0.022641234860798918 0.10744497472548349
0.022641234860798918 0.10744497472548349
0.022641234860798918 0.10744497472548349
0.14963217299403966 0.19236496495804326
0.12119648974485032 0.18665014505997976
0.10555437029705522 0.206200806669133
0.023414510623898255 0.11747093650453093
0.04584601295571198 0.04604273508083135
0.017649697044313316 0.017311547010504334