0.9307784412207526 0.9350146409702162
0.8541652671137333 0.8599445974622318
0.923363115819756 0.9280912995886302
0.2627570073145576 0.26690627012886425
0.8147433186989492 0.8215481097144122
0.21172700221689184 0.21506419502325563
0.21172700221689184 0.21506419502325563
0.21172700221689184 0.21506419502325563
0.5873281513651075 0.5918330652777832
0.5873281513651075 0.5918330652777832
0.5873281513651075 0.5918330652777832
0.5873281513651075 0.5918330652777832
0.40098475837459546 0.40683521894276786
0.9428172309005481 0.9463184183800487
0.3112105177884824 0.317015534049641
0.3112105177884824 0.317015534049641
0.7249908123466254 0.7318430235085376
0.7088442524806664 0.717257376796532
0.5674867717549801 0.5718889420170159
0.9548658997775205 0.9575747756434321
0.9087023872092058 0.9147247458082567
0.1557317126181058 0.15785574001114375
0.9252599216777248 0.9307428761109158
0.9717435202345717 0.9732609649209467
0.7526229268504724 0.7584457256665494
0.8323105071189495 0.8384079476165449
0.6818483582750131 0.6897971603235634
0.9717059792852993 0.9732609649209467
0.9717059792852993 0.9732609649209467
0.7585603243538017 0.7639227525814343
0.7701012024958803 0.7755742777318944
0.43854151436237687 0.4452435617271998
0.43854151436237687 0.4452435617271998
0.6209806486285698 0.6265169507265161
0.6209806486285698 0.6265169507265161
0.6209806486285698 0.6265169507265161
0.49846477275870654 0.5033628787190237
0.49846477275870654 0.5033628787190237
0.5235421268726018 0.5285706382356544
0.5235421268726018 0.5285706382356544
0.5235421268726018 0.5285706382356544
0.5235421268726018 0.5285706382356544
0.5235421268726018 0.5285706382356544
0.5235421268726018 0.5285706382356544
0.9451526731131721 0.9482903061365621
0.09211956199591396 0.09304623069110912
0.8093473012009152 0.8157371659349475
0.9115436443172882 0.9176015680261759
0.3586780843841506 0.36485851013803217
0.3586780843841506 0.36485851013803217