0.011452097615717735 0.0009183141193862013
0.0060713747767933285 0.00499936952139967
0.02394860507088764 0.0098849079520407
0.014377211705515518 0.015632803130853246
0.0035364292068349244 0.00764776291245086
0.0007466093090836061 0.002822397819348909
0.009428050510342723 0.005865175696563873
0.009773376479277184 0.0023525092090118964
0.018022872767118836 0.0032229146201663466
0.0016108824055843924 0.002173905544723929
0.014569229808108377 0.016271330394166023
0.011974877439942602 0.00679652098458911
0.006890038783057488 0.004992470667414298
3.7943696919546716e-05 0.002341777658367984
0.001439944134613505 0.0010240965471619073
2.6828876609780506e-06 0.015038351879113681
0.022225424653208023 0.04576508099062944
0.23003807017590927 0.08275826913885821
2.1463101287824405e-05 0.0016143318325770783
2.1463101287824405e-05 0.0016143318325770783
0.0031692568669467857 0.0012912355042621502
0.040596306276922296 0.018455967489533865
0.07404501655533322 0.03304819347759348
0.07404501655533322 0.03304819347759348
0.07404501655533322 0.03304819347759348
0.01020340504436538 0.010225251415319058
2.912849460490455e-05 0.0005710718021224708
0.009962711694209064 0.002066590038284807
0.0027208313578975974 0.0015303957757550508
0.011393457356842072 0.0024881866707242148
0.0001479420910196468 4.867524756345892e-05
0.04787268088316063 0.013943350443768782
0.0002429929681514406 6.783873085615928e-05
0.07404501655533322 0.03304819347759348
0.02012280726633294 0.014316655098310586
0.007499437551765359 0.005777790212749159
0.05481637741943767 0.018504259467431467
0.0007404769944299419 0.0029381452584368193
0.04176144606111848 0.019316407889376108
0.04507634540108979 0.019409542418178632
8.431932648788159e-05 0.0012567412343352897
0.0060679253498006425 0.0034233646554079926
6.515584319518123e-06 0.00019163483292700362
0.01020340504436538 0.010225251415319058
0.0001214964840757203 0.002389686366599735
0.0001214964840757203 0.002389686366599735
0.0001214964840757203 0.002389686366599735
0.0008083157252861012 0.0012843366502767782
0.01029040725851424 0.004357392831094208
0.0015012672811501463 0.00020428273190018585