0.013813692476398595 1.4821179818846365e-05
0.013813692476398595 1.4821179818846365e-05
0.013813692476398595 1.4821179818846365e-05
0.013813692476398595 1.4821179818846365e-05
0.011543758210095517 1.4821179818846365e-05
0.009915192856191328 1.4821179818846365e-05
0.009915192856191328 1.4821179818846365e-05
0.009915192856191328 1.4821179818846365e-05
0.009915192856191328 1.4821179818846365e-05
0.009470557461625936 1.4821179818846365e-05
0.004020245025862077 1.4821179818846365e-05
0.003772343149130182 1.4821179818846365e-05
0.011621392961527569 1.4821179818846365e-05
3.9523146183590305e-05 1.4821179818846365e-05
0.003666477578995565 1.4821179818846365e-05
0.011621392961527569 1.4821179818846365e-05
0.002047616569020382 1.4821179818846365e-05
0.011621392961527569 1.4821179818846365e-05
0.011621392961527569 1.4821179818846365e-05
0.0036303068425329044 1.4821179818846365e-05
0.011621392961527569 1.4821179818846365e-05
0.011621392961527569 1.4821179818846365e-05
0.011621392961527569 1.4821179818846365e-05
0.003772343149130182 1.4821179818846365e-05
0.006591013953964357 1.4821179818846365e-05
0.006591013953964357 1.4821179818846365e-05
0.006591013953964357 1.4821179818846365e-05
0.006591013953964357 1.4821179818846365e-05
0.0017324459445987826 1.4821179818846365e-05
0.003772343149130182 1.4821179818846365e-05
0.011621392961527569 1.4821179818846365e-05
0.004020245025862077 1.4821179818846365e-05
0.0021778312202859603 1.4821179818846365e-05
0.004953626469215615 1.4821179818846365e-05
0.004953626469215615 1.4821179818846365e-05
0.004953626469215615 1.4821179818846365e-05
0.004953626469215615 1.4821179818846365e-05
0.004953626469215615 1.4821179818846365e-05
0.004953626469215615 1.4821179818846365e-05
0.004953626469215615 1.4821179818846365e-05
0.003772343149130182 1.4821179818846365e-05
0.011621392961527569 1.4821179818846365e-05
0.0020280314385454777 1.4821179818846365e-05
0.003666477578995565 1.4821179818846365e-05
0.011621392961527569 1.4821179818846365e-05
0.0018168296261269169 1.4821179818846365e-05
0.0021783605481366336 1.4821179818846365e-05
0.011621392961527569 1.4821179818846365e-05
0.003772343149130182 1.4821179818846365e-05
0.002135396770923668 1.4821179818846365e-05