5.8074385721688935e-06 8.292011391950415e-06
5.677573245516934e-06 8.292012605724217e-06
1.42144704652961e-05 8.292013728209958e-06
8.363034989005507e-06 8.292012960498725e-06
3.5964887670243156e-06 8.292013985871947e-06
5.304118707368035e-06 8.292012664096354e-06
5.798806334041569e-06 8.292012353418172e-06
6.007069093244549e-05 8.291686268454962e-06
4.21591664450034e-06 8.292010819858769e-06
6.782296812016796e-06 8.292011563349646e-06
6.5909576544899975e-06 8.292012209173616e-06
1.0222820504544677e-05 8.29201182897561e-06
1.0222820504544677e-05 8.29201182897561e-06
1.0222820504544677e-05 8.29201182897561e-06
1.0222820504544677e-05 8.29201182897561e-06
1.632093286023919e-05 8.29200922076911e-06
6.56411852037618e-06 8.292011534508184e-06
6.063243158923412e-06 8.292012076764877e-06
5.304118707368035e-06 8.292011394707448e-06
5.304118707368035e-06 8.292011394707448e-06
6.56411852037618e-06 8.292012468814672e-06
2.9550941905028176e-05 8.29201002829307e-06
5.811653078203339e-06 8.292012222342568e-06
5.0774641753881624e-06 8.292011664219949e-06
6.01007147513359e-06 8.292011771381055e-06
3.5964887670243156e-06 8.292013985871947e-06
2.011049961227541e-05 8.292014838361349e-06
4.892561139651589e-06 8.292011008892514e-06
6.9619240776252545e-06 8.292012111694942e-06
9.611232324604448e-06 8.292012950068387e-06
5.619352475545133e-06 8.292013257011148e-06
8.392690378323398e-06 8.292011638305565e-06
8.392690378323398e-06 8.292011638305565e-06
8.392690378323398e-06 8.292011638305565e-06
8.392690378323398e-06 8.292011638305565e-06
6.910758246754865e-06 8.29201148677456e-06
6.973507481614728e-06 8.292012658172106e-06
6.838469873939676e-06 8.29201120660727e-06
5.304118707368035e-06 8.292010363996705e-06
1.0683105708964923e-05 8.292015117687548e-06
4.21591664450034e-06 8.292013749331807e-06
5.304118707368035e-06 8.292012438549622e-06
9.554552612078244e-06 8.292010661906451e-06
7.254187557992988e-06 8.292012060259676e-06
6.296921182249548e-06 8.292012259452291e-06
7.053585061895914e-06 8.29200922076911e-06
6.56411852037618e-06 8.292011534508184e-06
3.5964887670243156e-06 8.292014533643648e-06
5.304118707368035e-06 8.292010363996705e-06
7.991159984781836e-06 8.292014161492513e-06