2.0561346100234434e-06 1.977601398714986e-06
9.497180094631569e-07 1.977585382296092e-06
1.3753608127162336e-06 1.9776120755061045e-06
1.6708811963964524e-06 1.9776072099615668e-06
1.7567353028462981e-06 1.9776032686268047e-06
1.7567353028462981e-06 1.9776032686268047e-06
1.7567353028462981e-06 1.9776032686268047e-06
1.7567353028462981e-06 1.9776032686268047e-06
1.7567353028462981e-06 1.9776032686268047e-06
2.0827207182265385e-06 1.9775812617629285e-06
2.0827207182265385e-06 1.9775812617629285e-06
2.0827207182265385e-06 1.9775812617629285e-06
1.4330357290115362e-06 1.9776126652241825e-06
1.4070901023876486e-06 1.9775789698236982e-06
1.4070901023876486e-06 1.9775789698236982e-06
1.4070901023876486e-06 1.9775789698236982e-06
1.5787604956704363e-06 1.977585878536835e-06
1.5127182229511743e-06 1.9777280928814513e-06
1.5127182229511743e-06 1.9777280928814513e-06
1.5127182229511743e-06 1.9777280928814513e-06
1.5127182229511743e-06 1.9777280928814513e-06
1.5127182229511743e-06 1.9777280928814513e-06
1.5127182229511743e-06 1.9777280928814513e-06
1.5127182229511743e-06 1.9777280928814513e-06
1.5127182229511743e-06 1.9777280928814513e-06
1.5127182229511743e-06 1.9777280928814513e-06
1.5127182229511743e-06 1.9777280928814513e-06
1.5127182229511743e-06 1.9777280928814513e-06
1.5127182229511743e-06 1.9777280928814513e-06
1.618746911928968e-06 1.977468225894945e-06
1.618746911928968e-06 1.977468225894945e-06
1.618746911928968e-06 1.977468225894945e-06
1.5707654617021135e-06 1.977597717211734e-06
1.5707654617021135e-06 1.977597717211734e-06
1.5707654617021135e-06 1.977597717211734e-06
1.5707654617021135e-06 1.977597717211734e-06
1.7176184504268287e-06 1.977602173431379e-06
1.7176184504268287e-06 1.977602173431379e-06
1.7176184504268287e-06 1.977602173431379e-06
1.7176184504268287e-06 1.977602173431379e-06
1.7176184504268287e-06 1.977602173431379e-06
1.1414355024933321e-06 1.9775329416693382e-06
1.1414355024933321e-06 1.9775329416693382e-06
1.1414355024933321e-06 1.9775329416693382e-06
2.0620340408414266e-06 1.977549047499094e-06
1.6585544295876897e-06 1.9779047351162977e-06
1.6585544295876897e-06 1.9779047351162977e-06
1.6585544295876897e-06 1.9779047351162977e-06
2.1263017195434414e-06 1.977583997022411e-06
1.7134386083738984e-06 1.977510851592161e-06
1.7134386083738984e-06 1.977510851592161e-06
1.7134386083738984e-06 1.977510851592161e-06
1.461024146458455e-06 1.9775481324286014e-06
1.461024146458455e-06 1.9775481324286014e-06
1.461024146458455e-06 1.9775481324286014e-06
1.598476044517335e-06 1.977620849675564e-06
2.1282574851287302e-06 1.9772222718653834e-06
2.1282574851287302e-06 1.9772222718653834e-06
2.1282574851287302e-06 1.9772222718653834e-06
1.6585544295876897e-06 1.9780523363475174e-06
1.6585544295876897e-06 1.9780523363475174e-06
1.6585544295876897e-06 1.9780523363475174e-06
1.4488906427488999e-06 1.9776030283152067e-06
1.510069614502312e-06 1.977605849182108e-06
1.510069614502312e-06 1.977605849182108e-06
1.510069614502312e-06 1.977605849182108e-06
1.510069614502312e-06 1.977605849182108e-06
1.510069614502312e-06 1.977605849182108e-06
2.5088437841835457e-06 1.977698511105442e-06
2.5088437841835457e-06 1.977698511105442e-06
2.5088437841835457e-06 1.977698511105442e-06
2.2880048240003783e-06 1.9776025212815924e-06
1.5060986641469637e-06 1.977620415686154e-06
1.5060986641469637e-06 1.977620415686154e-06
1.5060986641469637e-06 1.977620415686154e-06
9.497180094631569e-07 1.977589545658648e-06
1.3028296822402932e-06 1.9775825925342223e-06
1.5483415227328386e-06 1.9761078740422297e-06
1.5483415227328386e-06 1.9761078740422297e-06
1.5483415227328386e-06 1.9761078740422297e-06
1.6585544295876897e-06 1.9779047351162977e-06
1.6585544295876897e-06 1.9779047351162977e-06
1.6585544295876897e-06 1.9779047351162977e-06
1.2035549005523628e-06 1.9774644851498185e-06
1.2035549005523628e-06 1.9774644851498185e-06
1.2035549005523628e-06 1.9774644851498185e-06
1.1986738350216757e-06 1.97759662092511e-06
1.2298153542354873e-06 1.9776235849459117e-06
9.497180094631569e-07 1.977581165891582e-06
2.5003815966990656e-06 1.97836401517838e-06
2.5003815966990656e-06 1.97836401517838e-06
2.5003815966990656e-06 1.97836401517838e-06
1.8393339769936138e-06 1.9775915273250893e-06
1.837345030391631e-06 1.9776886343234736e-06
1.837345030391631e-06 1.9776886343234736e-06
1.837345030391631e-06 1.9776886343234736e-06
9.015495056752581e-07 1.977272210928345e-06
9.015495056752581e-07 1.977272210928345e-06
9.015495056752581e-07 1.977272210928345e-06
1.2683358129094564e-06 1.9789470215845485e-06
1.2683358129094564e-06 1.9789470215845485e-06
1.2683358129094564e-06 1.9789470215845485e-06
1.7895400173665484e-06 1.9776081008386597e-06
2.5109642777680794e-06 1.9776057270048455e-06
2.5109642777680794e-06 1.9776057270048455e-06
2.5109642777680794e-06 1.9776057270048455e-06
2.5109642777680794e-06 1.9776057270048455e-06
1.7176345677636229e-06 1.977598743295183e-06
9.497180094631569e-07 1.977589545658648e-06
1.7174414781998142e-06 1.9776075257768863e-06
1.698187584443247e-06 1.977872270433397e-06
1.698187584443247e-06 1.977872270433397e-06
1.698187584443247e-06 1.977872270433397e-06
2.445192279973069e-06 1.9775999831671064e-06
8.288365818473867e-07 1.9776063014252785e-06
7.299121033775821e-07 1.977251870596673e-06
7.299121033775821e-07 1.977251870596673e-06
7.299121033775821e-07 1.977251870596673e-06
9.497180094631569e-07 1.9775936569738878e-06
9.497180094631569e-07 1.977585382296092e-06
1.4725789776099854e-06 1.9774606980334032e-06
9.145157554715365e-07 1.9771568962374642e-06
9.145157554715365e-07 1.9771568962374642e-06
9.145157554715365e-07 1.9771568962374642e-06
1.9113088409084315e-06 1.977601690621074e-06
1.9113088409084315e-06 1.977601690621074e-06
1.9113088409084315e-06 1.977601690621074e-06
1.9113088409084315e-06 1.977601690621074e-06
1.9113088409084315e-06 1.977601690621074e-06
1.7810358738462924e-06 1.9775912388922523e-06
1.7810358738462924e-06 1.9775912388922523e-06
1.7810358738462924e-06 1.9775912388922523e-06
1.7810358738462924e-06 1.9775912388922523e-06
1.7810358738462924e-06 1.9775912388922523e-06
1.9729195681875276e-06 1.9776081051590677e-06
1.9729195681875276e-06 1.9776081051590677e-06
1.9729195681875276e-06 1.9776081051590677e-06
1.9729195681875276e-06 1.9776081051590677e-06
1.9729195681875276e-06 1.9776081051590677e-06
1.488963320958036e-06 1.97836401517838e-06
1.488963320958036e-06 1.97836401517838e-06
1.488963320958036e-06 1.97836401517838e-06
2.0307306489774003e-06 1.977602148166917e-06
2.0307306489774003e-06 1.977602148166917e-06
2.0307306489774003e-06 1.977602148166917e-06
2.0307306489774003e-06 1.977602148166917e-06
2.0307306489774003e-06 1.977602148166917e-06
1.0788801211686783e-06 1.9777624364130303e-06
1.0788801211686783e-06 1.9777624364130303e-06
1.0788801211686783e-06 1.9777624364130303e-06
2.3147601899252414e-06 1.9776169568396113e-06
1.4062365186325332e-06 1.977849792681086e-06
1.4062365186325332e-06 1.977849792681086e-06
1.4062365186325332e-06 1.977849792681086e-06
1.9741001350169415e-06 1.9776010439455225e-06
1.9741001350169415e-06 1.9776010439455225e-06
1.9741001350169415e-06 1.9776010439455225e-06
1.9741001350169415e-06 1.9776010439455225e-06
1.9741001350169415e-06 1.9776010439455225e-06
1.9741001350169415e-06 1.9776010439455225e-06
1.9741001350169415e-06 1.9776010439455225e-06
1.9741001350169415e-06 1.9776010439455225e-06
1.9741001350169415e-06 1.9776010439455225e-06
1.9741001350169415e-06 1.9776010439455225e-06
1.9741001350169415e-06 1.9776010439455225e-06
1.9741001350169415e-06 1.9776010439455225e-06
1.9741001350169415e-06 1.9776010439455225e-06
1.9741001350169415e-06 1.9776010439455225e-06
1.9741001350169415e-06 1.9776010439455225e-06
1.9741001350169415e-06 1.9776010439455225e-06
1.9741001350169415e-06 1.9776010439455225e-06
1.9741001350169415e-06 1.9776010439455225e-06
1.9741001350169415e-06 1.9776010439455225e-06
1.9741001350169415e-06 1.9776010439455225e-06
9.145157554715365e-07 1.9776270339470405e-06
9.145157554715365e-07 1.9776270339470405e-06
9.145157554715365e-07 1.9776270339470405e-06
1.7885782864180454e-06 1.977593831391155e-06
3.6682529822896747e-06 1.973768392490274e-06
1.8746614002347075e-06 1.9779495735999012e-06
1.8746614002347075e-06 1.9779495735999012e-06
1.8746614002347075e-06 1.9779495735999012e-06
1.3386001087666285e-06 1.977565697244426e-06
2.131678078142367e-06 1.977600558691986e-06
2.131678078142367e-06 1.977600558691986e-06
2.131678078142367e-06 1.977600558691986e-06
2.131678078142367e-06 1.977600558691986e-06
2.131678078142367e-06 1.977600558691986e-06
1.0787639929364358e-06 1.9829535696829715e-06
1.0787639929364358e-06 1.9829535696829715e-06
1.0787639929364358e-06 1.9829535696829715e-06
1.3372926498674801e-06 1.9770508185756294e-06
1.3372926498674801e-06 1.9770508185756294e-06
1.3372926498674801e-06 1.9770508185756294e-06
9.145157554715365e-07 1.978091257370456e-06
9.145157554715365e-07 1.978091257370456e-06
9.145157554715365e-07 1.978091257370456e-06
2.3622263176645732e-06 1.9772372186132785e-06
2.3622263176645732e-06 1.9772372186132785e-06
2.3622263176645732e-06 1.9772372186132785e-06
1.5787604956704363e-06 1.9776064189014304e-06
2.195722191066324e-06 1.9775219682505864e-06
1.0384585506285532e-06 1.9775800701645428e-06
1.8268634179730655e-06 1.9775999185941244e-06
1.8268634179730655e-06 1.9775999185941244e-06
1.8268634179730655e-06 1.9775999185941244e-06
1.8268634179730655e-06 1.9775999185941244e-06
1.8268634179730655e-06 1.9775999185941244e-06
1.5129757366650314e-06 1.9775072316808343e-06
1.5129757366650314e-06 1.9775072316808343e-06
1.5129757366650314e-06 1.9775072316808343e-06
1.8757691530382894e-06 1.977679740619459e-06
1.2806363165135236e-06 1.9772577752821127e-06
1.2806363165135236e-06 1.9772577752821127e-06
1.2806363165135236e-06 1.9772577752821127e-06
1.9528107732875166e-06 1.977592411797513e-06
1.8383617836819134e-06 1.977641416894011e-06
1.8383617836819134e-06 1.977641416894011e-06
1.8383617836819134e-06 1.977641416894011e-06
1.7872607315722845e-06 1.9776349921856114e-06
1.9528107732875166e-06 1.9776035313363065e-06
2.0154071745128333e-06 1.977603612928876e-06
2.0154071745128333e-06 1.977603612928876e-06
2.0154071745128333e-06 1.977603612928876e-06
2.0154071745128333e-06 1.977603612928876e-06
2.0154071745128333e-06 1.977603612928876e-06
2.0154071745128333e-06 1.977603612928876e-06
2.0154071745128333e-06 1.977603612928876e-06
2.0154071745128333e-06 1.977603612928876e-06
2.0154071745128333e-06 1.977603612928876e-06
2.0154071745128333e-06 1.977603612928876e-06
2.0154071745128333e-06 1.977603612928876e-06
2.0154071745128333e-06 1.977603612928876e-06
2.0154071745128333e-06 1.977603612928876e-06
2.0154071745128333e-06 1.977603612928876e-06
2.0154071745128333e-06 1.977603612928876e-06
2.0154071745128333e-06 1.977603612928876e-06
2.0154071745128333e-06 1.977603612928876e-06
2.0154071745128333e-06 1.977603612928876e-06
2.0154071745128333e-06 1.977603612928876e-06
2.0154071745128333e-06 1.977603612928876e-06
2.545623900466035e-06 1.978012669277865e-06
2.545623900466035e-06 1.978012669277865e-06
2.545623900466035e-06 1.978012669277865e-06
2.545623900466035e-06 1.978012669277865e-06
2.545623900466035e-06 1.978012669277865e-06
2.545623900466035e-06 1.978012669277865e-06
2.545623900466035e-06 1.978012669277865e-06
2.545623900466035e-06 1.978012669277865e-06
2.545623900466035e-06 1.978012669277865e-06
2.545623900466035e-06 1.978012669277865e-06
2.545623900466035e-06 1.978012669277865e-06
2.545623900466035e-06 1.978012669277865e-06
1.8589385437541298e-06 1.97760261825967e-06
1.8589385437541298e-06 1.97760261825967e-06
1.8589385437541298e-06 1.97760261825967e-06
1.8589385437541298e-06 1.97760261825967e-06
1.8589385437541298e-06 1.97760261825967e-06
2.4827904259663457e-06 1.9785115138773334e-06
2.4827904259663457e-06 1.9785115138773334e-06
2.4827904259663457e-06 1.9785115138773334e-06
1.5129757366650314e-06 1.9776359199354377e-06
1.5129757366650314e-06 1.9776359199354377e-06
1.5129757366650314e-06 1.9776359199354377e-06
1.7872607315722845e-06 1.977611785042313e-06
9.145157554715365e-07 1.9772674028315308e-06
9.145157554715365e-07 1.9772674028315308e-06
9.145157554715365e-07 1.9772674028315308e-06
2.5100233131524662e-06 1.9797396813896412e-06
2.5100233131524662e-06 1.9797396813896412e-06
2.5100233131524662e-06 1.9797396813896412e-06
9.145157554715365e-07 1.9776270339470405e-06
9.145157554715365e-07 1.9776270339470405e-06
9.145157554715365e-07 1.9776270339470405e-06
1.5787604956704363e-06 1.9776064189014304e-06
1.5129757366650314e-06 1.9776359199354377e-06
1.5129757366650314e-06 1.9776359199354377e-06
1.5129757366650314e-06 1.9776359199354377e-06
9.145157554715365e-07 1.978091257370456e-06
9.145157554715365e-07 1.978091257370456e-06
9.145157554715365e-07 1.978091257370456e-06
1.7872607315722845e-06 1.9776349921856114e-06
2.1282574851287302e-06 1.9773919819855317e-06
2.1282574851287302e-06 1.9773919819855317e-06
2.1282574851287302e-06 1.9773919819855317e-06
1.539828305282418e-06 1.977588331614134e-06
1.4354734067941706e-06 1.9776123407859727e-06