2.049249624970269e-06 1.977593476401544e-06
2.049249624970269e-06 1.977593476401544e-06
1.9965185998684617e-06 1.9775933655742823e-06
1.9965185998684617e-06 1.9775933655742823e-06
1.9965185998684617e-06 1.9775933655742823e-06
1.9965185998684617e-06 1.9775933655742823e-06
1.9965185998684617e-06 1.9775933655742823e-06
1.9965185998684617e-06 1.9775933655742823e-06
1.977963880345068e-06 1.9780911957723823e-06
1.977963880345068e-06 1.9780911957723823e-06
1.977963880345068e-06 1.9780911957723823e-06
1.977963880345068e-06 1.9780911957723823e-06
1.977963880345068e-06 1.9780911957723823e-06
1.977963880345068e-06 1.9780911957723823e-06
1.977963880345068e-06 1.9780911957723823e-06
1.977963880345068e-06 1.9780911957723823e-06
1.977963880345068e-06 1.9780911957723823e-06
1.993257563869027e-06 1.9776058735128356e-06
1.9938670514836902e-06 1.9772997129199455e-06
1.9938670514836902e-06 1.9772997129199455e-06
1.9938670514836902e-06 1.9772997129199455e-06
1.9938670514836902e-06 1.9772997129199455e-06
1.9938670514836902e-06 1.9772997129199455e-06
1.9938670514836902e-06 1.9772997129199455e-06
1.993464094138914e-06 1.977599242594058e-06
1.993464094138914e-06 1.977599242594058e-06
1.993464094138914e-06 1.977599242594058e-06
1.9808944759814384e-06 1.9776287435210126e-06
1.9808944759814384e-06 1.9776287435210126e-06
1.9808944759814384e-06 1.9776287435210126e-06
1.9808944759814384e-06 1.9776287435210126e-06
1.9808944759814384e-06 1.9776287435210126e-06
1.9808944759814384e-06 1.9776287435210126e-06
1.9808944759814384e-06 1.9776287435210126e-06
1.9808944759814384e-06 1.9776287435210126e-06
1.9808944759814384e-06 1.9776287435210126e-06
2.0432450253584867e-06 1.977609141440058e-06
2.0432450253584867e-06 1.977609141440058e-06
1.9942607144794784e-06 1.977594656172118e-06
1.9942607144794784e-06 1.977594656172118e-06
1.9942607144794784e-06 1.977594656172118e-06
1.9942607144794784e-06 1.977594656172118e-06
1.9942607144794784e-06 1.977594656172118e-06
2.0002113855301453e-06 1.9776246196202966e-06
2.0002113855301453e-06 1.9776246196202966e-06
1.9929892955441992e-06 1.9776243522464355e-06
2.0573148725119767e-06 1.9776057053453834e-06
2.0573148725119767e-06 1.9776057053453834e-06
1.9834233187112735e-06 1.9766779393864933e-06
1.9834233187112735e-06 1.9766779393864933e-06
1.9834233187112735e-06 1.9766779393864933e-06
1.9834233187112735e-06 1.9766779393864933e-06
1.9834233187112735e-06 1.9766779393864933e-06
1.9834233187112735e-06 1.9766779393864933e-06
1.961166393781791e-06 1.9775830690299594e-06
1.961166393781791e-06 1.9775830690299594e-06
1.921050444021722e-06 1.977550965907152e-06
1.921050444021722e-06 1.977550965907152e-06
1.921050444021722e-06 1.977550965907152e-06
1.921050444021722e-06 1.977550965907152e-06
1.921050444021722e-06 1.977550965907152e-06
1.921050444021722e-06 1.977550965907152e-06
1.921050444021722e-06 1.977550965907152e-06
1.921050444021722e-06 1.977550965907152e-06
1.921050444021722e-06 1.977550965907152e-06
1.921050444021722e-06 1.977550965907152e-06
1.921050444021722e-06 1.977550965907152e-06
1.921050444021722e-06 1.977550965907152e-06
1.921050444021722e-06 1.977550965907152e-06
1.921050444021722e-06 1.977550965907152e-06
1.921050444021722e-06 1.977550965907152e-06
1.981350343959749e-06 1.977615217421117e-06
2.0488444456225344e-06 1.9776079100066535e-06
2.0488444456225344e-06 1.9776079100066535e-06
1.9863731680109752e-06 1.977603176198838e-06
1.9863731680109752e-06 1.977603176198838e-06
1.9863731680109752e-06 1.977603176198838e-06
1.9863731680109752e-06 1.977603176198838e-06
1.9863731680109752e-06 1.977603176198838e-06
1.996587454784023e-06 1.977736791783917e-06
1.996587454784023e-06 1.977736791783917e-06
1.996587454784023e-06 1.977736791783917e-06
1.9931150470810793e-06 1.977599333751482e-06
1.9931150470810793e-06 1.977599333751482e-06
1.9785086838512067e-06 1.9775894299028545e-06
1.9850335868663827e-06 1.977609178690176e-06
1.980183970996306e-06 1.9770288846549712e-06
1.980183970996306e-06 1.9770288846549712e-06
1.980183970996306e-06 1.9770288846549712e-06
1.980183970996306e-06 1.9770288846549712e-06
1.980183970996306e-06 1.9770288846549712e-06
1.980183970996306e-06 1.9770288846549712e-06
1.9925923006308284e-06 1.9776064067118584e-06
1.9520700904520272e-06 1.9774214096454865e-06
1.9520700904520272e-06 1.9774214096454865e-06
1.9520700904520272e-06 1.9774214096454865e-06
1.9870295514826825e-06 1.977601691024934e-06
1.9870295514826825e-06 1.977601691024934e-06
1.9870295514826825e-06 1.977601691024934e-06
1.9870295514826825e-06 1.977601691024934e-06
1.9870295514826825e-06 1.977601691024934e-06
1.9418248054904065e-06 1.97710692461612e-06
1.9418248054904065e-06 1.97710692461612e-06
1.9418248054904065e-06 1.97710692461612e-06
1.9418248054904065e-06 1.97710692461612e-06
1.9418248054904065e-06 1.97710692461612e-06
1.9418248054904065e-06 1.97710692461612e-06
1.9896610833902363e-06 1.9776005716357113e-06
1.9896610833902363e-06 1.9776005716357113e-06
1.9896610833902363e-06 1.9776005716357113e-06
1.9896610833902363e-06 1.9776005716357113e-06
1.9896610833902363e-06 1.9776005716357113e-06
1.9896610833902363e-06 1.9776005716357113e-06
1.9896610833902363e-06 1.9776005716357113e-06
1.9896610833902363e-06 1.9776005716357113e-06
1.9896610833902363e-06 1.9776005716357113e-06
1.9896610833902363e-06 1.9776005716357113e-06
1.9893948631242e-06 1.977601772288717e-06
1.9893948631242e-06 1.977601772288717e-06
1.9893948631242e-06 1.977601772288717e-06
1.9893948631242e-06 1.977601772288717e-06
1.9893948631242e-06 1.977601772288717e-06
1.949428082098211e-06 1.9781368557886048e-06
1.949428082098211e-06 1.9781368557886048e-06
1.949428082098211e-06 1.9781368557886048e-06
1.9881057663755727e-06 1.9775989616589487e-06
1.9881057663755727e-06 1.9775989616589487e-06
1.9881057663755727e-06 1.9775989616589487e-06
1.9881057663755727e-06 1.9775989616589487e-06
1.9881057663755727e-06 1.9775989616589487e-06
1.97919293397905e-06 1.9776042055008407e-06
1.97919293397905e-06 1.9776042055008407e-06
1.97919293397905e-06 1.9776042055008407e-06
1.97919293397905e-06 1.9776042055008407e-06
1.97919293397905e-06 1.9776042055008407e-06
1.97919293397905e-06 1.9776042055008407e-06
1.97919293397905e-06 1.9776042055008407e-06
1.97919293397905e-06 1.9776042055008407e-06
1.97919293397905e-06 1.9776042055008407e-06
1.97919293397905e-06 1.9776042055008407e-06
1.989193234397585e-06 1.977598651189574e-06
1.989193234397585e-06 1.977598651189574e-06
1.989193234397585e-06 1.977598651189574e-06
1.989193234397585e-06 1.977598651189574e-06
1.989193234397585e-06 1.977598651189574e-06
1.989193234397585e-06 1.977598651189574e-06
1.989193234397585e-06 1.977598651189574e-06
1.989193234397585e-06 1.977598651189574e-06
1.989193234397585e-06 1.977598651189574e-06
1.989193234397585e-06 1.977598651189574e-06
1.989193234397585e-06 1.977598651189574e-06
1.989193234397585e-06 1.977598651189574e-06
1.989193234397585e-06 1.977598651189574e-06
1.989193234397585e-06 1.977598651189574e-06
1.989193234397585e-06 1.977598651189574e-06
2.040159546501712e-06 1.9775940763765083e-06
2.040159546501712e-06 1.9775940763765083e-06
1.9864546232525867e-06 1.977603440571399e-06
1.9864546232525867e-06 1.977603440571399e-06
1.9864546232525867e-06 1.977603440571399e-06
1.9864546232525867e-06 1.977603440571399e-06
1.9864546232525867e-06 1.977603440571399e-06
2.047015459384019e-06 1.9775923328869257e-06
2.047015459384019e-06 1.9775923328869257e-06
1.989309992806538e-06 1.977605323217156e-06
1.989309992806538e-06 1.977605323217156e-06
1.989309992806538e-06 1.977605323217156e-06
1.989309992806538e-06 1.977605323217156e-06
1.989309992806538e-06 1.977605323217156e-06
1.989309992806538e-06 1.977605323217156e-06
1.989309992806538e-06 1.977605323217156e-06
1.989309992806538e-06 1.977605323217156e-06
1.989309992806538e-06 1.977605323217156e-06
1.989309992806538e-06 1.977605323217156e-06
1.989309992806538e-06 1.977605323217156e-06
1.989309992806538e-06 1.977605323217156e-06
1.989309992806538e-06 1.977605323217156e-06
1.989309992806538e-06 1.977605323217156e-06
1.989309992806538e-06 1.977605323217156e-06
1.9980240266215205e-06 1.9779483583725264e-06
1.9980240266215205e-06 1.9779483583725264e-06
1.9980240266215205e-06 1.9779483583725264e-06
1.9902434846135697e-06 1.9776213428622974e-06
1.9902434846135697e-06 1.9776213428622974e-06
1.9902434846135697e-06 1.9776213428622974e-06
1.9902434846135697e-06 1.9776213428622974e-06
1.9902434846135697e-06 1.9776213428622974e-06
1.9902434846135697e-06 1.9776213428622974e-06
1.9871434040616796e-06 1.9776000223603246e-06
1.9871434040616796e-06 1.9776000223603246e-06
1.9871434040616796e-06 1.9776000223603246e-06
1.9871434040616796e-06 1.9776000223603246e-06
1.9871434040616796e-06 1.9776000223603246e-06
1.9871434040616796e-06 1.9776000223603246e-06
1.9871434040616796e-06 1.9776000223603246e-06
1.9871434040616796e-06 1.9776000223603246e-06
1.9871434040616796e-06 1.9776000223603246e-06
1.9871434040616796e-06 1.9776000223603246e-06
2.0587062594666625e-06 1.9776005728604524e-06
2.0587062594666625e-06 1.9776005728604524e-06
2.0587062594666625e-06 1.9776005728604524e-06
2.0587062594666625e-06 1.9776005728604524e-06
1.9459859330557888e-06 1.977334968577129e-06
1.9459859330557888e-06 1.977334968577129e-06
1.9459859330557888e-06 1.977334968577129e-06
1.9459859330557888e-06 1.977334968577129e-06
1.9459859330557888e-06 1.977334968577129e-06
1.9459859330557888e-06 1.977334968577129e-06
1.9933470621866033e-06 1.9776017713375258e-06
1.9895979294291183e-06 1.9776056159237064e-06
1.9895979294291183e-06 1.9776056159237064e-06
1.9895979294291183e-06 1.9776056159237064e-06
1.9895979294291183e-06 1.9776056159237064e-06
1.9895979294291183e-06 1.9776056159237064e-06
1.9895979294291183e-06 1.9776056159237064e-06
1.9895979294291183e-06 1.9776056159237064e-06
1.9895979294291183e-06 1.9776056159237064e-06
1.9895979294291183e-06 1.9776056159237064e-06
1.9895979294291183e-06 1.9776056159237064e-06
2.057428346056886e-06 1.977587631395046e-06
2.057428346056886e-06 1.977587631395046e-06
2.057428346056886e-06 1.977587631395046e-06
2.057428346056886e-06 1.977587631395046e-06
2.057428346056886e-06 1.977587631395046e-06
2.057428346056886e-06 1.977587631395046e-06
2.057428346056886e-06 1.977587631395046e-06
2.057428346056886e-06 1.977587631395046e-06
2.057428346056886e-06 1.977587631395046e-06
2.057428346056886e-06 1.977587631395046e-06
2.057428346056886e-06 1.977587631395046e-06
2.057428346056886e-06 1.977587631395046e-06
1.9885861571664004e-06 1.97759934692472e-06
1.9885861571664004e-06 1.97759934692472e-06
1.9885861571664004e-06 1.97759934692472e-06
1.9885861571664004e-06 1.97759934692472e-06
1.9885861571664004e-06 1.97759934692472e-06
1.9885861571664004e-06 1.97759934692472e-06
1.9885861571664004e-06 1.97759934692472e-06
1.9885861571664004e-06 1.97759934692472e-06
1.9885861571664004e-06 1.97759934692472e-06
1.9885861571664004e-06 1.97759934692472e-06
1.9885861571664004e-06 1.97759934692472e-06
1.9885861571664004e-06 1.97759934692472e-06
1.9885861571664004e-06 1.97759934692472e-06
1.9885861571664004e-06 1.97759934692472e-06
1.9885861571664004e-06 1.97759934692472e-06
1.9885861571664004e-06 1.97759934692472e-06
1.9885861571664004e-06 1.97759934692472e-06
1.9885861571664004e-06 1.97759934692472e-06
1.9885861571664004e-06 1.97759934692472e-06
1.9885861571664004e-06 1.97759934692472e-06
1.9885861571664004e-06 1.97759934692472e-06
1.9885861571664004e-06 1.97759934692472e-06
1.9885861571664004e-06 1.97759934692472e-06
1.9885861571664004e-06 1.97759934692472e-06
1.9885861571664004e-06 1.97759934692472e-06
2.0658199914813396e-06 1.9776027952450246e-06
2.0658199914813396e-06 1.9776027952450246e-06
2.0658199914813396e-06 1.9776027952450246e-06
2.0658199914813396e-06 1.9776027952450246e-06
2.0658199914813396e-06 1.9776027952450246e-06
2.0658199914813396e-06 1.9776027952450246e-06
2.0658199914813396e-06 1.9776027952450246e-06
2.0658199914813396e-06 1.9776027952450246e-06
2.0658199914813396e-06 1.9776027952450246e-06
2.0658199914813396e-06 1.9776027952450246e-06
2.0658199914813396e-06 1.9776027952450246e-06
2.0658199914813396e-06 1.9776027952450246e-06
1.954401510802018e-06 1.9778778551754205e-06
1.954401510802018e-06 1.9778778551754205e-06
1.954401510802018e-06 1.9778778551754205e-06
1.954401510802018e-06 1.9778778551754205e-06
1.954401510802018e-06 1.9778778551754205e-06
1.954401510802018e-06 1.9778778551754205e-06
1.954401510802018e-06 1.9778778551754205e-06
1.954401510802018e-06 1.9778778551754205e-06
1.954401510802018e-06 1.9778778551754205e-06
1.954401510802018e-06 1.9778778551754205e-06
1.954401510802018e-06 1.9778778551754205e-06
1.954401510802018e-06 1.9778778551754205e-06
1.954401510802018e-06 1.9778778551754205e-06
1.954401510802018e-06 1.9778778551754205e-06
1.954401510802018e-06 1.9778778551754205e-06
1.954401510802018e-06 1.9778778551754205e-06
1.954401510802018e-06 1.9778778551754205e-06
1.954401510802018e-06 1.9778778551754205e-06
2.0566903012474416e-06 1.9776055147102386e-06
2.0566903012474416e-06 1.9776055147102386e-06
2.0566903012474416e-06 1.9776055147102386e-06
2.0566903012474416e-06 1.9776055147102386e-06
2.0566903012474416e-06 1.9776055147102386e-06
2.0566903012474416e-06 1.9776055147102386e-06
1.9897889380539457e-06 1.9776034574886724e-06
1.9897889380539457e-06 1.9776034574886724e-06
1.9897889380539457e-06 1.9776034574886724e-06
1.9897889380539457e-06 1.9776034574886724e-06
1.9897889380539457e-06 1.9776034574886724e-06
1.9897889380539457e-06 1.9776034574886724e-06
1.9897889380539457e-06 1.9776034574886724e-06
1.9897889380539457e-06 1.9776034574886724e-06
1.9897889380539457e-06 1.9776034574886724e-06
1.9897889380539457e-06 1.9776034574886724e-06
2.0436084891548008e-06 1.977600952077235e-06
2.0436084891548008e-06 1.977600952077235e-06
2.0436084891548008e-06 1.977600952077235e-06
2.0436084891548008e-06 1.977600952077235e-06
1.989681799912113e-06 1.9775993094967326e-06
1.989681799912113e-06 1.9775993094967326e-06
1.989681799912113e-06 1.9775993094967326e-06
1.989681799912113e-06 1.9775993094967326e-06
1.989681799912113e-06 1.9775993094967326e-06
2.051545737492864e-06 1.9775970092414035e-06
2.051545737492864e-06 1.9775970092414035e-06
2.051545737492864e-06 1.9775970092414035e-06
2.051545737492864e-06 1.9775970092414035e-06
2.051545737492864e-06 1.9775970092414035e-06
2.051545737492864e-06 1.9775970092414035e-06
2.055531991021798e-06 1.977596004576093e-06
2.055531991021798e-06 1.977596004576093e-06
2.055531991021798e-06 1.977596004576093e-06
2.055531991021798e-06 1.977596004576093e-06
2.055531991021798e-06 1.977596004576093e-06
2.055531991021798e-06 1.977596004576093e-06
2.055531991021798e-06 1.977596004576093e-06
2.055531991021798e-06 1.977596004576093e-06
2.055531991021798e-06 1.977596004576093e-06
2.055531991021798e-06 1.977596004576093e-06
2.055531991021798e-06 1.977596004576093e-06
2.055531991021798e-06 1.977596004576093e-06
1.987331339540646e-06 1.9776001435889286e-06
1.987331339540646e-06 1.9776001435889286e-06
1.987331339540646e-06 1.9776001435889286e-06
1.987331339540646e-06 1.9776001435889286e-06
1.987331339540646e-06 1.9776001435889286e-06
2.0562169485897445e-06 1.977598983995498e-06
2.0562169485897445e-06 1.977598983995498e-06
1.9866497139224413e-06 1.978128858554039e-06
1.9866497139224413e-06 1.978128858554039e-06
1.9866497139224413e-06 1.978128858554039e-06
1.9866497139224413e-06 1.978128858554039e-06
1.9866497139224413e-06 1.978128858554039e-06
1.9866497139224413e-06 1.978128858554039e-06
1.982608365546718e-06 1.9776054386369984e-06
1.99449940309945e-06 1.9776137440369423e-06
2.057328431406317e-06 1.9776083302633983e-06
2.057328431406317e-06 1.9776083302633983e-06
2.057328431406317e-06 1.9776083302633983e-06
2.057328431406317e-06 1.9776083302633983e-06
1.945133197671671e-06 1.9774424567589828e-06
1.945133197671671e-06 1.9774424567589828e-06
1.945133197671671e-06 1.9774424567589828e-06
1.993553254140878e-06 1.9776082195751292e-06
1.993553254140878e-06 1.9776082195751292e-06
2.0498148497247504e-06 1.9775931374044526e-06
2.0498148497247504e-06 1.9775931374044526e-06
1.9898261245622837e-06 1.977599726791389e-06
1.9898261245622837e-06 1.977599726791389e-06
1.9898261245622837e-06 1.977599726791389e-06
1.9898261245622837e-06 1.977599726791389e-06
1.9898261245622837e-06 1.977599726791389e-06
1.9898261245622837e-06 1.977599726791389e-06
1.9898261245622837e-06 1.977599726791389e-06
1.9898261245622837e-06 1.977599726791389e-06
1.9898261245622837e-06 1.977599726791389e-06
1.9898261245622837e-06 1.977599726791389e-06
1.9898261245622837e-06 1.977599726791389e-06
1.9898261245622837e-06 1.977599726791389e-06
1.9898261245622837e-06 1.977599726791389e-06
1.9898261245622837e-06 1.977599726791389e-06
1.9898261245622837e-06 1.977599726791389e-06
1.9898261245622837e-06 1.977599726791389e-06
1.9898261245622837e-06 1.977599726791389e-06
1.9898261245622837e-06 1.977599726791389e-06
1.9898261245622837e-06 1.977599726791389e-06
1.9898261245622837e-06 1.977599726791389e-06
1.9898261245622837e-06 1.977599726791389e-06
1.9898261245622837e-06 1.977599726791389e-06
1.9898261245622837e-06 1.977599726791389e-06
1.9898261245622837e-06 1.977599726791389e-06
1.9898261245622837e-06 1.977599726791389e-06
1.9898261245622837e-06 1.977599726791389e-06
1.9898261245622837e-06 1.977599726791389e-06
1.9898261245622837e-06 1.977599726791389e-06
1.9898261245622837e-06 1.977599726791389e-06
1.9898261245622837e-06 1.977599726791389e-06
2.04258488848756e-06 1.9776007294669717e-06
2.04258488848756e-06 1.9776007294669717e-06
1.974765901482919e-06 1.9777713392918387e-06
1.974765901482919e-06 1.9777713392918387e-06
1.974765901482919e-06 1.9777713392918387e-06
1.974765901482919e-06 1.9777713392918387e-06
1.974765901482919e-06 1.9777713392918387e-06
1.974765901482919e-06 1.9777713392918387e-06
1.974765901482919e-06 1.9777713392918387e-06
1.974765901482919e-06 1.9777713392918387e-06
1.974765901482919e-06 1.9777713392918387e-06
1.974765901482919e-06 1.9777713392918387e-06
1.974765901482919e-06 1.9777713392918387e-06
1.974765901482919e-06 1.9777713392918387e-06
1.974765901482919e-06 1.9777713392918387e-06
1.974765901482919e-06 1.9777713392918387e-06
1.974765901482919e-06 1.9777713392918387e-06
1.974765901482919e-06 1.9777713392918387e-06
1.974765901482919e-06 1.9777713392918387e-06
1.974765901482919e-06 1.9777713392918387e-06
2.04251016126386e-06 1.977601499624597e-06
2.04251016126386e-06 1.977601499624597e-06
2.04251016126386e-06 1.977601499624597e-06
2.04251016126386e-06 1.977601499624597e-06
2.0627718222281877e-06 1.977601760460025e-06
2.0627718222281877e-06 1.977601760460025e-06
2.0627718222281877e-06 1.977601760460025e-06
2.0627718222281877e-06 1.977601760460025e-06
1.9977008994943737e-06 1.9771739053430907e-06
1.9977008994943737e-06 1.9771739053430907e-06
1.9977008994943737e-06 1.9771739053430907e-06
2.005968901131055e-06 1.9772845777821417e-06
2.005968901131055e-06 1.9772845777821417e-06
2.005968901131055e-06 1.9772845777821417e-06
2.0070939809829762e-06 1.9780220158426668e-06
2.0070939809829762e-06 1.9780220158426668e-06
2.0070939809829762e-06 1.9780220158426668e-06
1.9881752948306914e-06 1.9775957070631642e-06
1.9881752948306914e-06 1.9775957070631642e-06
1.9881752948306914e-06 1.9775957070631642e-06
1.9935634466977964e-06 1.9776210796106606e-06
2.0575584133184677e-06 1.977605703484774e-06
2.0575584133184677e-06 1.977605703484774e-06
2.0575584133184677e-06 1.977605703484774e-06
2.0575584133184677e-06 1.977605703484774e-06
2.0575584133184677e-06 1.977605703484774e-06
2.0575584133184677e-06 1.977605703484774e-06
1.9899285721545264e-06 1.977604592530797e-06
1.9899285721545264e-06 1.977604592530797e-06
1.9899285721545264e-06 1.977604592530797e-06
1.9899285721545264e-06 1.977604592530797e-06
1.9899285721545264e-06 1.977604592530797e-06
1.992455166649648e-06 1.9775877638017816e-06
1.992455166649648e-06 1.9775877638017816e-06
1.992455166649648e-06 1.9775877638017816e-06
1.9900649565872113e-06 1.9776051427051504e-06
1.9900649565872113e-06 1.9776051427051504e-06
1.9900649565872113e-06 1.9776051427051504e-06
1.9900649565872113e-06 1.9776051427051504e-06
1.9900649565872113e-06 1.9776051427051504e-06
1.9900649565872113e-06 1.9776051427051504e-06
1.9900649565872113e-06 1.9776051427051504e-06
1.9900649565872113e-06 1.9776051427051504e-06
1.9900649565872113e-06 1.9776051427051504e-06
1.9900649565872113e-06 1.9776051427051504e-06
1.9900649565872113e-06 1.9776051427051504e-06
1.9900649565872113e-06 1.9776051427051504e-06
1.9900649565872113e-06 1.9776051427051504e-06
1.9900649565872113e-06 1.9776051427051504e-06
1.9900649565872113e-06 1.9776051427051504e-06
2.049322143561219e-06 1.9776048927544708e-06
2.049322143561219e-06 1.9776048927544708e-06
1.9710826407934473e-06 1.9777866441058636e-06
1.9710826407934473e-06 1.9777866441058636e-06
1.9710826407934473e-06 1.9777866441058636e-06
2.048356725917074e-06 1.977588189186153e-06
2.048356725917074e-06 1.977588189186153e-06
2.048356725917074e-06 1.977588189186153e-06
2.048356725917074e-06 1.977588189186153e-06
1.9893809825407854e-06 1.9775993278460624e-06
1.9893809825407854e-06 1.9775993278460624e-06
1.9893809825407854e-06 1.9775993278460624e-06
1.9893809825407854e-06 1.9775993278460624e-06
1.9893809825407854e-06 1.9775993278460624e-06
2.0216970138973053e-06 1.977585872354699e-06
2.0216970138973053e-06 1.977585872354699e-06
2.0216970138973053e-06 1.977585872354699e-06
2.0216970138973053e-06 1.977585872354699e-06
1.9456027567833665e-06 1.977950012098807e-06
1.9456027567833665e-06 1.977950012098807e-06
1.9456027567833665e-06 1.977950012098807e-06
1.99378573607979e-06 1.977605803737173e-06
1.99378573607979e-06 1.977605803737173e-06
2.0489713552567905e-06 1.97759589134189e-06
2.0489713552567905e-06 1.97759589134189e-06
2.0489713552567905e-06 1.97759589134189e-06
2.0489713552567905e-06 1.97759589134189e-06
2.0489713552567905e-06 1.97759589134189e-06
2.0489713552567905e-06 1.97759589134189e-06
2.0489713552567905e-06 1.97759589134189e-06
2.0489713552567905e-06 1.97759589134189e-06
2.0489713552567905e-06 1.97759589134189e-06
2.0489713552567905e-06 1.97759589134189e-06
2.0492042491773114e-06 1.9776005709504824e-06
2.0492042491773114e-06 1.9776005709504824e-06
1.926283134081885e-06 1.9769815511192804e-06
1.926283134081885e-06 1.9769815511192804e-06
1.926283134081885e-06 1.9769815511192804e-06
1.98658793939301e-06 1.9776042019277143e-06
1.98658793939301e-06 1.9776042019277143e-06
1.98658793939301e-06 1.9776042019277143e-06
1.98658793939301e-06 1.9776042019277143e-06
1.98658793939301e-06 1.9776042019277143e-06
1.9951648469862e-06 1.9780058460002496e-06
1.9951648469862e-06 1.9780058460002496e-06
1.9951648469862e-06 1.9780058460002496e-06
1.9896907094375254e-06 1.97760543366079e-06
1.9896907094375254e-06 1.97760543366079e-06
1.9896907094375254e-06 1.97760543366079e-06
1.9896907094375254e-06 1.97760543366079e-06
1.9896907094375254e-06 1.97760543366079e-06
1.982271442304026e-06 1.9776206704743043e-06
1.982271442304026e-06 1.9776206704743043e-06
1.978130327540831e-06 1.977175861673181e-06
1.978130327540831e-06 1.977175861673181e-06
1.978130327540831e-06 1.977175861673181e-06
1.978130327540831e-06 1.977175861673181e-06
1.978130327540831e-06 1.977175861673181e-06
1.978130327540831e-06 1.977175861673181e-06
1.978130327540831e-06 1.977175861673181e-06
1.978130327540831e-06 1.977175861673181e-06
1.978130327540831e-06 1.977175861673181e-06
2.0498784150121217e-06 1.97758764948113e-06
2.0498784150121217e-06 1.97758764948113e-06
1.9935527724775805e-06 1.9776127773999503e-06
2.0484732326322235e-06 1.9775874001705496e-06
2.0484732326322235e-06 1.9775874001705496e-06
2.0484732326322235e-06 1.9775874001705496e-06
2.0484732326322235e-06 1.9775874001705496e-06
2.0361175702769424e-06 1.97760357328987e-06
2.0361175702769424e-06 1.97760357328987e-06
1.9895983282309756e-06 1.9776043789944767e-06
1.9895983282309756e-06 1.9776043789944767e-06
1.9895983282309756e-06 1.9776043789944767e-06
1.9895983282309756e-06 1.9776043789944767e-06
1.9895983282309756e-06 1.9776043789944767e-06
1.9895983282309756e-06 1.9776043789944767e-06
1.9895983282309756e-06 1.9776043789944767e-06
1.9895983282309756e-06 1.9776043789944767e-06
1.9895983282309756e-06 1.9776043789944767e-06
1.9895983282309756e-06 1.9776043789944767e-06
1.989966207734217e-06 1.9776051513554803e-06
1.989966207734217e-06 1.9776051513554803e-06
1.989966207734217e-06 1.9776051513554803e-06
1.989966207734217e-06 1.9776051513554803e-06
1.989966207734217e-06 1.9776051513554803e-06
1.989966207734217e-06 1.9776051513554803e-06
1.989966207734217e-06 1.9776051513554803e-06
1.989966207734217e-06 1.9776051513554803e-06
1.989966207734217e-06 1.9776051513554803e-06
1.989966207734217e-06 1.9776051513554803e-06
1.989966207734217e-06 1.9776051513554803e-06
1.989966207734217e-06 1.9776051513554803e-06
1.989966207734217e-06 1.9776051513554803e-06
1.989966207734217e-06 1.9776051513554803e-06
1.989966207734217e-06 1.9776051513554803e-06
1.989966207734217e-06 1.9776051513554803e-06
1.989966207734217e-06 1.9776051513554803e-06
1.989966207734217e-06 1.9776051513554803e-06
1.989966207734217e-06 1.9776051513554803e-06
1.989966207734217e-06 1.9776051513554803e-06
1.989966207734217e-06 1.9776051513554803e-06
1.989966207734217e-06 1.9776051513554803e-06
1.989966207734217e-06 1.9776051513554803e-06
1.989966207734217e-06 1.9776051513554803e-06
1.989966207734217e-06 1.9776051513554803e-06
1.989966207734217e-06 1.9776051513554803e-06
1.989966207734217e-06 1.9776051513554803e-06
1.989966207734217e-06 1.9776051513554803e-06
1.989966207734217e-06 1.9776051513554803e-06
1.989966207734217e-06 1.9776051513554803e-06
1.986499505540194e-06 1.977599660470702e-06
1.986499505540194e-06 1.977599660470702e-06
1.986499505540194e-06 1.977599660470702e-06
1.986499505540194e-06 1.977599660470702e-06
1.986499505540194e-06 1.977599660470702e-06
1.9861120749547797e-06 1.9776043545936594e-06