1.7975266033937301e-06 0.00016233047941417226
0.019776802504369372 0.020199912612552818
0.0180502090661711 0.019333089975885488
2.903696820866795e-06 0.00016233047941417226
6.913563859206654e-07 0.00016233047941417226
0.01805007079489392 0.019333089975885488
0.01977611114798345 0.020199912612552818
1.5209840490254641e-06 0.00016233047941417226
0.018050762151279837 0.019333089975885488
0.018055186832149732 0.019333089975885488
0.01805145350766576 0.019333089975885488
1.7975266033937301e-06 0.00016233047941417226
0.018050623880002656 0.019333089975885488
6.0839361961018565e-06 0.00016233047941417226
0.018050762151279837 0.019333089975885488
0.018050347337448286 0.019333089975885488
1.6592553262095971e-06 0.00016233047941417226
6.913563859206654e-07 0.00016233047941417226
0.018050347337448286 0.019333089975885488
8.296276631047986e-07 0.00016233047941417226
0.018052283135328865 0.019333089975885488
2.903696820866795e-06 0.00016233047941417226
0.018051176965111392 0.019333089975885488
8.296276631047986e-07 0.00016233047941417226
0.018050347337448286 0.019333089975885488
0.0180502090661711 0.019333089975885488
0.01805007079489392 0.019333089975885488
1.6592553262095971e-06 0.00016233047941417226
0.01805007079489392 0.019333089975885488
0.018056707816198756 0.019333089975885488
0.018051591778942944 0.019333089975885488
0.018051315236388577 0.019333089975885488
0.01977472843521161 0.020199912612552818
3.3185106524191942e-06 0.00016233047941417226
1.1061702174730647e-06 0.00016233047941417226
0.018057675715139044 0.019333089975885488
0.01805214486405168 0.019333089975885488
1.382712771841331e-06 0.00016233047941417226
0.018055048560872547 0.019333089975885488
1.1061702174730647e-06 0.00016233047941417226
0.018050762151279837 0.019333089975885488
0.0180589201566337 0.019333089975885488
0.018052283135328865 0.019333089975885488
0.01805007079489392 0.019333089975885488
0.01805007079489392 0.019333089975885488
0.018049932523616734 0.019333089975885488
0.018050347337448286 0.019333089975885488
0.01805048560872547 0.019333089975885488
6.913563859206654e-07 0.00016233047941417226
6.913563859206654e-07 0.00016233047941417226