0.014422000268732924 0.013929323240919066
0.014422000268732924 0.013929323240919066
0.014422000268732924 0.013929323240919066
0.014422000268732924 0.013929323240919066
0.014422000268732924 0.013929323240919066
0.014422000268732924 0.013929323240919066
0.014422000268732924 0.013929323240919066
0.014422000268732924 0.013929323240919066
0.0056321942043266 0.005900927128588704
0.0056321942043266 0.005900927128588704
0.0056321942043266 0.005900927128588704
0.011622698974336005 0.011566712948448068
0.011622698974336005 0.011566712948448068
0.011622698974336005 0.011566712948448068
0.011622698974336005 0.011566712948448068
0.011622698974336005 0.011566712948448068
0.011622698974336005 0.011566712948448068
0.07163971872620593 0.07066556187575582
0.07163971872620593 0.07066556187575582
0.004400501634791956 0.0047028261745868235
0.004400501634791956 0.0047028261745868235
0.004400501634791956 0.0047028261745868235
0.3510323823173736 0.35059569131544766
0.3510323823173736 0.35059569131544766
0.3510323823173736 0.35059569131544766
0.3510323823173736 0.35059569131544766
0.3510323823173736 0.35059569131544766
0.3510323823173736 0.35059569131544766
0.3510323823173736 0.35059569131544766
0.3510323823173736 0.35059569131544766
0.3510323823173736 0.35059569131544766
0.3510323823173736 0.35059569131544766
0.3510323823173736 0.35059569131544766
0.3510323823173736 0.35059569131544766
0.3510323823173736 0.35059569131544766
0.3510323823173736 0.35059569131544766
0.3510323823173736 0.35059569131544766
0.05268285036055001 0.05309714695212075
0.028373717920007167 0.028765620101222734
0.028373717920007167 0.028765620101222734
0.028373717920007167 0.028765620101222734
0.047789671697944194 0.04706185336140099
0.047789671697944194 0.04706185336140099
0.00625923769427151 0.006068885206252519
0.00625923769427151 0.006068885206252519
0.00625923769427151 0.006068885206252519
0.0014668338782639853 0.0014668338782639853
0.0014668338782639853 0.0014668338782639853
0.0014668338782639853 0.0014668338782639853
0.0014668338782639853 0.0014668338782639853