1.5318539680907092e-05 7.103015647244735e-06
2.4103946057813994e-05 7.103043917217345e-06
1.5359090118024035e-05 7.103014430520634e-06
1.5359121711604323e-05 7.103014693944772e-06
1.5359121711604323e-05 7.103014693944772e-06
1.5153200961987853e-05 7.103015156144718e-06
1.4395473406646685e-05 7.103015262881863e-06
1.5359121711604323e-05 7.103016566680134e-06
1.865150846095553e-05 7.10301439657927e-06
1.693595966876499e-05 7.103016876717246e-06
1.4395516742786187e-05 7.1030154604563155e-06
1.6907277595687145e-05 7.103013138017783e-06
1.4010812962769555e-05 7.103014723777502e-06
1.6305079001683603e-05 7.103014899685862e-06
1.552595178008167e-05 7.103016215264063e-06
1.4395516742786187e-05 7.103015262881863e-06
1.612400412297691e-05 7.103014319344352e-06
1.594705101967784e-05 7.103014342403172e-06
1.8816657662143932e-05 7.103016908740839e-06
1.4395473406646685e-05 7.1030154604563155e-06
1.728937736116338e-05 7.1030143077359386e-06
1.5153200961987853e-05 7.103015494472425e-06
1.2991489442083154e-05 7.103015626788626e-06
1.5359090118024035e-05 7.103014540277885e-06
1.4395473406646685e-05 7.103016101971716e-06
1.7985871668368824e-05 7.103014049275571e-06
1.5359090118024035e-05 7.103014353000173e-06
1.4395473406646685e-05 7.103014518735049e-06
1.5149431111635924e-05 7.1030163547264276e-06
1.8658502191808957e-05 7.103016774414039e-06
1.4395516742786187e-05 7.103016468467153e-06
2.3243788174684363e-05 7.1030164670222254e-06
1.2475411462430481e-05 7.10301251065041e-06
1.5478141452303253e-05 7.1030161631714275e-06
1.6745854871974004e-05 7.103014800507426e-06
1.4395473406646685e-05 7.103015523244089e-06
1.5359090118024035e-05 7.10301490068342e-06
1.688983564673019e-05 7.103015908115048e-06
1.5359121711604323e-05 7.103015616449044e-06
1.5359090118024035e-05 7.103014646029232e-06
1.5359090118024035e-05 7.103014952267562e-06
1.4395473406646685e-05 7.103014812364277e-06
1.8096041993541102e-05 7.103019167168832e-06
1.5359121711604323e-05 7.103015616449044e-06
1.6334121713599296e-05 7.103016694545634e-06
1.6954085626504887e-05 7.103014701671098e-06
1.7869146772045175e-05 7.103015681013633e-06
1.599302119868624e-05 7.103015902042939e-06
1.5359121711604323e-05 7.10301490068342e-06
1.8096502084641984e-05 7.103014571012468e-06
1.6954298038666694e-05 7.103015776341918e-06
1.5359090118024035e-05 7.103014993797174e-06
1.5359090118024035e-05 7.103014993797174e-06
1.5359090118024035e-05 7.103014993797174e-06
1.5359121711604323e-05 7.1030157638856264e-06
1.5153200961987853e-05 7.103015553141278e-06
1.4477198560557272e-05 7.103014468750667e-06
1.4089262386161584e-05 7.10301513829647e-06
1.4395516742786187e-05 7.103015262881863e-06
1.745703813436387e-05 7.103016630905088e-06
1.6497912803190596e-05 7.103017373892724e-06
1.6890064382945216e-05 7.103016943346421e-06
1.5359121711604323e-05 7.1030144533664945e-06
1.5153245480943257e-05 7.10301488729389e-06
1.5153245480943257e-05 7.10301488729389e-06
1.4395516742786187e-05 7.103014541499402e-06
1.4395473406646685e-05 7.103014373473719e-06
1.4395473406646685e-05 7.103014373473719e-06
1.4395473406646685e-05 7.103014373473719e-06
1.5695470457360922e-05 7.103015822600056e-06
1.2861773763170703e-05 7.103014716748725e-06
1.6745854871974004e-05 7.103014800507426e-06
1.4395473406646685e-05 7.103015715227615e-06
1.5359090118024035e-05 7.1030161954526044e-06
1.5359121711604323e-05 7.103014375996762e-06
1.700766240038568e-05 7.103015745332855e-06
1.7689380485879907e-05 7.103014870967951e-06
1.859134254116564e-05 7.103015363327973e-06
1.771135901350832e-05 7.1030129513069636e-06
1.4395516742786187e-05 7.103015209555278e-06
1.4395516742786187e-05 7.103015209555278e-06
1.7509387229227698e-05 7.103014101082056e-06
1.6474445840866872e-05 7.103015963877738e-06
1.2831451823653891e-05 7.103015996205931e-06
1.3950316271612307e-05 7.103016882866685e-06
1.816800186376645e-05 7.103022287910423e-06
2.5421026126157023e-05 7.102981271650894e-06
1.4395516742786187e-05 7.103015092925016e-06
1.172878433934462e-05 7.103015640298805e-06
1.5359090118024035e-05 7.103015081493222e-06
1.4395473406646685e-05 7.103016267434169e-06
1.4395473406646685e-05 7.10301626003067e-06
1.5359090118024035e-05 7.1030147453327036e-06
1.5153245480943257e-05 7.103015767731996e-06
1.5153245480943257e-05 7.103015767731996e-06
1.4395473406646685e-05 7.103015059687551e-06
1.8248942249471006e-05 7.103017690995449e-06
1.4395516742786187e-05 7.103016246102203e-06
1.4395473406646685e-05 7.1030146069257615e-06
1.5359090118024035e-05 7.103015616449044e-06
1.5359090118024035e-05 7.103014422781292e-06
1.5695470457360922e-05 7.103015822600056e-06
1.4395516742786187e-05 7.103014373473719e-06
1.4395516742786187e-05 7.103014373473719e-06
1.715791876658369e-05 7.10301748960556e-06
1.5359121711604323e-05 7.103014993797174e-06
1.5359121711604323e-05 7.103014993797174e-06
1.754684013798426e-05 7.103014992286508e-06
1.543304498939772e-05 7.103015509857909e-06
1.9101167865938125e-05 7.103014631836996e-06