0.025881116656286316 0.017940147158344858
0.027949098527068453 0.025299345094137664
0.02232389125704718 0.015282102924563149
0.0012014920745336256 0.0008710059235412909
0.04111994564470076 0.03811948459528759
0.024669379039237733 0.017760715354563177
0.034946534445244315 0.02568092414793485
0.03644130517426859 0.041436546389389935
0.052782541056315434 0.04481265486272321
0.035732542808842443 0.03664513754640826
0.0011907746978239008 0.0012992965626204861
0.0026723340693946772 0.003459757935577107
0.022735735104194472 0.02704189618029998
0.0023771680781249577 0.0014788631761721036
0.05026031766574187 0.049508146554397094
0.03198712297077594 0.022392576834828374
0.033978061058041 0.033578417495072704
0.04378385410347459 0.03154777793056218
0.020177584909933592 0.0163953620046752
0.04481609251185652 0.035188180957850375
0.02370858980892063 0.023239586619321476
0.03155694499491767 0.01902226518160224
0.03909759688104116 0.035723712768911786
0.0244843526300038 0.020420646925123957
0.005973218691104982 0.005925630842318405
0.038925714424375764 0.028247365143046647
0.029321124960568143 0.03333710800689148
0.01445349467366599 0.00878575492123065
0.01813723904198785 0.011371675928097862
0.04599304920826222 0.03308589000062012
0.029994701976041607 0.03544613945261841
0.03827862752869426 0.03210400304130841
0.04562832137570674 0.04534319871229708
0.03742952819276719 0.02874488059898677
0.03932596463130876 0.027513056326218074
0.0034679813315430597 0.0026537303211438337
0.0359421045962043 0.019425278988818878
0.04958026978131159 0.04087398521945682
0.044806790637731096 0.031473699961983646
0.007122337170019386 0.006399419778750206
0.01683652697678306 0.02105182626795329
0.002671322996120175 0.003664533976106316
0.02095887493158404 0.012612397645682177
0.027293653425651064 0.029669068976766886
0.056449164583855724 0.03953235838907717
0.010944935601372902 0.00883415162863683
0.00753155222665297 0.0037753476069917738
0.03596347194473878 0.037725840067081344
0.06332183405995799 0.05394325317544413
0.06226748684930694 0.048320202861741796