0.009894749265068772 0.008849690056624402
0.009894749265068772 0.008849690056624402
0.009894749265068772 0.008849690056624402
0.009894749265068772 0.008849690056624402
0.009894749265068772 0.008849690056624402
0.009894749265068772 0.008849690056624402
0.6941117764471058 0.008845891225458981
0.6941117764471058 0.008845891225458981
0.6941117764471058 0.008845891225458981
0.6941117764471058 0.008845891225458981
0.6941117764471058 0.008845891225458981
0.6941117764471058 0.008845891225458981
0.18773646773949454 0.008845074812967582
0.18773646773949454 0.008845074812967582
0.18773646773949454 0.008845074812967582
0.18773646773949454 0.008845074812967582
0.18773646773949454 0.008845074812967582
0.18773646773949454 0.008845074812967582
0.03666649307464264 0.00885050984921062
0.03666649307464264 0.00885050984921062
0.03666649307464264 0.00885050984921062
0.03666649307464264 0.00885050984921062
0.03666649307464264 0.00885050984921062
0.03666649307464264 0.00885050984921062
0.03666649307464264 0.00885050984921062
0.5127406901633115 0.00885050984921062
0.5127406901633115 0.00885050984921062
0.5127406901633115 0.00885050984921062
0.5127406901633115 0.00885050984921062
0.5127406901633115 0.00885050984921062
0.5127406901633115 0.00885050984921062
0.5127406901633115 0.00885050984921062
0.5127406901633115 0.00885050984921062
0.5127406901633115 0.00885050984921062
0.5127406901633115 0.00885050984921062
0.5127406901633115 0.00885050984921062
0.5127406901633115 0.00885050984921062
0.5127406901633115 0.00885050984921062
0.5127406901633115 0.00885050984921062
0.5127406901633115 0.00885050984921062
0.5127406901633115 0.00885050984921062
0.5127406901633115 0.00885050984921062
0.5127406901633115 0.00885050984921062
0.01486239721660958 0.008849785790161121
0.01486239721660958 0.008849785790161121
0.01486239721660958 0.008849785790161121
0.01486239721660958 0.008849785790161121
0.01486239721660958 0.008849785790161121
0.05202908070291583 0.008849273661429432
0.05202908070291583 0.008849273661429432
0.05202908070291583 0.008849273661429432
0.05202908070291583 0.008849273661429432
0.05202908070291583 0.008849273661429432
0.0024988743809095 0.008850219652190643
0.0024988743809095 0.008850219652190643
0.0024988743809095 0.008850219652190643
0.0024988743809095 0.008850219652190643
0.0024988743809095 0.008850219652190643
0.0024988743809095 0.008850219652190643
0.0024988743809095 0.008850219652190643
0.0024988743809095 0.008850219652190643
0.0024988743809095 0.008850219652190643
0.0024988743809095 0.008850219652190643
0.0024988743809095 0.008850219652190643
0.0024988743809095 0.008850219652190643
0.0024988743809095 0.008850219652190643
0.12791239950006528 0.008845891225458981
0.12791239950006528 0.008845891225458981
0.12791239950006528 0.008845891225458981
0.12791239950006528 0.008845891225458981
0.12791239950006528 0.008845891225458981
0.12791239950006528 0.008845891225458981
0.12791239950006528 0.008845891225458981
0.12791239950006528 0.008845891225458981
0.12791239950006528 0.008845891225458981
0.12791239950006528 0.008845891225458981
0.12791239950006528 0.008845891225458981
0.12791239950006528 0.008845891225458981
0.12791239950006528 0.008845891225458981
0.12791239950006528 0.008845891225458981
0.12791239950006528 0.008845891225458981
0.12791239950006528 0.008845891225458981
0.12791239950006528 0.008845891225458981
0.12791239950006528 0.008845891225458981
0.017736540811732166 0.008850219652190643
0.017736540811732166 0.008850219652190643
0.017736540811732166 0.008850219652190643
0.017736540811732166 0.008850219652190643
0.017736540811732166 0.008850219652190643
0.017736540811732166 0.008850219652190643
0.017736540811732166 0.008850219652190643
0.0033101108369925575 0.008849273661429432
0.23366659700264947 0.00885011286080754
0.23366659700264947 0.00885011286080754
0.23366659700264947 0.00885011286080754
0.23366659700264947 0.00885011286080754
0.23366659700264947 0.00885011286080754
0.23366659700264947 0.00885011286080754
0.1651464180335421 0.00885011286080754
0.1651464180335421 0.00885011286080754
0.1651464180335421 0.00885011286080754
0.1651464180335421 0.00885011286080754
0.1651464180335421 0.00885011286080754
0.06767695982076807 0.008847879111330666
0.06767695982076807 0.008847879111330666
0.06767695982076807 0.008847879111330666
0.06767695982076807 0.008847879111330666
0.06767695982076807 0.008847879111330666
0.06767695982076807 0.008847879111330666
0.06767695982076807 0.008847879111330666
0.06767695982076807 0.008847879111330666
0.06767695982076807 0.008847879111330666
0.06767695982076807 0.008847879111330666
0.06767695982076807 0.008847879111330666
0.06767695982076807 0.008847879111330666
0.06767695982076807 0.008847879111330666
0.05946773812844667 0.008849690056624402
0.05946773812844667 0.008849690056624402
0.05946773812844667 0.008849690056624402
0.05946773812844667 0.008849690056624402
0.05946773812844667 0.008849690056624402
0.05946773812844667 0.008849690056624402
0.05946773812844667 0.008849690056624402
0.6092136440061927 0.008849255214797777
0.6092136440061927 0.008849255214797777
0.6092136440061927 0.008849255214797777
0.6092136440061927 0.008849255214797777
0.6092136440061927 0.008849255214797777
0.6092136440061927 0.008849255214797777
0.6092136440061927 0.008849255214797777
0.6092136440061927 0.008849255214797777
0.6092136440061927 0.008849255214797777
0.6092136440061927 0.008849255214797777
0.6092136440061927 0.008849255214797777
0.6092136440061927 0.008849255214797777
0.6092136440061927 0.008849255214797777
0.6092136440061927 0.008849255214797777
0.6092136440061927 0.008849255214797777
0.6092136440061927 0.008849255214797777
0.6092136440061927 0.008849255214797777
0.6092136440061927 0.008849255214797777
0.031217635744932682 0.008847879111330666
0.031217635744932682 0.008847879111330666
0.031217635744932682 0.008847879111330666
0.031217635744932682 0.008847879111330666
0.031217635744932682 0.008847879111330666
0.04963224140604459 0.00885011286080754
0.04963224140604459 0.00885011286080754
0.04963224140604459 0.00885011286080754
0.04963224140604459 0.00885011286080754
0.04963224140604459 0.00885011286080754
0.04963224140604459 0.00885011286080754
0.04963224140604459 0.00885011286080754
0.04963224140604459 0.00885011286080754
0.04963224140604459 0.00885011286080754
0.04963224140604459 0.00885011286080754
0.04963224140604459 0.00885011286080754
0.04963224140604459 0.00885011286080754
0.04963224140604459 0.00885011286080754
0.00015366679026821537 0.00885144940942373
0.00015366679026821537 0.00885144940942373
0.00015366679026821537 0.00885144940942373
0.00015366679026821537 0.00885144940942373
0.00015366679026821537 0.00885144940942373
0.00015366679026821537 0.00885144940942373
0.00015366679026821537 0.00885144940942373
0.00015366679026821537 0.00885144940942373
0.00015366679026821537 0.00885144940942373
0.00015366679026821537 0.00885144940942373
0.00015366679026821537 0.00885144940942373
0.00015366679026821537 0.00885144940942373
0.00015366679026821537 0.00885144940942373
0.0232960134647205 0.008849223843887045
0.0232960134647205 0.008849223843887045
0.0232960134647205 0.008849223843887045
0.0232960134647205 0.008849223843887045
0.0232960134647205 0.008849223843887045
0.0232960134647205 0.008849223843887045
0.0232960134647205 0.008849223843887045
0.06596085449132044 0.008849273661429432
0.06596085449132044 0.008849273661429432
0.06596085449132044 0.008849273661429432
0.06596085449132044 0.008849273661429432
0.06596085449132044 0.008849273661429432
0.06596085449132044 0.008849273661429432
0.06596085449132044 0.008849273661429432
0.06596085449132044 0.008849273661429432
0.06596085449132044 0.008849273661429432
0.06596085449132044 0.008849273661429432
0.06596085449132044 0.008849273661429432
0.06596085449132044 0.008849273661429432
0.06596085449132044 0.008849273661429432
0.34025219073139634 0.008849785790161121
0.34025219073139634 0.008849785790161121
0.34025219073139634 0.008849785790161121
0.34025219073139634 0.008849785790161121
0.34025219073139634 0.008849785790161121
0.34025219073139634 0.008849785790161121
0.012452070073413942 0.008849255214797777
0.012452070073413942 0.008849255214797777
0.012452070073413942 0.008849255214797777
0.012452070073413942 0.008849255214797777
0.012452070073413942 0.008849255214797777
0.012452070073413942 0.008849255214797777
0.46635565053832306 0.00885011286080754
0.46635565053832306 0.00885011286080754
0.46635565053832306 0.00885011286080754
0.46635565053832306 0.00885011286080754
0.46635565053832306 0.00885011286080754
0.46635565053832306 0.00885011286080754
0.46635565053832306 0.00885011286080754
0.46635565053832306 0.00885011286080754
0.46635565053832306 0.00885011286080754
0.46635565053832306 0.00885011286080754
0.46635565053832306 0.00885011286080754
0.46635565053832306 0.00885011286080754
0.46635565053832306 0.00885011286080754
0.46635565053832306 0.00885011286080754
0.46635565053832306 0.00885011286080754
0.46635565053832306 0.00885011286080754
0.46635565053832306 0.00885011286080754
0.46635565053832306 0.00885011286080754
0.11838590278460895 0.00885050984921062
0.11838590278460895 0.00885050984921062
0.11838590278460895 0.00885050984921062
0.11838590278460895 0.00885050984921062
0.11838590278460895 0.00885050984921062
0.0013362290966587068 0.008849785790161121
0.07708169456397329 0.008849862654728929
0.07708169456397329 0.008849862654728929
0.07708169456397329 0.008849862654728929
0.07708169456397329 0.008849862654728929
0.07708169456397329 0.008849862654728929
0.00407422139224662 0.00885011286080754
0.10390257136380023 0.008849662432501319
0.10390257136380023 0.008849662432501319
0.10390257136380023 0.008849662432501319
0.10390257136380023 0.008849662432501319
0.10390257136380023 0.008849662432501319
0.10390257136380023 0.008849662432501319
0.10390257136380023 0.008849662432501319
0.10390257136380023 0.008849662432501319
0.10390257136380023 0.008849662432501319
0.10390257136380023 0.008849662432501319
0.10390257136380023 0.008849662432501319
0.10390257136380023 0.008849662432501319
0.10390257136380023 0.008849662432501319
0.19880364138809442 0.008849223843887045
0.19880364138809442 0.008849223843887045
0.19880364138809442 0.008849223843887045
0.19880364138809442 0.008849223843887045
0.19880364138809442 0.008849223843887045
0.04401735258274786 0.008849123907334092
0.04401735258274786 0.008849123907334092
0.04401735258274786 0.008849123907334092
0.04401735258274786 0.008849123907334092
0.04401735258274786 0.008849123907334092
0.04401735258274786 0.008849123907334092
0.013494425667154315 0.008845074812967582
0.013494425667154315 0.008845074812967582
0.013494425667154315 0.008845074812967582
0.013494425667154315 0.008845074812967582
0.013494425667154315 0.008845074812967582
0.013494425667154315 0.008845074812967582
0.013494425667154315 0.008845074812967582
0.013494425667154315 0.008845074812967582
0.013494425667154315 0.008845074812967582
0.013494425667154315 0.008845074812967582
0.013494425667154315 0.008845074812967582
0.013494425667154315 0.008845074812967582
0.013494425667154315 0.008845074812967582
0.46505188848730794 0.008847879111330666
0.46505188848730794 0.008847879111330666
0.46505188848730794 0.008847879111330666
0.46505188848730794 0.008847879111330666
0.46505188848730794 0.008847879111330666
0.46505188848730794 0.008847879111330666
0.21574788265950695 0.00885050984921062
0.21574788265950695 0.00885050984921062
0.21574788265950695 0.00885050984921062
0.21574788265950695 0.00885050984921062
0.21574788265950695 0.00885050984921062
0.21574788265950695 0.00885050984921062
0.007928985360686562 0.008849123907334092
0.007928985360686562 0.008849123907334092
0.007928985360686562 0.008849123907334092
0.007928985360686562 0.008849123907334092
0.007928985360686562 0.008849123907334092
0.012505621025795399 0.008849662432501319
0.012505621025795399 0.008849662432501319
0.012505621025795399 0.008849662432501319
0.012505621025795399 0.008849662432501319
0.012505621025795399 0.008849662432501319
0.012505621025795399 0.008849662432501319
0.012505621025795399 0.008849662432501319
0.1010217181525087 0.008849123907334092
0.1010217181525087 0.008849123907334092
0.1010217181525087 0.008849123907334092
0.1010217181525087 0.008849123907334092
0.1010217181525087 0.008849123907334092
0.1010217181525087 0.008849123907334092
0.1010217181525087 0.008849123907334092
0.004805463644873299 0.008848905280764348
0.7313474247086718 0.008845074812967582
0.7313474247086718 0.008845074812967582
0.7313474247086718 0.008845074812967582
0.7313474247086718 0.008845074812967582
0.7313474247086718 0.008845074812967582
0.7313474247086718 0.008845074812967582
0.7313474247086718 0.008845074812967582
0.7313474247086718 0.008845074812967582
0.7313474247086718 0.008845074812967582
0.7313474247086718 0.008845074812967582
0.7313474247086718 0.008845074812967582
0.7313474247086718 0.008845074812967582
0.7313474247086718 0.008845074812967582
0.7313474247086718 0.008845074812967582
0.7313474247086718 0.008845074812967582
0.7313474247086718 0.008845074812967582
0.7313474247086718 0.008845074812967582
0.7313474247086718 0.008845074812967582
0.3960118313281194 0.008849329632470473
0.3960118313281194 0.008849329632470473
0.3960118313281194 0.008849329632470473
0.3960118313281194 0.008849329632470473
0.3960118313281194 0.008849329632470473
0.3960118313281194 0.008849329632470473
0.3960118313281194 0.008849329632470473
0.3960118313281194 0.008849329632470473
0.3960118313281194 0.008849329632470473
0.3960118313281194 0.008849329632470473
0.3960118313281194 0.008849329632470473
0.3960118313281194 0.008849329632470473
0.3960118313281194 0.008849329632470473
0.3960118313281194 0.008849329632470473
0.3960118313281194 0.008849329632470473
0.3960118313281194 0.008849329632470473
0.3960118313281194 0.008849329632470473
0.3960118313281194 0.008849329632470473
0.0026706573454782514 0.008849785790161121
0.0026706573454782514 0.008849785790161121
0.0026706573454782514 0.008849785790161121
0.0026706573454782514 0.008849785790161121
0.0026706573454782514 0.008849785790161121
0.0026706573454782514 0.008849785790161121
0.0026706573454782514 0.008849785790161121
0.0026706573454782514 0.008849785790161121
0.0026706573454782514 0.008849785790161121
0.0026706573454782514 0.008849785790161121
0.0026706573454782514 0.008849785790161121
0.0026706573454782514 0.008849785790161121
0.0026706573454782514 0.008849785790161121
0.0050466171705684185 0.008849690056624402
0.594216757249313 0.008849785790161121
0.594216757249313 0.008849785790161121
0.594216757249313 0.008849785790161121
0.594216757249313 0.008849785790161121
0.594216757249313 0.008849785790161121
0.594216757249313 0.008849785790161121
0.594216757249313 0.008849785790161121
0.594216757249313 0.008849785790161121
0.594216757249313 0.008849785790161121
0.594216757249313 0.008849785790161121
0.594216757249313 0.008849785790161121
0.594216757249313 0.008849785790161121
0.594216757249313 0.008849785790161121
0.594216757249313 0.008849785790161121
0.594216757249313 0.008849785790161121
0.594216757249313 0.008849785790161121
0.594216757249313 0.008849785790161121
0.594216757249313 0.008849785790161121
0.7698897380829544 0.008849123907334092
0.7698897380829544 0.008849123907334092
0.7698897380829544 0.008849123907334092
0.7698897380829544 0.008849123907334092
0.7698897380829544 0.008849123907334092
0.7698897380829544 0.008849123907334092
0.7698897380829544 0.008849123907334092
0.7698897380829544 0.008849123907334092
0.7698897380829544 0.008849123907334092
0.7698897380829544 0.008849123907334092
0.7698897380829544 0.008849123907334092
0.7698897380829544 0.008849123907334092
0.7698897380829544 0.008849123907334092
0.7698897380829544 0.008849123907334092
0.7698897380829544 0.008849123907334092
0.7698897380829544 0.008849123907334092
0.7698897380829544 0.008849123907334092
0.7698897380829544 0.008849123907334092
0.1029099813261444 0.00885144940942373
0.1029099813261444 0.00885144940942373
0.1029099813261444 0.00885144940942373
0.1029099813261444 0.00885144940942373
0.1029099813261444 0.00885144940942373
0.1029099813261444 0.00885144940942373
0.4869293722340317 0.008849273661429432
0.4869293722340317 0.008849273661429432
0.4869293722340317 0.008849273661429432
0.4869293722340317 0.008849273661429432
0.4869293722340317 0.008849273661429432
0.4869293722340317 0.008849273661429432
0.4869293722340317 0.008849273661429432
0.4869293722340317 0.008849273661429432
0.4869293722340317 0.008849273661429432
0.4869293722340317 0.008849273661429432
0.4869293722340317 0.008849273661429432
0.4869293722340317 0.008849273661429432
0.4869293722340317 0.008849273661429432
0.4869293722340317 0.008849273661429432
0.4869293722340317 0.008849273661429432
0.4869293722340317 0.008849273661429432
0.4869293722340317 0.008849273661429432
0.4869293722340317 0.008849273661429432
0.10174608302993231 0.008848905280764348
0.10174608302993231 0.008848905280764348
0.10174608302993231 0.008848905280764348
0.10174608302993231 0.008848905280764348
0.10174608302993231 0.008848905280764348
0.10174608302993231 0.008848905280764348
0.10174608302993231 0.008848905280764348
7.349281273697256e-05 0.00885144940942373
0.03306004812804298 0.008845891225458981
0.03306004812804298 0.008845891225458981
0.03306004812804298 0.008845891225458981
0.03306004812804298 0.008845891225458981
0.03306004812804298 0.008845891225458981
0.606320077003408 0.008849662432501319
0.606320077003408 0.008849662432501319
0.606320077003408 0.008849662432501319
0.606320077003408 0.008849662432501319
0.606320077003408 0.008849662432501319
0.606320077003408 0.008849662432501319
0.606320077003408 0.008849662432501319
0.606320077003408 0.008849662432501319
0.606320077003408 0.008849662432501319
0.606320077003408 0.008849662432501319
0.606320077003408 0.008849662432501319
0.606320077003408 0.008849662432501319
0.606320077003408 0.008849662432501319
0.606320077003408 0.008849662432501319
0.606320077003408 0.008849662432501319
0.606320077003408 0.008849662432501319
0.606320077003408 0.008849662432501319
0.606320077003408 0.008849662432501319
0.004943752207032235 0.008845074812967582
0.004943752207032235 0.008845074812967582
0.004943752207032235 0.008845074812967582
0.004943752207032235 0.008845074812967582
0.004943752207032235 0.008845074812967582
0.004943752207032235 0.008845074812967582
0.004943752207032235 0.008845074812967582
0.0015366679026821537 0.00885144940942373
0.0015366679026821537 0.00885144940942373
0.0015366679026821537 0.00885144940942373
0.0015366679026821537 0.00885144940942373
0.0015366679026821537 0.00885144940942373
0.0015366679026821537 0.00885144940942373
0.0015366679026821537 0.00885144940942373
0.11204080209428578 0.008849690056624402
0.11204080209428578 0.008849690056624402
0.11204080209428578 0.008849690056624402
0.11204080209428578 0.008849690056624402
0.11204080209428578 0.008849690056624402
0.0920997575263395 0.008849690056624402
0.0920997575263395 0.008849690056624402
0.0920997575263395 0.008849690056624402
0.0920997575263395 0.008849690056624402
0.0920997575263395 0.008849690056624402
0.0920997575263395 0.008849690056624402
0.0920997575263395 0.008849690056624402
0.0920997575263395 0.008849690056624402
0.0920997575263395 0.008849690056624402
0.0920997575263395 0.008849690056624402
0.0920997575263395 0.008849690056624402
0.0920997575263395 0.008849690056624402
0.0920997575263395 0.008849690056624402
0.30609778980707014 0.008849223843887045
0.30609778980707014 0.008849223843887045
0.30609778980707014 0.008849223843887045
0.30609778980707014 0.008849223843887045
0.30609778980707014 0.008849223843887045
0.30609778980707014 0.008849223843887045
0.30609778980707014 0.008849223843887045
0.30609778980707014 0.008849223843887045
0.30609778980707014 0.008849223843887045
0.30609778980707014 0.008849223843887045
0.30609778980707014 0.008849223843887045
0.30609778980707014 0.008849223843887045
0.30609778980707014 0.008849223843887045
0.30609778980707014 0.008849223843887045
0.30609778980707014 0.008849223843887045
0.30609778980707014 0.008849223843887045
0.30609778980707014 0.008849223843887045
0.30609778980707014 0.008849223843887045
0.009407879530104066 0.008848905280764348
0.009407879530104066 0.008848905280764348
0.009407879530104066 0.008848905280764348
0.009407879530104066 0.008848905280764348
0.009407879530104066 0.008848905280764348
0.009407879530104066 0.008848905280764348
0.26081949379440417 0.008849273661429432
0.26081949379440417 0.008849273661429432
0.26081949379440417 0.008849273661429432
0.26081949379440417 0.008849273661429432
0.26081949379440417 0.008849273661429432
0.26081949379440417 0.008849273661429432
0.10258509169713448 0.008848905280764348
0.10258509169713448 0.008848905280764348
0.10258509169713448 0.008848905280764348
0.10258509169713448 0.008848905280764348
0.10258509169713448 0.008848905280764348
0.07043669664936547 0.008847879111330666
0.07043669664936547 0.008847879111330666
0.07043669664936547 0.008847879111330666
0.07043669664936547 0.008847879111330666
0.07043669664936547 0.008847879111330666
0.07043669664936547 0.008847879111330666
0.07043669664936547 0.008847879111330666
0.05743328456843061 0.008845074812967582
0.05743328456843061 0.008845074812967582
0.05743328456843061 0.008845074812967582
0.05743328456843061 0.008845074812967582
0.05743328456843061 0.008845074812967582
0.001408398156957114 0.008845891225458981
0.001408398156957114 0.008845891225458981
0.001408398156957114 0.008845891225458981
0.001408398156957114 0.008845891225458981
0.001408398156957114 0.008845891225458981
0.001408398156957114 0.008845891225458981
0.001408398156957114 0.008845891225458981
0.001408398156957114 0.008845891225458981
0.001408398156957114 0.008845891225458981
0.001408398156957114 0.008845891225458981
0.001408398156957114 0.008845891225458981
0.001408398156957114 0.008845891225458981
0.001408398156957114 0.008845891225458981
0.005288141934664889 0.00885144940942373
0.005288141934664889 0.00885144940942373
0.005288141934664889 0.00885144940942373
0.005288141934664889 0.00885144940942373
0.005288141934664889 0.00885144940942373
0.049534591481062394 0.008849223843887045
0.003152573357956983 0.008845891225458981
0.02931956233019396 0.00885011286080754
0.02931956233019396 0.00885011286080754
0.02931956233019396 0.00885011286080754
0.02931956233019396 0.00885011286080754
0.02931956233019396 0.00885011286080754
0.02931956233019396 0.00885011286080754
0.02931956233019396 0.00885011286080754
0.09588759842628919 0.008849255214797777
0.09588759842628919 0.008849255214797777
0.09588759842628919 0.008849255214797777
0.09588759842628919 0.008849255214797777
0.09588759842628919 0.008849255214797777
0.09588759842628919 0.008849255214797777
0.09588759842628919 0.008849255214797777
0.09588759842628919 0.008849255214797777
0.09588759842628919 0.008849255214797777
0.09588759842628919 0.008849255214797777
0.09588759842628919 0.008849255214797777
0.09588759842628919 0.008849255214797777
0.09588759842628919 0.008849255214797777
0.02506420022546615 0.008849785790161121
0.02506420022546615 0.008849785790161121
0.02506420022546615 0.008849785790161121
0.02506420022546615 0.008849785790161121
0.02506420022546615 0.008849785790161121
0.02506420022546615 0.008849785790161121
0.02506420022546615 0.008849785790161121
0.1356077043021791 0.008849255214797777
0.1356077043021791 0.008849255214797777
0.1356077043021791 0.008849255214797777
0.1356077043021791 0.008849255214797777
0.1356077043021791 0.008849255214797777
0.041512816617760524 0.008849862654728929
0.041512816617760524 0.008849862654728929
0.041512816617760524 0.008849862654728929
0.041512816617760524 0.008849862654728929
0.041512816617760524 0.008849862654728929
0.041512816617760524 0.008849862654728929
0.041512816617760524 0.008849862654728929
0.20922108377093715 0.008849662432501319
0.20922108377093715 0.008849662432501319
0.20922108377093715 0.008849662432501319
0.20922108377093715 0.008849662432501319
0.20922108377093715 0.008849662432501319
0.05674737921531619 0.008848905280764348
0.05674737921531619 0.008848905280764348
0.05674737921531619 0.008848905280764348
0.05674737921531619 0.008848905280764348
0.05674737921531619 0.008848905280764348
0.05674737921531619 0.008848905280764348
0.05674737921531619 0.008848905280764348
0.05674737921531619 0.008848905280764348
0.05674737921531619 0.008848905280764348
0.05674737921531619 0.008848905280764348
0.05674737921531619 0.008848905280764348
0.05674737921531619 0.008848905280764348
0.05674737921531619 0.008848905280764348
0.0004287948342834082 0.008845074812967582
0.6532800999935626 0.008849690056624402
0.6532800999935626 0.008849690056624402
0.6532800999935626 0.008849690056624402
0.6532800999935626 0.008849690056624402
0.6532800999935626 0.008849690056624402
0.6532800999935626 0.008849690056624402
0.6532800999935626 0.008849690056624402
0.6532800999935626 0.008849690056624402
0.6532800999935626 0.008849690056624402
0.6532800999935626 0.008849690056624402
0.6532800999935626 0.008849690056624402
0.6532800999935626 0.008849690056624402
0.6532800999935626 0.008849690056624402
0.6532800999935626 0.008849690056624402
0.6532800999935626 0.008849690056624402
0.6532800999935626 0.008849690056624402
0.6532800999935626 0.008849690056624402
0.6532800999935626 0.008849690056624402
0.29560406443505605 0.008849223843887045
0.29560406443505605 0.008849223843887045
0.29560406443505605 0.008849223843887045
0.29560406443505605 0.008849223843887045
0.29560406443505605 0.008849223843887045
0.29560406443505605 0.008849223843887045
0.07970959983180861 0.00885050984921062
0.07970959983180861 0.00885050984921062
0.07970959983180861 0.00885050984921062
0.07970959983180861 0.00885050984921062
0.07970959983180861 0.00885050984921062
0.07970959983180861 0.00885050984921062
0.07970959983180861 0.00885050984921062
0.07970959983180861 0.00885050984921062
0.07970959983180861 0.00885050984921062
0.07970959983180861 0.00885050984921062
0.07970959983180861 0.00885050984921062
0.07970959983180861 0.00885050984921062
0.07970959983180861 0.00885050984921062
0.08037615165925868 0.008849255214797777
0.08037615165925868 0.008849255214797777
0.08037615165925868 0.008849255214797777
0.08037615165925868 0.008849255214797777
0.08037615165925868 0.008849255214797777
0.08037615165925868 0.008849255214797777
0.08037615165925868 0.008849255214797777
0.0729756842974436 0.008849862654728929
0.0729756842974436 0.008849862654728929
0.0729756842974436 0.008849862654728929
0.0729756842974436 0.008849862654728929
0.0729756842974436 0.008849862654728929
0.0729756842974436 0.008849862654728929
0.0729756842974436 0.008849862654728929
0.0729756842974436 0.008849862654728929
0.0729756842974436 0.008849862654728929
0.0729756842974436 0.008849862654728929
0.0729756842974436 0.008849862654728929
0.0729756842974436 0.008849862654728929
0.0729756842974436 0.008849862654728929
0.007910131309893749 0.008849123907334092
0.007910131309893749 0.008849123907334092
0.007910131309893749 0.008849123907334092
0.007910131309893749 0.008849123907334092
0.007910131309893749 0.008849123907334092
0.007910131309893749 0.008849123907334092
0.007910131309893749 0.008849123907334092
0.007910131309893749 0.008849123907334092
0.007910131309893749 0.008849123907334092
0.007910131309893749 0.008849123907334092
0.007910131309893749 0.008849123907334092
0.007910131309893749 0.008849123907334092
0.007910131309893749 0.008849123907334092
0.0724593392414519 0.008849329632470473
0.0724593392414519 0.008849329632470473
0.0724593392414519 0.008849329632470473
0.0724593392414519 0.008849329632470473
0.0724593392414519 0.008849329632470473
0.0724593392414519 0.008849329632470473
0.0724593392414519 0.008849329632470473
0.0724593392414519 0.008849329632470473
0.0724593392414519 0.008849329632470473
0.0724593392414519 0.008849329632470473
0.0724593392414519 0.008849329632470473
0.0724593392414519 0.008849329632470473
0.0724593392414519 0.008849329632470473
0.3505499847520011 0.008847879111330666
0.3505499847520011 0.008847879111330666
0.3505499847520011 0.008847879111330666
0.3505499847520011 0.008847879111330666
0.3505499847520011 0.008847879111330666
0.3505499847520011 0.008847879111330666
0.3505499847520011 0.008847879111330666
0.3505499847520011 0.008847879111330666
0.3505499847520011 0.008847879111330666
0.3505499847520011 0.008847879111330666
0.3505499847520011 0.008847879111330666
0.3505499847520011 0.008847879111330666
0.3505499847520011 0.008847879111330666
0.3505499847520011 0.008847879111330666
0.3505499847520011 0.008847879111330666
0.3505499847520011 0.008847879111330666
0.3505499847520011 0.008847879111330666
0.3505499847520011 0.008847879111330666
0.8801532659203806 0.00885144940942373
0.8801532659203806 0.00885144940942373
0.8801532659203806 0.00885144940942373
0.8801532659203806 0.00885144940942373
0.8801532659203806 0.00885144940942373
0.8801532659203806 0.00885144940942373
0.8801532659203806 0.00885144940942373
0.8801532659203806 0.00885144940942373
0.8801532659203806 0.00885144940942373
0.8801532659203806 0.00885144940942373
0.8801532659203806 0.00885144940942373
0.8801532659203806 0.00885144940942373
0.8801532659203806 0.00885144940942373
0.8801532659203806 0.00885144940942373
0.8801532659203806 0.00885144940942373
0.8801532659203806 0.00885144940942373
0.8801532659203806 0.00885144940942373
0.8801532659203806 0.00885144940942373
0.6427994028608025 0.008848905280764348
0.6427994028608025 0.008848905280764348
0.6427994028608025 0.008848905280764348
0.6427994028608025 0.008848905280764348
0.6427994028608025 0.008848905280764348
0.6427994028608025 0.008848905280764348
0.6427994028608025 0.008848905280764348
0.6427994028608025 0.008848905280764348
0.6427994028608025 0.008848905280764348
0.6427994028608025 0.008848905280764348
0.6427994028608025 0.008848905280764348
0.6427994028608025 0.008848905280764348
0.6427994028608025 0.008848905280764348
0.6427994028608025 0.008848905280764348
0.6427994028608025 0.008848905280764348
0.6427994028608025 0.008848905280764348
0.6427994028608025 0.008848905280764348
0.6427994028608025 0.008848905280764348
0.017436471879317895 0.008849223843887045
0.017436471879317895 0.008849223843887045
0.017436471879317895 0.008849223843887045
0.017436471879317895 0.008849223843887045
0.017436471879317895 0.008849223843887045
0.017436471879317895 0.008849223843887045
0.017436471879317895 0.008849223843887045
0.017436471879317895 0.008849223843887045
0.017436471879317895 0.008849223843887045
0.017436471879317895 0.008849223843887045
0.017436471879317895 0.008849223843887045
0.017436471879317895 0.008849223843887045
0.017436471879317895 0.008849223843887045
0.011173913854533923 0.008845891225458981
0.011173913854533923 0.008845891225458981
0.011173913854533923 0.008845891225458981
0.011173913854533923 0.008845891225458981
0.011173913854533923 0.008845891225458981
0.011173913854533923 0.008845891225458981
0.011173913854533923 0.008845891225458981
0.054663301378183725 0.008849329632470473
0.054663301378183725 0.008849329632470473
0.054663301378183725 0.008849329632470473
0.054663301378183725 0.008849329632470473
0.054663301378183725 0.008849329632470473
0.24721489676464914 0.008850219652190643
0.24721489676464914 0.008850219652190643
0.24721489676464914 0.008850219652190643
0.24721489676464914 0.008850219652190643
0.24721489676464914 0.008850219652190643
0.048732900003344744 0.008849662432501319
0.048732900003344744 0.008849662432501319
0.048732900003344744 0.008849662432501319
0.048732900003344744 0.008849662432501319
0.048732900003344744 0.008849662432501319
0.048732900003344744 0.008849662432501319
0.6119323967218095 0.008849862654728929
0.6119323967218095 0.008849862654728929
0.6119323967218095 0.008849862654728929
0.6119323967218095 0.008849862654728929
0.6119323967218095 0.008849862654728929
0.6119323967218095 0.008849862654728929
0.6119323967218095 0.008849862654728929
0.6119323967218095 0.008849862654728929
0.6119323967218095 0.008849862654728929
0.6119323967218095 0.008849862654728929
0.6119323967218095 0.008849862654728929
0.6119323967218095 0.008849862654728929
0.6119323967218095 0.008849862654728929
0.6119323967218095 0.008849862654728929
0.6119323967218095 0.008849862654728929
0.6119323967218095 0.008849862654728929
0.6119323967218095 0.008849862654728929
0.6119323967218095 0.008849862654728929
0.007364764906412813 0.008850219652190643
0.6983694603460475 0.008850219652190643
0.6983694603460475 0.008850219652190643
0.6983694603460475 0.008850219652190643
0.6983694603460475 0.008850219652190643
0.6983694603460475 0.008850219652190643
0.6983694603460475 0.008850219652190643
0.16178131660046413 0.008849862654728929
0.16178131660046413 0.008849862654728929
0.16178131660046413 0.008849862654728929
0.16178131660046413 0.008849862654728929
0.16178131660046413 0.008849862654728929
0.16178131660046413 0.008849862654728929
0.0758032621831905 0.008849273661429432
0.0758032621831905 0.008849273661429432
0.0758032621831905 0.008849273661429432
0.0758032621831905 0.008849273661429432
0.0758032621831905 0.008849273661429432
0.0758032621831905 0.008849273661429432
0.0758032621831905 0.008849273661429432
0.024570656718337944 0.008850219652190643
0.024570656718337944 0.008850219652190643
0.024570656718337944 0.008850219652190643
0.024570656718337944 0.008850219652190643
0.024570656718337944 0.008850219652190643
0.024570656718337944 0.008850219652190643
0.024570656718337944 0.008850219652190643
0.024570656718337944 0.008850219652190643
0.024570656718337944 0.008850219652190643
0.024570656718337944 0.008850219652190643
0.024570656718337944 0.008850219652190643
0.024570656718337944 0.008850219652190643
0.024570656718337944 0.008850219652190643
0.024570656718337944 0.008850219652190643
0.024570656718337944 0.008850219652190643
0.024570656718337944 0.008850219652190643
0.024570656718337944 0.008850219652190643
0.024570656718337944 0.008850219652190643
0.2853798588238845 0.008849329632470473
0.2853798588238845 0.008849329632470473
0.2853798588238845 0.008849329632470473
0.2853798588238845 0.008849329632470473
0.2853798588238845 0.008849329632470473
0.2853798588238845 0.008849329632470473