0.5666617151014286 0.5633878850898709
0.21291633907835672 0.21399892031723833
0.8208987453216766 0.8203987580025144
0.25247185759781454 0.255115268815646
0.8338933432847717 0.8321673001047075
0.8377925197549337 0.8363527011996073
0.4302948838254102 0.4320202023861714
0.4302948838254102 0.4320202023861714
0.8192169039191035 0.8166843594546516
0.22337621871909047 0.22486168829051437
0.712655113819577 0.7107160325643915
0.2705793693638205 0.2737727666327303
0.23336799428999988 0.23512374686149265
0.23336799428999988 0.23512374686149265
0.23336799428999988 0.23512374686149265
0.536055969594974 0.5349306358172076
0.5410710597919618 0.54002543413754
0.19068429423891423 0.19230816609723667
0.19068429423891423 0.19230816609723667
0.18054687018807494 0.18167872553956965
0.2801827489882503 0.2808167908784922
0.2801827489882503 0.2808167908784922
0.2801827489882503 0.2808167908784922
0.808297615640183 0.8078534240073622
0.15033169448600942 0.15033024524740315
0.15033169448600942 0.15033024524740315
0.15033169448600942 0.15033024524740315
0.6395236352701199 0.6392692938947201
0.7929364110330535 0.7902690873782187
0.20201806475922712 0.20277021959587982
0.8180249051654487 0.8162669787360466
0.5313437702666961 0.5300872803950625
0.6509320415786556 0.6509363892944744
0.4544435467216411 0.4567536330600311
0.8545341241345328 0.8542174654990634
0.3751223700848167 0.3765216099591677
0.177618683584112 0.1793737115363016
0.381349748375947 0.379939639212049
0.7891183919248425 0.7874220581362067
0.620770487705022 0.6206813595307366
0.3582670004746256 0.3594669700406149
0.6296006985330083 0.6292065056321036
0.6847058226784103 0.6827319596966743
0.9677015438014254 0.9662421605249142
0.10438285985500367 0.1045169144260834
0.46975040488103564 0.47077863967218225
0.24307499447477782 0.24511914552891775
0.24307499447477782 0.24511914552891775
0.5076182850434953 0.507562489357154
0.13045103928523552 0.13196042129366284