1.8532658636678964e-05 1.0507976071159854e-05
1.8532658636678964e-05 1.0507976071159854e-05
1.8532658636678964e-05 1.0507976071159854e-05
1.8532658636678964e-05 1.0507976071159854e-05
1.8532658636678964e-05 1.0507976071159854e-05
5.478967517728772e-06 1.0507996935356448e-05
5.5370464401223365e-06 1.0508010527955511e-05
5.5370464401223365e-06 1.0508010527955511e-05
5.5370464401223365e-06 1.0508010527955511e-05
5.5370464401223365e-06 1.0508010527955511e-05
5.585407669884768e-06 1.050800308123417e-05
5.585407669884768e-06 1.050800308123417e-05
5.585407669884768e-06 1.050800308123417e-05
5.585407669884768e-06 1.050800308123417e-05
5.585407669884768e-06 1.050800308123417e-05
1.0773645817917495e-05 1.0508017282766322e-05
1.707760813538806e-05 1.050800256650664e-05
1.707760813538806e-05 1.050800256650664e-05
1.707760813538806e-05 1.050800256650664e-05
1.707760813538806e-05 1.050800256650664e-05
1.707760813538806e-05 1.050800256650664e-05
1.707760813538806e-05 1.050800256650664e-05
5.379958995106015e-06 1.0508007935129979e-05
5.379958995106015e-06 1.0508007935129979e-05
5.379958995106015e-06 1.0508007935129979e-05
5.379958995106015e-06 1.0508007935129979e-05
5.379958995106015e-06 1.0508007935129979e-05
5.379958995106015e-06 1.0508007935129979e-05
5.379958995106015e-06 1.0508007935129979e-05
5.379958995106015e-06 1.0508007935129979e-05
5.379958995106015e-06 1.0508007935129979e-05
5.379958995106015e-06 1.0508007935129979e-05
5.379958995106015e-06 1.0508007935129979e-05
5.379958995106015e-06 1.0508007935129979e-05
5.379958995106015e-06 1.0508007935129979e-05
5.379958995106015e-06 1.0508007935129979e-05
5.379958995106015e-06 1.0508007935129979e-05
5.379958995106015e-06 1.0508007935129979e-05
5.379958995106015e-06 1.0508007935129979e-05
5.379958995106015e-06 1.0508007935129979e-05
7.673775646665456e-06 1.0504285634361801e-05
5.0027593501205175e-06 1.0508006341270579e-05
5.0027593501205175e-06 1.0508006341270579e-05
5.0027593501205175e-06 1.0508006341270579e-05
5.315204507389543e-06 1.0508004507890858e-05
1.1370398077030875e-05 1.0507996441645441e-05
1.1370398077030875e-05 1.0507996441645441e-05
1.1370398077030875e-05 1.0507996441645441e-05
5.346661898707134e-06 1.0508006953643134e-05
5.346661898707134e-06 1.0508006953643134e-05