0.08551865593988402 0.1428569821740899
0.08551865593988402 0.1428569821740899
0.4308721430718059 0.14285714285714285
0.4308721430718059 0.14285714285714285
0.4308721430718059 0.14285714285714285
0.4308721430718059 0.14285714285714285
0.6676284970122044 0.14285714285714285
0.6676284970122044 0.14285714285714285
0.6676284970122044 0.14285714285714285
0.6676284970122044 0.14285714285714285
0.6676284970122044 0.14285714285714285
0.6676284970122044 0.14285714285714285
0.6676284970122044 0.14285714285714285
0.6676284970122044 0.14285714285714285
0.6676284970122044 0.14285714285714285
0.6676284970122044 0.14285714285714285
0.6676284970122044 0.14285714285714285
0.6676284970122044 0.14285714285714285
0.6676284970122044 0.14285714285714285
0.6676284970122044 0.14285714285714285
0.6676284970122044 0.14285714285714285
0.6676284970122044 0.14285714285714285
0.6676284970122044 0.14285714285714285
0.6676284970122044 0.14285714285714285
0.6676284970122044 0.14285714285714285
0.6676284970122044 0.14285714285714285
0.6676284970122044 0.14285714285714285
0.6676284970122044 0.14285714285714285
0.6676284970122044 0.14285714285714285
0.6676284970122044 0.14285714285714285
0.6676284970122044 0.14285714285714285
0.6676284970122044 0.14285714285714285
0.6676284970122044 0.14285714285714285
0.6676284970122044 0.14285714285714285
0.6676284970122044 0.14285714285714285
0.6676284970122044 0.14285714285714285
0.6676284970122044 0.14285714285714285
0.6676284970122044 0.14285714285714285
0.6676284970122044 0.14285714285714285
0.6676284970122044 0.14285714285714285
0.6676284970122044 0.14285714285714285
0.6676284970122044 0.14285714285714285
0.6676284970122044 0.14285714285714285
0.6676284970122044 0.14285714285714285
0.6676284970122044 0.14285714285714285
0.6676284970122044 0.14285714285714285
0.6676284970122044 0.14285714285714285
0.6676284970122044 0.14285714285714285
0.6676284970122044 0.14285714285714285
0.6676284970122044 0.14285714285714285
0.6676284970122044 0.14285714285714285
0.6676284970122044 0.14285714285714285
0.6676284970122044 0.14285714285714285
0.6676284970122044 0.14285714285714285
0.6676284970122044 0.14285714285714285
0.6676284970122044 0.14285714285714285
0.6676284970122044 0.14285714285714285
0.6676284970122044 0.14285714285714285
0.6676284970122044 0.14285714285714285
0.6676284970122044 0.14285714285714285
0.6676284970122044 0.14285714285714285
0.6676284970122044 0.14285714285714285
0.451578550684423 0.1428569821740899
0.451578550684423 0.1428569821740899
0.451578550684423 0.1428569821740899
0.451578550684423 0.1428569821740899
0.4304681729624654 0.14285714285714285
0.4304681729624654 0.14285714285714285
0.4304681729624654 0.14285714285714285
0.4304681729624654 0.14285714285714285
0.4308721430718059 0.14285714285714285
0.4308721430718059 0.14285714285714285
0.451578550684423 0.1428569821740899
0.451578550684423 0.1428569821740899
0.451578550684423 0.1428569821740899
0.451578550684423 0.1428569821740899
0.4308721430718059 0.14285714285714285
0.4308721430718059 0.14285714285714285
0.4308721430718059 0.14285714285714285
0.4308721430718059 0.14285714285714285
0.4327537744678972 0.14285710134272167
0.4327537744678972 0.14285710134272167
0.4327537744678972 0.14285710134272167
0.4327537744678972 0.14285710134272167
0.4327537744678972 0.14285710134272167
0.4304681729624654 0.14285714285714285
0.4304681729624654 0.14285714285714285
0.4364495965679344 0.14285714285714285
0.4364495965679344 0.14285714285714285
0.4364495965679344 0.14285714285714285
0.4364495965679344 0.14285714285714285
0.4304681729624654 0.14285714285714285
0.42760632920752134 0.14285718958363658
0.42760632920752134 0.14285718958363658
0.42760632920752134 0.14285718958363658
0.42760632920752134 0.14285718958363658
0.451578550684423 0.1428569821740899
0.451578550684423 0.1428569821740899
0.4327537744678972 0.14285710134272167
0.4327537744678972 0.14285710134272167
0.4327537744678972 0.14285710134272167
0.4327537744678972 0.14285710134272167
0.4327537744678972 0.14285710134272167
0.451578550684423 0.1428569821740899
0.451578550684423 0.1428569821740899
0.42760632920752134 0.14285718958363658
0.42760632920752134 0.14285718958363658
0.42760632920752134 0.14285718958363658
0.42760632920752134 0.14285718958363658
0.6385967352414834 0.14285714285714285
0.6385967352414834 0.14285714285714285
0.6385967352414834 0.14285714285714285
0.6385967352414834 0.14285714285714285
0.6385967352414834 0.14285714285714285
0.6385967352414834 0.14285714285714285
0.6385967352414834 0.14285714285714285
0.6385967352414834 0.14285714285714285
0.6385967352414834 0.14285714285714285
0.6385967352414834 0.14285714285714285
0.6385967352414834 0.14285714285714285
0.6385967352414834 0.14285714285714285
0.6385967352414834 0.14285714285714285
0.6385967352414834 0.14285714285714285
0.6385967352414834 0.14285714285714285
0.6385967352414834 0.14285714285714285
0.6385967352414834 0.14285714285714285
0.6385967352414834 0.14285714285714285
0.6385967352414834 0.14285714285714285
0.6385967352414834 0.14285714285714285
0.6385967352414834 0.14285714285714285
0.6385967352414834 0.14285714285714285
0.6385967352414834 0.14285714285714285
0.6385967352414834 0.14285714285714285
0.6385967352414834 0.14285714285714285
0.6385967352414834 0.14285714285714285
0.6385967352414834 0.14285714285714285
0.6385967352414834 0.14285714285714285
0.2554459639042394 0.14285714285714285
0.4308721430718059 0.14285714285714285
0.4308721430718059 0.14285714285714285
0.4308721430718059 0.14285714285714285
0.4308721430718059 0.14285714285714285
0.4308721430718059 0.14285714285714285
0.4308721430718059 0.14285714285714285
0.23884715209670354 0.1428569821740899
0.23884715209670354 0.1428569821740899
0.6553324246441019 0.1428569821740899
0.6553324246441019 0.1428569821740899
0.6553324246441019 0.1428569821740899
0.6553324246441019 0.1428569821740899
0.6553324246441019 0.1428569821740899
0.6553324246441019 0.1428569821740899
0.6553324246441019 0.1428569821740899
0.6553324246441019 0.1428569821740899
0.6553324246441019 0.1428569821740899
0.6553324246441019 0.1428569821740899
0.6553324246441019 0.1428569821740899
0.6553324246441019 0.1428569821740899
0.6553324246441019 0.1428569821740899
0.6553324246441019 0.1428569821740899
0.6553324246441019 0.1428569821740899
0.6553324246441019 0.1428569821740899
0.6553324246441019 0.1428569821740899
0.6553324246441019 0.1428569821740899
0.6553324246441019 0.1428569821740899
0.6553324246441019 0.1428569821740899
0.6553324246441019 0.1428569821740899
0.6553324246441019 0.1428569821740899
0.6553324246441019 0.1428569821740899
0.6553324246441019 0.1428569821740899
0.6553324246441019 0.1428569821740899
0.6553324246441019 0.1428569821740899
0.6553324246441019 0.1428569821740899
0.6553324246441019 0.1428569821740899
0.6553324246441019 0.1428569821740899
0.6553324246441019 0.1428569821740899
0.6553324246441019 0.1428569821740899
0.6553324246441019 0.1428569821740899
0.6553324246441019 0.1428569821740899
0.6553324246441019 0.1428569821740899
0.6553324246441019 0.1428569821740899
0.6553324246441019 0.1428569821740899
0.6553324246441019 0.1428569821740899
0.6553324246441019 0.1428569821740899
0.6553324246441019 0.1428569821740899
0.6553324246441019 0.1428569821740899
0.6553324246441019 0.1428569821740899
0.6553324246441019 0.1428569821740899
0.6553324246441019 0.1428569821740899
0.6553324246441019 0.1428569821740899
0.6553324246441019 0.1428569821740899
0.6553324246441019 0.1428569821740899
0.6553324246441019 0.1428569821740899
0.6553324246441019 0.1428569821740899
0.6553324246441019 0.1428569821740899
0.6553324246441019 0.1428569821740899
0.6553324246441019 0.1428569821740899
0.6553324246441019 0.1428569821740899
0.6553324246441019 0.1428569821740899
0.6553324246441019 0.1428569821740899
0.6553324246441019 0.1428569821740899
0.6553324246441019 0.1428569821740899
0.4327537744678972 0.14285710134272167
0.4327537744678972 0.14285710134272167
0.4327537744678972 0.14285710134272167
0.4327537744678972 0.14285710134272167
0.4327537744678972 0.14285710134272167
0.4327537744678972 0.14285710134272167
0.4327537744678972 0.14285710134272167
0.4327537744678972 0.14285710134272167
0.4327537744678972 0.14285710134272167
0.4327537744678972 0.14285710134272167
0.42760632920752134 0.14285718958363658
0.42760632920752134 0.14285718958363658
0.42760632920752134 0.14285718958363658
0.42760632920752134 0.14285718958363658
0.4327537744678972 0.14285710134272167
0.4327537744678972 0.14285710134272167
0.4327537744678972 0.14285710134272167
0.4327537744678972 0.14285710134272167
0.4327537744678972 0.14285710134272167
0.4327537744678972 0.14285710134272167
0.4327537744678972 0.14285710134272167
0.4327537744678972 0.14285710134272167
0.4327537744678972 0.14285710134272167
0.4327537744678972 0.14285710134272167
0.4327537744678972 0.14285710134272167
0.4327537744678972 0.14285710134272167
0.4327537744678972 0.14285710134272167
0.4327537744678972 0.14285710134272167
0.4327537744678972 0.14285710134272167
0.4304681729624654 0.14285714285714285
0.4308721430718059 0.14285714285714285
0.4308721430718059 0.14285714285714285
0.4308721430718059 0.14285714285714285
0.4308721430718059 0.14285714285714285
0.4327537744678972 0.14285710134272167
0.4327537744678972 0.14285710134272167
0.4327537744678972 0.14285710134272167
0.4327537744678972 0.14285710134272167
0.4327537744678972 0.14285710134272167
0.451578550684423 0.1428569821740899
0.451578550684423 0.1428569821740899
0.451578550684423 0.1428569821740899
0.451578550684423 0.1428569821740899
0.451578550684423 0.1428569821740899
0.451578550684423 0.1428569821740899
0.451578550684423 0.1428569821740899
0.451578550684423 0.1428569821740899
0.4308721430718059 0.14285714285714285
0.4308721430718059 0.14285714285714285
0.43063910773115655 0.14285714285714285
0.43063910773115655 0.14285714285714285
0.451578550684423 0.1428569821740899
0.451578550684423 0.1428569821740899
0.451578550684423 0.1428569821740899
0.451578550684423 0.1428569821740899
0.4327537744678972 0.14285710134272167
0.4327537744678972 0.14285710134272167
0.4327537744678972 0.14285710134272167
0.4327537744678972 0.14285710134272167
0.4327537744678972 0.14285710134272167
0.4327537744678972 0.14285710134272167
0.4327537744678972 0.14285710134272167
0.4327537744678972 0.14285710134272167
0.4327537744678972 0.14285710134272167
0.4327537744678972 0.14285710134272167
0.17816230414591025 0.1428569821740899
0.17816230414591025 0.1428569821740899
0.08174934990669395 0.14285714285714285
0.4364495965679344 0.14285714285714285
0.4364495965679344 0.14285714285714285
0.4364495965679344 0.14285714285714285
0.4364495965679344 0.14285714285714285
0.08340372202825226 0.14285718958363658
0.08340372202825226 0.14285718958363658
0.4308721430718059 0.14285714285714285
0.4308721430718059 0.14285714285714285
0.42760632920752134 0.14285718958363658
0.42760632920752134 0.14285718958363658
0.42760632920752134 0.14285718958363658
0.42760632920752134 0.14285718958363658
0.42760632920752134 0.14285718958363658
0.42760632920752134 0.14285718958363658
0.4308721430718059 0.14285714285714285
0.4308721430718059 0.14285714285714285
0.4364495965679344 0.14285714285714285
0.4364495965679344 0.14285714285714285
0.4364495965679344 0.14285714285714285
0.4364495965679344 0.14285714285714285
0.4308721430718059 0.14285714285714285
0.4308721430718059 0.14285714285714285
0.4308721430718059 0.14285714285714285
0.4308721430718059 0.14285714285714285
0.4308721430718059 0.14285714285714285
0.4308721430718059 0.14285714285714285
0.18572266296489598 0.14285718958363658
0.18572266296489598 0.14285718958363658
0.451578550684423 0.1428569821740899
0.451578550684423 0.1428569821740899
0.451578550684423 0.1428569821740899
0.451578550684423 0.1428569821740899
0.4364495965679344 0.14285714285714285
0.4364495965679344 0.14285714285714285
0.4364495965679344 0.14285714285714285
0.4364495965679344 0.14285714285714285
0.42760632920752134 0.14285718958363658
0.42760632920752134 0.14285718958363658
0.42760632920752134 0.14285718958363658
0.42760632920752134 0.14285718958363658
0.4327537744678972 0.14285710134272167
0.4327537744678972 0.14285710134272167
0.4327537744678972 0.14285710134272167
0.4327537744678972 0.14285710134272167
0.4327537744678972 0.14285710134272167
0.4304681729624654 0.14285714285714285
0.4304681729624654 0.14285714285714285
0.42760632920752134 0.14285718958363658
0.42760632920752134 0.14285718958363658
0.4327537744678972 0.14285710134272167
0.4327537744678972 0.14285710134272167
0.4327537744678972 0.14285710134272167
0.4327537744678972 0.14285710134272167
0.4327537744678972 0.14285710134272167
0.4364495965679344 0.14285714285714285
0.4364495965679344 0.14285714285714285
0.4304681729624654 0.14285714285714285
0.4304681729624654 0.14285714285714285
0.4304681729624654 0.14285714285714285
0.451578550684423 0.1428569821740899
0.451578550684423 0.1428569821740899
0.4364495965679344 0.14285714285714285
0.4364495965679344 0.14285714285714285
0.4364495965679344 0.14285714285714285
0.4364495965679344 0.14285714285714285
0.18610589287258794 0.14285714285714285
0.4304681729624654 0.14285714285714285
0.4304681729624654 0.14285714285714285
0.4304681729624654 0.14285714285714285
0.4304681729624654 0.14285714285714285
0.4304681729624654 0.14285714285714285
0.4304681729624654 0.14285714285714285
0.42760632920752134 0.14285718958363658
0.42760632920752134 0.14285718958363658
0.6671548000547249 0.14285710134272167
0.6671548000547249 0.14285710134272167
0.6671548000547249 0.14285710134272167
0.6671548000547249 0.14285710134272167
0.6671548000547249 0.14285710134272167
0.6671548000547249 0.14285710134272167
0.6671548000547249 0.14285710134272167
0.6671548000547249 0.14285710134272167
0.6671548000547249 0.14285710134272167
0.6671548000547249 0.14285710134272167
0.6671548000547249 0.14285710134272167
0.6671548000547249 0.14285710134272167
0.6671548000547249 0.14285710134272167
0.6671548000547249 0.14285710134272167
0.6671548000547249 0.14285710134272167
0.6671548000547249 0.14285710134272167
0.6671548000547249 0.14285710134272167
0.6671548000547249 0.14285710134272167
0.6671548000547249 0.14285710134272167
0.6671548000547249 0.14285710134272167
0.6671548000547249 0.14285710134272167
0.6671548000547249 0.14285710134272167
0.6671548000547249 0.14285710134272167
0.6671548000547249 0.14285710134272167
0.6671548000547249 0.14285710134272167
0.6671548000547249 0.14285710134272167
0.6671548000547249 0.14285710134272167
0.6671548000547249 0.14285710134272167
0.6671548000547249 0.14285710134272167
0.6671548000547249 0.14285710134272167
0.6671548000547249 0.14285710134272167
0.6671548000547249 0.14285710134272167
0.6671548000547249 0.14285710134272167
0.6671548000547249 0.14285710134272167
0.6671548000547249 0.14285710134272167
0.6671548000547249 0.14285710134272167
0.6671548000547249 0.14285710134272167
0.6671548000547249 0.14285710134272167
0.6671548000547249 0.14285710134272167
0.6671548000547249 0.14285710134272167
0.6671548000547249 0.14285710134272167
0.6671548000547249 0.14285710134272167
0.6671548000547249 0.14285710134272167
0.6671548000547249 0.14285710134272167
0.6671548000547249 0.14285710134272167
0.6671548000547249 0.14285710134272167
0.6671548000547249 0.14285710134272167
0.6671548000547249 0.14285710134272167
0.6671548000547249 0.14285710134272167
0.6671548000547249 0.14285710134272167
0.6671548000547249 0.14285710134272167
0.6671548000547249 0.14285710134272167
0.6671548000547249 0.14285710134272167
0.6671548000547249 0.14285710134272167
0.6671548000547249 0.14285710134272167
0.6671548000547249 0.14285710134272167
0.6671548000547249 0.14285710134272167
0.6671548000547249 0.14285710134272167
0.6671548000547249 0.14285710134272167
0.6671548000547249 0.14285710134272167
0.6671548000547249 0.14285710134272167
0.6671548000547249 0.14285710134272167
0.6671548000547249 0.14285710134272167
0.6671548000547249 0.14285710134272167
0.6671548000547249 0.14285710134272167
0.6671548000547249 0.14285710134272167
0.6671548000547249 0.14285710134272167
0.6671548000547249 0.14285710134272167
0.6671548000547249 0.14285710134272167
0.6671548000547249 0.14285710134272167
0.6671548000547249 0.14285710134272167
0.6671548000547249 0.14285710134272167
0.6671548000547249 0.14285710134272167
0.6671548000547249 0.14285710134272167
0.6671548000547249 0.14285710134272167
0.6671548000547249 0.14285710134272167
0.6671548000547249 0.14285710134272167
0.6671548000547249 0.14285710134272167
0.6671548000547249 0.14285710134272167
0.6671548000547249 0.14285710134272167
0.6671548000547249 0.14285710134272167
0.6671548000547249 0.14285710134272167
0.6671548000547249 0.14285710134272167
0.6671548000547249 0.14285710134272167
0.6671548000547249 0.14285710134272167
0.6671548000547249 0.14285710134272167
0.6671548000547249 0.14285710134272167
0.6671548000547249 0.14285710134272167
0.6671548000547249 0.14285710134272167
0.6671548000547249 0.14285710134272167
0.6671548000547249 0.14285710134272167
0.6671548000547249 0.14285710134272167
0.6671548000547249 0.14285710134272167
0.6671548000547249 0.14285710134272167
0.6671548000547249 0.14285710134272167
0.6671548000547249 0.14285710134272167
0.6671548000547249 0.14285710134272167
0.6671548000547249 0.14285710134272167
0.6671548000547249 0.14285710134272167
0.6671548000547249 0.14285710134272167
0.6671548000547249 0.14285710134272167
0.6671548000547249 0.14285710134272167
0.6671548000547249 0.14285710134272167
0.6671548000547249 0.14285710134272167
0.6671548000547249 0.14285710134272167
0.6671548000547249 0.14285710134272167
0.6671548000547249 0.14285710134272167
0.6671548000547249 0.14285710134272167
0.6671548000547249 0.14285710134272167
0.6671548000547249 0.14285710134272167
0.6671548000547249 0.14285710134272167
0.6671548000547249 0.14285710134272167
0.6671548000547249 0.14285710134272167
0.6671548000547249 0.14285710134272167
0.6671548000547249 0.14285710134272167
0.6671548000547249 0.14285710134272167
0.6671548000547249 0.14285710134272167
0.6671548000547249 0.14285710134272167
0.6671548000547249 0.14285710134272167
0.6671548000547249 0.14285710134272167
0.6671548000547249 0.14285710134272167
0.6671548000547249 0.14285710134272167
0.6671548000547249 0.14285710134272167
0.6671548000547249 0.14285710134272167
0.6671548000547249 0.14285710134272167
0.6671548000547249 0.14285710134272167
0.6671548000547249 0.14285710134272167
0.6671548000547249 0.14285710134272167
0.6671548000547249 0.14285710134272167
0.6671548000547249 0.14285710134272167
0.6671548000547249 0.14285710134272167
0.6671548000547249 0.14285710134272167
0.6671548000547249 0.14285710134272167
0.6671548000547249 0.14285710134272167
0.6671548000547249 0.14285710134272167
0.6671548000547249 0.14285710134272167
0.6671548000547249 0.14285710134272167
0.6671548000547249 0.14285710134272167
0.6671548000547249 0.14285710134272167
0.6671548000547249 0.14285710134272167
0.08175768257089155 0.14285714285714285
0.08175768257089155 0.14285714285714285
0.6686008199980461 0.14285714285714285
0.6686008199980461 0.14285714285714285
0.6686008199980461 0.14285714285714285
0.6686008199980461 0.14285714285714285
0.6686008199980461 0.14285714285714285
0.6686008199980461 0.14285714285714285
0.6686008199980461 0.14285714285714285
0.6686008199980461 0.14285714285714285
0.6686008199980461 0.14285714285714285
0.6686008199980461 0.14285714285714285
0.6686008199980461 0.14285714285714285
0.6686008199980461 0.14285714285714285
0.6686008199980461 0.14285714285714285
0.6686008199980461 0.14285714285714285
0.6686008199980461 0.14285714285714285
0.6686008199980461 0.14285714285714285
0.6686008199980461 0.14285714285714285
0.6686008199980461 0.14285714285714285
0.6686008199980461 0.14285714285714285
0.6686008199980461 0.14285714285714285
0.6686008199980461 0.14285714285714285
0.6686008199980461 0.14285714285714285
0.6686008199980461 0.14285714285714285
0.6686008199980461 0.14285714285714285
0.6686008199980461 0.14285714285714285
0.6686008199980461 0.14285714285714285
0.6686008199980461 0.14285714285714285
0.6686008199980461 0.14285714285714285
0.254063656164922 0.14285710134272167
0.254063656164922 0.14285710134272167
0.254063656164922 0.14285710134272167
0.254063656164922 0.14285710134272167
0.254063656164922 0.14285710134272167
0.451578550684423 0.1428569821740899
0.451578550684423 0.1428569821740899
0.43063910773115655 0.14285714285714285
0.43063910773115655 0.14285714285714285
0.4364495965679344 0.14285714285714285
0.4364495965679344 0.14285714285714285
0.4364495965679344 0.14285714285714285
0.4364495965679344 0.14285714285714285
0.4364495965679344 0.14285714285714285
0.4364495965679344 0.14285714285714285
0.4364495965679344 0.14285714285714285
0.4364495965679344 0.14285714285714285
0.4364495965679344 0.14285714285714285
0.4364495965679344 0.14285714285714285
0.4364495965679344 0.14285714285714285
0.4364495965679344 0.14285714285714285
0.18459350408591535 0.14285710134272167
0.18459350408591535 0.14285710134272167
0.18459350408591535 0.14285710134272167
0.18459350408591535 0.14285710134272167
0.18459350408591535 0.14285710134272167
0.4364495965679344 0.14285714285714285
0.4364495965679344 0.14285714285714285
0.4364495965679344 0.14285714285714285
0.4364495965679344 0.14285714285714285
0.08224963136639465 0.14285710134272167
0.08224963136639465 0.14285710134272167
0.08224963136639465 0.14285710134272167
0.08224963136639465 0.14285710134272167
0.08224963136639465 0.14285710134272167
0.6609830381685734 0.14285718958363658
0.6609830381685734 0.14285718958363658
0.6609830381685734 0.14285718958363658
0.6609830381685734 0.14285718958363658
0.6609830381685734 0.14285718958363658
0.6609830381685734 0.14285718958363658
0.6609830381685734 0.14285718958363658
0.6609830381685734 0.14285718958363658
0.6609830381685734 0.14285718958363658
0.6609830381685734 0.14285718958363658
0.6609830381685734 0.14285718958363658
0.6609830381685734 0.14285718958363658
0.6609830381685734 0.14285718958363658
0.6609830381685734 0.14285718958363658
0.6609830381685734 0.14285718958363658
0.6609830381685734 0.14285718958363658
0.6609830381685734 0.14285718958363658
0.6609830381685734 0.14285718958363658
0.6609830381685734 0.14285718958363658
0.6609830381685734 0.14285718958363658
0.6609830381685734 0.14285718958363658
0.6609830381685734 0.14285718958363658
0.6609830381685734 0.14285718958363658
0.6609830381685734 0.14285718958363658
0.6609830381685734 0.14285718958363658
0.6609830381685734 0.14285718958363658
0.6609830381685734 0.14285718958363658
0.6609830381685734 0.14285718958363658
0.6609830381685734 0.14285718958363658
0.6609830381685734 0.14285718958363658
0.6609830381685734 0.14285718958363658
0.6609830381685734 0.14285718958363658
0.6609830381685734 0.14285718958363658
0.6609830381685734 0.14285718958363658
0.6609830381685734 0.14285718958363658
0.6609830381685734 0.14285718958363658
0.6609830381685734 0.14285718958363658
0.6609830381685734 0.14285718958363658
0.6609830381685734 0.14285718958363658
0.6609830381685734 0.14285718958363658
0.6609830381685734 0.14285718958363658
0.6609830381685734 0.14285718958363658
0.6609830381685734 0.14285718958363658
0.6609830381685734 0.14285718958363658
0.6609830381685734 0.14285718958363658
0.6609830381685734 0.14285718958363658
0.6609830381685734 0.14285718958363658
0.6609830381685734 0.14285718958363658
0.6609830381685734 0.14285718958363658
0.6609830381685734 0.14285718958363658
0.6609830381685734 0.14285718958363658
0.6609830381685734 0.14285718958363658
0.6609830381685734 0.14285718958363658
0.6609830381685734 0.14285718958363658
0.6609830381685734 0.14285718958363658
0.6609830381685734 0.14285718958363658
0.6686701881102888 0.14285714285714285
0.6686701881102888 0.14285714285714285
0.6686701881102888 0.14285714285714285
0.6686701881102888 0.14285714285714285
0.6686701881102888 0.14285714285714285
0.6686701881102888 0.14285714285714285
0.6686701881102888 0.14285714285714285
0.6686701881102888 0.14285714285714285
0.6686701881102888 0.14285714285714285
0.6686701881102888 0.14285714285714285
0.6686701881102888 0.14285714285714285
0.6686701881102888 0.14285714285714285
0.6686701881102888 0.14285714285714285
0.6686701881102888 0.14285714285714285
0.6686701881102888 0.14285714285714285
0.6686701881102888 0.14285714285714285
0.6686701881102888 0.14285714285714285
0.6686701881102888 0.14285714285714285
0.6686701881102888 0.14285714285714285
0.6686701881102888 0.14285714285714285
0.6686701881102888 0.14285714285714285
0.6686701881102888 0.14285714285714285
0.6686701881102888 0.14285714285714285
0.6686701881102888 0.14285714285714285
0.6686701881102888 0.14285714285714285
0.6686701881102888 0.14285714285714285
0.6686701881102888 0.14285714285714285
0.6686701881102888 0.14285714285714285
0.6686701881102888 0.14285714285714285
0.6686701881102888 0.14285714285714285
0.6686701881102888 0.14285714285714285
0.6686701881102888 0.14285714285714285
0.6686701881102888 0.14285714285714285
0.6686701881102888 0.14285714285714285
0.6686701881102888 0.14285714285714285
0.6686701881102888 0.14285714285714285
0.6686701881102888 0.14285714285714285
0.6686701881102888 0.14285714285714285
0.6686701881102888 0.14285714285714285
0.6686701881102888 0.14285714285714285
0.6686701881102888 0.14285714285714285
0.6686701881102888 0.14285714285714285
0.6686701881102888 0.14285714285714285
0.6686701881102888 0.14285714285714285
0.6686701881102888 0.14285714285714285
0.6686701881102888 0.14285714285714285
0.6686701881102888 0.14285714285714285
0.6686701881102888 0.14285714285714285
0.6686701881102888 0.14285714285714285
0.6686701881102888 0.14285714285714285
0.6686701881102888 0.14285714285714285
0.6686701881102888 0.14285714285714285
0.6686701881102888 0.14285714285714285
0.6686701881102888 0.14285714285714285
0.6686701881102888 0.14285714285714285
0.6686701881102888 0.14285714285714285
0.4308721430718059 0.14285714285714285
0.4308721430718059 0.14285714285714285
0.4327537744678972 0.14285710134272167
0.4327537744678972 0.14285710134272167
0.4327537744678972 0.14285710134272167
0.4327537744678972 0.14285710134272167
0.4327537744678972 0.14285710134272167
0.4327537744678972 0.14285710134272167
0.4327537744678972 0.14285710134272167
0.4327537744678972 0.14285710134272167
0.4327537744678972 0.14285710134272167
0.4327537744678972 0.14285710134272167
0.25238025757263205 0.14285714285714285
0.25238025757263205 0.14285714285714285
0.42760632920752134 0.14285718958363658
0.42760632920752134 0.14285718958363658
0.42760632920752134 0.14285718958363658
0.42760632920752134 0.14285718958363658
0.451578550684423 0.1428569821740899
0.451578550684423 0.1428569821740899
0.451578550684423 0.1428569821740899
0.451578550684423 0.1428569821740899
0.43063910773115655 0.14285714285714285
0.42760632920752134 0.14285718958363658
0.42760632920752134 0.14285718958363658
0.42760632920752134 0.14285718958363658
0.42760632920752134 0.14285718958363658
0.25530890735071643 0.14285714285714285
0.25530890735071643 0.14285714285714285
0.4327537744678972 0.14285710134272167
0.4327537744678972 0.14285710134272167
0.4327537744678972 0.14285710134272167
0.4327537744678972 0.14285710134272167
0.4327537744678972 0.14285710134272167
0.451578550684423 0.1428569821740899
0.451578550684423 0.1428569821740899
0.08225179829570707 0.14285714285714285
0.08225179829570707 0.14285714285714285
0.2539643902467985 0.14285718958363658
0.2539643902467985 0.14285718958363658
0.18353182090333228 0.14285714285714285
0.18353182090333228 0.14285714285714285
0.4308721430718059 0.14285714285714285
0.4308721430718059 0.14285714285714285
0.4308721430718059 0.14285714285714285
0.4308721430718059 0.14285714285714285
0.4327537744678972 0.14285710134272167
0.4327537744678972 0.14285710134272167
0.4327537744678972 0.14285710134272167
0.4327537744678972 0.14285710134272167
0.4327537744678972 0.14285710134272167
0.4327537744678972 0.14285710134272167
0.4327537744678972 0.14285710134272167
0.4327537744678972 0.14285710134272167
0.4327537744678972 0.14285710134272167
0.4327537744678972 0.14285710134272167
0.4327537744678972 0.14285710134272167
0.4327537744678972 0.14285710134272167
0.4327537744678972 0.14285710134272167
0.4327537744678972 0.14285710134272167
0.4327537744678972 0.14285710134272167
0.4327537744678972 0.14285710134272167
0.4327537744678972 0.14285710134272167
0.4327537744678972 0.14285710134272167
0.4327537744678972 0.14285710134272167
0.4327537744678972 0.14285710134272167
0.1859145863152694 0.14285714285714285
0.1859145863152694 0.14285714285714285
0.42760632920752134 0.14285718958363658
0.42760632920752134 0.14285718958363658
0.42760632920752134 0.14285718958363658
0.42760632920752134 0.14285718958363658