0.5 0.25000370134580935
0.5 0.25000370134580935
0.5 0.25000370134580935
0.5 0.25000370134580935
0.5 0.25000370134580935
0.5 0.25000370134580935
0.5 0.25000370134580935
0.5 0.25000370134580935
0.5 0.25000370134580935
0.5 0.25000370134580935
0.5 0.25000370134580935
0.5 0.25000370134580935
0.5 0.25000370134580935
0.5 0.25000370134580935
0.5 0.25000370134580935
0.5 0.25000370134580935
0.5 0.25000370134580935
0.5 0.25000370134580935
0.5 0.25000370134580935
0.5 0.25000370134580935
0.5 0.25000370134580935
0.5 0.25000370134580935
0.5 0.25000370134580935
0.5 0.25000370134580935
0.5 0.25000370134580935
0.5 0.25000370134580935
0.5 0.25000370134580935
0.5 0.25000370134580935
0.5 0.25000370134580935
0.5 0.25000370134580935
0.5 0.25000370134580935
0.5 0.25000370134580935
0.5 0.25000370134580935
0.5 0.25000370134580935
0.5 0.25000370134580935
0.5 0.25000370134580935
0.5 0.25000370134580935
0.5 0.25000370134580935
0.5 0.25000370134580935
0.5 0.25000370134580935
0.5 0.25000370134580935
0.5 0.25000370134580935
0.5 0.25000370134580935
0.5 0.25000370134580935
0.5 0.25000370134580935
0.5 0.25000370134580935
0.5 0.25000370134580935
0.5 0.25000370134580935
0.5 0.25000370134580935
0.5 0.25000370134580935