8.973116542837659e-06 8.973116542837659e-06
8.973116542837659e-06 8.973116542837659e-06
8.973116542837659e-06 8.973116542837659e-06
8.973116542837659e-06 8.973116542837659e-06
8.973116542837659e-06 8.973116542837659e-06
8.973116542837659e-06 8.973116542837659e-06
8.973116542837659e-06 8.973116542837659e-06
8.973116542837659e-06 8.973116542837659e-06
8.973116542837659e-06 8.973116542837659e-06
8.973116542837659e-06 8.973116542837659e-06
8.973116542837659e-06 8.973116542837659e-06
8.973116542837659e-06 8.973116542837659e-06
8.973116542837659e-06 8.973116542837659e-06
8.973116542837659e-06 8.973116542837659e-06
8.973116542837659e-06 8.973116542837659e-06
8.973116542837659e-06 8.973116542837659e-06
8.973116542837659e-06 8.973116542837659e-06
8.973116542837659e-06 8.973116542837659e-06
8.973116542837659e-06 8.973116542837659e-06
8.973116542837659e-06 8.973116542837659e-06
8.973116542837659e-06 8.973116542837659e-06
8.973116542837659e-06 8.973116542837659e-06
8.973116542837659e-06 8.973116542837659e-06
8.973116542837659e-06 8.973116542837659e-06
8.973116542837659e-06 8.973116542837659e-06
8.973116542837659e-06 8.973116542837659e-06
8.973116542837659e-06 8.973116542837659e-06
8.973116542837659e-06 8.973116542837659e-06
8.973116542837659e-06 8.973116542837659e-06
8.973116542837659e-06 8.973116542837659e-06
8.973116542837659e-06 8.973116542837659e-06
8.973116542837659e-06 8.973116542837659e-06
8.973116542837659e-06 8.973116542837659e-06
8.973116542837659e-06 8.973116542837659e-06
8.973116542837659e-06 8.973116542837659e-06
8.973116542837659e-06 8.973116542837659e-06
8.973116542837659e-06 8.973116542837659e-06
8.973116542837659e-06 8.973116542837659e-06
8.973116542837659e-06 8.973116542837659e-06
8.973116542837659e-06 8.973116542837659e-06
8.973116542837659e-06 8.973116542837659e-06
8.973116542837659e-06 8.973116542837659e-06
8.973116542837659e-06 8.973116542837659e-06
8.973116542837659e-06 8.973116542837659e-06
8.973116542837659e-06 8.973116542837659e-06
8.973116542837659e-06 8.973116542837659e-06
8.973116542837659e-06 8.973116542837659e-06
8.973116542837659e-06 8.973116542837659e-06
8.973116542837659e-06 8.973116542837659e-06
8.973116542837659e-06 8.973116542837659e-06