6.777796715543916e-07 1.5086929431584519e-06
6.777796715543916e-07 1.5086929431584519e-06
1.6279015552070739e-06 1.5086941905857078e-06
1.5852543124457515e-06 1.5086938855931615e-06
1.5852543124457515e-06 1.5086938855931615e-06
1.5852543124457515e-06 1.5086938855931615e-06
4.856373517572474e-07 1.5086965359357743e-06
1.6588415505228045e-06 1.5086941689170553e-06
1.6588415505228045e-06 1.5086941689170553e-06
1.2940823394119028e-06 1.5086934404282122e-06
1.1502504584863141e-06 1.5086939307536635e-06
1.3935349954512505e-06 1.5086938034394008e-06
1.2499159329091936e-06 1.5086936964529945e-06
1.2499159329091936e-06 1.5086936964529945e-06
1.2499159329091936e-06 1.5086936964529945e-06
4.6130512853935517e-07 1.5087010478424422e-06
1.6320958136120922e-06 1.5086936657757236e-06
1.6318663144037111e-06 1.5086940740772267e-06
1.5631812182014454e-06 1.508694129665446e-06
1.5631812182014454e-06 1.508694129665446e-06
1.7498294370899756e-06 1.5086941008062151e-06
1.4592899142901903e-06 1.5086934763697946e-06
1.3649177975573686e-06 1.5086940258780374e-06
1.02253970906074e-06 1.5086943311422631e-06
1.02253970906074e-06 1.5086943311422631e-06
1.6144280818647404e-06 1.5086939669438755e-06
1.6386570660218068e-06 1.5086936012680171e-06
1.6386570660218068e-06 1.5086936012680171e-06
1.6386570660218068e-06 1.5086936012680171e-06
1.417694185731734e-06 1.5086935677978717e-06
1.417694185731734e-06 1.5086935677978717e-06
1.417694185731734e-06 1.5086935677978717e-06
1.6975147175506082e-06 1.508693869046698e-06
1.59250588165705e-06 1.5086942313963445e-06
1.59250588165705e-06 1.5086942313963445e-06
1.59250588165705e-06 1.5086942313963445e-06
1.66583418063202e-06 1.5086937227283943e-06
1.556837560361282e-06 1.5086937600896837e-06
1.556837560361282e-06 1.5086937600896837e-06
1.7643719162293168e-06 1.5086940886609335e-06
1.7726066369527114e-06 1.50869378005508e-06
1.7726066369527114e-06 1.50869378005508e-06
1.0929294038791941e-06 1.5086944867413012e-06
1.0929294038791941e-06 1.5086944867413012e-06
1.0929294038791941e-06 1.5086944867413012e-06
5.750990500933833e-07 1.5086952582156565e-06
8.206165137917421e-07 1.5086938774627601e-06
8.206165137917421e-07 1.5086938774627601e-06
8.206165137917421e-07 1.5086938774627601e-06
8.206165137917421e-07 1.5086938774627601e-06