3.023126533298026e-07 3.955307485032922e-07
4.0437684452932196e-07 3.955312155174383e-07
4.0437684452932196e-07 3.955312155174383e-07
4.0437684452932196e-07 3.955312155174383e-07
4.0437684452932196e-07 3.955312155174383e-07
4.0437684452932196e-07 3.955312155174383e-07
4.0437684452932196e-07 3.955312155174383e-07
4.0437684452932196e-07 3.955312155174383e-07
4.0437684452932196e-07 3.955312155174383e-07
4.0437684452932196e-07 3.955312155174383e-07
4.0437684452932196e-07 3.955312155174383e-07
4.0437684452932196e-07 3.955312155174383e-07
4.0437684452932196e-07 3.955312155174383e-07
4.0437684452932196e-07 3.955312155174383e-07
4.0437684452932196e-07 3.955312155174383e-07
4.0437684452932196e-07 3.955312155174383e-07
4.0437684452932196e-07 3.955312155174383e-07
4.0437684452932196e-07 3.955312155174383e-07
4.0437684452932196e-07 3.955312155174383e-07
4.0437684452932196e-07 3.955312155174383e-07
4.0437684452932196e-07 3.955312155174383e-07
4.0437684452932196e-07 3.955312155174383e-07
4.0437684452932196e-07 3.955312155174383e-07
4.0437684452932196e-07 3.955312155174383e-07
4.0437684452932196e-07 3.955312155174383e-07
4.0437684452932196e-07 3.955312155174383e-07
4.0437684452932196e-07 3.955312155174383e-07
4.0437684452932196e-07 3.955312155174383e-07
4.0437684452932196e-07 3.955312155174383e-07
4.0437684452932196e-07 3.955312155174383e-07
4.0437684452932196e-07 3.955312155174383e-07
4.0437684452932196e-07 3.955312155174383e-07
4.0437684452932196e-07 3.955312155174383e-07
4.0437684452932196e-07 3.955312155174383e-07
4.0437684452932196e-07 3.955312155174383e-07
4.0437684452932196e-07 3.955312155174383e-07
4.0437684452932196e-07 3.955312155174383e-07
4.0437684452932196e-07 3.955312155174383e-07
4.0437684452932196e-07 3.955312155174383e-07
4.0437684452932196e-07 3.955312155174383e-07
4.0437684452932196e-07 3.955312155174383e-07
4.0437684452932196e-07 3.955312155174383e-07
4.0437684452932196e-07 3.955312155174383e-07
4.0437684452932196e-07 3.955312155174383e-07
4.0437684452932196e-07 3.955312155174383e-07
4.0437684452932196e-07 3.955312155174383e-07
4.0437684452932196e-07 3.955312155174383e-07
4.0437684452932196e-07 3.955312155174383e-07
4.0437684452932196e-07 3.955312155174383e-07
4.0437684452932196e-07 3.955312155174383e-07
4.0437684452932196e-07 3.955312155174383e-07
4.0437684452932196e-07 3.955312155174383e-07
4.0437684452932196e-07 3.955312155174383e-07
4.0437684452932196e-07 3.955312155174383e-07
4.0437684452932196e-07 3.955312155174383e-07
4.0437684452932196e-07 3.955312155174383e-07
4.0437684452932196e-07 3.955312155174383e-07
3.6183346967543454e-07 3.9553073071508776e-07
3.6183346967543454e-07 3.9553073071508776e-07
3.6188068633049003e-07 3.9553065484884013e-07
3.6188068633049003e-07 3.9553065484884013e-07
3.310020481295674e-07 3.9553118308308197e-07
4.099612687365598e-07 3.9553060160966536e-07
4.099612687365598e-07 3.9553060160966536e-07
4.099612687365598e-07 3.9553060160966536e-07
4.099612687365598e-07 3.9553060160966536e-07
4.099612687365598e-07 3.9553060160966536e-07
4.099612687365598e-07 3.9553060160966536e-07
4.099612687365598e-07 3.9553060160966536e-07
4.099612687365598e-07 3.9553060160966536e-07
4.099612687365598e-07 3.9553060160966536e-07
4.099612687365598e-07 3.9553060160966536e-07
4.099612687365598e-07 3.9553060160966536e-07
4.099612687365598e-07 3.9553060160966536e-07
4.099612687365598e-07 3.9553060160966536e-07
4.099612687365598e-07 3.9553060160966536e-07
4.090635761559595e-07 3.955307451401466e-07
4.090635761559595e-07 3.955307451401466e-07
4.090635761559595e-07 3.955307451401466e-07
4.090635761559595e-07 3.955307451401466e-07
4.090635761559595e-07 3.955307451401466e-07
4.090635761559595e-07 3.955307451401466e-07
4.090635761559595e-07 3.955307451401466e-07
4.090635761559595e-07 3.955307451401466e-07
4.090635761559595e-07 3.955307451401466e-07
4.090635761559595e-07 3.955307451401466e-07
4.090635761559595e-07 3.955307451401466e-07
4.090635761559595e-07 3.955307451401466e-07
4.090635761559595e-07 3.955307451401466e-07
4.090635761559595e-07 3.955307451401466e-07
4.090635761559595e-07 3.955307451401466e-07
4.090635761559595e-07 3.955307451401466e-07
4.090635761559595e-07 3.955307451401466e-07
4.090635761559595e-07 3.955307451401466e-07
4.090635761559595e-07 3.955307451401466e-07
4.090635761559595e-07 3.955307451401466e-07
4.090635761559595e-07 3.955307451401466e-07
4.090635761559595e-07 3.955307451401466e-07
4.090635761559595e-07 3.955307451401466e-07
4.090635761559595e-07 3.955307451401466e-07
4.090635761559595e-07 3.955307451401466e-07
4.090635761559595e-07 3.955307451401466e-07
4.090635761559595e-07 3.955307451401466e-07
4.090635761559595e-07 3.955307451401466e-07
4.090635761559595e-07 3.955307451401466e-07
4.090635761559595e-07 3.955307451401466e-07
4.090635761559595e-07 3.955307451401466e-07
4.090635761559595e-07 3.955307451401466e-07
4.090635761559595e-07 3.955307451401466e-07
4.090635761559595e-07 3.955307451401466e-07
4.090635761559595e-07 3.955307451401466e-07
4.090635761559595e-07 3.955307451401466e-07
4.090635761559595e-07 3.955307451401466e-07
4.090635761559595e-07 3.955307451401466e-07
4.090635761559595e-07 3.955307451401466e-07
4.090635761559595e-07 3.955307451401466e-07
4.090635761559595e-07 3.955307451401466e-07
4.090635761559595e-07 3.955307451401466e-07
4.0997439966469315e-07 3.9553058600338194e-07
4.0997439966469315e-07 3.9553058600338194e-07
4.0997439966469315e-07 3.9553058600338194e-07
4.0997439966469315e-07 3.9553058600338194e-07
4.0997439966469315e-07 3.9553058600338194e-07
4.0997439966469315e-07 3.9553058600338194e-07
4.0997439966469315e-07 3.9553058600338194e-07
4.0997439966469315e-07 3.9553058600338194e-07
4.0997439966469315e-07 3.9553058600338194e-07
4.0997439966469315e-07 3.9553058600338194e-07
4.0997439966469315e-07 3.9553058600338194e-07
4.0997439966469315e-07 3.9553058600338194e-07
4.0997439966469315e-07 3.9553058600338194e-07
4.0997439966469315e-07 3.9553058600338194e-07
4.0997439966469315e-07 3.9553058600338194e-07
4.0997439966469315e-07 3.9553058600338194e-07
4.0997439966469315e-07 3.9553058600338194e-07
4.0997439966469315e-07 3.9553058600338194e-07
4.0997439966469315e-07 3.9553058600338194e-07
4.0997439966469315e-07 3.9553058600338194e-07
4.0997439966469315e-07 3.9553058600338194e-07
4.0997439966469315e-07 3.9553058600338194e-07
4.0997439966469315e-07 3.9553058600338194e-07
4.0997439966469315e-07 3.9553058600338194e-07
4.0997439966469315e-07 3.9553058600338194e-07
4.0997439966469315e-07 3.9553058600338194e-07
4.0997439966469315e-07 3.9553058600338194e-07
4.0997439966469315e-07 3.9553058600338194e-07
3.6404873676133645e-07 3.9553071869921835e-07
3.6404873676133645e-07 3.9553071869921835e-07
3.0573468516316986e-07 3.9553060346628974e-07
3.14215136958115e-07 3.955307870540307e-07
3.14215136958115e-07 3.955307870540307e-07
4.1047274258327355e-07 3.955308962957248e-07
4.1047274258327355e-07 3.955308962957248e-07
4.1047274258327355e-07 3.955308962957248e-07
4.1047274258327355e-07 3.955308962957248e-07
4.1047274258327355e-07 3.955308962957248e-07
4.1047274258327355e-07 3.955308962957248e-07
4.1047274258327355e-07 3.955308962957248e-07
4.1047274258327355e-07 3.955308962957248e-07
4.1047274258327355e-07 3.955308962957248e-07
4.1047274258327355e-07 3.955308962957248e-07
4.1047274258327355e-07 3.955308962957248e-07
4.1047274258327355e-07 3.955308962957248e-07
4.1047274258327355e-07 3.955308962957248e-07
4.1047274258327355e-07 3.955308962957248e-07
3.219778454714232e-07 3.955310172605105e-07
3.235257309633593e-07 3.9553047041190006e-07
3.235257309633593e-07 3.9553047041190006e-07
3.292088207510305e-07 3.95530602017658e-07
3.292088207510305e-07 3.95530602017658e-07
3.4648399477114356e-07 3.9553018569479734e-07
3.4648399477114356e-07 3.9553018569479734e-07
3.667086883911483e-07 3.9553046071071604e-07
3.667086883911483e-07 3.9553046071071604e-07
3.145745137301253e-07 3.9553111610214166e-07
3.218068833167662e-07 3.9553061273864925e-07
4.078151937363488e-07 3.9553051453455017e-07
4.078151937363488e-07 3.9553051453455017e-07
4.078151937363488e-07 3.9553051453455017e-07
4.078151937363488e-07 3.9553051453455017e-07
4.078151937363488e-07 3.9553051453455017e-07
4.078151937363488e-07 3.9553051453455017e-07
4.078151937363488e-07 3.9553051453455017e-07
4.078151937363488e-07 3.9553051453455017e-07
4.078151937363488e-07 3.9553051453455017e-07
4.078151937363488e-07 3.9553051453455017e-07
4.078151937363488e-07 3.9553051453455017e-07
4.078151937363488e-07 3.9553051453455017e-07
4.078151937363488e-07 3.9553051453455017e-07
4.078151937363488e-07 3.9553051453455017e-07
4.078151937363488e-07 3.9553051453455017e-07
4.078151937363488e-07 3.9553051453455017e-07
4.078151937363488e-07 3.9553051453455017e-07
4.078151937363488e-07 3.9553051453455017e-07
4.078151937363488e-07 3.9553051453455017e-07
4.078151937363488e-07 3.9553051453455017e-07
4.078151937363488e-07 3.9553051453455017e-07
4.078151937363488e-07 3.9553051453455017e-07
4.078151937363488e-07 3.9553051453455017e-07
4.078151937363488e-07 3.9553051453455017e-07
4.078151937363488e-07 3.9553051453455017e-07
4.078151937363488e-07 3.9553051453455017e-07
4.078151937363488e-07 3.9553051453455017e-07
4.078151937363488e-07 3.9553051453455017e-07
3.4681093342645384e-07 3.9552997413653584e-07
3.4681093342645384e-07 3.9552997413653584e-07
3.6182630196200166e-07 3.9553083187257384e-07
3.6182630196200166e-07 3.9553083187257384e-07
4.0426976113896654e-07 3.9553018113147197e-07
4.0426976113896654e-07 3.9553018113147197e-07
4.0426976113896654e-07 3.9553018113147197e-07
4.0426976113896654e-07 3.9553018113147197e-07
4.0426976113896654e-07 3.9553018113147197e-07
4.0426976113896654e-07 3.9553018113147197e-07
4.0426976113896654e-07 3.9553018113147197e-07
4.0426976113896654e-07 3.9553018113147197e-07
4.0426976113896654e-07 3.9553018113147197e-07
4.0426976113896654e-07 3.9553018113147197e-07
4.0426976113896654e-07 3.9553018113147197e-07
4.0426976113896654e-07 3.9553018113147197e-07
4.0426976113896654e-07 3.9553018113147197e-07
4.0426976113896654e-07 3.9553018113147197e-07
4.105599668970463e-07 3.9553049585330024e-07
4.105599668970463e-07 3.9553049585330024e-07
4.105599668970463e-07 3.9553049585330024e-07
4.105599668970463e-07 3.9553049585330024e-07
4.105599668970463e-07 3.9553049585330024e-07
4.105599668970463e-07 3.9553049585330024e-07
4.105599668970463e-07 3.9553049585330024e-07
4.105599668970463e-07 3.9553049585330024e-07
4.105599668970463e-07 3.9553049585330024e-07
4.105599668970463e-07 3.9553049585330024e-07
4.105599668970463e-07 3.9553049585330024e-07
4.105599668970463e-07 3.9553049585330024e-07
4.105599668970463e-07 3.9553049585330024e-07
4.105599668970463e-07 3.9553049585330024e-07
3.6535804169604437e-07 3.9553068579139563e-07
3.6535804169604437e-07 3.9553068579139563e-07
3.6535804169604437e-07 3.9553068579139563e-07
3.6535804169604437e-07 3.9553068579139563e-07
3.4732365053597367e-07 3.9553132133228205e-07
3.4732365053597367e-07 3.9553132133228205e-07
3.4732365053597367e-07 3.9553132133228205e-07
3.4732365053597367e-07 3.9553132133228205e-07
3.4409964295644836e-07 3.955318048057354e-07
3.4409964295644836e-07 3.955318048057354e-07
3.4409964295644836e-07 3.955318048057354e-07
3.4409964295644836e-07 3.955318048057354e-07
3.4409964295644836e-07 3.955318048057354e-07
3.4409964295644836e-07 3.955318048057354e-07
3.4409964295644836e-07 3.955318048057354e-07
3.4409964295644836e-07 3.955318048057354e-07
3.4409964295644836e-07 3.955318048057354e-07
3.4409964295644836e-07 3.955318048057354e-07
3.1071079731089443e-07 3.955304840027805e-07
3.1071079731089443e-07 3.955304840027805e-07
3.1071079731089443e-07 3.955304840027805e-07
3.1071079731089443e-07 3.955304840027805e-07
4.077570620198712e-07 3.955306353672705e-07
4.077570620198712e-07 3.955306353672705e-07
4.077570620198712e-07 3.955306353672705e-07
4.077570620198712e-07 3.955306353672705e-07
4.077570620198712e-07 3.955306353672705e-07
4.077570620198712e-07 3.955306353672705e-07
4.077570620198712e-07 3.955306353672705e-07
4.077570620198712e-07 3.955306353672705e-07
4.077570620198712e-07 3.955306353672705e-07
4.077570620198712e-07 3.955306353672705e-07
4.077570620198712e-07 3.955306353672705e-07
4.077570620198712e-07 3.955306353672705e-07
4.077570620198712e-07 3.955306353672705e-07
4.077570620198712e-07 3.955306353672705e-07
4.0522533195090596e-07 3.955304448551882e-07
4.0522533195090596e-07 3.955304448551882e-07
4.0522533195090596e-07 3.955304448551882e-07
4.0522533195090596e-07 3.955304448551882e-07
4.0522533195090596e-07 3.955304448551882e-07
4.0522533195090596e-07 3.955304448551882e-07
4.0522533195090596e-07 3.955304448551882e-07
4.0522533195090596e-07 3.955304448551882e-07
4.0522533195090596e-07 3.955304448551882e-07
4.0522533195090596e-07 3.955304448551882e-07
4.0522533195090596e-07 3.955304448551882e-07
4.0522533195090596e-07 3.955304448551882e-07
4.0522533195090596e-07 3.955304448551882e-07
4.0522533195090596e-07 3.955304448551882e-07
4.0522533195090596e-07 3.955304448551882e-07
4.0522533195090596e-07 3.955304448551882e-07
4.0522533195090596e-07 3.955304448551882e-07
4.0522533195090596e-07 3.955304448551882e-07
4.0522533195090596e-07 3.955304448551882e-07
4.0522533195090596e-07 3.955304448551882e-07
4.0522533195090596e-07 3.955304448551882e-07
4.0522533195090596e-07 3.955304448551882e-07
4.0522533195090596e-07 3.955304448551882e-07
4.0522533195090596e-07 3.955304448551882e-07
4.0522533195090596e-07 3.955304448551882e-07
4.0522533195090596e-07 3.955304448551882e-07
4.0522533195090596e-07 3.955304448551882e-07
4.0522533195090596e-07 3.955304448551882e-07
4.077464823692454e-07 3.955305981163069e-07
4.077464823692454e-07 3.955305981163069e-07
4.077464823692454e-07 3.955305981163069e-07
4.077464823692454e-07 3.955305981163069e-07
4.077464823692454e-07 3.955305981163069e-07
4.077464823692454e-07 3.955305981163069e-07
4.077464823692454e-07 3.955305981163069e-07
4.077464823692454e-07 3.955305981163069e-07
4.077464823692454e-07 3.955305981163069e-07
4.077464823692454e-07 3.955305981163069e-07
4.077464823692454e-07 3.955305981163069e-07
4.077464823692454e-07 3.955305981163069e-07
4.077464823692454e-07 3.955305981163069e-07
4.077464823692454e-07 3.955305981163069e-07
3.6826112667536774e-07 3.9553067990993814e-07
3.6826112667536774e-07 3.9553067990993814e-07
4.103562919945216e-07 3.9553063480468386e-07
4.103562919945216e-07 3.9553063480468386e-07
4.103562919945216e-07 3.9553063480468386e-07
4.103562919945216e-07 3.9553063480468386e-07
4.103562919945216e-07 3.9553063480468386e-07
4.103562919945216e-07 3.9553063480468386e-07
4.103562919945216e-07 3.9553063480468386e-07
4.103562919945216e-07 3.9553063480468386e-07
4.103562919945216e-07 3.9553063480468386e-07
4.103562919945216e-07 3.9553063480468386e-07
4.103562919945216e-07 3.9553063480468386e-07
4.103562919945216e-07 3.9553063480468386e-07
4.103562919945216e-07 3.9553063480468386e-07
4.103562919945216e-07 3.9553063480468386e-07
4.0537477588100987e-07 3.9553132761095565e-07
4.0537477588100987e-07 3.9553132761095565e-07
4.0537477588100987e-07 3.9553132761095565e-07
4.0537477588100987e-07 3.9553132761095565e-07
4.0537477588100987e-07 3.9553132761095565e-07
4.0537477588100987e-07 3.9553132761095565e-07
4.0537477588100987e-07 3.9553132761095565e-07
4.0537477588100987e-07 3.9553132761095565e-07
4.0537477588100987e-07 3.9553132761095565e-07
4.0537477588100987e-07 3.9553132761095565e-07
4.0537477588100987e-07 3.9553132761095565e-07
4.0537477588100987e-07 3.9553132761095565e-07
4.0537477588100987e-07 3.9553132761095565e-07
4.0537477588100987e-07 3.9553132761095565e-07
4.117411100564491e-07 3.955278085948797e-07
4.117411100564491e-07 3.955278085948797e-07
4.117411100564491e-07 3.955278085948797e-07
4.117411100564491e-07 3.955278085948797e-07
4.117411100564491e-07 3.955278085948797e-07
4.117411100564491e-07 3.955278085948797e-07
4.117411100564491e-07 3.955278085948797e-07
4.117411100564491e-07 3.955278085948797e-07
4.117411100564491e-07 3.955278085948797e-07
4.117411100564491e-07 3.955278085948797e-07
4.117411100564491e-07 3.955278085948797e-07
4.117411100564491e-07 3.955278085948797e-07
4.117411100564491e-07 3.955278085948797e-07
4.117411100564491e-07 3.955278085948797e-07
3.2955828220747295e-07 3.955304315348811e-07
3.2362761231628815e-07 3.955305451539742e-07
3.4616713699248854e-07 3.9553164128423664e-07
3.4616713699248854e-07 3.9553164128423664e-07
3.4616713699248854e-07 3.9553164128423664e-07
3.4616713699248854e-07 3.9553164128423664e-07
3.4616713699248854e-07 3.9553164128423664e-07
3.4616713699248854e-07 3.9553164128423664e-07
3.4616713699248854e-07 3.9553164128423664e-07
3.4616713699248854e-07 3.9553164128423664e-07
3.38718163191233e-07 3.955312373215107e-07
3.38718163191233e-07 3.955312373215107e-07
3.61726737709599e-07 3.9553079260084765e-07
3.61726737709599e-07 3.9553079260084765e-07
3.3178870440242985e-07 3.955305424668653e-07
4.0327711813009555e-07 3.955299290265837e-07
4.0327711813009555e-07 3.955299290265837e-07
4.0327711813009555e-07 3.955299290265837e-07
4.0327711813009555e-07 3.955299290265837e-07
4.0327711813009555e-07 3.955299290265837e-07
4.0327711813009555e-07 3.955299290265837e-07
4.0327711813009555e-07 3.955299290265837e-07
4.0327711813009555e-07 3.955299290265837e-07
4.0327711813009555e-07 3.955299290265837e-07
4.0327711813009555e-07 3.955299290265837e-07
4.0327711813009555e-07 3.955299290265837e-07
4.0327711813009555e-07 3.955299290265837e-07
4.0327711813009555e-07 3.955299290265837e-07
4.0327711813009555e-07 3.955299290265837e-07
4.030552043211305e-07 3.9553008604160784e-07
4.030552043211305e-07 3.9553008604160784e-07
4.030552043211305e-07 3.9553008604160784e-07
4.030552043211305e-07 3.9553008604160784e-07
4.030552043211305e-07 3.9553008604160784e-07
4.030552043211305e-07 3.9553008604160784e-07
4.030552043211305e-07 3.9553008604160784e-07
4.030552043211305e-07 3.9553008604160784e-07
4.030552043211305e-07 3.9553008604160784e-07
4.030552043211305e-07 3.9553008604160784e-07
4.030552043211305e-07 3.9553008604160784e-07
4.030552043211305e-07 3.9553008604160784e-07
4.030552043211305e-07 3.9553008604160784e-07
4.030552043211305e-07 3.9553008604160784e-07
4.105867156248762e-07 3.955305660864279e-07
4.105867156248762e-07 3.955305660864279e-07
4.105867156248762e-07 3.955305660864279e-07
4.105867156248762e-07 3.955305660864279e-07
4.105867156248762e-07 3.955305660864279e-07
4.105867156248762e-07 3.955305660864279e-07
4.105867156248762e-07 3.955305660864279e-07
4.105867156248762e-07 3.955305660864279e-07
4.105867156248762e-07 3.955305660864279e-07
4.105867156248762e-07 3.955305660864279e-07
4.105867156248762e-07 3.955305660864279e-07
4.105867156248762e-07 3.955305660864279e-07
4.105867156248762e-07 3.955305660864279e-07
4.105867156248762e-07 3.955305660864279e-07
3.578071651353638e-07 3.955310098914914e-07
3.578071651353638e-07 3.955310098914914e-07
3.6187633764955596e-07 3.9553047303237425e-07
3.6187633764955596e-07 3.9553047303237425e-07
3.6187633764955596e-07 3.9553047303237425e-07
3.6187633764955596e-07 3.9553047303237425e-07
3.63627971630219e-07 3.9553079209515135e-07
3.63627971630219e-07 3.9553079209515135e-07
3.63627971630219e-07 3.9553079209515135e-07
3.63627971630219e-07 3.9553079209515135e-07
3.63627971630219e-07 3.9553079209515135e-07
3.63627971630219e-07 3.9553079209515135e-07
4.09559725796039e-07 3.955307522504881e-07
4.09559725796039e-07 3.955307522504881e-07
4.09559725796039e-07 3.955307522504881e-07
4.09559725796039e-07 3.955307522504881e-07
4.09559725796039e-07 3.955307522504881e-07
4.09559725796039e-07 3.955307522504881e-07
4.09559725796039e-07 3.955307522504881e-07
4.09559725796039e-07 3.955307522504881e-07
4.09559725796039e-07 3.955307522504881e-07
4.09559725796039e-07 3.955307522504881e-07
4.09559725796039e-07 3.955307522504881e-07
4.09559725796039e-07 3.955307522504881e-07
4.09559725796039e-07 3.955307522504881e-07
4.09559725796039e-07 3.955307522504881e-07
3.2324558257669275e-07 3.955306840086989e-07
4.044797871245414e-07 3.955315195489571e-07
4.044797871245414e-07 3.955315195489571e-07
4.044797871245414e-07 3.955315195489571e-07
4.044797871245414e-07 3.955315195489571e-07
4.044797871245414e-07 3.955315195489571e-07
4.044797871245414e-07 3.955315195489571e-07
4.044797871245414e-07 3.955315195489571e-07
4.044797871245414e-07 3.955315195489571e-07
4.044797871245414e-07 3.955315195489571e-07
4.044797871245414e-07 3.955315195489571e-07
4.044797871245414e-07 3.955315195489571e-07
4.044797871245414e-07 3.955315195489571e-07
4.044797871245414e-07 3.955315195489571e-07
4.044797871245414e-07 3.955315195489571e-07
3.315219054244158e-07 3.9553063991772863e-07
3.059055978118457e-07 3.955292561020094e-07
3.1333139349672356e-07 3.9553027658069105e-07
4.079489054197371e-07 3.955305370421993e-07
4.079489054197371e-07 3.955305370421993e-07
4.079489054197371e-07 3.955305370421993e-07
4.079489054197371e-07 3.955305370421993e-07
4.079489054197371e-07 3.955305370421993e-07
4.079489054197371e-07 3.955305370421993e-07
4.079489054197371e-07 3.955305370421993e-07
4.079489054197371e-07 3.955305370421993e-07
4.079489054197371e-07 3.955305370421993e-07
4.079489054197371e-07 3.955305370421993e-07
4.079489054197371e-07 3.955305370421993e-07
4.079489054197371e-07 3.955305370421993e-07
4.079489054197371e-07 3.955305370421993e-07
4.079489054197371e-07 3.955305370421993e-07
4.079489054197371e-07 3.955305370421993e-07
4.079489054197371e-07 3.955305370421993e-07
4.079489054197371e-07 3.955305370421993e-07
4.079489054197371e-07 3.955305370421993e-07
4.079489054197371e-07 3.955305370421993e-07
4.079489054197371e-07 3.955305370421993e-07
4.079489054197371e-07 3.955305370421993e-07
4.079489054197371e-07 3.955305370421993e-07
4.079489054197371e-07 3.955305370421993e-07
4.079489054197371e-07 3.955305370421993e-07
4.079489054197371e-07 3.955305370421993e-07
4.079489054197371e-07 3.955305370421993e-07
4.079489054197371e-07 3.955305370421993e-07
4.079489054197371e-07 3.955305370421993e-07
3.112040040421528e-07 3.955319674501293e-07
3.4009271962578295e-07 3.955296603481123e-07
3.4009271962578295e-07 3.955296603481123e-07
4.0851667557392143e-07 3.9553070918370395e-07
4.0851667557392143e-07 3.9553070918370395e-07
4.0851667557392143e-07 3.9553070918370395e-07
4.0851667557392143e-07 3.9553070918370395e-07
4.0851667557392143e-07 3.9553070918370395e-07
4.0851667557392143e-07 3.9553070918370395e-07
4.0851667557392143e-07 3.9553070918370395e-07
4.0851667557392143e-07 3.9553070918370395e-07
4.0851667557392143e-07 3.9553070918370395e-07
4.0851667557392143e-07 3.9553070918370395e-07
4.0851667557392143e-07 3.9553070918370395e-07
4.0851667557392143e-07 3.9553070918370395e-07
4.0851667557392143e-07 3.9553070918370395e-07
4.0851667557392143e-07 3.9553070918370395e-07
3.045886890311551e-07 3.955319340379101e-07
4.083979470940064e-07 3.95530520646971e-07
4.083979470940064e-07 3.95530520646971e-07
4.083979470940064e-07 3.95530520646971e-07
4.083979470940064e-07 3.95530520646971e-07
4.083979470940064e-07 3.95530520646971e-07
4.083979470940064e-07 3.95530520646971e-07
4.083979470940064e-07 3.95530520646971e-07
4.083979470940064e-07 3.95530520646971e-07
4.083979470940064e-07 3.95530520646971e-07
4.083979470940064e-07 3.95530520646971e-07
4.083979470940064e-07 3.95530520646971e-07
4.083979470940064e-07 3.95530520646971e-07
4.083979470940064e-07 3.95530520646971e-07
4.083979470940064e-07 3.95530520646971e-07
4.083979470940064e-07 3.95530520646971e-07
4.083979470940064e-07 3.95530520646971e-07
4.083979470940064e-07 3.95530520646971e-07
4.083979470940064e-07 3.95530520646971e-07
4.083979470940064e-07 3.95530520646971e-07
4.083979470940064e-07 3.95530520646971e-07
4.083979470940064e-07 3.95530520646971e-07
4.083979470940064e-07 3.95530520646971e-07
4.083979470940064e-07 3.95530520646971e-07
4.083979470940064e-07 3.95530520646971e-07
4.083979470940064e-07 3.95530520646971e-07
4.083979470940064e-07 3.95530520646971e-07
4.083979470940064e-07 3.95530520646971e-07
4.083979470940064e-07 3.95530520646971e-07
4.078493718582276e-07 3.9553040404472305e-07
4.078493718582276e-07 3.9553040404472305e-07
4.078493718582276e-07 3.9553040404472305e-07
4.078493718582276e-07 3.9553040404472305e-07
4.078493718582276e-07 3.9553040404472305e-07
4.078493718582276e-07 3.9553040404472305e-07
4.078493718582276e-07 3.9553040404472305e-07
4.078493718582276e-07 3.9553040404472305e-07
4.078493718582276e-07 3.9553040404472305e-07
4.078493718582276e-07 3.9553040404472305e-07
4.078493718582276e-07 3.9553040404472305e-07
4.078493718582276e-07 3.9553040404472305e-07
4.078493718582276e-07 3.9553040404472305e-07
4.078493718582276e-07 3.9553040404472305e-07
3.12574718231275e-07 3.955305753382728e-07
3.12574718231275e-07 3.955305753382728e-07
3.12574718231275e-07 3.955305753382728e-07
3.12574718231275e-07 3.955305753382728e-07
3.12574718231275e-07 3.955305753382728e-07
4.047995960414454e-07 3.9553068650008433e-07
4.047995960414454e-07 3.9553068650008433e-07
4.047995960414454e-07 3.9553068650008433e-07
4.047995960414454e-07 3.9553068650008433e-07
4.047995960414454e-07 3.9553068650008433e-07
4.047995960414454e-07 3.9553068650008433e-07
4.047995960414454e-07 3.9553068650008433e-07
4.047995960414454e-07 3.9553068650008433e-07
4.047995960414454e-07 3.9553068650008433e-07
4.047995960414454e-07 3.9553068650008433e-07
4.047995960414454e-07 3.9553068650008433e-07
4.047995960414454e-07 3.9553068650008433e-07
4.047995960414454e-07 3.9553068650008433e-07
4.047995960414454e-07 3.9553068650008433e-07
3.447645245223235e-07 3.955313956879568e-07
3.447645245223235e-07 3.955313956879568e-07
4.0774719857679183e-07 3.9553065542310385e-07
4.0774719857679183e-07 3.9553065542310385e-07
4.0774719857679183e-07 3.9553065542310385e-07
4.0774719857679183e-07 3.9553065542310385e-07
4.0774719857679183e-07 3.9553065542310385e-07
4.0774719857679183e-07 3.9553065542310385e-07
4.0774719857679183e-07 3.9553065542310385e-07
4.0774719857679183e-07 3.9553065542310385e-07
4.0774719857679183e-07 3.9553065542310385e-07
4.0774719857679183e-07 3.9553065542310385e-07
4.0774719857679183e-07 3.9553065542310385e-07
4.0774719857679183e-07 3.9553065542310385e-07
4.0774719857679183e-07 3.9553065542310385e-07
4.0774719857679183e-07 3.9553065542310385e-07
3.473301560387821e-07 3.9552988279045135e-07
3.473301560387821e-07 3.9552988279045135e-07
3.1176166625798844e-07 3.955307994544318e-07
4.083751164777667e-07 3.9553086315290755e-07
4.083751164777667e-07 3.9553086315290755e-07
4.083751164777667e-07 3.9553086315290755e-07
4.083751164777667e-07 3.9553086315290755e-07
4.083751164777667e-07 3.9553086315290755e-07
4.083751164777667e-07 3.9553086315290755e-07
4.083751164777667e-07 3.9553086315290755e-07
4.083751164777667e-07 3.9553086315290755e-07
4.083751164777667e-07 3.9553086315290755e-07
4.083751164777667e-07 3.9553086315290755e-07
4.083751164777667e-07 3.9553086315290755e-07
4.083751164777667e-07 3.9553086315290755e-07
4.083751164777667e-07 3.9553086315290755e-07
4.083751164777667e-07 3.9553086315290755e-07
3.5801382188763076e-07 3.9553013806060237e-07
3.5801382188763076e-07 3.9553013806060237e-07
3.5801382188763076e-07 3.9553013806060237e-07
3.5801382188763076e-07 3.9553013806060237e-07
4.0454840833715014e-07 3.955311011980858e-07
4.0454840833715014e-07 3.955311011980858e-07
4.0454840833715014e-07 3.955311011980858e-07
4.0454840833715014e-07 3.955311011980858e-07
4.0454840833715014e-07 3.955311011980858e-07
4.0454840833715014e-07 3.955311011980858e-07
4.0454840833715014e-07 3.955311011980858e-07
4.0454840833715014e-07 3.955311011980858e-07
4.0454840833715014e-07 3.955311011980858e-07
4.0454840833715014e-07 3.955311011980858e-07
4.0454840833715014e-07 3.955311011980858e-07
4.0454840833715014e-07 3.955311011980858e-07
4.0454840833715014e-07 3.955311011980858e-07
4.0454840833715014e-07 3.955311011980858e-07
4.099248183971614e-07 3.955308208801533e-07
4.099248183971614e-07 3.955308208801533e-07
4.099248183971614e-07 3.955308208801533e-07
4.099248183971614e-07 3.955308208801533e-07
4.099248183971614e-07 3.955308208801533e-07
4.099248183971614e-07 3.955308208801533e-07
4.099248183971614e-07 3.955308208801533e-07
4.099248183971614e-07 3.955308208801533e-07
4.099248183971614e-07 3.955308208801533e-07
4.099248183971614e-07 3.955308208801533e-07
4.099248183971614e-07 3.955308208801533e-07
4.099248183971614e-07 3.955308208801533e-07
4.099248183971614e-07 3.955308208801533e-07
4.099248183971614e-07 3.955308208801533e-07
3.316411583103559e-07 3.955309335048915e-07
3.616432372875068e-07 3.955309011697343e-07
3.616432372875068e-07 3.955309011697343e-07
3.616432372875068e-07 3.955309011697343e-07
3.616432372875068e-07 3.955309011697343e-07
4.0471828029439757e-07 3.9553033345664487e-07
4.0471828029439757e-07 3.9553033345664487e-07
4.0471828029439757e-07 3.9553033345664487e-07
4.0471828029439757e-07 3.9553033345664487e-07
4.0471828029439757e-07 3.9553033345664487e-07
4.0471828029439757e-07 3.9553033345664487e-07
4.0471828029439757e-07 3.9553033345664487e-07
4.0471828029439757e-07 3.9553033345664487e-07
4.0471828029439757e-07 3.9553033345664487e-07
4.0471828029439757e-07 3.9553033345664487e-07
4.0471828029439757e-07 3.9553033345664487e-07
4.0471828029439757e-07 3.9553033345664487e-07
4.0471828029439757e-07 3.9553033345664487e-07
4.0471828029439757e-07 3.9553033345664487e-07
4.0471828029439757e-07 3.9553033345664487e-07
4.0471828029439757e-07 3.9553033345664487e-07
4.0471828029439757e-07 3.9553033345664487e-07
4.0471828029439757e-07 3.9553033345664487e-07
4.0471828029439757e-07 3.9553033345664487e-07
4.0471828029439757e-07 3.9553033345664487e-07
4.0471828029439757e-07 3.9553033345664487e-07
4.0471828029439757e-07 3.9553033345664487e-07
4.0471828029439757e-07 3.9553033345664487e-07
4.0471828029439757e-07 3.9553033345664487e-07
4.0471828029439757e-07 3.9553033345664487e-07
4.0471828029439757e-07 3.9553033345664487e-07
4.0471828029439757e-07 3.9553033345664487e-07
4.0471828029439757e-07 3.9553033345664487e-07
4.0471828029439757e-07 3.9553033345664487e-07
4.0471828029439757e-07 3.9553033345664487e-07
4.0471828029439757e-07 3.9553033345664487e-07
4.0471828029439757e-07 3.9553033345664487e-07
4.0471828029439757e-07 3.9553033345664487e-07
4.0471828029439757e-07 3.9553033345664487e-07
4.0471828029439757e-07 3.9553033345664487e-07
4.0471828029439757e-07 3.9553033345664487e-07
4.0471828029439757e-07 3.9553033345664487e-07
4.0471828029439757e-07 3.9553033345664487e-07
4.0471828029439757e-07 3.9553033345664487e-07
4.0471828029439757e-07 3.9553033345664487e-07
4.0471828029439757e-07 3.9553033345664487e-07
4.0471828029439757e-07 3.9553033345664487e-07
4.0471828029439757e-07 3.9553033345664487e-07
4.0471828029439757e-07 3.9553033345664487e-07
4.0471828029439757e-07 3.9553033345664487e-07
4.0471828029439757e-07 3.9553033345664487e-07
4.0471828029439757e-07 3.9553033345664487e-07
4.0471828029439757e-07 3.9553033345664487e-07
4.0471828029439757e-07 3.9553033345664487e-07
4.0471828029439757e-07 3.9553033345664487e-07
4.0471828029439757e-07 3.9553033345664487e-07
4.0471828029439757e-07 3.9553033345664487e-07
4.0471828029439757e-07 3.9553033345664487e-07
4.0471828029439757e-07 3.9553033345664487e-07
4.0471828029439757e-07 3.9553033345664487e-07
4.0471828029439757e-07 3.9553033345664487e-07
4.0471828029439757e-07 3.9553033345664487e-07
4.0471828029439757e-07 3.9553033345664487e-07
4.0471828029439757e-07 3.9553033345664487e-07
4.0471828029439757e-07 3.9553033345664487e-07
4.0471828029439757e-07 3.9553033345664487e-07
4.0471828029439757e-07 3.9553033345664487e-07
4.0471828029439757e-07 3.9553033345664487e-07
4.0471828029439757e-07 3.9553033345664487e-07
4.0471828029439757e-07 3.9553033345664487e-07
4.0471828029439757e-07 3.9553033345664487e-07
4.0471828029439757e-07 3.9553033345664487e-07
4.0471828029439757e-07 3.9553033345664487e-07
4.0471828029439757e-07 3.9553033345664487e-07
4.0471828029439757e-07 3.9553033345664487e-07
3.232500873983739e-07 3.955307561462102e-07
3.232500873983739e-07 3.955307561462102e-07
3.651136242338418e-07 3.955302194136453e-07
3.651136242338418e-07 3.955302194136453e-07
3.6684576688927864e-07 3.95530316871595e-07
3.6684576688927864e-07 3.95530316871595e-07
3.2324915202315553e-07 3.9553034776302844e-07
3.4259499633215933e-07 3.9553094734886327e-07
3.4259499633215933e-07 3.9553094734886327e-07
3.3651472935566595e-07 3.955317574329729e-07
3.3651472935566595e-07 3.955317574329729e-07
3.6781911887321283e-07 3.955303646875819e-07
3.6781911887321283e-07 3.955303646875819e-07
4.0815769152355796e-07 3.9553071695581776e-07
4.0815769152355796e-07 3.9553071695581776e-07
4.0815769152355796e-07 3.9553071695581776e-07
4.0815769152355796e-07 3.9553071695581776e-07
4.0815769152355796e-07 3.9553071695581776e-07
4.0815769152355796e-07 3.9553071695581776e-07
4.0815769152355796e-07 3.9553071695581776e-07
4.0815769152355796e-07 3.9553071695581776e-07
4.0815769152355796e-07 3.9553071695581776e-07
4.0815769152355796e-07 3.9553071695581776e-07
4.0815769152355796e-07 3.9553071695581776e-07
4.0815769152355796e-07 3.9553071695581776e-07
4.0815769152355796e-07 3.9553071695581776e-07
4.0815769152355796e-07 3.9553071695581776e-07
4.078039829599507e-07 3.9553052277959466e-07
4.078039829599507e-07 3.9553052277959466e-07
4.078039829599507e-07 3.9553052277959466e-07
4.078039829599507e-07 3.9553052277959466e-07
4.078039829599507e-07 3.9553052277959466e-07
4.078039829599507e-07 3.9553052277959466e-07
4.078039829599507e-07 3.9553052277959466e-07
4.078039829599507e-07 3.9553052277959466e-07
4.078039829599507e-07 3.9553052277959466e-07
4.078039829599507e-07 3.9553052277959466e-07
4.078039829599507e-07 3.9553052277959466e-07
4.078039829599507e-07 3.9553052277959466e-07
4.078039829599507e-07 3.9553052277959466e-07
4.078039829599507e-07 3.9553052277959466e-07
3.582409293499629e-07 3.9553111731498257e-07
3.582409293499629e-07 3.9553111731498257e-07
4.0784884912667404e-07 3.955306882765339e-07
4.0784884912667404e-07 3.955306882765339e-07
4.0784884912667404e-07 3.955306882765339e-07
4.0784884912667404e-07 3.955306882765339e-07
4.0784884912667404e-07 3.955306882765339e-07
4.0784884912667404e-07 3.955306882765339e-07
4.0784884912667404e-07 3.955306882765339e-07
4.0784884912667404e-07 3.955306882765339e-07
4.0784884912667404e-07 3.955306882765339e-07
4.0784884912667404e-07 3.955306882765339e-07
4.0784884912667404e-07 3.955306882765339e-07
4.0784884912667404e-07 3.955306882765339e-07
4.0784884912667404e-07 3.955306882765339e-07
4.0784884912667404e-07 3.955306882765339e-07
4.0254935532304683e-07 3.9553036991038075e-07
4.0254935532304683e-07 3.9553036991038075e-07
4.0254935532304683e-07 3.9553036991038075e-07
4.0254935532304683e-07 3.9553036991038075e-07
4.0254935532304683e-07 3.9553036991038075e-07
4.0254935532304683e-07 3.9553036991038075e-07
4.0254935532304683e-07 3.9553036991038075e-07
4.0254935532304683e-07 3.9553036991038075e-07
4.0254935532304683e-07 3.9553036991038075e-07
4.0254935532304683e-07 3.9553036991038075e-07
4.0254935532304683e-07 3.9553036991038075e-07
4.0254935532304683e-07 3.9553036991038075e-07
4.0254935532304683e-07 3.9553036991038075e-07
4.0254935532304683e-07 3.9553036991038075e-07
3.0640418844675386e-07 3.9552942902133696e-07
3.0640418844675386e-07 3.9552942902133696e-07
4.0314494575108226e-07 3.955307033632866e-07
4.0314494575108226e-07 3.955307033632866e-07
4.0314494575108226e-07 3.955307033632866e-07
4.0314494575108226e-07 3.955307033632866e-07
4.0314494575108226e-07 3.955307033632866e-07
4.0314494575108226e-07 3.955307033632866e-07
4.0314494575108226e-07 3.955307033632866e-07
4.0314494575108226e-07 3.955307033632866e-07
4.0314494575108226e-07 3.955307033632866e-07
4.0314494575108226e-07 3.955307033632866e-07
4.0314494575108226e-07 3.955307033632866e-07
4.0314494575108226e-07 3.955307033632866e-07
4.0314494575108226e-07 3.955307033632866e-07
4.0314494575108226e-07 3.955307033632866e-07
4.0314494575108226e-07 3.955307033632866e-07
4.0314494575108226e-07 3.955307033632866e-07
4.0314494575108226e-07 3.955307033632866e-07
4.0314494575108226e-07 3.955307033632866e-07
4.0314494575108226e-07 3.955307033632866e-07
4.0314494575108226e-07 3.955307033632866e-07
4.0314494575108226e-07 3.955307033632866e-07
4.0314494575108226e-07 3.955307033632866e-07
4.0314494575108226e-07 3.955307033632866e-07
4.0314494575108226e-07 3.955307033632866e-07
4.0314494575108226e-07 3.955307033632866e-07
4.0314494575108226e-07 3.955307033632866e-07
4.0314494575108226e-07 3.955307033632866e-07
4.0314494575108226e-07 3.955307033632866e-07
3.232848461040462e-07 3.9553060724200327e-07
3.621328590170993e-07 3.955308169365699e-07
3.621328590170993e-07 3.955308169365699e-07
3.2564224106164714e-07 3.955307069773764e-07
3.2564224106164714e-07 3.955307069773764e-07
3.2564224106164714e-07 3.955307069773764e-07
3.429652677451991e-07 3.9552967064695685e-07
3.429652677451991e-07 3.9552967064695685e-07
4.080410311593578e-07 3.955307594182091e-07
4.080410311593578e-07 3.955307594182091e-07
4.080410311593578e-07 3.955307594182091e-07
4.080410311593578e-07 3.955307594182091e-07
4.080410311593578e-07 3.955307594182091e-07
4.080410311593578e-07 3.955307594182091e-07
4.080410311593578e-07 3.955307594182091e-07
4.080410311593578e-07 3.955307594182091e-07
4.080410311593578e-07 3.955307594182091e-07
4.080410311593578e-07 3.955307594182091e-07
4.080410311593578e-07 3.955307594182091e-07
4.080410311593578e-07 3.955307594182091e-07
4.080410311593578e-07 3.955307594182091e-07
4.080410311593578e-07 3.955307594182091e-07
3.677255139259837e-07 3.9553107205615015e-07
3.677255139259837e-07 3.9553107205615015e-07
3.2899469073586506e-07 3.955310693149374e-07
3.2172650936234465e-07 3.955304968128149e-07
3.2172650936234465e-07 3.955304968128149e-07
3.457436223056179e-07 3.9553016616782906e-07
3.457436223056179e-07 3.9553016616782906e-07
3.6485438903194296e-07 3.9553058832820754e-07
3.6485438903194296e-07 3.9553058832820754e-07
3.430936353345528e-07 3.9553099515847987e-07
3.430936353345528e-07 3.9553099515847987e-07
3.430936353345528e-07 3.9553099515847987e-07
3.430936353345528e-07 3.9553099515847987e-07
3.616457361635844e-07 3.955304215963699e-07
3.616457361635844e-07 3.955304215963699e-07
3.2331483326733525e-07 3.9553059877359275e-07