1.4202729764660768e-05 1.4202729764660768e-05
1.4202729764660768e-05 1.4202729764660768e-05
1.4202729764660768e-05 1.4202729764660768e-05
1.4202729764660768e-05 1.4202729764660768e-05
1.4202729764660768e-05 1.4202729764660768e-05
1.4202729764660768e-05 1.4202729764660768e-05
1.4202729764660768e-05 1.4202729764660768e-05
1.4202729764660768e-05 1.4202729764660768e-05
1.4202729764660768e-05 1.4202729764660768e-05
1.4202729764660768e-05 1.4202729764660768e-05
1.4202729764660768e-05 1.4202729764660768e-05
1.4202729764660768e-05 1.4202729764660768e-05
1.4202729764660768e-05 1.4202729764660768e-05
1.4202729764660768e-05 1.4202729764660768e-05
1.4202729764660768e-05 1.4202729764660768e-05
1.4202729764660768e-05 1.4202729764660768e-05
1.4202729764660768e-05 1.4202729764660768e-05
1.4202729764660768e-05 1.4202729764660768e-05
1.4202729764660768e-05 1.4202729764660768e-05
1.4202729764660768e-05 1.4202729764660768e-05
1.4202729764660768e-05 1.4202729764660768e-05
1.4202729764660768e-05 1.4202729764660768e-05
1.4202729764660768e-05 1.4202729764660768e-05
1.4202729764660768e-05 1.4202729764660768e-05
1.4202729764660768e-05 1.4202729764660768e-05
1.4202729764660768e-05 1.4202729764660768e-05
1.4202729764660768e-05 1.4202729764660768e-05
1.4202729764660768e-05 1.4202729764660768e-05
1.4202729764660768e-05 1.4202729764660768e-05
1.4202729764660768e-05 1.4202729764660768e-05
1.4202729764660768e-05 1.4202729764660768e-05
1.4202729764660768e-05 1.4202729764660768e-05
1.4202729764660768e-05 1.4202729764660768e-05
1.4202729764660768e-05 1.4202729764660768e-05
1.4202729764660768e-05 1.4202729764660768e-05
1.4202729764660768e-05 1.4202729764660768e-05
1.4202729764660768e-05 1.4202729764660768e-05
1.4202729764660768e-05 1.4202729764660768e-05
1.4202729764660768e-05 1.4202729764660768e-05
1.4202729764660768e-05 1.4202729764660768e-05
1.4202729764660768e-05 1.4202729764660768e-05
1.4202729764660768e-05 1.4202729764660768e-05
1.4202729764660768e-05 1.4202729764660768e-05
1.4202729764660768e-05 1.4202729764660768e-05
1.4202729764660768e-05 1.4202729764660768e-05
1.4202729764660768e-05 1.4202729764660768e-05
1.4202729764660768e-05 1.4202729764660768e-05
1.4202729764660768e-05 1.4202729764660768e-05
1.4202729764660768e-05 1.4202729764660768e-05
1.4202729764660768e-05 1.4202729764660768e-05