0.00029142293365011675 1.4459916555158464e-05
0.00027585071582148456 1.4459916555158464e-05
0.00014793606937200582 1.4459916555158464e-05
0.00014793606937200582 1.4459916555158464e-05
0.00014793606937200582 1.4459916555158464e-05
0.00014793606937200582 1.4459916555158464e-05
0.00018909121649053376 1.4459916555158464e-05
2.8919833110316928e-05 1.4459916555158464e-05
2.8919833110316928e-05 1.4459916555158464e-05
4.3379749665475394e-05 1.4459916555158464e-05
6.006426876758131e-05 1.4459916555158464e-05
6.006426876758131e-05 1.4459916555158464e-05
6.006426876758131e-05 1.4459916555158464e-05
0.00041266377245875307 1.4459916555158464e-05
0.00041266377245875307 1.4459916555158464e-05
8.231029423705587e-05 1.4459916555158464e-05
0.00019354042158442868 1.4459916555158464e-05
0.001828623293590809 1.4459916555158464e-05
0.001828623293590809 1.4459916555158464e-05
0.001828623293590809 1.4459916555158464e-05
0.0010778199339960424 1.4459916555158464e-05
0.0021033617081388195 1.4459916555158464e-05
0.0021033617081388195 1.4459916555158464e-05
0.0021033617081388195 1.4459916555158464e-05
1.668451910210592e-05 1.4459916555158464e-05
1.668451910210592e-05 1.4459916555158464e-05
0.0001913158190374812 1.4459916555158464e-05
0.0001913158190374812 1.4459916555158464e-05
0.0001112301273473728 1.4459916555158464e-05
0.00012012853753516262 1.4459916555158464e-05
0.0004927494641488615 1.4459916555158464e-05
0.0004927494641488615 1.4459916555158464e-05
1.668451910210592e-05 1.4459916555158464e-05
0.0010444508957918306 1.4459916555158464e-05
0.0010444508957918306 1.4459916555158464e-05
0.0010444508957918306 1.4459916555158464e-05
0.0008408997627461384 1.4459916555158464e-05
0.0008408997627461384 1.4459916555158464e-05
0.0008408997627461384 1.4459916555158464e-05
0.0004771772463202293 1.4459916555158464e-05
0.0004771772463202293 1.4459916555158464e-05
0.00018797891521706004 1.4459916555158464e-05
0.00015572217828632191 1.4459916555158464e-05
0.00011234242862084653 1.4459916555158464e-05
0.001786355845198807 1.4459916555158464e-05
0.001786355845198807 1.4459916555158464e-05
5.227815985326522e-05 1.4459916555158464e-05
0.00018797891521706004 1.4459916555158464e-05
5.56150636736864e-06 1.4459916555158464e-05
0.00010789322352695162 1.4459916555158464e-05