3.547221373101989e-07 1.975821030551664e-06
2.7287039322068633e-06 1.975780117534797e-06
6.580158616303939e-07 1.9758198108431013e-06
2.4082171840748533e-06 1.9758495947963146e-06
3.1224072434838973e-06 1.9769026411266338e-06
2.5634811195024023e-06 1.975865615261399e-06
1.2921312897397147e-06 1.975900748751428e-06
1.949032731785531e-06 1.9758201705026487e-06
6.709140161898708e-07 1.9758144873994645e-06
2.1837531532517902e-06 1.9779298424120834e-06
1.9215940882106263e-06 1.975843088663787e-06
3.5300842366943276e-06 1.9788131106980626e-06
2.8240200056744326e-06 1.9788131106980626e-06
3.8019385477291244e-06 1.9788131106980626e-06
2.6335012300096683e-06 1.9779298424120834e-06
1.6714783996630346e-06 1.975840618589136e-06
3.220561159078877e-06 1.9758329447029783e-06
2.479113973043669e-06 1.975488382481909e-06
2.5215182669235703e-06 1.9779298424120834e-06
2.567059685215846e-06 1.9779298424120834e-06
4.095838426396326e-06 1.9766257386131403e-06
2.53944761465218e-06 1.9779298424120834e-06
2.5284491284975147e-06 1.9761209924406824e-06
1.733421170093798e-06 1.975989137481102e-06
2.418785510863497e-06 1.9779298424120834e-06
2.4784378751127766e-06 1.975488382481909e-06
1.9218059835197133e-06 1.975843088663787e-06
3.2588301615910643e-06 1.9788131106980626e-06
3.145472683859352e-06 1.9749544180520313e-06
1.9493928001657356e-06 1.9758201705026487e-06
6.16511406125664e-07 1.975842848695553e-06
2.47921384188645e-06 1.975488382481909e-06
3.122517842262108e-06 1.9769026411266338e-06
2.5208063575542994e-06 1.9779298424120834e-06
3.38430510732788e-06 1.9788131106980626e-06
2.528529059112125e-06 1.9779298424120834e-06
2.7792529676526825e-06 1.9788131106980626e-06
2.1711994430475887e-06 1.9779298424120834e-06
2.448542237465654e-06 1.9779298424120834e-06
3.3531722144900955e-06 1.9788131106980626e-06
1.552512372553289e-06 1.9788131106980626e-06
3.141989325405466e-06 1.9788131106980626e-06
2.6807583495717487e-06 1.9758145242667823e-06
2.2254149195694356e-06 1.9779298424120834e-06
3.2067478840206932e-06 1.9788131106980626e-06
6.168565269635139e-07 1.975842848695553e-06
3.4203788207814647e-06 1.9788131106980626e-06
2.1955855373369837e-06 1.9779298424120834e-06
2.1186808753880892e-06 1.9788131106980626e-06
6.176581319997943e-07 1.975842848695553e-06
3.042546092323595e-07 1.975801982806878e-06
3.535193792240541e-06 1.9788131106980626e-06
2.3288972891847265e-06 1.975842731457091e-06
3.1193638543709243e-06 1.9769026411266338e-06
5.890951812632606e-07 1.975787957118888e-06
3.3531722144900955e-06 1.9788131106980626e-06
4.123352185030874e-06 1.9766257386131403e-06
1.6800915142793116e-06 1.976233924062092e-06
1.0418175131607597e-06 1.9753083442623834e-06
2.0349782231892893e-06 1.9779298424120834e-06
3.1142572130497743e-06 1.9769026411266338e-06
2.5978445402416455e-06 1.9779298424120834e-06
2.304322838192334e-06 1.975901540069911e-06
1.2099374202228061e-06 1.975675653800278e-06
3.4676080619774468e-06 1.9788131106980626e-06
4.798674606073803e-06 1.9788131106980626e-06
2.535450509786655e-06 1.9761209924406824e-06
3.1327892825327073e-06 1.9749544180520313e-06
2.4809659364743555e-06 1.975488382481909e-06
2.6944619066302623e-06 1.9779298424120834e-06
2.2117295486409324e-06 1.9779298424120834e-06
6.72340614956337e-07 1.9758144873994645e-06
3.4074530220592487e-06 1.9788131106980626e-06
2.5908287563752525e-06 1.9779298424120834e-06
6.712145284359683e-07 1.9758144873994645e-06
6.109423688288406e-06 1.9788131106980626e-06
3.1193638543709243e-06 1.9769026411266338e-06
2.5275413363721926e-06 1.9779298424120834e-06
3.0420680787671114e-07 1.975801982806878e-06
1.2909477880470285e-06 1.9788131106980626e-06
2.301008138952513e-06 1.9779298424120834e-06
1.648032439471382e-06 1.9757481920795206e-06
3.081220064136363e-07 1.975801982806878e-06
3.55149699238637e-07 1.975821030551664e-06
1.6545687777457885e-06 1.975692353483169e-06
4.643162003099189e-06 1.9788131106980626e-06
2.201779716893329e-06 1.9779298424120834e-06
3.8405147421695695e-06 1.9768896023008024e-06
3.2438916819051027e-06 1.9788131106980626e-06
3.2567384862627002e-06 1.9788131106980626e-06
2.216873105730795e-06 1.9779298424120834e-06
2.6703596872310404e-06 1.9758145242667823e-06
6.08281534105494e-07 1.9779298424120834e-06
3.5416525285735143e-07 1.975821030551664e-06
1.9215618814924133e-06 1.975843088663787e-06
1.2693909426791458e-06 1.976042864886409e-06
2.4784378751127766e-06 1.975488382481909e-06
2.473516030286581e-06 1.9779298424120834e-06
1.9489935530049265e-06 1.9758201705026487e-06
3.44463682660261e-06 1.9788131106980626e-06