2.342892334056283e-05 1.3970398540158703e-05
1.1168544876944954e-05 1.3971756509518604e-05
1.1168544876944954e-05 1.3971756509518604e-05
1.1168544876944954e-05 1.3971756509518604e-05
1.1168544876944954e-05 1.3971756509518604e-05
1.1168544876944954e-05 1.3971756509518604e-05
1.1168544876944954e-05 1.3971756509518604e-05
1.1168544876944954e-05 1.3971756509518604e-05
1.1168544876944954e-05 1.3971756509518604e-05
1.1168544876944954e-05 1.3971756509518604e-05
1.1168544876944954e-05 1.3971756509518604e-05
1.1168544876944954e-05 1.3971756509518604e-05
1.1168544876944954e-05 1.3971756509518604e-05
1.1168544876944954e-05 1.3971756509518604e-05
1.1168544876944954e-05 1.3971756509518604e-05
1.1168544876944954e-05 1.3971756509518604e-05
1.1168544876944954e-05 1.3971756509518604e-05
1.1168544876944954e-05 1.3971756509518604e-05
1.1168544876944954e-05 1.3971756509518604e-05
1.1168544876944954e-05 1.3971756509518604e-05
1.1168544876944954e-05 1.3971756509518604e-05
1.1168544876944954e-05 1.3971756509518604e-05
1.1168544876944954e-05 1.3971756509518604e-05
1.1168544876944954e-05 1.3971756509518604e-05
1.1168544876944954e-05 1.3971756509518604e-05
1.1168544876944954e-05 1.3971756509518604e-05
1.1168544876944954e-05 1.3971756509518604e-05
1.1168544876944954e-05 1.3971756509518604e-05
1.1168544876944954e-05 1.3971756509518604e-05
1.1168544876944954e-05 1.3971756509518604e-05
1.1168544876944954e-05 1.3971756509518604e-05
1.1168544876944954e-05 1.3971756509518604e-05
1.1168544876944954e-05 1.3971756509518604e-05
1.1168544876944954e-05 1.3971756509518604e-05
1.1168544876944954e-05 1.3971756509518604e-05
1.1168544876944954e-05 1.3971756509518604e-05
1.1168544876944954e-05 1.3971756509518604e-05
1.1168544876944954e-05 1.3971756509518604e-05
1.1168544876944954e-05 1.3971756509518604e-05
1.1168544876944954e-05 1.3971756509518604e-05
1.1168544876944954e-05 1.3971756509518604e-05
1.1168544876944954e-05 1.3971756509518604e-05
1.1168544876944954e-05 1.3971756509518604e-05
1.1168544876944954e-05 1.3971756509518604e-05
1.1168544876944954e-05 1.3971756509518604e-05
1.1168544876944954e-05 1.3971756509518604e-05
2.6343473833786303e-05 1.3972336572541609e-05
3.1266818417278e-05 1.3970967496441635e-05
1.2731245103125425e-05 1.3971875737233285e-05
1.2731245103125425e-05 1.3971875737233285e-05
1.2731245103125425e-05 1.3971875737233285e-05
9.851300404403013e-06 1.3970035412497003e-05
1.0217139457782769e-05 1.3970856154853315e-05
1.0217139457782769e-05 1.3970856154853315e-05
1.0217139457782769e-05 1.3970856154853315e-05
1.5564234493109607e-05 1.3971857215261114e-05
1.5564234493109607e-05 1.3971857215261114e-05
1.5564234493109607e-05 1.3971857215261114e-05
1.5564234493109607e-05 1.3971857215261114e-05
1.5564234493109607e-05 1.3971857215261114e-05
1.5564234493109607e-05 1.3971857215261114e-05
1.5564234493109607e-05 1.3971857215261114e-05
1.5564234493109607e-05 1.3971857215261114e-05
1.5564234493109607e-05 1.3971857215261114e-05
1.5564234493109607e-05 1.3971857215261114e-05
1.5564234493109607e-05 1.3971857215261114e-05
1.5564234493109607e-05 1.3971857215261114e-05
1.5564234493109607e-05 1.3971857215261114e-05
1.5564234493109607e-05 1.3971857215261114e-05
1.5564234493109607e-05 1.3971857215261114e-05
1.5564234493109607e-05 1.3971857215261114e-05
1.5564234493109607e-05 1.3971857215261114e-05
1.5564234493109607e-05 1.3971857215261114e-05
1.5564234493109607e-05 1.3971857215261114e-05
1.5564234493109607e-05 1.3971857215261114e-05
1.5564234493109607e-05 1.3971857215261114e-05
1.5564234493109607e-05 1.3971857215261114e-05
1.5564234493109607e-05 1.3971857215261114e-05
1.5564234493109607e-05 1.3971857215261114e-05
1.5564234493109607e-05 1.3971857215261114e-05
1.5564234493109607e-05 1.3971857215261114e-05
1.5564234493109607e-05 1.3971857215261114e-05
1.5564234493109607e-05 1.3971857215261114e-05
1.5564234493109607e-05 1.3971857215261114e-05
1.5564234493109607e-05 1.3971857215261114e-05
1.5564234493109607e-05 1.3971857215261114e-05
1.5564234493109607e-05 1.3971857215261114e-05
1.5564234493109607e-05 1.3971857215261114e-05
1.5564234493109607e-05 1.3971857215261114e-05
1.5564234493109607e-05 1.3971857215261114e-05
1.5564234493109607e-05 1.3971857215261114e-05
1.5564234493109607e-05 1.3971857215261114e-05
1.5564234493109607e-05 1.3971857215261114e-05
1.5564234493109607e-05 1.3971857215261114e-05
1.5564234493109607e-05 1.3971857215261114e-05
1.5564234493109607e-05 1.3971857215261114e-05
1.5564234493109607e-05 1.3971857215261114e-05
1.5564234493109607e-05 1.3971857215261114e-05
1.5564234493109607e-05 1.3971857215261114e-05
1.5564234493109607e-05 1.3971857215261114e-05
4.91961120404e-06 1.397157932199556e-05
4.91961120404e-06 1.397157932199556e-05
1.0526698607418963e-05 1.3971300362877774e-05
4.081607409979776e-06 1.3971479024005945e-05
4.081607409979776e-06 1.3971479024005945e-05
4.081607409979776e-06 1.3971479024005945e-05
4.081607409979776e-06 1.3971479024005945e-05
4.081607409979776e-06 1.3971479024005945e-05
4.081607409979776e-06 1.3971479024005945e-05
4.081607409979776e-06 1.3971479024005945e-05
4.081607409979776e-06 1.3971479024005945e-05
4.081607409979776e-06 1.3971479024005945e-05
4.081607409979776e-06 1.3971479024005945e-05
4.081607409979776e-06 1.3971479024005945e-05
4.081607409979776e-06 1.3971479024005945e-05
4.081607409979776e-06 1.3971479024005945e-05
4.081607409979776e-06 1.3971479024005945e-05
4.081607409979776e-06 1.3971479024005945e-05
4.081607409979776e-06 1.3971479024005945e-05
4.081607409979776e-06 1.3971479024005945e-05
4.081607409979776e-06 1.3971479024005945e-05
4.081607409979776e-06 1.3971479024005945e-05
4.081607409979776e-06 1.3971479024005945e-05
4.081607409979776e-06 1.3971479024005945e-05
4.081607409979776e-06 1.3971479024005945e-05
4.081607409979776e-06 1.3971479024005945e-05
4.081607409979776e-06 1.3971479024005945e-05
4.081607409979776e-06 1.3971479024005945e-05
4.081607409979776e-06 1.3971479024005945e-05
4.081607409979776e-06 1.3971479024005945e-05
4.081607409979776e-06 1.3971479024005945e-05
4.081607409979776e-06 1.3971479024005945e-05
4.081607409979776e-06 1.3971479024005945e-05
4.081607409979776e-06 1.3971479024005945e-05
4.081607409979776e-06 1.3971479024005945e-05
4.081607409979776e-06 1.3971479024005945e-05
4.081607409979776e-06 1.3971479024005945e-05
4.081607409979776e-06 1.3971479024005945e-05
4.081607409979776e-06 1.3971479024005945e-05
4.081607409979776e-06 1.3971479024005945e-05
4.081607409979776e-06 1.3971479024005945e-05
4.081607409979776e-06 1.3971479024005945e-05
4.081607409979776e-06 1.3971479024005945e-05
4.081607409979776e-06 1.3971479024005945e-05
4.081607409979776e-06 1.3971479024005945e-05
4.081607409979776e-06 1.3971479024005945e-05
4.081607409979776e-06 1.3971479024005945e-05
4.081607409979776e-06 1.3971479024005945e-05
3.407340990432659e-05 1.3971895088784998e-05
3.407340990432659e-05 1.3971895088784998e-05
3.407340990432659e-05 1.3971895088784998e-05
3.407340990432659e-05 1.3971895088784998e-05
3.407340990432659e-05 1.3971895088784998e-05
3.407340990432659e-05 1.3971895088784998e-05
3.407340990432659e-05 1.3971895088784998e-05
3.407340990432659e-05 1.3971895088784998e-05
3.407340990432659e-05 1.3971895088784998e-05
3.407340990432659e-05 1.3971895088784998e-05
3.407340990432659e-05 1.3971895088784998e-05
3.407340990432659e-05 1.3971895088784998e-05
3.407340990432659e-05 1.3971895088784998e-05
3.407340990432659e-05 1.3971895088784998e-05
3.407340990432659e-05 1.3971895088784998e-05
3.407340990432659e-05 1.3971895088784998e-05
3.407340990432659e-05 1.3971895088784998e-05
3.407340990432659e-05 1.3971895088784998e-05
3.407340990432659e-05 1.3971895088784998e-05
3.407340990432659e-05 1.3971895088784998e-05
3.407340990432659e-05 1.3971895088784998e-05
3.407340990432659e-05 1.3971895088784998e-05
3.407340990432659e-05 1.3971895088784998e-05
3.407340990432659e-05 1.3971895088784998e-05
3.407340990432659e-05 1.3971895088784998e-05
3.407340990432659e-05 1.3971895088784998e-05
3.407340990432659e-05 1.3971895088784998e-05
3.407340990432659e-05 1.3971895088784998e-05
3.407340990432659e-05 1.3971895088784998e-05
3.407340990432659e-05 1.3971895088784998e-05
3.407340990432659e-05 1.3971895088784998e-05
3.407340990432659e-05 1.3971895088784998e-05
3.407340990432659e-05 1.3971895088784998e-05
3.407340990432659e-05 1.3971895088784998e-05
3.407340990432659e-05 1.3971895088784998e-05
3.407340990432659e-05 1.3971895088784998e-05
3.407340990432659e-05 1.3971895088784998e-05
3.407340990432659e-05 1.3971895088784998e-05
3.407340990432659e-05 1.3971895088784998e-05
3.407340990432659e-05 1.3971895088784998e-05
3.407340990432659e-05 1.3971895088784998e-05
3.407340990432659e-05 1.3971895088784998e-05
3.407340990432659e-05 1.3971895088784998e-05
3.407340990432659e-05 1.3971895088784998e-05
3.407340990432659e-05 1.3971895088784998e-05
1.270399127678182e-05 1.3971746032555035e-05
1.270399127678182e-05 1.3971746032555035e-05
1.270399127678182e-05 1.3971746032555035e-05
1.620006801460039e-05 1.3972562420050281e-05
1.620006801460039e-05 1.3972562420050281e-05
1.620006801460039e-05 1.3972562420050281e-05
2.7537654860100873e-05 1.397108573038576e-05
7.014177129516881e-06 1.3971340102675054e-05
7.014177129516881e-06 1.3971340102675054e-05
7.014177129516881e-06 1.3971340102675054e-05
1.5346673178601108e-05 1.3971678087580729e-05
1.5346673178601108e-05 1.3971678087580729e-05
1.5346673178601108e-05 1.3971678087580729e-05
1.5346673178601108e-05 1.3971678087580729e-05
1.5346673178601108e-05 1.3971678087580729e-05
1.5346673178601108e-05 1.3971678087580729e-05
1.5346673178601108e-05 1.3971678087580729e-05
1.5346673178601108e-05 1.3971678087580729e-05
1.5346673178601108e-05 1.3971678087580729e-05
1.5346673178601108e-05 1.3971678087580729e-05
1.5346673178601108e-05 1.3971678087580729e-05
1.5346673178601108e-05 1.3971678087580729e-05
1.5346673178601108e-05 1.3971678087580729e-05
1.5346673178601108e-05 1.3971678087580729e-05
1.5346673178601108e-05 1.3971678087580729e-05
1.5346673178601108e-05 1.3971678087580729e-05
1.5346673178601108e-05 1.3971678087580729e-05
1.5346673178601108e-05 1.3971678087580729e-05
1.5346673178601108e-05 1.3971678087580729e-05
1.5346673178601108e-05 1.3971678087580729e-05
1.5346673178601108e-05 1.3971678087580729e-05
1.5346673178601108e-05 1.3971678087580729e-05
1.5346673178601108e-05 1.3971678087580729e-05
1.5346673178601108e-05 1.3971678087580729e-05
1.5346673178601108e-05 1.3971678087580729e-05
1.5346673178601108e-05 1.3971678087580729e-05
1.5346673178601108e-05 1.3971678087580729e-05
1.5346673178601108e-05 1.3971678087580729e-05
1.5346673178601108e-05 1.3971678087580729e-05
1.5346673178601108e-05 1.3971678087580729e-05
1.5346673178601108e-05 1.3971678087580729e-05
1.5346673178601108e-05 1.3971678087580729e-05
1.5346673178601108e-05 1.3971678087580729e-05
1.5346673178601108e-05 1.3971678087580729e-05
1.5346673178601108e-05 1.3971678087580729e-05
1.5346673178601108e-05 1.3971678087580729e-05
1.5346673178601108e-05 1.3971678087580729e-05
1.5346673178601108e-05 1.3971678087580729e-05
1.5346673178601108e-05 1.3971678087580729e-05
1.5346673178601108e-05 1.3971678087580729e-05
1.5346673178601108e-05 1.3971678087580729e-05
1.5346673178601108e-05 1.3971678087580729e-05
1.5346673178601108e-05 1.3971678087580729e-05
1.5346673178601108e-05 1.3971678087580729e-05
1.5346673178601108e-05 1.3971678087580729e-05
1.5396041349031156e-05 1.3970912299176936e-05
1.5396041349031156e-05 1.3970912299176936e-05
1.5396041349031156e-05 1.3970912299176936e-05
1.2878210496853283e-05 1.3972038102397513e-05
1.2878210496853283e-05 1.3972038102397513e-05
1.2878210496853283e-05 1.3972038102397513e-05
1.2878210496853283e-05 1.3972038102397513e-05
1.2878210496853283e-05 1.3972038102397513e-05
1.2878210496853283e-05 1.3972038102397513e-05
1.2878210496853283e-05 1.3972038102397513e-05
1.2878210496853283e-05 1.3972038102397513e-05
1.2878210496853283e-05 1.3972038102397513e-05
1.2878210496853283e-05 1.3972038102397513e-05
1.2878210496853283e-05 1.3972038102397513e-05
1.2878210496853283e-05 1.3972038102397513e-05
1.2878210496853283e-05 1.3972038102397513e-05
1.2878210496853283e-05 1.3972038102397513e-05
1.2878210496853283e-05 1.3972038102397513e-05
1.2878210496853283e-05 1.3972038102397513e-05
1.2878210496853283e-05 1.3972038102397513e-05
1.2878210496853283e-05 1.3972038102397513e-05
1.2878210496853283e-05 1.3972038102397513e-05
1.2878210496853283e-05 1.3972038102397513e-05
1.2878210496853283e-05 1.3972038102397513e-05
1.2878210496853283e-05 1.3972038102397513e-05
1.2878210496853283e-05 1.3972038102397513e-05
1.2878210496853283e-05 1.3972038102397513e-05
1.2878210496853283e-05 1.3972038102397513e-05
1.2878210496853283e-05 1.3972038102397513e-05
1.2878210496853283e-05 1.3972038102397513e-05
1.2878210496853283e-05 1.3972038102397513e-05
1.2878210496853283e-05 1.3972038102397513e-05
1.2878210496853283e-05 1.3972038102397513e-05
1.2878210496853283e-05 1.3972038102397513e-05
1.2878210496853283e-05 1.3972038102397513e-05
1.2878210496853283e-05 1.3972038102397513e-05
1.2878210496853283e-05 1.3972038102397513e-05
1.2878210496853283e-05 1.3972038102397513e-05
1.2878210496853283e-05 1.3972038102397513e-05
1.2878210496853283e-05 1.3972038102397513e-05
1.2878210496853283e-05 1.3972038102397513e-05
1.2878210496853283e-05 1.3972038102397513e-05
1.2878210496853283e-05 1.3972038102397513e-05
1.2878210496853283e-05 1.3972038102397513e-05
1.2878210496853283e-05 1.3972038102397513e-05
1.2878210496853283e-05 1.3972038102397513e-05
1.2878210496853283e-05 1.3972038102397513e-05
1.2878210496853283e-05 1.3972038102397513e-05
1.6596889264516362e-05 1.3970291139816957e-05
1.6596889264516362e-05 1.3970291139816957e-05
1.6596889264516362e-05 1.3970291139816957e-05
1.6619636917381647e-05 1.3971386707357927e-05
1.6619636917381647e-05 1.3971386707357927e-05
1.6619636917381647e-05 1.3971386707357927e-05
1.959282125613614e-05 1.3971710241954444e-05
1.959282125613614e-05 1.3971710241954444e-05
1.959282125613614e-05 1.3971710241954444e-05
1.959282125613614e-05 1.3971710241954444e-05
1.959282125613614e-05 1.3971710241954444e-05
1.959282125613614e-05 1.3971710241954444e-05
1.959282125613614e-05 1.3971710241954444e-05
1.959282125613614e-05 1.3971710241954444e-05
1.959282125613614e-05 1.3971710241954444e-05
1.959282125613614e-05 1.3971710241954444e-05
1.959282125613614e-05 1.3971710241954444e-05
1.959282125613614e-05 1.3971710241954444e-05
1.959282125613614e-05 1.3971710241954444e-05
1.959282125613614e-05 1.3971710241954444e-05
1.959282125613614e-05 1.3971710241954444e-05
1.959282125613614e-05 1.3971710241954444e-05
1.959282125613614e-05 1.3971710241954444e-05
1.959282125613614e-05 1.3971710241954444e-05
1.959282125613614e-05 1.3971710241954444e-05
1.959282125613614e-05 1.3971710241954444e-05
1.959282125613614e-05 1.3971710241954444e-05
1.959282125613614e-05 1.3971710241954444e-05
1.959282125613614e-05 1.3971710241954444e-05
1.959282125613614e-05 1.3971710241954444e-05
1.959282125613614e-05 1.3971710241954444e-05
1.959282125613614e-05 1.3971710241954444e-05
1.959282125613614e-05 1.3971710241954444e-05
1.959282125613614e-05 1.3971710241954444e-05
1.959282125613614e-05 1.3971710241954444e-05
1.959282125613614e-05 1.3971710241954444e-05
1.959282125613614e-05 1.3971710241954444e-05
1.959282125613614e-05 1.3971710241954444e-05
1.959282125613614e-05 1.3971710241954444e-05
1.959282125613614e-05 1.3971710241954444e-05
1.959282125613614e-05 1.3971710241954444e-05
1.959282125613614e-05 1.3971710241954444e-05
1.959282125613614e-05 1.3971710241954444e-05
1.959282125613614e-05 1.3971710241954444e-05
1.959282125613614e-05 1.3971710241954444e-05
1.959282125613614e-05 1.3971710241954444e-05
1.959282125613614e-05 1.3971710241954444e-05
1.959282125613614e-05 1.3971710241954444e-05
1.959282125613614e-05 1.3971710241954444e-05
1.959282125613614e-05 1.3971710241954444e-05
1.959282125613614e-05 1.3971710241954444e-05
1.2407195329273028e-05 1.3970706646657232e-05
1.2407195329273028e-05 1.3970706646657232e-05
9.857977007217934e-06 1.3970999666963552e-05
9.857977007217934e-06 1.3970999666963552e-05
2.7029992245737785e-05 1.3973375139796917e-05
1.6619636917381647e-05 1.3971386707357927e-05
1.6619636917381647e-05 1.3971386707357927e-05
1.6619636917381647e-05 1.3971386707357927e-05
1.4744137843342614e-05 1.3971536386112661e-05
1.4744137843342614e-05 1.3971536386112661e-05
1.4744137843342614e-05 1.3971536386112661e-05
1.4744137843342614e-05 1.3971536386112661e-05
1.4744137843342614e-05 1.3971536386112661e-05
1.4744137843342614e-05 1.3971536386112661e-05
1.4744137843342614e-05 1.3971536386112661e-05
1.4744137843342614e-05 1.3971536386112661e-05
1.4744137843342614e-05 1.3971536386112661e-05
1.4744137843342614e-05 1.3971536386112661e-05
1.4744137843342614e-05 1.3971536386112661e-05
1.4744137843342614e-05 1.3971536386112661e-05
1.4744137843342614e-05 1.3971536386112661e-05
1.4744137843342614e-05 1.3971536386112661e-05
1.4744137843342614e-05 1.3971536386112661e-05
1.4744137843342614e-05 1.3971536386112661e-05
1.4744137843342614e-05 1.3971536386112661e-05
1.4744137843342614e-05 1.3971536386112661e-05
1.4744137843342614e-05 1.3971536386112661e-05
1.4744137843342614e-05 1.3971536386112661e-05
1.4744137843342614e-05 1.3971536386112661e-05
1.4744137843342614e-05 1.3971536386112661e-05
1.4744137843342614e-05 1.3971536386112661e-05
1.4744137843342614e-05 1.3971536386112661e-05
1.4744137843342614e-05 1.3971536386112661e-05
1.4744137843342614e-05 1.3971536386112661e-05
1.4744137843342614e-05 1.3971536386112661e-05
1.4744137843342614e-05 1.3971536386112661e-05
1.4744137843342614e-05 1.3971536386112661e-05
1.4744137843342614e-05 1.3971536386112661e-05
1.4744137843342614e-05 1.3971536386112661e-05
1.4744137843342614e-05 1.3971536386112661e-05
1.4744137843342614e-05 1.3971536386112661e-05
1.4744137843342614e-05 1.3971536386112661e-05
1.4744137843342614e-05 1.3971536386112661e-05
1.4744137843342614e-05 1.3971536386112661e-05
1.4744137843342614e-05 1.3971536386112661e-05
1.4744137843342614e-05 1.3971536386112661e-05
1.4744137843342614e-05 1.3971536386112661e-05
1.4744137843342614e-05 1.3971536386112661e-05
1.4744137843342614e-05 1.3971536386112661e-05
1.4744137843342614e-05 1.3971536386112661e-05
1.4744137843342614e-05 1.3971536386112661e-05
1.4744137843342614e-05 1.3971536386112661e-05
1.4744137843342614e-05 1.3971536386112661e-05
1.4744137843342614e-05 1.3971536386112661e-05
1.4744137843342614e-05 1.3971536386112661e-05
1.4744137843342614e-05 1.3971536386112661e-05
1.4744137843342614e-05 1.3971536386112661e-05
1.4744137843342614e-05 1.3971536386112661e-05
1.4744137843342614e-05 1.3971536386112661e-05
1.4744137843342614e-05 1.3971536386112661e-05
1.4744137843342614e-05 1.3971536386112661e-05
1.4744137843342614e-05 1.3971536386112661e-05
1.4744137843342614e-05 1.3971536386112661e-05
1.4744137843342614e-05 1.3971536386112661e-05
1.4744137843342614e-05 1.3971536386112661e-05
1.4744137843342614e-05 1.3971536386112661e-05
1.4744137843342614e-05 1.3971536386112661e-05
1.4744137843342614e-05 1.3971536386112661e-05
1.4744137843342614e-05 1.3971536386112661e-05
1.4744137843342614e-05 1.3971536386112661e-05
1.4744137843342614e-05 1.3971536386112661e-05
1.4744137843342614e-05 1.3971536386112661e-05
1.4744137843342614e-05 1.3971536386112661e-05
1.4744137843342614e-05 1.3971536386112661e-05
1.4744137843342614e-05 1.3971536386112661e-05
1.4744137843342614e-05 1.3971536386112661e-05
1.4744137843342614e-05 1.3971536386112661e-05
1.4744137843342614e-05 1.3971536386112661e-05
1.4744137843342614e-05 1.3971536386112661e-05
1.4744137843342614e-05 1.3971536386112661e-05
1.4744137843342614e-05 1.3971536386112661e-05
1.4744137843342614e-05 1.3971536386112661e-05
1.4744137843342614e-05 1.3971536386112661e-05
1.4744137843342614e-05 1.3971536386112661e-05
1.4744137843342614e-05 1.3971536386112661e-05
1.4744137843342614e-05 1.3971536386112661e-05
1.4744137843342614e-05 1.3971536386112661e-05
1.4744137843342614e-05 1.3971536386112661e-05
1.4744137843342614e-05 1.3971536386112661e-05
1.4744137843342614e-05 1.3971536386112661e-05
1.4744137843342614e-05 1.3971536386112661e-05
1.4744137843342614e-05 1.3971536386112661e-05
1.4744137843342614e-05 1.3971536386112661e-05
1.4744137843342614e-05 1.3971536386112661e-05
1.4744137843342614e-05 1.3971536386112661e-05
1.4744137843342614e-05 1.3971536386112661e-05
1.4744137843342614e-05 1.3971536386112661e-05
1.4744137843342614e-05 1.3971536386112661e-05
6.1998586432229346e-06 1.3971999180566782e-05
2.1664011190012466e-05 1.3971598096204242e-05
1.5346673178601108e-05 1.3971678087580729e-05
1.5346673178601108e-05 1.3971678087580729e-05
1.5346673178601108e-05 1.3971678087580729e-05
1.5346673178601108e-05 1.3971678087580729e-05
1.5346673178601108e-05 1.3971678087580729e-05
1.5346673178601108e-05 1.3971678087580729e-05
1.5346673178601108e-05 1.3971678087580729e-05
1.5346673178601108e-05 1.3971678087580729e-05
1.5346673178601108e-05 1.3971678087580729e-05
1.5346673178601108e-05 1.3971678087580729e-05
1.5346673178601108e-05 1.3971678087580729e-05
1.5346673178601108e-05 1.3971678087580729e-05
1.5346673178601108e-05 1.3971678087580729e-05
1.5346673178601108e-05 1.3971678087580729e-05
1.5346673178601108e-05 1.3971678087580729e-05
1.5346673178601108e-05 1.3971678087580729e-05
1.5346673178601108e-05 1.3971678087580729e-05
1.5346673178601108e-05 1.3971678087580729e-05
1.5346673178601108e-05 1.3971678087580729e-05
1.5346673178601108e-05 1.3971678087580729e-05
1.5346673178601108e-05 1.3971678087580729e-05
1.5346673178601108e-05 1.3971678087580729e-05
1.5346673178601108e-05 1.3971678087580729e-05
1.5346673178601108e-05 1.3971678087580729e-05
1.5346673178601108e-05 1.3971678087580729e-05
1.5346673178601108e-05 1.3971678087580729e-05
1.5346673178601108e-05 1.3971678087580729e-05
1.5346673178601108e-05 1.3971678087580729e-05
1.5346673178601108e-05 1.3971678087580729e-05
1.5346673178601108e-05 1.3971678087580729e-05
1.5346673178601108e-05 1.3971678087580729e-05
1.5346673178601108e-05 1.3971678087580729e-05
1.5346673178601108e-05 1.3971678087580729e-05
1.5346673178601108e-05 1.3971678087580729e-05
1.5346673178601108e-05 1.3971678087580729e-05
1.5346673178601108e-05 1.3971678087580729e-05
1.5346673178601108e-05 1.3971678087580729e-05
1.5346673178601108e-05 1.3971678087580729e-05
1.5346673178601108e-05 1.3971678087580729e-05
1.5346673178601108e-05 1.3971678087580729e-05
1.5346673178601108e-05 1.3971678087580729e-05
1.5346673178601108e-05 1.3971678087580729e-05
1.5346673178601108e-05 1.3971678087580729e-05
1.5346673178601108e-05 1.3971678087580729e-05
1.5346673178601108e-05 1.3971678087580729e-05
1.593719156795092e-05 1.3971622279255e-05
1.593719156795092e-05 1.3971622279255e-05
1.593719156795092e-05 1.3971622279255e-05
1.593719156795092e-05 1.3971622279255e-05
1.593719156795092e-05 1.3971622279255e-05
1.593719156795092e-05 1.3971622279255e-05
1.593719156795092e-05 1.3971622279255e-05
1.593719156795092e-05 1.3971622279255e-05
1.593719156795092e-05 1.3971622279255e-05
1.593719156795092e-05 1.3971622279255e-05
1.593719156795092e-05 1.3971622279255e-05
1.593719156795092e-05 1.3971622279255e-05
1.593719156795092e-05 1.3971622279255e-05
1.593719156795092e-05 1.3971622279255e-05
1.593719156795092e-05 1.3971622279255e-05
1.593719156795092e-05 1.3971622279255e-05
1.593719156795092e-05 1.3971622279255e-05
1.593719156795092e-05 1.3971622279255e-05
1.593719156795092e-05 1.3971622279255e-05
1.593719156795092e-05 1.3971622279255e-05
1.593719156795092e-05 1.3971622279255e-05
1.593719156795092e-05 1.3971622279255e-05
1.593719156795092e-05 1.3971622279255e-05
1.593719156795092e-05 1.3971622279255e-05
1.593719156795092e-05 1.3971622279255e-05
1.593719156795092e-05 1.3971622279255e-05
1.593719156795092e-05 1.3971622279255e-05
1.593719156795092e-05 1.3971622279255e-05
1.593719156795092e-05 1.3971622279255e-05
1.593719156795092e-05 1.3971622279255e-05
1.593719156795092e-05 1.3971622279255e-05
1.593719156795092e-05 1.3971622279255e-05
1.593719156795092e-05 1.3971622279255e-05
1.593719156795092e-05 1.3971622279255e-05
1.593719156795092e-05 1.3971622279255e-05
1.593719156795092e-05 1.3971622279255e-05
1.593719156795092e-05 1.3971622279255e-05
1.593719156795092e-05 1.3971622279255e-05
1.593719156795092e-05 1.3971622279255e-05
1.593719156795092e-05 1.3971622279255e-05
1.593719156795092e-05 1.3971622279255e-05
1.593719156795092e-05 1.3971622279255e-05
1.593719156795092e-05 1.3971622279255e-05
1.593719156795092e-05 1.3971622279255e-05
1.593719156795092e-05 1.3971622279255e-05
2.0650703672727648e-05 1.3974980888154924e-05
1.2938594958575255e-05 1.3971631404857214e-05
1.83099887314637e-05 1.3971339085874885e-05
1.83099887314637e-05 1.3971339085874885e-05
1.83099887314637e-05 1.3971339085874885e-05
1.3573997909959353e-05 1.3971757269488338e-05
1.3573997909959353e-05 1.3971757269488338e-05
1.3573997909959353e-05 1.3971757269488338e-05
1.3573997909959353e-05 1.3971757269488338e-05
1.3573997909959353e-05 1.3971757269488338e-05
1.3573997909959353e-05 1.3971757269488338e-05
1.3573997909959353e-05 1.3971757269488338e-05
1.3573997909959353e-05 1.3971757269488338e-05
1.3573997909959353e-05 1.3971757269488338e-05
1.3573997909959353e-05 1.3971757269488338e-05
1.3573997909959353e-05 1.3971757269488338e-05
1.3573997909959353e-05 1.3971757269488338e-05
1.3573997909959353e-05 1.3971757269488338e-05
1.3573997909959353e-05 1.3971757269488338e-05
1.3573997909959353e-05 1.3971757269488338e-05
1.3573997909959353e-05 1.3971757269488338e-05
1.3573997909959353e-05 1.3971757269488338e-05
1.3573997909959353e-05 1.3971757269488338e-05
1.3573997909959353e-05 1.3971757269488338e-05
1.3573997909959353e-05 1.3971757269488338e-05
1.3573997909959353e-05 1.3971757269488338e-05
1.3573997909959353e-05 1.3971757269488338e-05
1.3573997909959353e-05 1.3971757269488338e-05
1.3573997909959353e-05 1.3971757269488338e-05
1.3573997909959353e-05 1.3971757269488338e-05
1.3573997909959353e-05 1.3971757269488338e-05
1.3573997909959353e-05 1.3971757269488338e-05
1.3573997909959353e-05 1.3971757269488338e-05
1.3573997909959353e-05 1.3971757269488338e-05
1.3573997909959353e-05 1.3971757269488338e-05
1.3573997909959353e-05 1.3971757269488338e-05
1.3573997909959353e-05 1.3971757269488338e-05
1.3573997909959353e-05 1.3971757269488338e-05
1.3573997909959353e-05 1.3971757269488338e-05
1.3573997909959353e-05 1.3971757269488338e-05
1.3573997909959353e-05 1.3971757269488338e-05
1.3573997909959353e-05 1.3971757269488338e-05
1.3573997909959353e-05 1.3971757269488338e-05
1.3573997909959353e-05 1.3971757269488338e-05
1.3573997909959353e-05 1.3971757269488338e-05
1.3573997909959353e-05 1.3971757269488338e-05
1.3573997909959353e-05 1.3971757269488338e-05
1.3573997909959353e-05 1.3971757269488338e-05
1.3573997909959353e-05 1.3971757269488338e-05
1.3573997909959353e-05 1.3971757269488338e-05
8.030808322273126e-06 1.3971317917809487e-05
1.8629545771272672e-05 1.3972982971700433e-05
1.566265528540491e-05 1.3972097178919933e-05
1.566265528540491e-05 1.3972097178919933e-05
1.566265528540491e-05 1.3972097178919933e-05
1.566265528540491e-05 1.3972097178919933e-05
1.566265528540491e-05 1.3972097178919933e-05
1.566265528540491e-05 1.3972097178919933e-05
1.566265528540491e-05 1.3972097178919933e-05
1.566265528540491e-05 1.3972097178919933e-05
1.566265528540491e-05 1.3972097178919933e-05
1.566265528540491e-05 1.3972097178919933e-05
1.566265528540491e-05 1.3972097178919933e-05
1.566265528540491e-05 1.3972097178919933e-05
1.566265528540491e-05 1.3972097178919933e-05
1.566265528540491e-05 1.3972097178919933e-05
1.566265528540491e-05 1.3972097178919933e-05
1.566265528540491e-05 1.3972097178919933e-05
1.566265528540491e-05 1.3972097178919933e-05
1.566265528540491e-05 1.3972097178919933e-05
1.566265528540491e-05 1.3972097178919933e-05
1.566265528540491e-05 1.3972097178919933e-05
1.566265528540491e-05 1.3972097178919933e-05
1.566265528540491e-05 1.3972097178919933e-05
1.566265528540491e-05 1.3972097178919933e-05
1.566265528540491e-05 1.3972097178919933e-05
1.566265528540491e-05 1.3972097178919933e-05
1.566265528540491e-05 1.3972097178919933e-05
1.566265528540491e-05 1.3972097178919933e-05
1.566265528540491e-05 1.3972097178919933e-05
1.566265528540491e-05 1.3972097178919933e-05
1.566265528540491e-05 1.3972097178919933e-05
1.566265528540491e-05 1.3972097178919933e-05
1.566265528540491e-05 1.3972097178919933e-05
1.566265528540491e-05 1.3972097178919933e-05
1.566265528540491e-05 1.3972097178919933e-05
1.566265528540491e-05 1.3972097178919933e-05
1.566265528540491e-05 1.3972097178919933e-05
1.566265528540491e-05 1.3972097178919933e-05
1.566265528540491e-05 1.3972097178919933e-05
1.566265528540491e-05 1.3972097178919933e-05
1.566265528540491e-05 1.3972097178919933e-05
1.566265528540491e-05 1.3972097178919933e-05
1.566265528540491e-05 1.3972097178919933e-05
1.566265528540491e-05 1.3972097178919933e-05
1.566265528540491e-05 1.3972097178919933e-05
1.566265528540491e-05 1.3972097178919933e-05
1.5738172909169117e-05 1.3971546414383269e-05
1.5738172909169117e-05 1.3971546414383269e-05
1.5738172909169117e-05 1.3971546414383269e-05
6.560309231452459e-06 1.3970747076634332e-05
3.0093266935818157e-05 1.3971189774182482e-05
2.593751802138752e-05 1.3970448384930195e-05
1.3524955564897244e-05 1.3971690475522624e-05
1.3524955564897244e-05 1.3971690475522624e-05
1.3524955564897244e-05 1.3971690475522624e-05
1.3524955564897244e-05 1.3971690475522624e-05
1.3524955564897244e-05 1.3971690475522624e-05
1.3524955564897244e-05 1.3971690475522624e-05
1.3524955564897244e-05 1.3971690475522624e-05
1.3524955564897244e-05 1.3971690475522624e-05
1.3524955564897244e-05 1.3971690475522624e-05
1.3524955564897244e-05 1.3971690475522624e-05
1.3524955564897244e-05 1.3971690475522624e-05
1.3524955564897244e-05 1.3971690475522624e-05
1.3524955564897244e-05 1.3971690475522624e-05
1.3524955564897244e-05 1.3971690475522624e-05
1.3524955564897244e-05 1.3971690475522624e-05
1.3524955564897244e-05 1.3971690475522624e-05
1.3524955564897244e-05 1.3971690475522624e-05
1.3524955564897244e-05 1.3971690475522624e-05
1.3524955564897244e-05 1.3971690475522624e-05
1.3524955564897244e-05 1.3971690475522624e-05
1.3524955564897244e-05 1.3971690475522624e-05
1.3524955564897244e-05 1.3971690475522624e-05
1.3524955564897244e-05 1.3971690475522624e-05
1.3524955564897244e-05 1.3971690475522624e-05
1.3524955564897244e-05 1.3971690475522624e-05
1.3524955564897244e-05 1.3971690475522624e-05
1.3524955564897244e-05 1.3971690475522624e-05
1.3524955564897244e-05 1.3971690475522624e-05
1.3524955564897244e-05 1.3971690475522624e-05
1.3524955564897244e-05 1.3971690475522624e-05
1.3524955564897244e-05 1.3971690475522624e-05
1.3524955564897244e-05 1.3971690475522624e-05
1.3524955564897244e-05 1.3971690475522624e-05
1.3524955564897244e-05 1.3971690475522624e-05
1.3524955564897244e-05 1.3971690475522624e-05
1.3524955564897244e-05 1.3971690475522624e-05
1.3524955564897244e-05 1.3971690475522624e-05
1.3524955564897244e-05 1.3971690475522624e-05
1.3524955564897244e-05 1.3971690475522624e-05
1.3524955564897244e-05 1.3971690475522624e-05
1.3524955564897244e-05 1.3971690475522624e-05
1.3524955564897244e-05 1.3971690475522624e-05
1.3524955564897244e-05 1.3971690475522624e-05
1.3524955564897244e-05 1.3971690475522624e-05
1.3524955564897244e-05 1.3971690475522624e-05
1.0541199010633539e-05 1.3970251660668807e-05
1.6103923139025618e-05 1.3971376462183254e-05
1.6103923139025618e-05 1.3971376462183254e-05
1.6103923139025618e-05 1.3971376462183254e-05
3.0093266935818157e-05 1.3971189774182482e-05
1.623238122976382e-05 1.3972243172810392e-05
1.623238122976382e-05 1.3972243172810392e-05
1.623238122976382e-05 1.3972243172810392e-05
1.5363354889045995e-05 1.3972656358959526e-05
1.5363354889045995e-05 1.3972656358959526e-05
1.5363354889045995e-05 1.3972656358959526e-05
1.1514510044143314e-05 1.3971751487825829e-05
1.1514510044143314e-05 1.3971751487825829e-05
1.1514510044143314e-05 1.3971751487825829e-05
1.1514510044143314e-05 1.3971751487825829e-05
1.1514510044143314e-05 1.3971751487825829e-05
1.1514510044143314e-05 1.3971751487825829e-05
1.1514510044143314e-05 1.3971751487825829e-05
1.1514510044143314e-05 1.3971751487825829e-05
1.1514510044143314e-05 1.3971751487825829e-05
1.1514510044143314e-05 1.3971751487825829e-05
1.1514510044143314e-05 1.3971751487825829e-05
1.1514510044143314e-05 1.3971751487825829e-05
1.1514510044143314e-05 1.3971751487825829e-05
1.1514510044143314e-05 1.3971751487825829e-05
1.1514510044143314e-05 1.3971751487825829e-05
1.1514510044143314e-05 1.3971751487825829e-05
1.1514510044143314e-05 1.3971751487825829e-05
1.1514510044143314e-05 1.3971751487825829e-05
1.1514510044143314e-05 1.3971751487825829e-05
1.1514510044143314e-05 1.3971751487825829e-05
1.1514510044143314e-05 1.3971751487825829e-05
1.1514510044143314e-05 1.3971751487825829e-05
1.1514510044143314e-05 1.3971751487825829e-05
1.1514510044143314e-05 1.3971751487825829e-05
1.1514510044143314e-05 1.3971751487825829e-05
1.1514510044143314e-05 1.3971751487825829e-05
1.1514510044143314e-05 1.3971751487825829e-05
1.1514510044143314e-05 1.3971751487825829e-05
1.1514510044143314e-05 1.3971751487825829e-05
1.1514510044143314e-05 1.3971751487825829e-05
1.1514510044143314e-05 1.3971751487825829e-05
1.1514510044143314e-05 1.3971751487825829e-05
1.1514510044143314e-05 1.3971751487825829e-05
1.1514510044143314e-05 1.3971751487825829e-05
1.1514510044143314e-05 1.3971751487825829e-05
1.1514510044143314e-05 1.3971751487825829e-05
1.1514510044143314e-05 1.3971751487825829e-05
1.1514510044143314e-05 1.3971751487825829e-05
1.1514510044143314e-05 1.3971751487825829e-05
1.1514510044143314e-05 1.3971751487825829e-05
1.1514510044143314e-05 1.3971751487825829e-05
1.1514510044143314e-05 1.3971751487825829e-05
1.1514510044143314e-05 1.3971751487825829e-05
1.1514510044143314e-05 1.3971751487825829e-05
1.1514510044143314e-05 1.3971751487825829e-05
6.471296904323518e-06 1.3972742019471398e-05
2.2536949736387078e-05 1.3970923900348867e-05
2.8742633768762732e-06 1.3970518412016987e-05
2.8742633768762732e-06 1.3970518412016987e-05
2.8742633768762732e-06 1.3970518412016987e-05
2.210991629266118e-05 1.3971643213161643e-05
2.6831257492301557e-05 1.3971632912491348e-05
2.6831257492301557e-05 1.3971632912491348e-05
2.6831257492301557e-05 1.3971632912491348e-05
2.6831257492301557e-05 1.3971632912491348e-05
2.6831257492301557e-05 1.3971632912491348e-05
2.6831257492301557e-05 1.3971632912491348e-05
2.6831257492301557e-05 1.3971632912491348e-05
2.6831257492301557e-05 1.3971632912491348e-05
2.6831257492301557e-05 1.3971632912491348e-05
2.6831257492301557e-05 1.3971632912491348e-05
2.6831257492301557e-05 1.3971632912491348e-05
2.6831257492301557e-05 1.3971632912491348e-05
2.6831257492301557e-05 1.3971632912491348e-05
2.6831257492301557e-05 1.3971632912491348e-05
2.6831257492301557e-05 1.3971632912491348e-05
2.6831257492301557e-05 1.3971632912491348e-05
2.6831257492301557e-05 1.3971632912491348e-05
2.6831257492301557e-05 1.3971632912491348e-05
2.6831257492301557e-05 1.3971632912491348e-05
2.6831257492301557e-05 1.3971632912491348e-05
2.6831257492301557e-05 1.3971632912491348e-05
2.6831257492301557e-05 1.3971632912491348e-05
2.6831257492301557e-05 1.3971632912491348e-05
2.6831257492301557e-05 1.3971632912491348e-05
2.6831257492301557e-05 1.3971632912491348e-05
2.6831257492301557e-05 1.3971632912491348e-05
2.6831257492301557e-05 1.3971632912491348e-05
2.6831257492301557e-05 1.3971632912491348e-05
2.6831257492301557e-05 1.3971632912491348e-05
2.6831257492301557e-05 1.3971632912491348e-05
2.6831257492301557e-05 1.3971632912491348e-05
2.6831257492301557e-05 1.3971632912491348e-05
2.6831257492301557e-05 1.3971632912491348e-05
2.6831257492301557e-05 1.3971632912491348e-05
2.6831257492301557e-05 1.3971632912491348e-05
2.6831257492301557e-05 1.3971632912491348e-05
2.6831257492301557e-05 1.3971632912491348e-05
2.6831257492301557e-05 1.3971632912491348e-05
2.6831257492301557e-05 1.3971632912491348e-05
2.6831257492301557e-05 1.3971632912491348e-05
2.6831257492301557e-05 1.3971632912491348e-05
2.6831257492301557e-05 1.3971632912491348e-05
2.6831257492301557e-05 1.3971632912491348e-05
2.6831257492301557e-05 1.3971632912491348e-05
2.6831257492301557e-05 1.3971632912491348e-05
2.6831257492301557e-05 1.3971632912491348e-05
2.6831257492301557e-05 1.3971632912491348e-05
2.6831257492301557e-05 1.3971632912491348e-05
2.6831257492301557e-05 1.3971632912491348e-05
2.6831257492301557e-05 1.3971632912491348e-05
2.6831257492301557e-05 1.3971632912491348e-05
2.6831257492301557e-05 1.3971632912491348e-05
2.6831257492301557e-05 1.3971632912491348e-05
2.6831257492301557e-05 1.3971632912491348e-05
2.6831257492301557e-05 1.3971632912491348e-05
2.6831257492301557e-05 1.3971632912491348e-05
2.6831257492301557e-05 1.3971632912491348e-05
2.6831257492301557e-05 1.3971632912491348e-05
2.6831257492301557e-05 1.3971632912491348e-05
2.6831257492301557e-05 1.3971632912491348e-05
2.6831257492301557e-05 1.3971632912491348e-05
2.6831257492301557e-05 1.3971632912491348e-05
2.6831257492301557e-05 1.3971632912491348e-05
2.6831257492301557e-05 1.3971632912491348e-05
2.6831257492301557e-05 1.3971632912491348e-05
2.6831257492301557e-05 1.3971632912491348e-05
2.6831257492301557e-05 1.3971632912491348e-05
2.6831257492301557e-05 1.3971632912491348e-05
2.6831257492301557e-05 1.3971632912491348e-05
2.6831257492301557e-05 1.3971632912491348e-05
2.6831257492301557e-05 1.3971632912491348e-05
2.6831257492301557e-05 1.3971632912491348e-05
2.6831257492301557e-05 1.3971632912491348e-05
2.6831257492301557e-05 1.3971632912491348e-05
2.6831257492301557e-05 1.3971632912491348e-05
2.6831257492301557e-05 1.3971632912491348e-05
2.6831257492301557e-05 1.3971632912491348e-05
2.6831257492301557e-05 1.3971632912491348e-05
2.6831257492301557e-05 1.3971632912491348e-05
2.6831257492301557e-05 1.3971632912491348e-05
2.6831257492301557e-05 1.3971632912491348e-05
2.6831257492301557e-05 1.3971632912491348e-05
2.6831257492301557e-05 1.3971632912491348e-05
2.6831257492301557e-05 1.3971632912491348e-05
2.6831257492301557e-05 1.3971632912491348e-05
2.6831257492301557e-05 1.3971632912491348e-05
2.6831257492301557e-05 1.3971632912491348e-05
2.6831257492301557e-05 1.3971632912491348e-05
2.6831257492301557e-05 1.3971632912491348e-05
2.6831257492301557e-05 1.3971632912491348e-05
1.851383069345457e-06 1.3971099299894071e-05
1.825272678393431e-05 1.3971514472145321e-05
1.825272678393431e-05 1.3971514472145321e-05
1.825272678393431e-05 1.3971514472145321e-05
1.825272678393431e-05 1.3971514472145321e-05
1.825272678393431e-05 1.3971514472145321e-05
1.825272678393431e-05 1.3971514472145321e-05
1.825272678393431e-05 1.3971514472145321e-05
1.825272678393431e-05 1.3971514472145321e-05
1.825272678393431e-05 1.3971514472145321e-05
1.825272678393431e-05 1.3971514472145321e-05
1.825272678393431e-05 1.3971514472145321e-05
1.825272678393431e-05 1.3971514472145321e-05
1.825272678393431e-05 1.3971514472145321e-05
1.825272678393431e-05 1.3971514472145321e-05
1.825272678393431e-05 1.3971514472145321e-05
1.825272678393431e-05 1.3971514472145321e-05
1.825272678393431e-05 1.3971514472145321e-05
1.825272678393431e-05 1.3971514472145321e-05
1.825272678393431e-05 1.3971514472145321e-05
1.825272678393431e-05 1.3971514472145321e-05
1.825272678393431e-05 1.3971514472145321e-05
1.825272678393431e-05 1.3971514472145321e-05
1.825272678393431e-05 1.3971514472145321e-05
1.825272678393431e-05 1.3971514472145321e-05
1.825272678393431e-05 1.3971514472145321e-05
1.825272678393431e-05 1.3971514472145321e-05
1.825272678393431e-05 1.3971514472145321e-05
1.825272678393431e-05 1.3971514472145321e-05
1.825272678393431e-05 1.3971514472145321e-05
1.825272678393431e-05 1.3971514472145321e-05
1.825272678393431e-05 1.3971514472145321e-05
1.825272678393431e-05 1.3971514472145321e-05
1.825272678393431e-05 1.3971514472145321e-05
1.825272678393431e-05 1.3971514472145321e-05
1.825272678393431e-05 1.3971514472145321e-05
1.825272678393431e-05 1.3971514472145321e-05
1.825272678393431e-05 1.3971514472145321e-05
1.825272678393431e-05 1.3971514472145321e-05
1.825272678393431e-05 1.3971514472145321e-05
1.825272678393431e-05 1.3971514472145321e-05
1.825272678393431e-05 1.3971514472145321e-05
1.825272678393431e-05 1.3971514472145321e-05
1.825272678393431e-05 1.3971514472145321e-05
1.825272678393431e-05 1.3971514472145321e-05
1.825272678393431e-05 1.3971514472145321e-05
3.1266818417278e-05 1.3970967496441635e-05
1.1159827872025459e-05 1.397175678638526e-05
1.1159827872025459e-05 1.397175678638526e-05
1.1159827872025459e-05 1.397175678638526e-05
1.1159827872025459e-05 1.397175678638526e-05
1.1159827872025459e-05 1.397175678638526e-05
1.1159827872025459e-05 1.397175678638526e-05
1.1159827872025459e-05 1.397175678638526e-05
1.1159827872025459e-05 1.397175678638526e-05
1.1159827872025459e-05 1.397175678638526e-05
1.1159827872025459e-05 1.397175678638526e-05
1.1159827872025459e-05 1.397175678638526e-05
1.1159827872025459e-05 1.397175678638526e-05
1.1159827872025459e-05 1.397175678638526e-05
1.1159827872025459e-05 1.397175678638526e-05
1.1159827872025459e-05 1.397175678638526e-05
1.1159827872025459e-05 1.397175678638526e-05
1.1159827872025459e-05 1.397175678638526e-05
1.1159827872025459e-05 1.397175678638526e-05
1.1159827872025459e-05 1.397175678638526e-05
1.1159827872025459e-05 1.397175678638526e-05
1.1159827872025459e-05 1.397175678638526e-05
1.1159827872025459e-05 1.397175678638526e-05
1.1159827872025459e-05 1.397175678638526e-05
1.1159827872025459e-05 1.397175678638526e-05
1.1159827872025459e-05 1.397175678638526e-05
1.1159827872025459e-05 1.397175678638526e-05
1.1159827872025459e-05 1.397175678638526e-05
1.1159827872025459e-05 1.397175678638526e-05
1.1159827872025459e-05 1.397175678638526e-05
1.1159827872025459e-05 1.397175678638526e-05
1.1159827872025459e-05 1.397175678638526e-05
1.1159827872025459e-05 1.397175678638526e-05
1.1159827872025459e-05 1.397175678638526e-05
1.1159827872025459e-05 1.397175678638526e-05
1.1159827872025459e-05 1.397175678638526e-05
1.1159827872025459e-05 1.397175678638526e-05
1.1159827872025459e-05 1.397175678638526e-05
1.1159827872025459e-05 1.397175678638526e-05
1.1159827872025459e-05 1.397175678638526e-05
1.1159827872025459e-05 1.397175678638526e-05
1.1159827872025459e-05 1.397175678638526e-05
1.1159827872025459e-05 1.397175678638526e-05
1.1159827872025459e-05 1.397175678638526e-05
1.1159827872025459e-05 1.397175678638526e-05
1.1159827872025459e-05 1.397175678638526e-05
3.35818953698393e-05 1.3972734748937933e-05
1.7915393958904823e-05 1.3965512190390963e-05
7.2416228511411015e-06 1.397205576971788e-05
7.2416228511411015e-06 1.397205576971788e-05
7.2416228511411015e-06 1.397205576971788e-05
7.2416228511411015e-06 1.397205576971788e-05
7.2416228511411015e-06 1.397205576971788e-05
7.2416228511411015e-06 1.397205576971788e-05
2.038825291371245e-05 1.39731376055064e-05
2.038825291371245e-05 1.39731376055064e-05
7.635003062194308e-06 1.3972527453726711e-05
9.387361923213558e-06 1.3971603562758021e-05
9.387361923213558e-06 1.3971603562758021e-05
9.387361923213558e-06 1.3971603562758021e-05
2.593751802138752e-05 1.3970448384930195e-05
2.674537466849869e-05 1.3969992456204073e-05
2.674537466849869e-05 1.3969992456204073e-05
6.471296904323518e-06 1.3972742019471398e-05
2.104841849821076e-05 1.3967560459948677e-05
4.7271858857509775e-06 1.3971346394642552e-05
1.971776555103282e-05 1.397344133728607e-05
1.971776555103282e-05 1.397344133728607e-05
1.971776555103282e-05 1.397344133728607e-05
1.29127793722891e-05 1.397262221921995e-05
1.657193277796845e-05 1.3969843791261115e-05
7.748249596917092e-06 1.3972315134151177e-05
9.3102540081764e-06 1.3970853639293733e-05
9.3102540081764e-06 1.3970853639293733e-05
9.3102540081764e-06 1.3970853639293733e-05
9.3102540081764e-06 1.3970853639293733e-05
9.3102540081764e-06 1.3970853639293733e-05
9.3102540081764e-06 1.3970853639293733e-05
3.005431552111824e-05 1.3971618543260049e-05
3.005431552111824e-05 1.3971618543260049e-05
3.005431552111824e-05 1.3971618543260049e-05
3.005431552111824e-05 1.3971618543260049e-05
3.005431552111824e-05 1.3971618543260049e-05
3.005431552111824e-05 1.3971618543260049e-05
3.005431552111824e-05 1.3971618543260049e-05
3.005431552111824e-05 1.3971618543260049e-05
3.005431552111824e-05 1.3971618543260049e-05
3.005431552111824e-05 1.3971618543260049e-05
3.005431552111824e-05 1.3971618543260049e-05
3.005431552111824e-05 1.3971618543260049e-05
3.005431552111824e-05 1.3971618543260049e-05
3.005431552111824e-05 1.3971618543260049e-05
3.005431552111824e-05 1.3971618543260049e-05
3.005431552111824e-05 1.3971618543260049e-05
3.005431552111824e-05 1.3971618543260049e-05
3.005431552111824e-05 1.3971618543260049e-05
3.005431552111824e-05 1.3971618543260049e-05
3.005431552111824e-05 1.3971618543260049e-05
3.005431552111824e-05 1.3971618543260049e-05
3.005431552111824e-05 1.3971618543260049e-05
3.005431552111824e-05 1.3971618543260049e-05
3.005431552111824e-05 1.3971618543260049e-05
3.005431552111824e-05 1.3971618543260049e-05
3.005431552111824e-05 1.3971618543260049e-05
3.005431552111824e-05 1.3971618543260049e-05
3.005431552111824e-05 1.3971618543260049e-05
3.005431552111824e-05 1.3971618543260049e-05
3.005431552111824e-05 1.3971618543260049e-05
3.005431552111824e-05 1.3971618543260049e-05
3.005431552111824e-05 1.3971618543260049e-05
3.005431552111824e-05 1.3971618543260049e-05
3.005431552111824e-05 1.3971618543260049e-05
3.005431552111824e-05 1.3971618543260049e-05
3.005431552111824e-05 1.3971618543260049e-05
3.005431552111824e-05 1.3971618543260049e-05
3.005431552111824e-05 1.3971618543260049e-05
3.005431552111824e-05 1.3971618543260049e-05
3.005431552111824e-05 1.3971618543260049e-05
3.005431552111824e-05 1.3971618543260049e-05
3.005431552111824e-05 1.3971618543260049e-05
3.005431552111824e-05 1.3971618543260049e-05
3.005431552111824e-05 1.3971618543260049e-05
3.005431552111824e-05 1.3971618543260049e-05
1.461547230778927e-05 1.3972915660317111e-05
1.461547230778927e-05 1.3972915660317111e-05
1.461547230778927e-05 1.3972915660317111e-05
1.461547230778927e-05 1.3972915660317111e-05
1.461547230778927e-05 1.3972915660317111e-05
1.461547230778927e-05 1.3972915660317111e-05
2.2046436665133155e-05 1.3972448741775642e-05
7.748249596917092e-06 1.3972315134151177e-05
3.064233826423987e-05 1.3972163630811843e-05
1.3035651965653222e-05 1.3971620527674806e-05
1.3035651965653222e-05 1.3971620527674806e-05
1.3035651965653222e-05 1.3971620527674806e-05
1.3035651965653222e-05 1.3971620527674806e-05
1.3035651965653222e-05 1.3971620527674806e-05
1.3035651965653222e-05 1.3971620527674806e-05
1.3035651965653222e-05 1.3971620527674806e-05
1.3035651965653222e-05 1.3971620527674806e-05
1.3035651965653222e-05 1.3971620527674806e-05
1.3035651965653222e-05 1.3971620527674806e-05
1.3035651965653222e-05 1.3971620527674806e-05
1.3035651965653222e-05 1.3971620527674806e-05
1.3035651965653222e-05 1.3971620527674806e-05
1.3035651965653222e-05 1.3971620527674806e-05
1.3035651965653222e-05 1.3971620527674806e-05
1.3035651965653222e-05 1.3971620527674806e-05
1.3035651965653222e-05 1.3971620527674806e-05
1.3035651965653222e-05 1.3971620527674806e-05
1.3035651965653222e-05 1.3971620527674806e-05
1.3035651965653222e-05 1.3971620527674806e-05
1.3035651965653222e-05 1.3971620527674806e-05
1.3035651965653222e-05 1.3971620527674806e-05
1.3035651965653222e-05 1.3971620527674806e-05
1.3035651965653222e-05 1.3971620527674806e-05
1.3035651965653222e-05 1.3971620527674806e-05
1.3035651965653222e-05 1.3971620527674806e-05
1.3035651965653222e-05 1.3971620527674806e-05
1.3035651965653222e-05 1.3971620527674806e-05
1.3035651965653222e-05 1.3971620527674806e-05
1.3035651965653222e-05 1.3971620527674806e-05
1.3035651965653222e-05 1.3971620527674806e-05
1.3035651965653222e-05 1.3971620527674806e-05
1.3035651965653222e-05 1.3971620527674806e-05
1.3035651965653222e-05 1.3971620527674806e-05
1.3035651965653222e-05 1.3971620527674806e-05
1.3035651965653222e-05 1.3971620527674806e-05
1.3035651965653222e-05 1.3971620527674806e-05
1.3035651965653222e-05 1.3971620527674806e-05
1.3035651965653222e-05 1.3971620527674806e-05
1.3035651965653222e-05 1.3971620527674806e-05
1.3035651965653222e-05 1.3971620527674806e-05
1.3035651965653222e-05 1.3971620527674806e-05
1.3035651965653222e-05 1.3971620527674806e-05
1.3035651965653222e-05 1.3971620527674806e-05
1.3035651965653222e-05 1.3971620527674806e-05
1.4592819111909878e-05 1.3971551930100753e-05
1.4592819111909878e-05 1.3971551930100753e-05
1.4592819111909878e-05 1.3971551930100753e-05
1.4592819111909878e-05 1.3971551930100753e-05
1.4592819111909878e-05 1.3971551930100753e-05
1.4592819111909878e-05 1.3971551930100753e-05
1.4592819111909878e-05 1.3971551930100753e-05
1.4592819111909878e-05 1.3971551930100753e-05
1.4592819111909878e-05 1.3971551930100753e-05
1.4592819111909878e-05 1.3971551930100753e-05
1.4592819111909878e-05 1.3971551930100753e-05
1.4592819111909878e-05 1.3971551930100753e-05
1.4592819111909878e-05 1.3971551930100753e-05
1.4592819111909878e-05 1.3971551930100753e-05
1.4592819111909878e-05 1.3971551930100753e-05
1.4592819111909878e-05 1.3971551930100753e-05
1.4592819111909878e-05 1.3971551930100753e-05
1.4592819111909878e-05 1.3971551930100753e-05
1.4592819111909878e-05 1.3971551930100753e-05
1.4592819111909878e-05 1.3971551930100753e-05
1.4592819111909878e-05 1.3971551930100753e-05
1.4592819111909878e-05 1.3971551930100753e-05
1.4592819111909878e-05 1.3971551930100753e-05
1.4592819111909878e-05 1.3971551930100753e-05
1.4592819111909878e-05 1.3971551930100753e-05
1.4592819111909878e-05 1.3971551930100753e-05
1.4592819111909878e-05 1.3971551930100753e-05
1.4592819111909878e-05 1.3971551930100753e-05
1.4592819111909878e-05 1.3971551930100753e-05
1.4592819111909878e-05 1.3971551930100753e-05
1.4592819111909878e-05 1.3971551930100753e-05
1.4592819111909878e-05 1.3971551930100753e-05
1.4592819111909878e-05 1.3971551930100753e-05
1.4592819111909878e-05 1.3971551930100753e-05
1.4592819111909878e-05 1.3971551930100753e-05
1.4592819111909878e-05 1.3971551930100753e-05
1.4592819111909878e-05 1.3971551930100753e-05
1.4592819111909878e-05 1.3971551930100753e-05
1.4592819111909878e-05 1.3971551930100753e-05
1.4592819111909878e-05 1.3971551930100753e-05
1.4592819111909878e-05 1.3971551930100753e-05
1.4592819111909878e-05 1.3971551930100753e-05
1.4592819111909878e-05 1.3971551930100753e-05
1.4592819111909878e-05 1.3971551930100753e-05
1.4592819111909878e-05 1.3971551930100753e-05
1.4592819111909878e-05 1.3971551930100753e-05
1.4592819111909878e-05 1.3971551930100753e-05
1.4592819111909878e-05 1.3971551930100753e-05
1.4592819111909878e-05 1.3971551930100753e-05
1.4592819111909878e-05 1.3971551930100753e-05
1.4592819111909878e-05 1.3971551930100753e-05
1.4592819111909878e-05 1.3971551930100753e-05
1.4592819111909878e-05 1.3971551930100753e-05
1.4592819111909878e-05 1.3971551930100753e-05
1.4592819111909878e-05 1.3971551930100753e-05
1.4592819111909878e-05 1.3971551930100753e-05
1.4592819111909878e-05 1.3971551930100753e-05
1.4592819111909878e-05 1.3971551930100753e-05
1.4592819111909878e-05 1.3971551930100753e-05
1.4592819111909878e-05 1.3971551930100753e-05
1.4592819111909878e-05 1.3971551930100753e-05
1.4592819111909878e-05 1.3971551930100753e-05
1.4592819111909878e-05 1.3971551930100753e-05
1.4592819111909878e-05 1.3971551930100753e-05
1.4592819111909878e-05 1.3971551930100753e-05
1.4592819111909878e-05 1.3971551930100753e-05
1.4592819111909878e-05 1.3971551930100753e-05
1.4592819111909878e-05 1.3971551930100753e-05
1.4592819111909878e-05 1.3971551930100753e-05
1.4592819111909878e-05 1.3971551930100753e-05
1.4592819111909878e-05 1.3971551930100753e-05
1.4592819111909878e-05 1.3971551930100753e-05
1.4592819111909878e-05 1.3971551930100753e-05
1.4592819111909878e-05 1.3971551930100753e-05
1.4592819111909878e-05 1.3971551930100753e-05
1.4592819111909878e-05 1.3971551930100753e-05
1.4592819111909878e-05 1.3971551930100753e-05
1.4592819111909878e-05 1.3971551930100753e-05
1.4592819111909878e-05 1.3971551930100753e-05
1.4592819111909878e-05 1.3971551930100753e-05
1.4592819111909878e-05 1.3971551930100753e-05
1.4592819111909878e-05 1.3971551930100753e-05
1.4592819111909878e-05 1.3971551930100753e-05
1.4592819111909878e-05 1.3971551930100753e-05
1.4592819111909878e-05 1.3971551930100753e-05
1.4592819111909878e-05 1.3971551930100753e-05
1.4592819111909878e-05 1.3971551930100753e-05
1.4592819111909878e-05 1.3971551930100753e-05
1.4592819111909878e-05 1.3971551930100753e-05
1.4592819111909878e-05 1.3971551930100753e-05
2.252885903212182e-06 1.397252005643474e-05
7.488558141494578e-06 1.3973344490824847e-05
7.488558141494578e-06 1.3973344490824847e-05
7.488558141494578e-06 1.3973344490824847e-05
5.880451734837152e-06 1.3972782943044938e-05
1.6167598705021814e-05 1.3971794858053021e-05
1.6167598705021814e-05 1.3971794858053021e-05
1.6167598705021814e-05 1.3971794858053021e-05
1.6167598705021814e-05 1.3971794858053021e-05
1.6167598705021814e-05 1.3971794858053021e-05
1.6167598705021814e-05 1.3971794858053021e-05
1.6167598705021814e-05 1.3971794858053021e-05
1.6167598705021814e-05 1.3971794858053021e-05
1.6167598705021814e-05 1.3971794858053021e-05
1.6167598705021814e-05 1.3971794858053021e-05
1.6167598705021814e-05 1.3971794858053021e-05
1.6167598705021814e-05 1.3971794858053021e-05
1.6167598705021814e-05 1.3971794858053021e-05
1.6167598705021814e-05 1.3971794858053021e-05
1.6167598705021814e-05 1.3971794858053021e-05
1.6167598705021814e-05 1.3971794858053021e-05
1.6167598705021814e-05 1.3971794858053021e-05
1.6167598705021814e-05 1.3971794858053021e-05
1.6167598705021814e-05 1.3971794858053021e-05
1.6167598705021814e-05 1.3971794858053021e-05
1.6167598705021814e-05 1.3971794858053021e-05
1.6167598705021814e-05 1.3971794858053021e-05
1.6167598705021814e-05 1.3971794858053021e-05
1.6167598705021814e-05 1.3971794858053021e-05
1.6167598705021814e-05 1.3971794858053021e-05
1.6167598705021814e-05 1.3971794858053021e-05
1.6167598705021814e-05 1.3971794858053021e-05
1.6167598705021814e-05 1.3971794858053021e-05
1.6167598705021814e-05 1.3971794858053021e-05
1.6167598705021814e-05 1.3971794858053021e-05
1.6167598705021814e-05 1.3971794858053021e-05
1.6167598705021814e-05 1.3971794858053021e-05
1.6167598705021814e-05 1.3971794858053021e-05
1.6167598705021814e-05 1.3971794858053021e-05
1.6167598705021814e-05 1.3971794858053021e-05
1.6167598705021814e-05 1.3971794858053021e-05
1.6167598705021814e-05 1.3971794858053021e-05
1.6167598705021814e-05 1.3971794858053021e-05
1.6167598705021814e-05 1.3971794858053021e-05
1.6167598705021814e-05 1.3971794858053021e-05
1.6167598705021814e-05 1.3971794858053021e-05
1.6167598705021814e-05 1.3971794858053021e-05
1.6167598705021814e-05 1.3971794858053021e-05
1.6167598705021814e-05 1.3971794858053021e-05
1.6167598705021814e-05 1.3971794858053021e-05
1.6103923139025618e-05 1.3971376462183254e-05
1.6103923139025618e-05 1.3971376462183254e-05
1.6103923139025618e-05 1.3971376462183254e-05
7.635003062194308e-06 1.3972527453726711e-05
7.2379875133384616e-06 1.397308333302291e-05
1.4207860361817458e-05 1.3971192183031791e-05
1.4207860361817458e-05 1.3971192183031791e-05
1.4207860361817458e-05 1.3971192183031791e-05
1.3035651965653222e-05 1.3971620527674806e-05
1.3035651965653222e-05 1.3971620527674806e-05
1.3035651965653222e-05 1.3971620527674806e-05
1.3035651965653222e-05 1.3971620527674806e-05
1.3035651965653222e-05 1.3971620527674806e-05
1.3035651965653222e-05 1.3971620527674806e-05
1.3035651965653222e-05 1.3971620527674806e-05
1.3035651965653222e-05 1.3971620527674806e-05
1.3035651965653222e-05 1.3971620527674806e-05
1.3035651965653222e-05 1.3971620527674806e-05
1.3035651965653222e-05 1.3971620527674806e-05
1.3035651965653222e-05 1.3971620527674806e-05
1.3035651965653222e-05 1.3971620527674806e-05
1.3035651965653222e-05 1.3971620527674806e-05
1.3035651965653222e-05 1.3971620527674806e-05
1.3035651965653222e-05 1.3971620527674806e-05
1.3035651965653222e-05 1.3971620527674806e-05
1.3035651965653222e-05 1.3971620527674806e-05
1.3035651965653222e-05 1.3971620527674806e-05
1.3035651965653222e-05 1.3971620527674806e-05
1.3035651965653222e-05 1.3971620527674806e-05
1.3035651965653222e-05 1.3971620527674806e-05
1.3035651965653222e-05 1.3971620527674806e-05
1.3035651965653222e-05 1.3971620527674806e-05
1.3035651965653222e-05 1.3971620527674806e-05
1.3035651965653222e-05 1.3971620527674806e-05
1.3035651965653222e-05 1.3971620527674806e-05
1.3035651965653222e-05 1.3971620527674806e-05
1.3035651965653222e-05 1.3971620527674806e-05
1.3035651965653222e-05 1.3971620527674806e-05
1.3035651965653222e-05 1.3971620527674806e-05
1.3035651965653222e-05 1.3971620527674806e-05
1.3035651965653222e-05 1.3971620527674806e-05
1.3035651965653222e-05 1.3971620527674806e-05
1.3035651965653222e-05 1.3971620527674806e-05
1.3035651965653222e-05 1.3971620527674806e-05
1.3035651965653222e-05 1.3971620527674806e-05
1.3035651965653222e-05 1.3971620527674806e-05
1.3035651965653222e-05 1.3971620527674806e-05
1.3035651965653222e-05 1.3971620527674806e-05
1.3035651965653222e-05 1.3971620527674806e-05
1.3035651965653222e-05 1.3971620527674806e-05
1.3035651965653222e-05 1.3971620527674806e-05
1.3035651965653222e-05 1.3971620527674806e-05
1.3035651965653222e-05 1.3971620527674806e-05
1.016293061296997e-05 1.3969992456204073e-05
1.016293061296997e-05 1.3969992456204073e-05
2.4366989324942173e-06 1.3973141187269825e-05
2.4366989324942173e-06 1.3973141187269825e-05
2.4366989324942173e-06 1.3973141187269825e-05
1.4207860361817458e-05 1.3971192183031791e-05
1.4207860361817458e-05 1.3971192183031791e-05
1.4207860361817458e-05 1.3971192183031791e-05
1.5576807173131965e-05 1.397179325843115e-05
1.5576807173131965e-05 1.397179325843115e-05
1.5576807173131965e-05 1.397179325843115e-05
1.5576807173131965e-05 1.397179325843115e-05
1.5576807173131965e-05 1.397179325843115e-05
1.5576807173131965e-05 1.397179325843115e-05
1.5576807173131965e-05 1.397179325843115e-05
1.5576807173131965e-05 1.397179325843115e-05
1.5576807173131965e-05 1.397179325843115e-05
1.5576807173131965e-05 1.397179325843115e-05
1.5576807173131965e-05 1.397179325843115e-05
1.5576807173131965e-05 1.397179325843115e-05
1.5576807173131965e-05 1.397179325843115e-05
1.5576807173131965e-05 1.397179325843115e-05
1.5576807173131965e-05 1.397179325843115e-05
1.5576807173131965e-05 1.397179325843115e-05
1.5576807173131965e-05 1.397179325843115e-05
1.5576807173131965e-05 1.397179325843115e-05
1.5576807173131965e-05 1.397179325843115e-05
1.5576807173131965e-05 1.397179325843115e-05
1.5576807173131965e-05 1.397179325843115e-05
1.5576807173131965e-05 1.397179325843115e-05
1.5576807173131965e-05 1.397179325843115e-05
1.5576807173131965e-05 1.397179325843115e-05
1.5576807173131965e-05 1.397179325843115e-05
1.5576807173131965e-05 1.397179325843115e-05
1.5576807173131965e-05 1.397179325843115e-05
1.5576807173131965e-05 1.397179325843115e-05
1.5576807173131965e-05 1.397179325843115e-05
1.5576807173131965e-05 1.397179325843115e-05
1.5576807173131965e-05 1.397179325843115e-05
1.5576807173131965e-05 1.397179325843115e-05
1.5576807173131965e-05 1.397179325843115e-05
1.5576807173131965e-05 1.397179325843115e-05
1.5576807173131965e-05 1.397179325843115e-05
1.5576807173131965e-05 1.397179325843115e-05
1.5576807173131965e-05 1.397179325843115e-05
1.5576807173131965e-05 1.397179325843115e-05
1.5576807173131965e-05 1.397179325843115e-05
1.5576807173131965e-05 1.397179325843115e-05
1.5576807173131965e-05 1.397179325843115e-05
1.5576807173131965e-05 1.397179325843115e-05
1.5576807173131965e-05 1.397179325843115e-05
1.5576807173131965e-05 1.397179325843115e-05
1.5576807173131965e-05 1.397179325843115e-05
9.82089111378436e-06 1.3971662085008313e-05
9.82089111378436e-06 1.3971662085008313e-05
9.82089111378436e-06 1.3971662085008313e-05
9.82089111378436e-06 1.3971662085008313e-05
9.82089111378436e-06 1.3971662085008313e-05
9.82089111378436e-06 1.3971662085008313e-05
9.82089111378436e-06 1.3971662085008313e-05
9.82089111378436e-06 1.3971662085008313e-05
9.82089111378436e-06 1.3971662085008313e-05
9.82089111378436e-06 1.3971662085008313e-05
9.82089111378436e-06 1.3971662085008313e-05
9.82089111378436e-06 1.3971662085008313e-05
9.82089111378436e-06 1.3971662085008313e-05
9.82089111378436e-06 1.3971662085008313e-05
9.82089111378436e-06 1.3971662085008313e-05
9.82089111378436e-06 1.3971662085008313e-05
9.82089111378436e-06 1.3971662085008313e-05
9.82089111378436e-06 1.3971662085008313e-05
9.82089111378436e-06 1.3971662085008313e-05
9.82089111378436e-06 1.3971662085008313e-05
9.82089111378436e-06 1.3971662085008313e-05
9.82089111378436e-06 1.3971662085008313e-05
9.82089111378436e-06 1.3971662085008313e-05
9.82089111378436e-06 1.3971662085008313e-05
9.82089111378436e-06 1.3971662085008313e-05
9.82089111378436e-06 1.3971662085008313e-05
9.82089111378436e-06 1.3971662085008313e-05
9.82089111378436e-06 1.3971662085008313e-05
9.82089111378436e-06 1.3971662085008313e-05
9.82089111378436e-06 1.3971662085008313e-05
9.82089111378436e-06 1.3971662085008313e-05
9.82089111378436e-06 1.3971662085008313e-05
9.82089111378436e-06 1.3971662085008313e-05
9.82089111378436e-06 1.3971662085008313e-05
9.82089111378436e-06 1.3971662085008313e-05
9.82089111378436e-06 1.3971662085008313e-05
9.82089111378436e-06 1.3971662085008313e-05
9.82089111378436e-06 1.3971662085008313e-05
9.82089111378436e-06 1.3971662085008313e-05
9.82089111378436e-06 1.3971662085008313e-05
9.82089111378436e-06 1.3971662085008313e-05
9.82089111378436e-06 1.3971662085008313e-05
9.82089111378436e-06 1.3971662085008313e-05
9.82089111378436e-06 1.3971662085008313e-05
9.82089111378436e-06 1.3971662085008313e-05
8.701604068924994e-06 1.3972611441883913e-05
1.3524955564897244e-05 1.3971690475522624e-05
1.3524955564897244e-05 1.3971690475522624e-05
1.3524955564897244e-05 1.3971690475522624e-05
1.3524955564897244e-05 1.3971690475522624e-05
1.3524955564897244e-05 1.3971690475522624e-05
1.3524955564897244e-05 1.3971690475522624e-05
1.3524955564897244e-05 1.3971690475522624e-05
1.3524955564897244e-05 1.3971690475522624e-05
1.3524955564897244e-05 1.3971690475522624e-05
1.3524955564897244e-05 1.3971690475522624e-05
1.3524955564897244e-05 1.3971690475522624e-05
1.3524955564897244e-05 1.3971690475522624e-05
1.3524955564897244e-05 1.3971690475522624e-05
1.3524955564897244e-05 1.3971690475522624e-05
1.3524955564897244e-05 1.3971690475522624e-05
1.3524955564897244e-05 1.3971690475522624e-05
1.3524955564897244e-05 1.3971690475522624e-05
1.3524955564897244e-05 1.3971690475522624e-05
1.3524955564897244e-05 1.3971690475522624e-05
1.3524955564897244e-05 1.3971690475522624e-05
1.3524955564897244e-05 1.3971690475522624e-05
1.3524955564897244e-05 1.3971690475522624e-05
1.3524955564897244e-05 1.3971690475522624e-05
1.3524955564897244e-05 1.3971690475522624e-05
1.3524955564897244e-05 1.3971690475522624e-05
1.3524955564897244e-05 1.3971690475522624e-05
1.3524955564897244e-05 1.3971690475522624e-05
1.3524955564897244e-05 1.3971690475522624e-05
1.3524955564897244e-05 1.3971690475522624e-05
1.3524955564897244e-05 1.3971690475522624e-05
1.3524955564897244e-05 1.3971690475522624e-05
1.3524955564897244e-05 1.3971690475522624e-05
1.3524955564897244e-05 1.3971690475522624e-05
1.3524955564897244e-05 1.3971690475522624e-05
1.3524955564897244e-05 1.3971690475522624e-05
1.3524955564897244e-05 1.3971690475522624e-05
1.3524955564897244e-05 1.3971690475522624e-05
1.3524955564897244e-05 1.3971690475522624e-05
1.3524955564897244e-05 1.3971690475522624e-05
1.3524955564897244e-05 1.3971690475522624e-05
1.3524955564897244e-05 1.3971690475522624e-05
1.3524955564897244e-05 1.3971690475522624e-05
1.3524955564897244e-05 1.3971690475522624e-05
1.3524955564897244e-05 1.3971690475522624e-05
1.3524955564897244e-05 1.3971690475522624e-05
8.316228257367633e-07 1.3974210778203168e-05
3.0024145874880662e-05 1.3972492550311057e-05
1.137585944618116e-05 1.397340471749559e-05