0.46015370186318016 0.4670209415288996
0.6223515125215224 0.5863404118314038
0.2379449724932458 0.22193996108459202
0.42645197866651735 0.3957217548329297
0.49076563965452075 0.5633925696767781
0.6983992888839117 0.6313300530537397
0.6983992888839117 0.6313300530537397
0.40710801125467194 0.4902270532077215
0.40710801125467194 0.4902270532077215
0.41928517434942675 0.3962876380587091
0.5670653862844185 0.5734990271148005
0.5997823256855691 0.562330794966194
0.6688169296023069 0.7969410109607067
0.60176099220292 0.683475649873315
0.3761153183924297 0.35866882707840475
0.4234752299228691 0.4375197726668253
0.41928517434942675 0.3962876380587091
0.1456101180060753 0.1175514789254868
0.1047132438372272 0.08834742500384954
0.388288281982726 0.48541127146996654
0.23884611615829332 0.22198615563363522
0.599988801321444 0.6494155689628623
0.378761706118678 0.38709247308817557
0.5304033624032364 0.5981616669233031
0.35955982194101094 0.35030936349510755
0.635459565771239 0.5621887117320156
0.7594534344947296 0.7870039335358427
0.5231910634545124 0.5926988115402383
0.5231910634545124 0.5926988115402383
0.5254370984223862 0.5182150006299256
0.2380069151840083 0.22198615563363522
0.4161631927432563 0.47008517994876603
0.6343235998152218 0.6314497389308061
0.6199829920069432 0.6390361437350393
0.33390679899771825 0.33810560353878244
0.42546019569690774 0.4383593235998152
0.6199826420482383 0.639014796254042
0.3986971037417585 0.4324229740890575
0.6917280260929211 0.6222258773464732
0.6343235998152218 0.6314497389308061
0.6343235998152218 0.6314497389308061
0.4507667595223764 0.4373370942228817
0.4967327855313073 0.4368104063720481
0.4967327855313073 0.4368104063720481
0.42546019569690774 0.4383593235998152
0.2984710304184106 0.3280726374287834
0.40710801125467194 0.4902270532077215
0.40710801125467194 0.4902270532077215
0.5256540728194073 0.5999699035513809
0.3208379411229475 0.2777394767417445