5.409461782588187e-07 3.6433456114080436e-06
4.419507953488333e-07 3.6433456114080436e-06
4.419507953488333e-07 3.6433456114080436e-06
4.419507953488333e-07 3.6433456114080436e-06
6.020274841760493e-07 3.6433456114080436e-06
6.020274841760493e-07 3.6433456114080436e-06
6.020274841760493e-07 3.6433456114080436e-06
6.020274841760493e-07 3.6433456114080436e-06
6.020274841760493e-07 3.6433456114080436e-06
6.020274841760493e-07 3.6433456114080436e-06
4.082361467651521e-07 3.6433456114080436e-06
4.082361467651521e-07 3.6433456114080436e-06
5.841651191287159e-07 3.6433456114080436e-06
8.171990156429258e-07 3.6433456114080436e-06
5.923284351399321e-07 3.6433456114080436e-06
5.923284351399321e-07 3.6433456114080436e-06
1.2586103021227787e-06 3.6433456114080436e-06
4.786168608657123e-07 3.6433456114080436e-06
4.494594586036091e-07 3.6433456114080436e-06
5.457378087789161e-07 3.6433456114080436e-06
4.926944243185255e-07 3.6433456114080436e-06
4.317538410125651e-07 3.6433456114080436e-06
4.971252155701203e-07 3.6433456114080436e-06
5.806874753400995e-07 3.6433456114080436e-06
4.0383463652600414e-07 3.6433456114080436e-06
4.774039077017437e-07 3.6433456114080436e-06
4.826594742106898e-07 3.6433456114080436e-06
4.305772086209506e-06 3.6433456114080436e-06
4.958020805691368e-07 3.6433456114080436e-06
4.958020805691368e-07 3.6433456114080436e-06
4.958020805691368e-07 3.6433456114080436e-06
4.89095315297098e-07 3.6433456114080436e-06
4.7111888296225274e-07 3.6433456114080436e-06
4.4278132426895253e-07 3.6433456114080436e-06
4.6439490710457326e-07 3.6433456114080436e-06
6.705544070076154e-07 3.6433456114080436e-06
4.4291652530842883e-07 3.6433456114080436e-06
2.428897074272029e-06 3.6433456114080436e-06
2.428897074272029e-06 3.6433456114080436e-06
3.88009731178835e-07 3.6433456114080436e-06
5.093317919843181e-07 3.6433456114080436e-06
6.245735333842361e-07 3.6433456114080436e-06
6.245735333842361e-07 3.6433456114080436e-06
6.245735333842361e-07 3.6433456114080436e-06
4.857192570901994e-07 3.6433456114080436e-06
4.857192570901994e-07 3.6433456114080436e-06
4.857192570901994e-07 3.6433456114080436e-06
4.857192570901994e-07 3.6433456114080436e-06
1.4573382445632174e-05 3.6433456114080436e-06
4.6506297331579325e-07 3.6433456114080436e-06