0.2662870777645351 0.26399601102917797
0.41843377706154616 0.42129833033832587
0.41843377706154616 0.42129833033832587
0.2323657087681773 0.22812478779198322
0.2543117669600246 0.2476761197564674
0.2329020026677922 0.23135646843628457
0.23399618619452328 0.23135646843628457
0.23399618619452328 0.23135646843628457
0.42201890777928497 0.4239771603585947
0.4290255215908085 0.4253165753687291
0.30677954673447405 0.2803159023018886
0.423077338379375 0.42129833033832587
0.423077338379375 0.42129833033832587
0.28315646032588915 0.2574681025105993
0.24023447201205714 0.23462030271931
0.2524823688881392 0.24441228547344193
0.4291658938195667 0.4253165753687291
0.4291658938195667 0.4253165753687291
0.23072803276599757 0.22812478779198322
0.23072803276599757 0.22812478779198322
0.43033614229760786 0.4253165753687291
0.24253009784544224 0.23462030271931
0.27199626825828777 0.2607319367936248
0.24634582294238908 0.23788437695486325
0.4189292790314364 0.41995891532819146
0.42886907254268813 0.4266559903788634
0.4655412573176523 0.440050620385263
0.23836428201044704 0.23462030271931
0.23333991603101242 0.23135646843628457
0.4407635193453327 0.4373715504124664
0.23438490928954617 0.23135646843628457
0.28700241944133775 0.2672598453122034
0.2532482973568509 0.24441228547344193
0.43321245324824936 0.42799540538899783
0.44470377980420356 0.4346927203921976
0.4277199398870927 0.42799540538899783
0.4505075115939063 0.4387112053751286
0.4505075115939063 0.4387112053751286
0.4174163783437085 0.4186326977070856
0.4212273043900995 0.41995891532819146
0.4386788117838767 0.42799540538899783
0.2975166593041233 0.2672598453122034
0.25076502864673256 0.2476761197564674
0.4182578918586747 0.41995891532819146
0.23768761588207388 0.2411482112378887
0.23677339675118675 0.2411482112378887
0.23405281499108216 0.23135646843628457
0.2510976028502521 0.24441228547344193
0.24416249489201056 0.22812478779198322
0.4193362385185715 0.41995891532819146