2.1594890648872477e-05 9.110344492493076e-06
2.1594890648872477e-05 9.110344492493076e-06
2.1594890648872477e-05 9.110344492493076e-06
2.1594890648872477e-05 9.110344492493076e-06
2.1594890648872477e-05 9.110344492493076e-06
2.1594890648872477e-05 9.110344492493076e-06
2.1594890648872477e-05 9.110344492493076e-06
2.1594890648872477e-05 9.110344492493076e-06
2.1594890648872477e-05 9.110344492493076e-06
2.1594890648872477e-05 9.110344492493076e-06
2.1594890648872477e-05 9.110344492493076e-06
2.1594890648872477e-05 9.110344492493076e-06
2.1594890648872477e-05 9.110344492493076e-06
2.1594890648872477e-05 9.110344492493076e-06
2.1594890648872477e-05 9.110344492493076e-06
2.1594890648872477e-05 9.110344492493076e-06
2.1594890648872477e-05 9.110344492493076e-06
2.1594890648872477e-05 9.110344492493076e-06
2.1594890648872477e-05 9.110344492493076e-06
2.1594890648872477e-05 9.110344492493076e-06
2.1594890648872477e-05 9.110344492493076e-06
2.1594890648872477e-05 9.110344492493076e-06
2.1594890648872477e-05 9.110344492493076e-06
2.1594890648872477e-05 9.110344492493076e-06
2.1594890648872477e-05 9.110344492493076e-06
2.1594890648872477e-05 9.110344492493076e-06
2.1594890648872477e-05 9.110344492493076e-06
2.1594890648872477e-05 9.110344492493076e-06
2.1594890648872477e-05 9.110344492493076e-06
2.1594890648872477e-05 9.110344492493076e-06
2.1594890648872477e-05 9.110344492493076e-06
2.1594890648872477e-05 9.110344492493076e-06
2.1594890648872477e-05 9.110344492493076e-06
2.1594890648872477e-05 9.110344492493076e-06
2.1594890648872477e-05 9.110344492493076e-06
2.1594890648872477e-05 9.110344492493076e-06
2.1594890648872477e-05 9.110344492493076e-06
2.1594890648872477e-05 9.110344492493076e-06
2.1594890648872477e-05 9.110344492493076e-06
2.1594890648872477e-05 9.110344492493076e-06
2.1594890648872477e-05 9.110344492493076e-06
2.1594890648872477e-05 9.110344492493076e-06
2.1594890648872477e-05 9.110344492493076e-06
2.1594890648872477e-05 9.110344492493076e-06
2.1594890648872477e-05 9.110344492493076e-06
2.1594890648872477e-05 9.110344492493076e-06
2.1594890648872477e-05 9.110344492493076e-06
2.1594890648872477e-05 9.110344492493076e-06
2.1594890648872477e-05 9.110344492493076e-06
2.1594890648872477e-05 9.110344492493076e-06