3.7781757065323075e-06 8.389959117716315e-06
3.7781757065323075e-06 8.389959117716315e-06
3.7781757065323075e-06 8.389959117716315e-06
3.7781757065323075e-06 8.389959117716315e-06
3.7781757065323075e-06 8.389959117716315e-06
3.7781757065323075e-06 8.389959117716315e-06
3.7781757065323075e-06 8.389959117716315e-06
3.7781757065323075e-06 8.389959117716315e-06
3.7781757065323075e-06 8.389959117716315e-06
3.7781757065323075e-06 8.389959117716315e-06
3.7781757065323075e-06 8.389959117716315e-06
3.7781757065323075e-06 8.389959117716315e-06
3.7781757065323075e-06 8.389959117716315e-06
3.7781757065323075e-06 8.389959117716315e-06
3.7781757065323075e-06 8.389959117716315e-06
3.7781757065323075e-06 8.389959117716315e-06
3.7781757065323075e-06 8.389959117716315e-06
3.7781757065323075e-06 8.389959117716315e-06
3.7781757065323075e-06 8.389959117716315e-06
3.7781757065323075e-06 8.389959117716315e-06
3.7781757065323075e-06 8.389959117716315e-06
3.7781757065323075e-06 8.389959117716315e-06
3.7781757065323075e-06 8.389959117716315e-06
3.7781757065323075e-06 8.389959117716315e-06
3.7781757065323075e-06 8.389959117716315e-06
3.7781757065323075e-06 8.389959117716315e-06
3.7781757065323075e-06 8.389959117716315e-06
3.7781757065323075e-06 8.389959117716315e-06
3.7781757065323075e-06 8.389959117716315e-06
3.7781757065323075e-06 8.389959117716315e-06
3.7781757065323075e-06 8.389959117716315e-06
3.7781757065323075e-06 8.389959117716315e-06
3.7781757065323075e-06 8.389959117716315e-06
3.7781757065323075e-06 8.389959117716315e-06
3.7781757065323075e-06 8.389959117716315e-06
3.7781757065323075e-06 8.389959117716315e-06
3.7781757065323075e-06 8.389959117716315e-06
3.7781757065323075e-06 8.389959117716315e-06
3.7781757065323075e-06 8.389959117716315e-06
3.7781757065323075e-06 8.389959117716315e-06
3.7781757065323075e-06 8.389959117716315e-06
3.7781757065323075e-06 8.389959117716315e-06
3.7781757065323075e-06 8.389959117716315e-06
3.7781757065323075e-06 8.389959117716315e-06
3.7781757065323075e-06 8.389959117716315e-06
3.7781757065323075e-06 8.389959117716315e-06
3.7781757065323075e-06 8.389959117716315e-06
3.7781757065323075e-06 8.389959117716315e-06
3.7781757065323075e-06 8.389959117716315e-06
3.7781757065323075e-06 8.389959117716315e-06