1.0208489357677435e-06 0.00017597228411693697
1.9313358244254608e-07 0.00017597228411693697
0.018533264114257385 0.018901762989557765
7.173533062151711e-07 0.00017597228411693697
1.0484394475452502e-06 0.00017597228411693697
1.1036204711002632e-06 0.00017597228411693697
1.1036204711002632e-06 0.00017597228411693697
3.3108614133007896e-07 0.00017597228411693697
1.0208489357677435e-06 0.00017597228411693697
1.0484394475452502e-06 0.00017597228411693697
1.1036204711002632e-06 0.00017597228411693697
6.345817708826514e-07 0.00017597228411693697
1.4347066124303421e-06 0.00017597228411693697
2.2072409422005266e-07 0.00017597228411693697
1.1588014946552765e-06 0.00017597228411693697
1.0760299593227567e-06 0.00017597228411693697
5.794007473276382e-07 0.00017597228411693697
5.242197237726251e-07 0.00017597228411693697
0.018533512428863384 0.018901762989557765
1.517478147762862e-06 0.00017597228411693697
0.01853453327779915 0.018901762989557765
1.0760299593227567e-06 0.00017597228411693697
4.1385767666259874e-07 0.00017597228411693697
1.2691635417653028e-06 0.00017597228411693697
2.4831460599755923e-07 0.00017597228411693697
1.0484394475452502e-06 0.00017597228411693697
2.2072409422005266e-07 0.00017597228411693697
1.0484394475452502e-06 0.00017597228411693697
1.0208489357677435e-06 0.00017597228411693697
1.186392006432783e-06 0.00017597228411693697
1.0208489357677435e-06 0.00017597228411693697
1.2415730299877963e-06 0.00017597228411693697
1.710611730205408e-06 0.00017597228411693697
1.7933832655379278e-06 0.00017597228411693697
2.4831460599755923e-07 0.00017597228411693697
1.0484394475452502e-06 0.00017597228411693697
1.0484394475452502e-06 0.00017597228411693697
1.1588014946552765e-06 0.00017597228411693697
6.069912591051448e-07 0.00017597228411693697
2.759051177750658e-07 0.00017597228411693697
1.7382022419829147e-06 0.00017597228411693697
2.4831460599755923e-07 0.00017597228411693697
0.018533374476304498 0.018901762989557765
1.0760299593227567e-06 0.00017597228411693697
1.0208489357677435e-06 0.00017597228411693697
1.1036204711002632e-06 0.00017597228411693697
1.1312109828777698e-06 0.00017597228411693697
2.2072409422005266e-07 0.00017597228411693697
1.0208489357677435e-06 0.00017597228411693697
1.5450686595403686e-06 0.00017597228411693697