0.010940906256740466 0.00884954456143119
0.010940906256740466 0.00884954456143119
0.010940906256740466 0.00884954456143119
0.010940906256740466 0.00884954456143119
0.010940906256740466 0.00884954456143119
0.010940906256740466 0.00884954456143119
0.010940906256740466 0.00884954456143119
0.010940906256740466 0.00884954456143119
0.0028477294748272294 0.008849567812405442
0.0028477294748272294 0.008849567812405442
0.0028477294748272294 0.008849567812405442
0.0028477294748272294 0.008849567812405442
0.0028477294748272294 0.008849567812405442
0.0028477294748272294 0.008849567812405442
0.0028477294748272294 0.008849567812405442
0.0028477294748272294 0.008849567812405442
0.00034343359757680215 0.008849542626191594
0.00034343359757680215 0.008849542626191594
0.10240937868083866 0.00884954456143119
0.008392971796460232 0.008849579206647095
0.008392971796460232 0.008849579206647095
0.008392971796460232 0.008849579206647095
0.006864631210386555 0.00884954456143119
0.006864631210386555 0.00884954456143119
0.006864631210386555 0.00884954456143119
0.0027912253396968957 0.008849594000054882
0.04112291074641539 0.008849542626191594
0.03766442893877595 0.00884954456143119
0.03766442893877595 0.00884954456143119
0.03766442893877595 0.00884954456143119
0.03766442893877595 0.00884954456143119
0.0006606934381134952 0.008849579206647095
0.0006606934381134952 0.008849579206647095
0.00741778143822534 0.008849594000054882
0.00741778143822534 0.008849594000054882
0.00741778143822534 0.008849594000054882
0.0017398948757293166 0.008849594000054882
0.033530684501256465 0.008849594000054882
0.01883147427158288 0.008849594000054882
0.0026361939346418897 0.008849514771718227
0.0018492204646630515 0.008849632839814667
0.00037174667530795073 0.008849579206647095
0.00037174667530795073 0.008849579206647095
0.0018674772559714443 0.00884954456143119
0.0005797320514534458 0.008849514771718227
0.0005797320514534458 0.008849514771718227
0.018454978940287352 0.00884954456143119
0.018454978940287352 0.00884954456143119
0.018454978940287352 0.00884954456143119
0.018454978940287352 0.00884954456143119
0.018454978940287352 0.00884954456143119
0.018454978940287352 0.00884954456143119
0.018454978940287352 0.00884954456143119
0.018454978940287352 0.00884954456143119
0.018454978940287352 0.00884954456143119
0.018454978940287352 0.00884954456143119
0.018454978940287352 0.00884954456143119
0.05261338362726646 0.008849632839814667
0.08190405222891643 0.008849632839814667
0.08190405222891643 0.008849632839814667
0.0006239391252188066 0.008849567812405442
0.0006239391252188066 0.008849567812405442
0.012069923035850385 0.008849542626191594
0.012069923035850385 0.008849542626191594
0.012069923035850385 0.008849542626191594
0.012069923035850385 0.008849542626191594
0.012069923035850385 0.008849542626191594
0.012069923035850385 0.008849542626191594
0.012069923035850385 0.008849542626191594
0.012069923035850385 0.008849542626191594
0.26652341949664693 0.008849514771718227
0.26652341949664693 0.008849514771718227
0.26652341949664693 0.008849514771718227
0.26652341949664693 0.008849514771718227
0.26652341949664693 0.008849514771718227
0.26652341949664693 0.008849514771718227
0.26652341949664693 0.008849514771718227
0.26652341949664693 0.008849514771718227
0.26652341949664693 0.008849514771718227
0.004993839731403821 0.008849632839814667
0.0005744342408316112 0.008849542626191594
0.0005744342408316112 0.008849542626191594
0.004205364432892154 0.008849632839814667
0.0015095761463865297 0.008849567812405442
0.0612064261711183 0.00884954456143119
0.0612064261711183 0.00884954456143119
0.047523081951836695 0.008849579206647095
0.047523081951836695 0.008849579206647095
0.047523081951836695 0.008849579206647095
0.047523081951836695 0.008849579206647095
0.035845812034185416 0.008849542626191594
0.035845812034185416 0.008849542626191594
0.003342031876657717 0.008849567812405442
0.003342031876657717 0.008849567812405442
0.003342031876657717 0.008849567812405442
0.007643261345560603 0.008849514771718227
0.007643261345560603 0.008849514771718227
0.007643261345560603 0.008849514771718227
0.009470326310892537 0.008849567812405442
0.009470326310892537 0.008849567812405442
0.009470326310892537 0.008849567812405442
0.028023617174088238 0.008849514771718227
0.021887435950630568 0.008849632839814667
0.021887435950630568 0.008849632839814667
0.021887435950630568 0.008849632839814667
0.023557034377447664 0.008849579206647095
0.023557034377447664 0.008849579206647095
0.023557034377447664 0.008849579206647095
0.023557034377447664 0.008849579206647095
0.023557034377447664 0.008849579206647095
0.023557034377447664 0.008849579206647095
0.023557034377447664 0.008849579206647095
0.023557034377447664 0.008849579206647095
0.023557034377447664 0.008849579206647095
0.023557034377447664 0.008849579206647095
0.023557034377447664 0.008849579206647095
0.01291428559955821 0.008849542626191594
0.01291428559955821 0.008849542626191594
0.01291428559955821 0.008849542626191594
0.030532151605338783 0.00884954456143119
0.06766779092976212 0.008849514771718227
0.06766779092976212 0.008849514771718227
0.015891539790074037 0.00884954456143119
0.015891539790074037 0.00884954456143119
0.010450372474947121 0.008849579206647095
0.010450372474947121 0.008849579206647095
0.010450372474947121 0.008849579206647095
0.010450372474947121 0.008849579206647095
0.010450372474947121 0.008849579206647095
0.010450372474947121 0.008849579206647095
0.010450372474947121 0.008849579206647095
0.010450372474947121 0.008849579206647095
0.014361893746295004 0.008849594000054882
0.014361893746295004 0.008849594000054882
0.014361893746295004 0.008849594000054882
0.0021844217803923247 0.008849579206647095
0.013569606579693078 0.008849579206647095
0.013569606579693078 0.008849579206647095
0.013569606579693078 0.008849579206647095
0.000760303834934113 0.008849632839814667
0.000760303834934113 0.008849632839814667
0.05391106220096317 0.008849632839814667
0.05391106220096317 0.008849632839814667
0.05391106220096317 0.008849632839814667
0.05391106220096317 0.008849632839814667
0.132028780191476 0.008849514771718227
0.0005507857115589748 0.008849594000054882
0.0005507857115589748 0.008849594000054882
0.00036785743480748795 0.008849632839814667
0.00036785743480748795 0.008849632839814667
0.040947234255287276 0.008849542626191594
0.040947234255287276 0.008849542626191594
0.040947234255287276 0.008849542626191594
0.040947234255287276 0.008849542626191594
0.1308153324442731 0.008849579206647095
0.1308153324442731 0.008849579206647095
0.041545418098716064 0.008849632839814667
0.041545418098716064 0.008849632839814667
0.020089471200376827 0.008849542626191594
0.020089471200376827 0.008849542626191594
0.020089471200376827 0.008849542626191594
0.020089471200376827 0.008849542626191594
0.020089471200376827 0.008849542626191594
0.020089471200376827 0.008849542626191594
0.020089471200376827 0.008849542626191594
0.020089471200376827 0.008849542626191594
0.020089471200376827 0.008849542626191594
0.020089471200376827 0.008849542626191594
0.020089471200376827 0.008849542626191594
0.038873229115886365 0.008849594000054882
0.038873229115886365 0.008849594000054882
0.038873229115886365 0.008849594000054882
0.038873229115886365 0.008849594000054882
0.1223570130148078 0.008849579206647095
0.007585989738485187 0.008849542626191594
0.007585989738485187 0.008849542626191594
0.007585989738485187 0.008849542626191594
0.025686611136322212 0.008849567812405442
0.025686611136322212 0.008849567812405442
0.025686611136322212 0.008849567812405442
0.025686611136322212 0.008849567812405442
0.025686611136322212 0.008849567812405442
0.025686611136322212 0.008849567812405442
0.025686611136322212 0.008849567812405442
0.025686611136322212 0.008849567812405442
0.025686611136322212 0.008849567812405442
0.025686611136322212 0.008849567812405442
0.025686611136322212 0.008849567812405442
0.08534189439612819 0.008849567812405442
0.08534189439612819 0.008849567812405442
0.06938930407184812 0.008849567812405442
0.002061605451124402 0.008849542626191594
0.01106548426292344 0.008849514771718227
0.01106548426292344 0.008849514771718227
0.01106548426292344 0.008849514771718227
0.06672326981800919 0.008849542626191594
0.06672326981800919 0.008849542626191594
0.012264449604468161 0.008849514771718227
0.012264449604468161 0.008849514771718227
0.012264449604468161 0.008849514771718227
0.012264449604468161 0.008849514771718227
0.012264449604468161 0.008849514771718227
0.012264449604468161 0.008849514771718227
0.012264449604468161 0.008849514771718227
0.012264449604468161 0.008849514771718227
0.009891277691490232 0.008849632839814667
0.009891277691490232 0.008849632839814667
0.009891277691490232 0.008849632839814667
0.06192088518865809 0.008849594000054882
0.06192088518865809 0.008849594000054882
0.00031139991116034126 0.00884954456143119
0.00031139991116034126 0.00884954456143119
0.000307479057856962 0.008849594000054882
0.000307479057856962 0.008849594000054882
0.0005254553288681243 0.00884954456143119
0.0005254553288681243 0.00884954456143119
0.020544411550847172 0.008849514771718227
0.020544411550847172 0.008849514771718227
0.020544411550847172 0.008849514771718227
0.020544411550847172 0.008849514771718227
0.020544411550847172 0.008849514771718227
0.020544411550847172 0.008849514771718227
0.020544411550847172 0.008849514771718227
0.020544411550847172 0.008849514771718227
0.020544411550847172 0.008849514771718227
0.020544411550847172 0.008849514771718227
0.020544411550847172 0.008849514771718227
0.2974103723638906 0.008849542626191594
0.2974103723638906 0.008849542626191594
0.2974103723638906 0.008849542626191594
0.2974103723638906 0.008849542626191594
0.2974103723638906 0.008849542626191594
0.2974103723638906 0.008849542626191594
0.2974103723638906 0.008849542626191594
0.2974103723638906 0.008849542626191594
0.2974103723638906 0.008849542626191594
0.00033758717529496635 0.008849514771718227
0.00033758717529496635 0.008849514771718227
0.0056250020211581495 0.008849482614304221
0.0056250020211581495 0.008849482614304221
0.0056250020211581495 0.008849482614304221
0.0056250020211581495 0.008849482614304221
0.0056250020211581495 0.008849482614304221
0.0056250020211581495 0.008849482614304221
0.0056250020211581495 0.008849482614304221
0.0056250020211581495 0.008849482614304221
0.0056250020211581495 0.008849482614304221
0.0056250020211581495 0.008849482614304221
0.0056250020211581495 0.008849482614304221
0.026996242473215935 0.008849514771718227
0.026996242473215935 0.008849514771718227
0.0003653787517281331 0.008849567812405442
0.04149993281364469 0.008849514771718227
0.04149993281364469 0.008849514771718227
0.04149993281364469 0.008849514771718227
0.04149993281364469 0.008849514771718227
0.0028694082633178796 0.00884954456143119
0.3897689712009479 0.008849632839814667
0.3897689712009479 0.008849632839814667
0.3897689712009479 0.008849632839814667
0.3897689712009479 0.008849632839814667
0.3897689712009479 0.008849632839814667
0.3897689712009479 0.008849632839814667
0.3897689712009479 0.008849632839814667
0.3897689712009479 0.008849632839814667
0.3897689712009479 0.008849632839814667
0.07773022213864957 0.008849579206647095
0.07773022213864957 0.008849579206647095
0.02807929566781513 0.008849632839814667
0.02807929566781513 0.008849632839814667
0.02807929566781513 0.008849632839814667
0.02807929566781513 0.008849632839814667
0.02807929566781513 0.008849632839814667
0.02807929566781513 0.008849632839814667
0.02807929566781513 0.008849632839814667
0.02807929566781513 0.008849632839814667
0.02807929566781513 0.008849632839814667
0.02807929566781513 0.008849632839814667
0.02807929566781513 0.008849632839814667
0.01975141694792654 0.008849567812405442
0.01975141694792654 0.008849567812405442
0.01975141694792654 0.008849567812405442
0.01975141694792654 0.008849567812405442
0.16240408955460076 0.008849579206647095
0.16240408955460076 0.008849579206647095
0.16240408955460076 0.008849579206647095
0.16240408955460076 0.008849579206647095
0.16240408955460076 0.008849579206647095
0.16240408955460076 0.008849579206647095
0.16240408955460076 0.008849579206647095
0.16240408955460076 0.008849579206647095
0.16240408955460076 0.008849579206647095
0.000318315914854486 0.008849567812405442
0.000318315914854486 0.008849567812405442
0.009523378963368285 0.008849567812405442
0.19993177314799893 0.008849567812405442
0.19993177314799893 0.008849567812405442
0.27795591257107777 0.008849594000054882
0.27795591257107777 0.008849594000054882
0.27795591257107777 0.008849594000054882
0.27795591257107777 0.008849594000054882
0.27795591257107777 0.008849594000054882
0.27795591257107777 0.008849594000054882
0.27795591257107777 0.008849594000054882
0.27795591257107777 0.008849594000054882
0.27795591257107777 0.008849594000054882
0.002877001714128775 0.008849579206647095
0.0020052016053029387 0.008849514771718227
0.5776646901483711 0.008849482614304221
0.5776646901483711 0.008849482614304221
0.5776646901483711 0.008849482614304221
0.5776646901483711 0.008849482614304221
0.5776646901483711 0.008849482614304221
0.5776646901483711 0.008849482614304221
0.5776646901483711 0.008849482614304221
0.5776646901483711 0.008849482614304221
0.5776646901483711 0.008849482614304221
0.0033534690195344452 0.008849542626191594
0.01768093163192892 0.008849632839814667
0.01768093163192892 0.008849632839814667
0.01768093163192892 0.008849632839814667
0.01768093163192892 0.008849632839814667
0.01768093163192892 0.008849632839814667
0.01768093163192892 0.008849632839814667
0.01768093163192892 0.008849632839814667
0.01768093163192892 0.008849632839814667
0.006781222349680889 0.00884954456143119
0.006781222349680889 0.00884954456143119
0.006781222349680889 0.00884954456143119
0.013550054777850196 0.008849579206647095
0.07385717175431337 0.008849594000054882
0.07385717175431337 0.008849594000054882
0.019279803529328652 0.008849594000054882
0.019279803529328652 0.008849594000054882
0.019279803529328652 0.008849594000054882
0.019279803529328652 0.008849594000054882
0.019279803529328652 0.008849594000054882
0.019279803529328652 0.008849594000054882
0.019279803529328652 0.008849594000054882
0.019279803529328652 0.008849594000054882
0.019279803529328652 0.008849594000054882
0.019279803529328652 0.008849594000054882
0.019279803529328652 0.008849594000054882
0.19645666043832688 0.00884954456143119
0.19645666043832688 0.00884954456143119
0.19645666043832688 0.00884954456143119
0.19645666043832688 0.00884954456143119
0.19645666043832688 0.00884954456143119
0.19645666043832688 0.00884954456143119
0.19645666043832688 0.00884954456143119
0.19645666043832688 0.00884954456143119
0.19645666043832688 0.00884954456143119
0.43307964087347484 0.008849567812405442
0.43307964087347484 0.008849567812405442
0.43307964087347484 0.008849567812405442
0.43307964087347484 0.008849567812405442
0.43307964087347484 0.008849567812405442
0.43307964087347484 0.008849567812405442
0.43307964087347484 0.008849567812405442
0.43307964087347484 0.008849567812405442
0.43307964087347484 0.008849567812405442
0.011048952245639239 0.008849594000054882
0.011048952245639239 0.008849594000054882
0.011048952245639239 0.008849594000054882
0.011048952245639239 0.008849594000054882
0.011048952245639239 0.008849594000054882
0.011048952245639239 0.008849594000054882
0.011048952245639239 0.008849594000054882
0.011048952245639239 0.008849594000054882
0.10628427713250904 0.008849542626191594