3.421124093285231e-06 2.1288553518516946e-06
3.2778666731951586e-06 2.1288553216347975e-06
3.5270229556139496e-06 2.128855320252972e-06
3.3497880255539034e-06 2.1288553906773907e-06
2.880028001759316e-06 2.128855357462002e-06
3.082623921592519e-06 2.128855325645554e-06
3.7540906654789333e-06 2.128855330875122e-06
4.092942200724054e-06 2.128855359142243e-06
3.6443606134919054e-06 2.128855404612058e-06
2.689854758511491e-06 2.1288553472386274e-06
2.3398310525446325e-06 2.1288553462356845e-06
3.112378296129693e-06 2.1288553405567203e-06
3.3359394645786642e-06 2.128855362382593e-06
3.5614585982846413e-06 2.1288553470012582e-06
3.5768144807951863e-06 2.128855324087407e-06
2.5612299446377107e-06 2.12885539271738e-06
3.33678931556519e-06 2.1288553982021404e-06
3.528936850546228e-06 2.1288553676636127e-06
3.576902126542071e-06 2.1288553494177636e-06
3.1123836568588114e-06 2.1288553517498812e-06
3.867692537217751e-06 2.1288553899470077e-06
3.903743757220378e-06 2.1288553830887687e-06
3.5365897137320203e-06 2.128855347254803e-06
3.1123835084708838e-06 2.1288553710567335e-06
3.1123786600230225e-06 2.1288553517498812e-06
3.543018704297352e-06 2.128855345133488e-06
3.8525962109305205e-06 2.128855378823894e-06
3.993198209646176e-06 2.1288554149726453e-06
2.880022689594408e-06 2.128855368510715e-06
3.2307886391580936e-06 2.1288553517753625e-06
3.11237571233885e-06 2.1288553596415567e-06
2.4981228708610145e-06 2.128855382832087e-06
3.2695341036129625e-06 2.1288554141832224e-06
3.3773680081425807e-06 2.12885536934322e-06
3.6923184779007194e-06 2.1288552145102446e-06
3.282859162467146e-06 2.1288553526879685e-06
3.3441275724085206e-06 2.128855358424516e-06
2.880027840321821e-06 2.12885538515433e-06
2.8800266141985527e-06 2.1288553445972064e-06
2.8800266141985527e-06 2.1288553445972064e-06
3.1123835084708838e-06 2.1288553624739405e-06
3.11237851163158e-06 2.128855323992509e-06
3.85981002858786e-06 2.1288553140227064e-06
3.4799856646876038e-06 2.1288553358397776e-06
2.8800230809257505e-06 2.1288553812338212e-06
3.1123836568588114e-06 2.1288553869393593e-06
3.148051132157158e-06 2.12885534142831e-06
3.1123835084708838e-06 2.1288553219763894e-06
3.1123835084708838e-06 2.1288553219763894e-06
4.08725884350094e-06 2.128855340811867e-06
2.7377095686059517e-06 2.1288553781459906e-06
3.326673831688411e-06 2.1288553885307005e-06
3.6655366713366914e-06 2.1288554010201576e-06
3.1803205045984543e-06 2.1288553331100297e-06
2.880028001759316e-06 2.128855377817994e-06
3.088409176978072e-06 2.128855383435825e-06
3.266006125905687e-06 2.128855383996155e-06
3.7567698937867692e-06 2.1288553532448812e-06
3.7960863675400036e-06 2.1288553785818983e-06
3.5543420184705973e-06 2.1288553780172314e-06
2.6610904965120188e-06 2.1288553146228415e-06
3.11237851163158e-06 2.1288553687550265e-06
3.4575915568305925e-06 2.1288553743745997e-06
2.8800230809257505e-06 2.1288553357188755e-06
4.396828839578086e-06 2.1288553369871257e-06
2.880028001759316e-06 2.1288553750239482e-06
2.487790106754697e-06 2.128855338578185e-06
2.880028001759316e-06 2.128855368510715e-06
3.633342518321021e-06 2.1288553472704695e-06
3.248383069835223e-06 2.1288553834939e-06
3.1123781477380893e-06 2.128855349628506e-06
2.880022528161248e-06 2.1288553642417046e-06
2.880028001759316e-06 2.1288553589543322e-06
2.880028001759316e-06 2.1288553589543322e-06
2.880027840321821e-06 2.128855352465987e-06
3.1123821200017127e-06 2.1288553687550265e-06
3.1123821200017127e-06 2.1288553687550265e-06
2.880022919492177e-06 2.128855352465987e-06
3.1123835084708838e-06 2.128855384568105e-06
2.880022528161248e-06 2.128855344325723e-06
3.112378296129693e-06 2.128855354366508e-06
3.0732747122716647e-06 2.128855367501535e-06
4.076804571132309e-06 2.1288553557792644e-06
3.729216763860271e-06 2.1288553232668923e-06
3.7894235342411114e-06 2.128855413381436e-06
3.3359394645786642e-06 2.128855362382593e-06
3.11237851163158e-06 2.1288553678619048e-06
3.443244829381165e-06 2.1288553686720516e-06
3.590394460177237e-06 2.1288553891867635e-06
3.4458513579958824e-06 2.128855336122438e-06
4.502818639351194e-06 2.1288553400383044e-06
3.1123835084708838e-06 2.128855349628506e-06
3.4786118801888146e-06 2.1288553432918443e-06
2.4909464290231557e-06 2.128855328469623e-06
2.8800230809257505e-06 2.1288553445972064e-06
4.126853059297392e-06 2.1288553106771287e-06
3.2307948581301015e-06 2.128855346873925e-06
3.2307948581301015e-06 2.128855346873925e-06
3.0732747122716647e-06 2.128855367501535e-06
3.573133949950087e-06 2.128855358696132e-06
3.326673831688411e-06 2.1288553885307005e-06
3.633342518321021e-06 2.1288553472704695e-06
3.2652571482806033e-06 2.1288553804908124e-06
2.6552072957139517e-06 2.1288553321889678e-06
2.880020910711304e-06 2.1288553565456005e-06