0.011621392961527569 1.4821179818846365e-05
0.003772343149130182 1.4821179818846365e-05
3.228899889105815e-05 1.4821179818846365e-05
0.0019015220822346105 1.4821179818846365e-05
0.003666477578995565 1.4821179818846365e-05
0.001805890183879673 1.4821179818846365e-05
0.003666477578995565 1.4821179818846365e-05
0.011621392961527569 1.4821179818846365e-05
4.940393272948788e-06 1.4821179818846365e-05
0.009470557461625936 1.4821179818846365e-05
0.009470557461625936 1.4821179818846365e-05
0.0036303068425329044 1.4821179818846365e-05
0.001725829346465369 1.4821179818846365e-05
0.001968570276653201 1.4821179818846365e-05
0.003772343149130182 1.4821179818846365e-05
0.011621392961527569 1.4821179818846365e-05
0.011621392961527569 1.4821179818846365e-05
0.009915192856191328 1.4821179818846365e-05
0.009915192856191328 1.4821179818846365e-05
0.009915192856191328 1.4821179818846365e-05
0.009915192856191328 1.4821179818846365e-05
0.009915192856191328 1.4821179818846365e-05
0.009915192856191328 1.4821179818846365e-05
0.013813692476398595 1.4821179818846365e-05
0.013813692476398595 1.4821179818846365e-05
0.013813692476398595 1.4821179818846365e-05
0.013813692476398595 1.4821179818846365e-05
0.013813692476398595 1.4821179818846365e-05
0.013813692476398595 1.4821179818846365e-05
0.013813692476398595 1.4821179818846365e-05
0.004953626469215615 1.4821179818846365e-05
0.004953626469215615 1.4821179818846365e-05
0.004953626469215615 1.4821179818846365e-05
0.004953626469215615 1.4821179818846365e-05
0.004953626469215615 1.4821179818846365e-05
0.004953626469215615 1.4821179818846365e-05
0.004953626469215615 1.4821179818846365e-05
0.006591013953964357 1.4821179818846365e-05
0.006591013953964357 1.4821179818846365e-05
0.006591013953964357 1.4821179818846365e-05
0.006591013953964357 1.4821179818846365e-05
0.006591013953964357 1.4821179818846365e-05
0.006591013953964357 1.4821179818846365e-05
0.011621392961527569 1.4821179818846365e-05
0.003666477578995565 1.4821179818846365e-05
0.011621392961527569 1.4821179818846365e-05
0.011621392961527569 1.4821179818846365e-05
0.011621392961527569 1.4821179818846365e-05
0.001810654134535731 1.4821179818846365e-05
2.470196636474394e-06 1.4821179818846365e-05