1.985581623337775e-06 1.977599551284185e-06
2.001468224825114e-06 1.9776034410476096e-06
2.001468224825114e-06 1.9776034410476096e-06
2.037001734485086e-06 1.9775994440407923e-06
2.0142796507564216e-06 1.9776124671212925e-06
2.0142796507564216e-06 1.9776124671212925e-06
2.0142796507564216e-06 1.9776124671212925e-06
2.0313962432624665e-06 1.9776024330555215e-06
2.069295597394777e-06 1.977606538258025e-06
2.069295597394777e-06 1.977606538258025e-06
2.0618960379527897e-06 1.9775995115093865e-06
1.9891678917294394e-06 1.9776177669364476e-06
1.9891678917294394e-06 1.9776177669364476e-06
2.0184060674879004e-06 1.9776009573251864e-06
2.0184060674879004e-06 1.9776009573251864e-06
1.986459484702597e-06 1.977604037444708e-06
2.0353857482886443e-06 1.9776028788690808e-06
2.0453820131394032e-06 1.9775983535852614e-06
2.0453820131394032e-06 1.9775983535852614e-06
2.0453820131394032e-06 1.9775983535852614e-06
2.0661515347428254e-06 1.9776030479064134e-06
1.9806220203123226e-06 1.977603457393859e-06
2.0456480541107106e-06 1.977600360248281e-06
1.994501971714052e-06 1.9775953662321063e-06
1.9860157283038904e-06 1.9776047445793385e-06
1.9860157283038904e-06 1.9776047445793385e-06
2.058838360441343e-06 1.9776007346188425e-06
2.058838360441343e-06 1.9776007346188425e-06
2.058838360441343e-06 1.9776007346188425e-06
2.058838360441343e-06 1.9776007346188425e-06
2.043951855601506e-06 1.9775953329448436e-06
2.043951855601506e-06 1.9775953329448436e-06
2.0569134573376173e-06 1.977600928059965e-06
2.0569134573376173e-06 1.977600928059965e-06
2.0569134573376173e-06 1.977600928059965e-06
2.0569134573376173e-06 1.977600928059965e-06
2.0569134573376173e-06 1.977600928059965e-06
1.980907383586787e-06 1.9776019343394e-06
1.980907383586787e-06 1.9776019343394e-06
1.980907383586787e-06 1.9776019343394e-06
2.058525246931429e-06 1.977604836791706e-06
2.0626299851178924e-06 1.977600776331242e-06
2.0626299851178924e-06 1.977600776331242e-06
2.055295716625615e-06 1.977604264442642e-06
1.993619795064032e-06 1.9775997192040967e-06
2.0478209947894536e-06 1.977604571474317e-06
2.056562433297596e-06 1.9776055357402443e-06
2.056562433297596e-06 1.9776055357402443e-06
2.0513840977673515e-06 1.9776000830335725e-06
2.002871518473099e-06 1.977209409565596e-06