1.3172728864522599e-06 1.9824973929840756e-06
1.3172728864522599e-06 1.9824973929840756e-06
1.3172728864522599e-06 1.9824973929840756e-06
1.9070678700759493e-06 1.9824938189213252e-06
1.8365832259585291e-06 1.982494484459592e-06
1.9802900799317973e-06 1.982493463162351e-06
1.3865770490052485e-06 1.982495657101163e-06
1.3865770490052485e-06 1.982495657101163e-06
1.3865770490052485e-06 1.982495657101163e-06
1.9979858447939533e-06 1.982493712699449e-06
1.687738163390695e-06 1.982494743937039e-06
2.083761590282627e-06 1.9824936597758433e-06
1.7617447044481524e-06 1.9824931418969165e-06
1.7617447044481524e-06 1.9824931418969165e-06
1.8126412804012508e-06 1.982493842445798e-06
1.8126412804012508e-06 1.982493842445798e-06
1.7275735158987633e-06 1.9824947539239994e-06
1.7275735158987633e-06 1.9824947539239994e-06
1.6466904246628476e-06 1.982494894687873e-06
1.927368331333613e-06 1.9824935529011948e-06
1.89832473950891e-06 1.982494909613939e-06
1.89832473950891e-06 1.982494909613939e-06
1.14697076445195e-06 1.9824922204750265e-06
1.14697076445195e-06 1.9824922204750265e-06
1.14697076445195e-06 1.9824922204750265e-06
1.9002613310864698e-06 1.9824934032940373e-06
1.673176547500965e-06 1.982494037016363e-06
1.5214875472099858e-06 1.982493237633469e-06
1.5214875472099858e-06 1.982493237633469e-06
1.0034298128525494e-06 1.982496806858697e-06
1.0034298128525494e-06 1.982496806858697e-06
1.2496789763986648e-06 1.9824952014650837e-06
1.2496789763986648e-06 1.9824952014650837e-06
1.6094163863657937e-06 1.982492833043304e-06
1.6094163863657937e-06 1.982492833043304e-06
1.6094163863657937e-06 1.982492833043304e-06
8.507980384309558e-07 1.982489498240626e-06
8.507980384309558e-07 1.982489498240626e-06
1.8712497004278485e-06 1.982493952945635e-06
1.8791087881359448e-06 1.982493300045155e-06
1.8791087881359448e-06 1.982493300045155e-06
1.8940214107844357e-06 1.982493470782418e-06
1.9414454685713597e-06 1.9824950535579828e-06
1.4728648572769334e-06 1.9824966390212854e-06
1.5592804585112372e-06 1.9824938342577754e-06
2.0234268457714342e-06 1.9824946225811563e-06
2.0234268457714342e-06 1.9824946225811563e-06
1.62706453998916e-06 1.982495463478282e-06
1.62706453998916e-06 1.982495463478282e-06
1.62706453998916e-06 1.982495463478282e-06