0.662924377744516 0.6634814587195067
0.8042346084077595 0.8030014967834026
0.4392434800709733 0.4408651606316228
0.4392434800709733 0.4408651606316228
0.4392434800709733 0.4408651606316228
0.4392434800709733 0.4408651606316228
0.4392434800709733 0.4408651606316228
0.3114300724601766 0.3145425889396628
0.3114300724601766 0.3145425889396628
0.3114300724601766 0.3145425889396628
0.3114300724601766 0.3145425889396628
0.3114300724601766 0.3145425889396628
0.9211879107480944 0.9215130398580534
0.8842262819305532 0.8841231922127614
0.9159818799996035 0.9153732541657167
0.35859163585539683 0.3625506775175203
0.35859163585539683 0.3625506775175203
0.2629917825599952 0.26653450036180526
0.2629917825599952 0.26653450036180526
0.7934300129853394 0.7916199954402625
0.5682245769852206 0.5677368833202819
0.8946680808461287 0.8946779933189933
0.21155794336013006 0.2147279521822309
0.21155794336013006 0.2147279521822309
0.21155794336013006 0.2147279521822309
0.6927966059692912 0.6933061070745319
0.863374404012569 0.8627519007166717
0.5243024097221534 0.5250557576598635
0.5243024097221534 0.5250557576598635
0.5243024097221534 0.5250557576598635
0.5243024097221534 0.5250557576598635
0.7765411417186245 0.77529613512683
0.6067523765153693 0.6071528404190993
0.5473687340780905 0.5476284408671431
0.5473687340780905 0.5476284408671431
0.47232933199845367 0.4742404567667496
0.910490370032612 0.9105736348046747
0.7590555395854603 0.7583061566368962
0.6366305522238633 0.6371678082531249
0.588416284210422 0.5874785642774303
0.588416284210422 0.5874785642774303
0.588416284210422 0.5874785642774303
0.8208657553799946 0.819624713777346
0.8151720309665652 0.8138160046786872
0.8268231515716226 0.8256970946542034
0.4992238533747014 0.5015473370141649
0.4992238533747014 0.5015473370141649
0.4992238533747014 0.5015473370141649
0.725717910847219 0.7261679371152722
0.4016315930335141 0.4060585034148469