1.434328582057792e-06 1.9824967619786425e-06
1.434328582057792e-06 1.9824967619786425e-06
1.434328582057792e-06 1.9824967619786425e-06
1.434328582057792e-06 1.9824967619786425e-06
1.434328582057792e-06 1.9824967619786425e-06
1.5214875472099858e-06 1.982493237633469e-06
1.5214875472099858e-06 1.982493237633469e-06
1.5214875472099858e-06 1.982493237633469e-06
1.5592804585112372e-06 1.9824938342577754e-06
1.5592804585112372e-06 1.9824938342577754e-06
1.5592804585112372e-06 1.9824938342577754e-06
1.5592804585112372e-06 1.9824938342577754e-06
1.3172728864522599e-06 1.9824973929840756e-06
1.3172728864522599e-06 1.9824973929840756e-06
1.886389022437521e-06 1.9824937757848748e-06
1.4728648572769334e-06 1.9824966390212854e-06
1.7405788360401282e-06 1.9824958908404784e-06
1.62706453998916e-06 1.982495463478282e-06
1.62706453998916e-06 1.982495463478282e-06
1.62706453998916e-06 1.982495463478282e-06
1.8920937800593056e-06 1.982495376322262e-06
1.8563423086944343e-06 1.9824945632438353e-06
1.6466904246628476e-06 1.982494894687873e-06
1.8934350322267638e-06 1.9824932453092916e-06
1.8281947349321414e-06 1.9824949454272416e-06
1.673176547500965e-06 1.982494037016363e-06
1.0034298128525494e-06 1.982496806858697e-06
1.0034298128525494e-06 1.982496806858697e-06
1.0034298128525494e-06 1.982496806858697e-06
1.5806924532139783e-06 1.9824957138850305e-06
1.5806924532139783e-06 1.9824957138850305e-06
1.9486124936130695e-06 1.982493496159106e-06
1.3865770490052485e-06 1.982495657101163e-06
1.8712497004278485e-06 1.982493952945635e-06
2.0533122317256196e-06 1.9824945617651754e-06
1.14697076445195e-06 1.9824922204750265e-06
1.14697076445195e-06 1.9824922204750265e-06
2.005957974996865e-06 1.9824944698097565e-06
1.7841963721855506e-06 1.9824939221553135e-06
1.9036789479374176e-06 1.982493416391794e-06
1.6094163863657937e-06 1.982492833043304e-06
1.8443202103390509e-06 1.9824952642749366e-06
1.7021670170850312e-06 1.9824937552941224e-06
1.2496789763986648e-06 1.9824952014650837e-06
1.2496789763986648e-06 1.9824952014650837e-06
1.2496789763986648e-06 1.9824952014650837e-06
1.2496789763986648e-06 1.9824952014650837e-06
1.2496789763986648e-06 1.9824952014650837e-06
1.8971046782291093e-06 1.9824941333651613e-06
1.8966058050668283e-06 1.982493977118778e-06