1.306401402988755e-05 1.047157837168472e-05
8.634178185509019e-06 1.047153765599181e-05
9.954811982895894e-06 1.0471537038009346e-05
7.806032869733326e-06 1.0471574769387125e-05
1.2114055174322372e-05 1.0471550810793068e-05
1.2114055174322372e-05 1.0471550810793068e-05
1.2114055174322372e-05 1.0471550810793068e-05
1.2266001453802208e-05 1.0471546796897281e-05
1.1639403395234024e-05 1.0471538675567324e-05
1.1639403395234024e-05 1.0471538675567324e-05
1.397014126124392e-05 1.0471523463353008e-05
1.2210051499610267e-05 1.0471583244050121e-05
1.0267480554738675e-05 1.0471540117430758e-05
1.4063178247545907e-05 1.0471577952813614e-05
1.4063178247545907e-05 1.0471577952813614e-05
1.4063178247545907e-05 1.0471577952813614e-05
1.1533156172440625e-05 1.0471540468311326e-05
1.1806031069256638e-05 1.0471566821004455e-05
7.536600606072511e-06 1.0471526914216593e-05
1.0249392773276271e-05 1.0471539494765117e-05
1.1758491566652095e-05 1.047156680036273e-05
1.4269138434667446e-05 1.0471506205832443e-05
1.299956305664074e-05 1.0471590602658776e-05
1.347887234768933e-05 1.0471531059147761e-05
1.347887234768933e-05 1.0471531059147761e-05
8.445146320056113e-06 1.047157352636637e-05
1.290626081519922e-05 1.047157496419074e-05
1.290626081519922e-05 1.047157496419074e-05
1.290626081519922e-05 1.047157496419074e-05
1.290626081519922e-05 1.047157496419074e-05
1.2905633584439763e-05 1.0471531618540015e-05
1.1477037813901155e-05 1.0471541003857078e-05
1.1477037813901155e-05 1.0471541003857078e-05
1.1477037813901155e-05 1.0471541003857078e-05
1.1477037813901155e-05 1.0471541003857078e-05
1.0194048771244256e-05 1.0471530943820443e-05
1.973406296963716e-05 1.0471448536793248e-05
8.103350795487785e-06 1.0471581176915273e-05
1.4164064059329442e-05 1.0471569291647693e-05
1.3108354220401717e-05 1.0471579969671652e-05
1.1430346274107169e-05 1.0471561878906802e-05
1.1430346274107169e-05 1.0471561878906802e-05
1.1680915033399407e-05 1.0471552012611936e-05
1.2971424045157595e-05 1.047157821770025e-05
1.178984628814217e-05 1.0471538040750144e-05
1.3426970854134473e-05 1.0471589659388378e-05
1.1532387850491037e-05 1.0471546731138485e-05
1.1532387850491037e-05 1.0471546731138485e-05
1.1532387850491037e-05 1.0471546731138485e-05
1.1532387850491037e-05 1.0471546731138485e-05
1.2150204881144638e-05 1.0471569847107247e-05
1.1602547698945118e-05 1.0471559840606531e-05
1.1602547698945118e-05 1.0471559840606531e-05
1.1614167326017599e-05 1.0471551381319253e-05
1.0957288114769242e-05 1.0471567650724071e-05
1.3094078334741685e-05 1.04715495514414e-05
1.3094078334741685e-05 1.04715495514414e-05
1.3094078334741685e-05 1.04715495514414e-05
1.1602547698945118e-05 1.0471559840606531e-05
1.4124985506354344e-05 1.0471657768463871e-05
1.2659407536999422e-05 1.0471494473004045e-05
1.1611746231620224e-05 1.0471541020180374e-05
1.0334843200798709e-05 1.0471557985669758e-05
8.495264064229493e-06 1.0471591666788084e-05
1.1895374205573484e-05 1.047145911471037e-05
1.1611746231620224e-05 1.0471541020180374e-05
1.2905633584439763e-05 1.0471531618540015e-05
1.2905633584439763e-05 1.0471531618540015e-05
1.2905633584439763e-05 1.0471531618540015e-05
1.2905633584439763e-05 1.0471531618540015e-05
1.4073609788959511e-05 1.0471573987277433e-05
8.465138067298982e-06 1.047152668678801e-05
1.736597643252672e-05 1.0471623802464944e-05
2.3121078022030444e-05 1.0471467333510947e-05
1.1612811816832221e-05 1.0471569440993584e-05
1.1612811816832221e-05 1.0471569440993584e-05
1.1612811816832221e-05 1.0471569440993584e-05
1.1612811816832221e-05 1.0471569440993584e-05
1.3511698185202386e-05 1.0471517979130591e-05
1.588304814121012e-05 1.0471574197413358e-05
1.1623714882913023e-05 1.04715403484377e-05
1.1797395741232763e-05 1.0471561815136786e-05
1.1797395741232763e-05 1.0471561815136786e-05
1.1797395741232763e-05 1.0471561815136786e-05
1.2063692042982666e-05 1.0471561991410651e-05
1.4041681561999924e-05 1.0471536642830729e-05
1.3092561135670123e-05 1.0471564113808622e-05
1.1935291074599211e-05 1.0471543935768556e-05
1.1935291074599211e-05 1.0471543935768556e-05
1.0441890071564433e-05 1.0471583892423574e-05
1.0441890071564433e-05 1.0471583892423574e-05
1.2081061335892145e-05 1.0471561113569178e-05
1.2081061335892145e-05 1.0471561113569178e-05
1.1680915033399407e-05 1.0471552012611936e-05
1.306202905572149e-05 1.0471556164829026e-05
7.877451724191626e-06 1.0471562800499696e-05
1.3944091569019734e-05 1.0471593393473764e-05
1.3586351276163246e-05 1.0471575705249557e-05
1.1806031069256638e-05 1.0471566821004455e-05
1.1806031069256638e-05 1.0471566821004455e-05
1.1806031069256638e-05 1.0471566821004455e-05
1.1806031069256638e-05 1.0471566821004455e-05
1.4296136219426447e-05 1.0471523867089026e-05
1.306202905572149e-05 1.0471556164829026e-05
1.306202905572149e-05 1.0471556164829026e-05
1.2009929209299936e-05 1.0471550398320231e-05
1.1720407962549157e-05 1.047155842446086e-05
1.1720407962549157e-05 1.047155842446086e-05
1.1777633385017133e-05 1.047150619597324e-05
9.017645450297543e-06 1.0471524846875325e-05
1.2952591219051056e-05 1.0471576521189829e-05
1.0249392773276271e-05 1.0471539494765117e-05
1.1824519857061223e-05 1.0471546129876333e-05
1.2174781973912017e-05 1.0471525209769657e-05
1.1606185105134805e-05 1.0471555767680365e-05
1.1606185105134805e-05 1.0471555767680365e-05
1.1606185105134805e-05 1.0471555767680365e-05
1.165883964178779e-05 1.047154073346488e-05
1.1769354946549798e-05 1.0471533768939354e-05
1.1720407962549157e-05 1.047155842446086e-05
9.869155536782198e-06 1.047155644759207e-05
1.0184004393758694e-05 1.0471534174520235e-05
1.1604786065513648e-05 1.0471539118023102e-05
1.2470969191143977e-05 1.0471528074481392e-05
8.32437947469811e-06 1.0471592488994109e-05
1.5050678176402295e-05 1.0471606197536385e-05
1.5050678176402295e-05 1.0471606197536385e-05
1.5050678176402295e-05 1.0471606197536385e-05
9.74535994081183e-06 1.0471566756804648e-05
1.177309740613515e-05 1.0471542342990233e-05
1.5803161402126196e-05 1.0471544791533234e-05
1.0910487295526612e-05 1.0471564667481491e-05
9.101978055676169e-06 1.0471554435902939e-05
1.2526773782171517e-05 1.0471604985759286e-05
1.226893443927303e-05 1.0471519948009386e-05
1.1477037813901155e-05 1.0471541003857078e-05
1.1624481951836273e-05 1.047154376859698e-05
1.3941395235100703e-05 1.0471653479797708e-05
1.0957288114769242e-05 1.0471567650724071e-05