5.390969987856542e-06 8.644574511126481e-06
7.102166311417269e-05 8.645614443818523e-06
4.995778935071185e-05 8.644468976871284e-06
4.9931670817364784e-05 8.644468976871284e-06
2.404894320094648e-05 8.645614443818523e-06
5.151853947138072e-05 8.645614443818523e-06
8.513827229970762e-06 8.644575736675559e-06
9.232019439177423e-05 8.644770310402801e-06
4.8487825388188276e-05 8.645614443818523e-06
3.0555570277190055e-05 8.645614443818523e-06
4.4873081211409305e-06 8.644577592768797e-06
4.995218565878226e-05 8.644468976871284e-06
4.2022873647834305e-05 8.64469456712213e-06
4.99839296835651e-05 8.644468976871284e-06
4.9917087165722546e-05 8.644468976871284e-06
4.214088186459009e-05 8.64469456712213e-06
8.95549498756852e-06 8.644597332536882e-06
2.5450049001584186e-06 8.644547991286336e-06
6.519130629047582e-06 8.644600127181482e-06
7.135556324479985e-05 8.645614443818523e-06
1.5750625188967273e-05 8.644628814203038e-06
5.171556731726113e-05 8.645614443818523e-06
8.937183867447278e-06 8.644576599951894e-06
2.2991127520499477e-05 8.644574349753369e-06
8.948755447781203e-06 8.644597332536882e-06
7.162893053737434e-05 8.645614443818523e-06
8.22286574463422e-05 8.645614443818523e-06
1.5783987461965726e-05 8.644628814203038e-06
5.419940750744711e-05 8.645614443818523e-06
5.390433768496694e-06 8.644574511126481e-06
6.206366463693656e-06 8.644582230706333e-06
1.4363194705291183e-05 8.645614443818523e-06
5.1569487494057804e-05 8.645614443818523e-06
4.1562379974058226e-05 8.645614443818523e-06
7.853129831291572e-06 8.64457897515182e-06
6.960969082719427e-05 8.645614443818523e-06
0.00010652731756312588 8.645614443818523e-06
8.940546686940157e-06 8.644576599951894e-06
3.291587842612995e-05 8.645614443818523e-06
7.063722010612995e-05 8.645614443818523e-06
8.940268351619145e-06 8.644576599951894e-06
8.951618790406211e-06 8.644597332536882e-06
5.7021283456555444e-05 8.645614443818523e-06
5.3915078873215366e-06 8.644574511126481e-06
7.04295389225751e-05 8.645614443818523e-06
5.1235200516687435e-05 8.645614443818523e-06
7.065240438720554e-05 8.645614443818523e-06
5.892214640130363e-06 8.644547232234474e-06
4.4265471049908176e-05 8.645614443818523e-06
6.577532824734978e-05 8.645614443818523e-06