0.019887800499390092 0.020762204834113524
0.019887800499390092 0.020762204834113524
0.019887800499390092 0.020762204834113524
0.019887800499390092 0.020762204834113524
0.019887800499390092 0.020762204834113524
0.019887800499390092 0.020762204834113524
0.019887800499390092 0.020762204834113524
0.019887800499390092 0.020762204834113524
0.019887800499390092 0.020762204834113524
0.019887800499390092 0.020762204834113524
0.019887800499390092 0.020762204834113524
0.019887800499390092 0.020762204834113524
0.019887800499390092 0.020762204834113524
0.019887800499390092 0.020762204834113524
0.019887800499390092 0.020762204834113524
0.019887800499390092 0.020762204834113524
0.019887800499390092 0.020762204834113524
0.019887800499390092 0.020762204834113524
0.019887800499390092 0.020762204834113524
0.019887800499390092 0.020762204834113524
0.019887800499390092 0.020762204834113524
0.019887800499390092 0.020762204834113524
0.019887800499390092 0.020762204834113524
0.019887800499390092 0.020762204834113524
0.019887800499390092 0.020762204834113524
0.019887800499390092 0.020762204834113524
0.019887800499390092 0.020762204834113524
0.019887800499390092 0.020762204834113524
0.019887800499390092 0.020762204834113524
0.019887800499390092 0.020762204834113524
0.019887800499390092 0.020762204834113524
0.019887800499390092 0.020762204834113524
0.019887800499390092 0.020762204834113524
0.019887800499390092 0.020762204834113524
0.019887800499390092 0.020762204834113524
0.019887800499390092 0.020762204834113524
0.019887800499390092 0.020762204834113524
0.019887800499390092 0.020762204834113524
0.019887800499390092 0.020762204834113524
0.019887800499390092 0.020762204834113524
0.019887800499390092 0.020762204834113524
0.019887800499390092 0.020762204834113524
0.019887800499390092 0.020762204834113524
0.019887800499390092 0.020762204834113524
0.019887800499390092 0.020762204834113524
0.019887800499390092 0.020762204834113524
0.01961858555484039 0.02039575322495557
0.01961858555484039 0.02039575322495557
0.01961858555484039 0.02039575322495557
0.01961858555484039 0.02039575322495557