0.10886874310362123 0.10333910121376266
0.4137639181462534 0.4611044237135119
0.2238689938810312 0.21771240846624537
0.2238689938810312 0.21771240846624537
0.34823578092085467 0.3496777510281874
0.34823578092085467 0.3496777510281874
0.06248746112950145 0.06317709900692145
0.06248746112950145 0.06317709900692145
0.19706088875514094 0.22173738589627845
0.17628398033905107 0.17655983549001905
0.17628398033905107 0.17655983549001905
0.05109589728157288 0.05238740094292306
0.05109589728157288 0.05238740094292306
0.34765899287792157 0.3497655231216772
0.17628398033905107 0.17655983549001905
0.349853295215167 0.35141438459223595
0.10886874310362123 0.10333910121376266
0.01671431437456114 0.01690239743203932
0.3814261711305046 0.344198264620323
0.3502921556826161 0.3571697261510683
0.2238689938810312 0.21771240846624537
0.23220107332731468 0.2444327414986458
0.23220107332731468 0.2444327414986458
0.21644598254589226 0.20859038017855352
0.34765899287792157 0.3497655231216772
0.39934421707292606 0.48345496037716923
0.21146178152272044 0.21003235028588624
0.3502921556826161 0.3571697261510683
0.21345546193198917 0.21070944929280772
0.21124862072424516 0.20869696057779116
0.21124862072424516 0.20869696057779116
0.21124862072424516 0.20869696057779116
0.19706088875514094 0.22173738589627845
0.006332129601765473 0.008100110342060388
0.1733498846423914 0.17585765874210052
0.00970508576587421 0.0072600060186578394
0.26635068713010335 0.25401243855953454
0.04828092085464941 0.050481492627144145
0.2075621927976728 0.21465292406460026
0.18670378172334237 0.18386999699067108
0.18670378172334237 0.18386999699067108
0.18670378172334237 0.18386999699067108
0.18670378172334237 0.18386999699067108
0.26635068713010335 0.25401243855953454
0.349853295215167 0.35141438459223595
0.21644598254589226 0.20859038017855352
0.4137639181462534 0.4611044237135119
0.06716445982545892 0.06332129601765472
0.39934421707292606 0.48345496037716923
0.2361758952753536 0.2472163707493229