1.1333227171084791e-05 1.0472245166519199e-05
1.1333227171084791e-05 1.0472245166519199e-05
1.1333227171084791e-05 1.0472245166519199e-05
1.1333227171084791e-05 1.0472245166519199e-05
1.1333227171084791e-05 1.0472245166519199e-05
1.1333227171084791e-05 1.0472245166519199e-05
1.1092026169603595e-05 1.047273176694116e-05
1.1092026169603595e-05 1.047273176694116e-05
1.5170291631788743e-05 1.0471556311703337e-05
1.5170291631788743e-05 1.0471556311703337e-05
1.0093065636558929e-05 1.0471439935511247e-05
1.0093065636558929e-05 1.0471439935511247e-05
1.0154835211139934e-05 1.0472194591192092e-05
1.0154835211139934e-05 1.0472194591192092e-05
1.727275227901582e-05 1.0472207696256709e-05
1.727275227901582e-05 1.0472207696256709e-05
1.0414301512530311e-05 1.0472488578618863e-05
1.043098623596192e-05 1.047107168237652e-05
1.043098623596192e-05 1.047107168237652e-05
7.691941847565726e-06 1.0471376553810656e-05
5.948277217824902e-06 1.0471664700213198e-05
1.145619237220059e-05 1.0470938916645022e-05
1.145619237220059e-05 1.0470938916645022e-05
1.3824085194284937e-05 1.047145617462192e-05
1.3824085194284937e-05 1.047145617462192e-05
1.1213441634008739e-05 1.0470807686101428e-05
1.1213441634008739e-05 1.0470807686101428e-05
1.0253273067788035e-05 1.0472370285986901e-05
1.0253273067788035e-05 1.0472370285986901e-05
1.0021948839477743e-05 1.0471408552923477e-05
1.0021948839477743e-05 1.0471408552923477e-05
1.0093065636558929e-05 1.0471439935511247e-05
1.0093065636558929e-05 1.0471439935511247e-05
8.555219480430138e-06 1.047262763336781e-05
1.8531561135628688e-05 1.0470576413675586e-05
1.8531561135628688e-05 1.0470576413675586e-05
9.693729537740965e-06 1.0471163089298607e-05
8.938789125114359e-06 1.0471194080385181e-05
1.8367352533925824e-05 1.047196067814064e-05
1.8367352533925824e-05 1.047196067814064e-05
6.340663720786013e-06 1.0475079994794275e-05
6.340663720786013e-06 1.0475079994794275e-05
1.138314265106585e-05 1.0471832314722525e-05
1.507944631906303e-05 1.0471445858063697e-05
1.507944631906303e-05 1.0471445858063697e-05
1.132395664104701e-05 1.047097925210332e-05
1.132395664104701e-05 1.047097925210332e-05
1.132395664104701e-05 1.047097925210332e-05
1.132395664104701e-05 1.047097925210332e-05
1.676288453553652e-05 1.0471211481398103e-05
1.676288453553652e-05 1.0471211481398103e-05
6.088156471068765e-06 1.0472023628399788e-05
5.9502782510526825e-06 1.0471295334204856e-05
1.5678291515823015e-05 1.047182123279194e-05
1.5678291515823015e-05 1.047182123279194e-05
1.7358255835354656e-05 1.0470911826316573e-05
1.7358255835354656e-05 1.0470911826316573e-05
1.2220389388669087e-05 1.0471974410803994e-05
1.2220389388669087e-05 1.0471974410803994e-05
1.288427429177182e-05 1.0472372620587676e-05
1.4815672899590342e-05 1.0471478816787045e-05
1.4815672899590342e-05 1.0471478816787045e-05
1.714452433974827e-05 1.0471091623217975e-05
1.714452433974827e-05 1.0471091623217975e-05
1.0723846438444011e-05 1.0472584575532553e-05
1.0723846438444011e-05 1.0472584575532553e-05
8.299452619715245e-07 1.0467788661746915e-05
8.299452619715245e-07 1.0467788661746915e-05
1.0056967530404322e-05 1.0470896032056937e-05
1.0056967530404322e-05 1.0470896032056937e-05
1.0056967530404322e-05 1.0470896032056937e-05
1.0056967530404322e-05 1.0470896032056937e-05
1.0056967530404322e-05 1.0470896032056937e-05
1.0056967530404322e-05 1.0470896032056937e-05
1.6981564857619082e-05 1.0472135774255405e-05
1.6981564857619082e-05 1.0472135774255405e-05
1.6981564857619082e-05 1.0472135774255405e-05
1.6981564857619082e-05 1.0472135774255405e-05
1.375971154041397e-05 1.0471192481368836e-05
1.375971154041397e-05 1.0471192481368836e-05
1.727275227901582e-05 1.0472207696256709e-05
1.727275227901582e-05 1.0472207696256709e-05
7.691941847565726e-06 1.0471376553810656e-05
1.6311814821847405e-05 1.0470830798261044e-05
1.6311814821847405e-05 1.0470830798261044e-05
1.6311814821847405e-05 1.0470830798261044e-05
1.6311814821847405e-05 1.0470830798261044e-05
1.6311814821847405e-05 1.0470830798261044e-05
1.6311814821847405e-05 1.0470830798261044e-05
1.6311814821847405e-05 1.0470830798261044e-05
1.6311814821847405e-05 1.0470830798261044e-05
1.676288453553652e-05 1.0471211481398103e-05
1.676288453553652e-05 1.0471211481398103e-05
1.4418110199048447e-05 1.0471980393221479e-05
1.4418110199048447e-05 1.0471980393221479e-05
1.4418110199048447e-05 1.0471980393221479e-05
9.86086103826827e-06 1.0470551034176211e-05
9.86086103826827e-06 1.0470551034176211e-05
1.712956298707088e-05 1.0476477926038333e-05
1.712956298707088e-05 1.0476477926038333e-05
1.712956298707088e-05 1.0476477926038333e-05
1.712956298707088e-05 1.0476477926038333e-05
9.693729537740965e-06 1.0471163089298607e-05
1.043098623596192e-05 1.047107168237652e-05
6.088156471068765e-06 1.0472023628399788e-05
1.2165679987900144e-05 1.0472205080917111e-05
1.2165679987900144e-05 1.0472205080917111e-05
9.07545236496884e-06 1.0471268340912882e-05
9.07545236496884e-06 1.0471268340912882e-05
3.1295279203822705e-06 1.046900111883228e-05
1.4815672899590342e-05 1.0471478816787045e-05
1.4815672899590342e-05 1.0471478816787045e-05
1.236246039894063e-06 1.0470115672342217e-05
2.5381381996552408e-05 1.0464906083606531e-05
2.3619033139946843e-05 1.0486131174901335e-05
2.3619033139946843e-05 1.0486131174901335e-05
6.54132055850358e-06 1.0468503032207531e-05
6.54132055850358e-06 1.0468503032207531e-05
1.3216860826705652e-05 1.0471515953828244e-05
1.3216860826705652e-05 1.0471515953828244e-05
1.7103414884599585e-05 1.047199041905174e-05
1.7103414884599585e-05 1.047199041905174e-05
1.2033115750458295e-06 1.0471525758945191e-05
1.2033115750458295e-06 1.0471525758945191e-05
1.0021948839477743e-05 1.0471408552923477e-05
1.0021948839477743e-05 1.0471408552923477e-05
1.714452433974827e-05 1.0471091623217975e-05
1.714452433974827e-05 1.0471091623217975e-05
1.7328365428491694e-05 1.0470482210759912e-05
1.7328365428491694e-05 1.0470482210759912e-05
1.7328365428491694e-05 1.0470482210759912e-05
1.7328365428491694e-05 1.0470482210759912e-05
1.819538931022701e-05 1.0459375784453184e-05
1.819538931022701e-05 1.0459375784453184e-05
1.4078484136042696e-05 1.0470520276270354e-05
1.507944631906303e-05 1.0471445858063697e-05
1.507944631906303e-05 1.0471445858063697e-05
7.931272876765205e-06 1.0478437616761735e-05
1.138314265106585e-05 1.0471832314722525e-05
1.375971154041397e-05 1.0471192481368836e-05
1.5787143992976186e-05 1.0473593030491365e-05
1.5787143992976186e-05 1.0473593030491365e-05
1.5787143992976186e-05 1.0473593030491365e-05
1.5787143992976186e-05 1.0473593030491365e-05
9.86086103826827e-06 1.0470551034176211e-05
9.86086103826827e-06 1.0470551034176211e-05
1.4556196988174092e-05 1.0470849986316764e-05
1.0020957546493633e-05 1.0471091915261201e-05
1.0020957546493633e-05 1.0471091915261201e-05
5.948277217824902e-06 1.0471664700213198e-05
1.042539350546569e-05 1.0472326468232443e-05
1.042539350546569e-05 1.0472326468232443e-05
1.723433363856434e-05 1.047226032985572e-05
1.723433363856434e-05 1.047226032985572e-05
1.7068368249309633e-05 1.0471206055631263e-05
1.7068368249309633e-05 1.0471206055631263e-05
6.710257261607186e-07 1.0471159226568927e-05
1.7103414884599585e-05 1.047199041905174e-05
1.7103414884599585e-05 1.047199041905174e-05
1.088203898209364e-05 1.0472011640440204e-05
1.088203898209364e-05 1.0472011640440204e-05
1.088203898209364e-05 1.0472011640440204e-05
1.088203898209364e-05 1.0472011640440204e-05
1.4701860203418841e-05 1.047078538256445e-05
1.784141455321186e-05 1.0473029461710836e-05
1.784141455321186e-05 1.0473029461710836e-05
1.784141455321186e-05 1.0473029461710836e-05
1.784141455321186e-05 1.0473029461710836e-05
1.784141455321186e-05 1.0473029461710836e-05
1.784141455321186e-05 1.0473029461710836e-05
1.784141455321186e-05 1.0473029461710836e-05
1.784141455321186e-05 1.0473029461710836e-05
5.931212760015717e-06 1.0471215178630406e-05
5.931212760015717e-06 1.0471215178630406e-05
1.0020957546493633e-05 1.0471091915261201e-05
1.0020957546493633e-05 1.0471091915261201e-05
1.0020957546493633e-05 1.0471091915261201e-05
1.0020957546493633e-05 1.0471091915261201e-05
1.6082462953059226e-05 1.0468370182641975e-05
1.6082462953059226e-05 1.0468370182641975e-05
1.6082462953059226e-05 1.0468370182641975e-05
1.6082462953059226e-05 1.0468370182641975e-05
9.705688778089857e-06 1.0472002675887715e-05
9.705688778089857e-06 1.0472002675887715e-05
9.705688778089857e-06 1.0472002675887715e-05
9.705688778089857e-06 1.0472002675887715e-05
5.9502782510526825e-06 1.0471295334204856e-05
1.723433363856434e-05 1.047226032985572e-05
1.723433363856434e-05 1.047226032985572e-05
1.7068368249309633e-05 1.0471206055631263e-05
1.7068368249309633e-05 1.0471206055631263e-05
1.2549277226424222e-05 1.0471437013379743e-05
5.875016945752003e-06 1.0501761099676584e-05
1.7144125796231414e-05 1.04719873250942e-05
1.7144125796231414e-05 1.04719873250942e-05
1.7144125796231414e-05 1.04719873250942e-05
1.7144125796231414e-05 1.04719873250942e-05
8.938789125114359e-06 1.0471194080385181e-05
6.710257261607186e-07 1.0471159226568927e-05
1.4078484136042696e-05 1.0470520276270354e-05
1.0723846438444011e-05 1.0472584575532553e-05
1.0723846438444011e-05 1.0472584575532553e-05
9.07545236496884e-06 1.0471268340912882e-05
9.07545236496884e-06 1.0471268340912882e-05
1.8585324755083352e-05 1.0472669276838469e-05
1.8585324755083352e-05 1.0472669276838469e-05
1.8585324755083352e-05 1.0472669276838469e-05
1.8585324755083352e-05 1.0472669276838469e-05
1.2359972585362046e-05 1.0470852028733496e-05
1.2359972585362046e-05 1.0470852028733496e-05
1.2359972585362046e-05 1.0470852028733496e-05
1.2359972585362046e-05 1.0470852028733496e-05
1.8585324755083352e-05 1.0472669276838469e-05
1.8585324755083352e-05 1.0472669276838469e-05