0.10415498660686476 0.10430902181976748
0.10415498660686476 0.10430902181976748
0.10415498660686476 0.10430902181976748
0.10415498660686476 0.10430902181976748
0.10415498660686476 0.10430902181976748
0.09524586171941807 0.09600924211277416
0.09524586171941807 0.09600924211277416
0.09524586171941807 0.09600924211277416
0.016544061432867265 0.016866855812847217
0.016544061432867265 0.016866855812847217
0.11924364180017329 0.1156883731729555
0.11924364180017329 0.1156883731729555
0.11924364180017329 0.1156883731729555
0.11924364180017329 0.1156883731729555
0.11924364180017329 0.1156883731729555
0.008909124887446697 0.008299779706993311
0.008909124887446697 0.008299779706993311
0.10620727929642151 0.1045638594881727
0.10620727929642151 0.1045638594881727
0.10620727929642151 0.1045638594881727
0.10620727929642151 0.1045638594881727
0.10620727929642151 0.1045638594881727
0.10620727929642151 0.1045638594881727
0.10620727929642151 0.1045638594881727
0.10620727929642151 0.1045638594881727
0.10620727929642151 0.1045638594881727
0.10620727929642151 0.1045638594881727
0.10620727929642151 0.1045638594881727
0.10620727929642151 0.1045638594881727
0.01096141757700345 0.008554617375398537
0.01096141757700345 0.008554617375398537
0.01096141757700345 0.008554617375398537
0.01096141757700345 0.008554617375398537
0.01096141757700345 0.008554617375398537
0.01096141757700345 0.008554617375398537
0.01096141757700345 0.008554617375398537
0.01017085449901746 0.008384725596461721
0.01017085449901746 0.008384725596461721
0.01017085449901746 0.008384725596461721
0.01017085449901746 0.008384725596461721
0.01017085449901746 0.008384725596461721
0.01017085449901746 0.008384725596461721
0.01017085449901746 0.008384725596461721
0.007959996149119677 0.008299779706993311
0.007959996149119677 0.008299779706993311
0.007959996149119677 0.008299779706993311
0.01791338917109801 0.01893387245657849
0.01791338917109801 0.01893387245657849
0.01791338917109801 0.01893387245657849
0.01791338917109801 0.01893387245657849