1.857972027119218e-05 1.0569798125909155e-05
6.120767961035452e-05 1.0569798125909155e-05
8.903578672612977e-06 1.0569895453798584e-05
1.9564822640035936e-05 1.0569798125909155e-05
2.674227039579758e-05 1.0569798125909155e-05
8.464891861006476e-06 1.0569798125909155e-05
1.3768359370312021e-05 1.0569831039240272e-05
0.00010475303677995513 1.0569798125909155e-05
1.892387419713987e-05 1.0570113055490732e-05
4.4205026173121024e-05 1.0569858321123777e-05
8.464891861006476e-06 1.0569798125909155e-05
8.999151429283114e-06 1.0569498831937852e-05
3.3013078257925255e-06 1.0569798125909155e-05
1.7635191377096824e-05 1.0569798125909155e-05
7.4067803783806665e-06 1.0569798125909155e-05
1.5454840443201217e-05 1.0569798125909155e-05
1.672006793266369e-05 1.0569798125909155e-05
1.5720513456154884e-05 1.0569798125909155e-05
1.6506539128962628e-05 1.0569798125909155e-05
1.3378080843268975e-05 1.0569798125909155e-05
1.3922519508234335e-05 1.0569798125909155e-05
1.511587832322585e-05 1.0569798125909155e-05
1.9140762939440014e-05 1.0569798125909155e-05
1.8468854969468673e-05 1.0569798125909155e-05
1.228774624984811e-05 1.0569798125909155e-05
1.2565073856181488e-05 1.0569798125909155e-05
8.673799176736318e-06 1.0569905960446213e-05
5.85989852485589e-06 1.0569529664039563e-05
1.79050430791124e-05 1.0570103259267665e-05
7.4313876221626616e-06 1.0569798125909155e-05
1.2069644539104572e-05 1.0569798125909155e-05
1.2131462513499218e-05 1.0569909286805837e-05
2.0793733116278346e-05 1.0570113055490732e-05
1.8853622781332605e-05 1.0569798125909155e-05
6.96596601079588e-06 1.056985382870454e-05
2.9022486380593632e-05 1.0569798125909155e-05
3.597579040927752e-05 1.0569798125909155e-05
8.724700976362655e-06 1.0569777917515676e-05
2.99798253410646e-05 1.0569798125909155e-05
1.8864975043938226e-05 1.0570113055490732e-05
4.105472552588141e-05 1.0569798125909155e-05
8.674010069242905e-06 1.0569905960446213e-05
5.569007803293734e-06 1.0569798125909155e-05
8.126296186566216e-05 1.0569798125909155e-05
1.4390316163711008e-05 1.0569798125909155e-05
8.582102996411156e-06 1.056981539013547e-05
3.258983366487493e-05 1.0569798125909155e-05
8.67928028066436e-06 1.0569905960446213e-05
0.0001138527955305371 1.0569798125909155e-05
5.403926500553241e-06 1.0569798125909155e-05