0.11569929488905224 0.13820014933810132
0.07896197683590442 0.21193311568768455
0.07896197683590442 0.21193311568768455
0.07896197683590442 0.18923343402891413
0.016041872720108614 0.08350017161545657
0.10229950198863492 0.10463318193923289
0.07276350229050398 0.14633319812115544
0.022194631520208175 0.06150001342446489
0.07276350229050398 0.12670009963129888
0.12185205368915179 0.12326633920647626
0.05672162957039535 0.15026692915728465
0.07276350229050398 0.10706700114144234
0.02670234913622639 0.0580335988958559
0.05672162957039535 0.16596702225776278
0.06296654550784751 0.09902901208274405
0.09965742216894362 0.1886667039165332
0.006152758800099559 0.028499776137977377
0.07967311065169609 0.14576646800877452
0.05672162957039535 0.1188667429563284
0.05672162957039535 0.1188667429563284
0.05672162957039535 0.1188667429563284
0.07896197683590442 0.18923343402891413
0.07896197683590442 0.21193311568768455
0.07896197683590442 0.20436679701701133
0.09965742216894362 0.14213315472747973
0.07896197683590442 0.21193311568768455
0.03602618423735615 0.1816663897114901
0.03602618423735615 0.1816663897114901
0.03602618423735615 0.1816663897114901
0.03602618423735615 0.1816663897114901
0.03602618423735615 0.1816663897114901
0.03602618423735615 0.1816663897114901
0.03602618423735615 0.1816663897114901
0.03602618423735615 0.1816663897114901
0.03602618423735615 0.1816663897114901
0.03602618423735615 0.1816663897114901
0.03602618423735615 0.1816663897114901
0.03602618423735615 0.1816663897114901
0.03602618423735615 0.1816663897114901
0.03602618423735615 0.1816663897114901
0.03602618423735615 0.1816663897114901
0.03602618423735615 0.1816663897114901
0.07896197683590442 0.20436679701701133
0.08500298603637957 0.08615821566366563
0.0896224532520222 0.1447999065366985
0.07896197683590442 0.18923343402891413
0.05672162957039535 0.16596702225776278
0.11569929488905224 0.15390024243857944
0.03602908682435938 0.07275406888274347
0.02670234913622639 0.0580335988958559