5.077078297023359e-06 9.431606910433693e-06
2.369967078662575e-06 9.431606910433693e-06
4.002020575721787e-06 9.412358566239823e-06
4.002020575721787e-06 9.412358566239823e-06
2.9517639268944893e-06 9.4318709034759e-06
4.5967798232842015e-06 9.430118997948193e-06
5.689794010072048e-06 9.4318709034759e-06
5.107883561255638e-06 9.431521914296013e-06
4.787161712090865e-06 9.432310508524063e-06
1.9638465405728573e-06 9.424761717437448e-06
4.002020575721787e-06 9.338024341739319e-06
4.002020575721787e-06 9.338024341739319e-06
6.42821729022543e-06 9.326059007307633e-06
6.42821729022543e-06 9.326059007307633e-06
4.002020575721787e-06 9.412358566239823e-06
4.002020575721787e-06 9.412358566239823e-06
2.9517639268944893e-06 9.43226957582994e-06
3.2830828046517747e-06 9.44077700455589e-06
2.9517639268944893e-06 9.431982790424813e-06
3.083407275616921e-06 9.428686287113471e-06
3.4276698384038237e-06 9.653834932294437e-06
3.4276698384038237e-06 9.653834932294437e-06
2.7349964206461737e-06 9.424761717437448e-06
5.064399352333099e-06 9.433964853232207e-06
4.606970161575658e-06 9.44077700455589e-06
4.002020575721787e-06 9.360956547730872e-06
4.002020575721787e-06 9.360956547730872e-06
4.459408725226847e-06 9.430092367754742e-06
4.459408725226847e-06 9.430092367754742e-06
5.122246280399657e-06 9.43223635769477e-06
2.659150099904135e-06 9.429617853477977e-06
3.0955521052781384e-06 9.43223635769477e-06
2.8498677148404125e-06 9.431792517677967e-06
2.8498677148404125e-06 9.431792517677967e-06
2.8498677148404125e-06 9.431792517677967e-06
3.256698326031518e-06 9.434886116726378e-06
5.689794010072048e-06 9.43226957582994e-06
3.7749746124351747e-06 9.187918193839041e-06
3.7749746124351747e-06 9.187918193839041e-06
3.0955521052781384e-06 9.43223635769477e-06
3.5586333489782608e-06 9.56717202595346e-06
3.5586333489782608e-06 9.56717202595346e-06
6.125688731156202e-06 9.242047372270285e-06
6.125688731156202e-06 9.242047372270285e-06
4.002020575721787e-06 9.338024341739319e-06
4.002020575721787e-06 9.338024341739319e-06
4.002020575721787e-06 9.338024341739319e-06
4.002020575721787e-06 9.338024341739319e-06
2.617993078060977e-06 9.431521914296013e-06
4.002020575721787e-06 9.412358566239823e-06
4.002020575721787e-06 9.412358566239823e-06
1.9638465405728573e-06 9.424761717437448e-06
6.826437634009677e-06 9.539420861759483e-06
6.826437634009677e-06 9.539420861759483e-06
4.745506842462572e-06 9.431038406164872e-06
3.1093460006444244e-06 9.433964853232207e-06
2.8498677148404125e-06 9.431606910433693e-06
2.8498677148404125e-06 9.431606910433693e-06
2.8498677148404125e-06 9.431606910433693e-06
4.752874067848698e-06 9.429617853477977e-06
2.8516668733211154e-06 9.431667584125033e-06
4.455650728900872e-06 9.430833340656673e-06
2.853349261362988e-06 9.258723453503848e-06
2.853349261362988e-06 9.258723453503848e-06
2.9517639268944893e-06 9.43226957582994e-06
2.738810105396481e-06 9.430833340656673e-06
6.125688731156202e-06 9.466926391040861e-06
6.125688731156202e-06 9.466926391040861e-06
5.122246280399657e-06 9.43223635769477e-06
5.335450440067952e-06 9.431667584125033e-06
1.6967421692228446e-06 9.429577935634102e-06
2.266490660856252e-06 9.432449724481958e-06
2.266490660856252e-06 9.432449724481958e-06
2.266490660856252e-06 9.432449724481958e-06
2.266490660856252e-06 9.432449724481958e-06
2.266490660856252e-06 9.432449724481958e-06
2.266490660856252e-06 9.432449724481958e-06
2.266490660856252e-06 9.432449724481958e-06
2.266490660856252e-06 9.432449724481958e-06
2.266490660856252e-06 9.432449724481958e-06
2.266490660856252e-06 9.432449724481958e-06
2.266490660856252e-06 9.432449724481958e-06
2.266490660856252e-06 9.432449724481958e-06
2.266490660856252e-06 9.432449724481958e-06
2.266490660856252e-06 9.432449724481958e-06
2.266490660856252e-06 9.432449724481958e-06
2.266490660856252e-06 9.432449724481958e-06
2.266490660856252e-06 9.432449724481958e-06
2.266490660856252e-06 9.432449724481958e-06
2.266490660856252e-06 9.432449724481958e-06
2.266490660856252e-06 9.432449724481958e-06
2.266490660856252e-06 9.432449724481958e-06
2.266490660856252e-06 9.432449724481958e-06
2.266490660856252e-06 9.432449724481958e-06
2.266490660856252e-06 9.432449724481958e-06
2.266490660856252e-06 9.432449724481958e-06
2.266490660856252e-06 9.432449724481958e-06
2.266490660856252e-06 9.432449724481958e-06
2.266490660856252e-06 9.432449724481958e-06
2.266490660856252e-06 9.432449724481958e-06
2.266490660856252e-06 9.432449724481958e-06
2.266490660856252e-06 9.432449724481958e-06
2.266490660856252e-06 9.432449724481958e-06
2.266490660856252e-06 9.432449724481958e-06
2.266490660856252e-06 9.432449724481958e-06
2.266490660856252e-06 9.432449724481958e-06
2.266490660856252e-06 9.432449724481958e-06
2.266490660856252e-06 9.432449724481958e-06
2.266490660856252e-06 9.432449724481958e-06
2.266490660856252e-06 9.432449724481958e-06
2.266490660856252e-06 9.432449724481958e-06
2.266490660856252e-06 9.432449724481958e-06
2.266490660856252e-06 9.432449724481958e-06
2.266490660856252e-06 9.432449724481958e-06
2.266490660856252e-06 9.432449724481958e-06
2.266490660856252e-06 9.432449724481958e-06
2.266490660856252e-06 9.432449724481958e-06
2.266490660856252e-06 9.432449724481958e-06
2.266490660856252e-06 9.432449724481958e-06
2.369967078662575e-06 9.431792517677967e-06
3.0955521052781384e-06 9.431430822821347e-06
3.0955521052781384e-06 9.431430822821347e-06
3.0955521052781384e-06 9.431430822821347e-06
4.459408725226847e-06 9.54671709879086e-06
4.459408725226847e-06 9.54671709879086e-06
2.659150099904135e-06 9.430092367754742e-06
3.0955521052781384e-06 9.432023954989622e-06
6.822359405791988e-06 9.441289883548951e-06
6.822359405791988e-06 9.441289883548951e-06
6.822359405791988e-06 9.441289883548951e-06
6.822359405791988e-06 9.441289883548951e-06
6.822359405791988e-06 9.441289883548951e-06
6.822359405791988e-06 9.441289883548951e-06
6.822359405791988e-06 9.441289883548951e-06
6.822359405791988e-06 9.441289883548951e-06
6.822359405791988e-06 9.441289883548951e-06
6.822359405791988e-06 9.441289883548951e-06
6.822359405791988e-06 9.441289883548951e-06
6.822359405791988e-06 9.441289883548951e-06
6.822359405791988e-06 9.441289883548951e-06
6.822359405791988e-06 9.441289883548951e-06
6.822359405791988e-06 9.441289883548951e-06
6.822359405791988e-06 9.441289883548951e-06
6.822359405791988e-06 9.441289883548951e-06
6.822359405791988e-06 9.441289883548951e-06
6.822359405791988e-06 9.441289883548951e-06
6.822359405791988e-06 9.441289883548951e-06
6.822359405791988e-06 9.441289883548951e-06
6.822359405791988e-06 9.441289883548951e-06
6.822359405791988e-06 9.441289883548951e-06
6.822359405791988e-06 9.441289883548951e-06
6.822359405791988e-06 9.441289883548951e-06
6.822359405791988e-06 9.441289883548951e-06
6.822359405791988e-06 9.441289883548951e-06
6.822359405791988e-06 9.441289883548951e-06
6.822359405791988e-06 9.441289883548951e-06
6.822359405791988e-06 9.441289883548951e-06
6.822359405791988e-06 9.441289883548951e-06
6.822359405791988e-06 9.441289883548951e-06
5.122246280399657e-06 9.432023954989622e-06
3.7553196919926847e-06 9.43223635769477e-06
3.7553196919926847e-06 9.43223635769477e-06
3.7553196919926847e-06 9.43223635769477e-06
5.689794010072048e-06 9.431982790424813e-06
3.96687379321651e-06 9.429577935634102e-06
4.787547408041242e-06 9.432449724481958e-06
4.787547408041242e-06 9.432449724481958e-06
4.787547408041242e-06 9.432449724481958e-06
4.787547408041242e-06 9.432449724481958e-06
4.787547408041242e-06 9.432449724481958e-06
4.787547408041242e-06 9.432449724481958e-06
4.787547408041242e-06 9.432449724481958e-06
4.787547408041242e-06 9.432449724481958e-06
4.787547408041242e-06 9.432449724481958e-06
4.787547408041242e-06 9.432449724481958e-06
4.787547408041242e-06 9.432449724481958e-06
4.787547408041242e-06 9.432449724481958e-06
4.787547408041242e-06 9.432449724481958e-06
4.787547408041242e-06 9.432449724481958e-06
4.787547408041242e-06 9.432449724481958e-06
4.787547408041242e-06 9.432449724481958e-06
5.689794010072048e-06 9.4318709034759e-06
3.6479468625468214e-06 9.480395332485365e-06
3.6479468625468214e-06 9.480395332485365e-06
5.689794010072048e-06 9.43226957582994e-06
2.9517639268944893e-06 9.4318709034759e-06
2.9517639268944893e-06 9.4318709034759e-06
5.689794010072048e-06 9.431982790424813e-06
3.3954075042093444e-06 9.430203428849825e-06
6.490617006706814e-06 9.432310508524063e-06
6.826437634009677e-06 9.539420861759483e-06
6.826437634009677e-06 9.539420861759483e-06
5.689794010072048e-06 9.43226957582994e-06
3.3954075042093444e-06 9.4328490651269e-06
5.122246280399657e-06 9.431430822821347e-06
5.122246280399657e-06 9.431430822821347e-06
5.122246280399657e-06 9.431430822821347e-06
3.3909416368263804e-06 9.503733156895773e-06
3.3909416368263804e-06 9.503733156895773e-06
2.3011418923538974e-06 9.09375088806161e-06
2.3011418923538974e-06 9.09375088806161e-06
6.821809780656076e-06 9.067243585151845e-06
6.821809780656076e-06 9.067243585151845e-06
4.002020575721787e-06 9.338024341739319e-06
4.002020575721787e-06 9.338024341739319e-06
6.826437634009677e-06 9.434548651192527e-06
6.826437634009677e-06 9.434548651192527e-06
6.826437634009677e-06 9.434548651192527e-06
6.826437634009677e-06 9.434548651192527e-06
6.826437634009677e-06 9.434548651192527e-06
6.826437634009677e-06 9.434548651192527e-06
4.752874067848698e-06 9.430092367754742e-06
2.9517639268944893e-06 9.4318709034759e-06
4.378312870043478e-06 9.632978179698926e-06
4.378312870043478e-06 9.632978179698926e-06
4.5900298835412525e-06 9.440632060806063e-06
4.5900298835412525e-06 9.440632060806063e-06
2.7349964206461737e-06 9.424761717437448e-06
2.9517639268944893e-06 9.43226957582994e-06
5.689794010072048e-06 9.4318709034759e-06
5.689794010072048e-06 9.4318709034759e-06
3.87083655299221e-06 9.457021933355735e-06
3.87083655299221e-06 9.457021933355735e-06
4.5900298835412525e-06 9.28254727949425e-06
4.5900298835412525e-06 9.28254727949425e-06
4.1305934010479946e-06 9.434886116726378e-06
4.5967798232842015e-06 9.430203428849825e-06
5.077078297023359e-06 9.431792517677967e-06
2.9517639268944893e-06 9.431982790424813e-06
4.002020575721787e-06 9.360956547730872e-06
4.002020575721787e-06 9.360956547730872e-06
6.826437634009677e-06 9.219098459971553e-06
6.826437634009677e-06 9.219098459971553e-06
3.3954075042093444e-06 9.430118997948193e-06
4.5967798232842015e-06 9.4328490651269e-06
2.3011418923538974e-06 9.09375088806161e-06
2.3011418923538974e-06 9.09375088806161e-06
5.597100945544309e-06 9.428686287113471e-06
6.125688731156202e-06 9.37191019835648e-06
6.125688731156202e-06 9.37191019835648e-06
2.6906547592314135e-06 9.431038406164872e-06
6.491139948033114e-06 9.432449724481958e-06
6.491139948033114e-06 9.432449724481958e-06
6.491139948033114e-06 9.432449724481958e-06
6.491139948033114e-06 9.432449724481958e-06
6.491139948033114e-06 9.432449724481958e-06
6.491139948033114e-06 9.432449724481958e-06
6.491139948033114e-06 9.432449724481958e-06
6.491139948033114e-06 9.432449724481958e-06
6.491139948033114e-06 9.432449724481958e-06
6.491139948033114e-06 9.432449724481958e-06
6.491139948033114e-06 9.432449724481958e-06
6.491139948033114e-06 9.432449724481958e-06
6.491139948033114e-06 9.432449724481958e-06
6.491139948033114e-06 9.432449724481958e-06
6.491139948033114e-06 9.432449724481958e-06
6.491139948033114e-06 9.432449724481958e-06