0.006630551129301443 0.008183964108246853
0.049539287611251766 0.08210494670969795
0.005810638108565004 0.014280533738841122
0.06853526488771694 0.1176572488561391
0.08999246413386071 0.21825068146338703
0.06981467700927221 0.18157184147449534
0.15783029067682594 0.2774271825027703
0.06719842380416993 0.08521952422935995
0.12376446845855812 0.19267160609663703
0.11283328345371846 0.12630509338272763
0.16681300267192964 0.16755634374334377
0.07183197040655931 0.10248205007913333
0.10509769664027091 0.24058272871151518
0.03652131477272421 0.06301999498507656
0.10176870418152945 0.10788286648710005
0.14810518127869762 0.14469422447983651
0.04314209219370546 0.07458364002555994
0.07688632570579655 0.07524629744966878
0.12261858541412213 0.2210008007700334
0.06659049914665416 0.08180674749860471
0.03725987009730569 0.18140616026724687
0.03725987009730569 0.18140616026724687
0.03725987009730569 0.18140616026724687
0.03725987009730569 0.18140616026724687
0.03725987009730569 0.18140616026724687
0.03725987009730569 0.18140616026724687
0.03725987009730569 0.18140616026724687
0.03725987009730569 0.18140616026724687
0.03725987009730569 0.18140616026724687
0.03725987009730569 0.18140616026724687
0.03725987009730569 0.18140616026724687
0.12070354522732972 0.11778976685998388
0.03652131477272421 0.06301999498507656
0.15783029067682594 0.2478389319830787
0.10509769664027091 0.27017097923120686
0.10509769664027091 0.27017097923120686
0.06900494212616577 0.09837352012575055
0.024324737862402364 0.023261425802050727
2.156956318938346e-06 0.0001263167544278269
0.0240396151989927 0.06557126988107081
0.007520295610863511 0.008912947939163047
0.01378510783433497 0.013510635142750065
0.03962396162774708 0.051091959136462535
0.012481699573731507 0.06378207461451146
0.10509769664027091 0.21099441078693856
0.03774033211734921 0.05168835755864899
0.06853526488771694 0.13959167468784797
0.08999246413386071 0.19982845456775944
0.026705882828740365 0.06855332939688805
0.043505337118791676 0.042262660659543316