9.791242525088575e-07 2.656268478688941e-06
8.014200371873351e-07 2.656267930292562e-06
1.4732089404111531e-06 2.656268722461334e-06
1.8506729046681374e-06 2.65454043102879e-06
1.018581685314347e-06 2.656267494395402e-06
8.763311147430539e-07 2.656269052622033e-06
8.851610492590726e-07 2.6562682044887945e-06
8.244087853062717e-07 2.6562679373248582e-06
1.4146346114714819e-06 2.656266211652094e-06
2.7809607849261223e-06 2.6562378367845483e-06
2.1811502090731617e-06 2.6562631976531997e-06
1.0450310525558996e-06 2.656268420031853e-06
1.20957973224714e-06 2.6562681300301024e-06
1.4724641427446028e-06 2.6562681838838833e-06
1.386139675433328e-06 2.6562687061445606e-06
1.411922626821158e-06 2.6562674219250855e-06
5.875055590198869e-07 2.6562656363743163e-06
9.455576025963247e-07 2.6562687786349485e-06
1.071020690927581e-06 2.6562716048654193e-06
6.770279994806366e-07 2.6562678974206613e-06
1.355486893001009e-06 2.656269433481737e-06
1.0157288437814616e-06 2.6562697313218114e-06
8.244087853062717e-07 2.6562683323212184e-06
8.244087853062717e-07 2.6562683323212184e-06
1.4724641427446028e-06 2.656268514009714e-06
8.244087853062717e-07 2.65626742322644e-06
6.371899304665886e-07 2.6562670016649064e-06
8.763311147430539e-07 2.6562687509930625e-06
9.601095314172644e-07 2.6562684470394987e-06
9.379293768614462e-07 2.6562676319651397e-06
1.0734483382592539e-06 2.656268536906184e-06
1.0734483382592539e-06 2.656268536906184e-06
1.0734483382592539e-06 2.656268536906184e-06
1.0734483382592539e-06 2.656268536906184e-06
1.0734483382592539e-06 2.656268536906184e-06
1.0734483382592539e-06 2.656268536906184e-06
1.0734483382592539e-06 2.656268536906184e-06
1.0734483382592539e-06 2.656268536906184e-06
1.0734483382592539e-06 2.656268536906184e-06
1.0734483382592539e-06 2.656268536906184e-06
1.0734483382592539e-06 2.656268536906184e-06
8.852956518212304e-07 2.6562678679326264e-06
9.916344130583101e-07 2.6562664717141143e-06
3.3351959443315346e-06 2.6562783075781725e-06
2.68508046554902e-06 2.6562545126942105e-06
1.018581685314347e-06 2.6562692734462446e-06
8.404340037335175e-07 2.6562691503806807e-06
1.9860854936470418e-07 2.6562641756351316e-06
1.6197317432886925e-06 2.6562703198734675e-06
9.916344130583101e-07 2.6562664717141143e-06