3.869960098020417e-07 3.954917749433491e-07
3.6253295660213077e-07 3.954920111588188e-07
3.9999055313420053e-07 3.954918042706117e-07
3.9999055313420053e-07 3.954918042706117e-07
4.0433963190633247e-07 3.954918748645123e-07
4.0433963190633247e-07 3.954918748645123e-07
2.957573729265924e-07 3.954918023890388e-07
2.957573729265924e-07 3.954918023890388e-07
2.957573729265924e-07 3.954918023890388e-07
4.1251003513110657e-07 3.954919285933501e-07
3.902099488796247e-07 3.9549205015419115e-07
3.902099488796247e-07 3.9549205015419115e-07
4.1163790319030285e-07 3.954918875904118e-07
3.482990816115867e-07 3.9549209537570393e-07
3.482990816115867e-07 3.9549209537570393e-07
4.008721426210964e-07 3.954918728154934e-07
4.008721426210964e-07 3.954918728154934e-07
4.141883001361247e-07 3.9549176144074945e-07
4.0653030479134547e-07 3.9549200967944693e-07
3.589806228066058e-07 3.9549185140772735e-07
3.589806228066058e-07 3.9549185140772735e-07
3.589806228066058e-07 3.9549185140772735e-07
4.189349140456809e-07 3.9549179836346053e-07
3.2795744247364904e-07 3.954919934257484e-07
3.2795744247364904e-07 3.954919934257484e-07
3.9928164709957423e-07 3.9549191921968983e-07
3.9928164709957423e-07 3.9549191921968983e-07
3.9928164709957423e-07 3.9549191921968983e-07
3.7928149253972606e-07 3.95491846790536e-07
4.074212205068762e-07 3.954919403401287e-07
2.4333559324514257e-07 3.9549135351539047e-07
4.030749263942015e-07 3.954919363603937e-07
3.9164951897174525e-07 3.954920372664201e-07
3.9164951897174525e-07 3.954920372664201e-07
2.611294462857969e-07 3.954919140596784e-07
2.611294462857969e-07 3.954919140596784e-07
2.611294462857969e-07 3.954919140596784e-07
2.611294462857969e-07 3.954919140596784e-07
3.6766918744474537e-07 3.9549164967770487e-07
4.058692381459254e-07 3.9549172386385905e-07
4.172281114817154e-07 3.9549201586115924e-07
3.5619515927536124e-07 3.9549203940578494e-07
4.014785543897773e-07 3.9549172335998573e-07
4.1893250074417485e-07 3.954918568624349e-07
4.078349233389713e-07 3.954918358433621e-07
4.088231832599704e-07 3.9549202452365254e-07
3.3637119038754575e-07 3.954920331386073e-07
3.3637119038754575e-07 3.954920331386073e-07
4.035270239406821e-07 3.954918620198354e-07
4.035270239406821e-07 3.954918620198354e-07