4.149031571367595e-07 2.128856198773223e-06
5.9442067913291e-07 2.1288583103794985e-06
6.457958377179753e-07 2.1289031787596017e-06
6.93934784400403e-07 2.128870244810914e-06
6.71726914163462e-07 2.128858157678862e-06
7.301131353238388e-07 2.12885332531446e-06
7.891019151025526e-07 2.1288524043898226e-06
8.280032115688422e-07 2.128850323489102e-06
7.008555919954281e-07 2.1288549723285495e-06
6.458440433078346e-07 2.128898656034192e-06
7.007089910750895e-07 2.1288530304403933e-06
7.007089910750895e-07 2.1288530304403933e-06
7.784050188271631e-07 2.1288586471379915e-06
1.08076302572933e-06 2.1289057868601235e-06
7.768188762382495e-07 2.1288543162051653e-06
5.206752050748235e-07 2.128856985286896e-06
7.209037648343944e-07 2.128856642083221e-06
6.805163925306982e-07 2.1288550600382182e-06
6.805163925306982e-07 2.1288550600382182e-06
2.1663407946086803e-07 2.1288550651104857e-06
8.076854862145176e-07 2.128855369012906e-06
9.117518662104808e-07 2.1288545030329948e-06
9.886026261555014e-07 2.128857138867767e-06
9.886026261555014e-07 2.128857138867767e-06
6.458927086796662e-07 2.128856346494041e-06
8.626517152805682e-07 2.12885763116559e-06
8.143588988077835e-07 2.128856046098255e-06
6.407823744234594e-07 2.1288425336976696e-06
7.175924834083495e-07 2.128856109252023e-06
8.480373887986891e-07 2.1288573545191166e-06
8.100422302744952e-07 2.128855675292127e-06
8.100422302744952e-07 2.128855675292127e-06
9.102923382493323e-07 2.128856090558831e-06
7.669668511887899e-07 2.1288470736169803e-06
8.072571677738184e-07 2.1288555293226205e-06
4.196231322831977e-07 2.128855786385577e-06
9.052459680184881e-07 2.1288406679897157e-06
2.053050748071215e-06 2.1288565478213934e-06
8.10222500896101e-07 2.1288557403591115e-06
7.378978303517829e-07 2.128873101764985e-06
9.115255710975525e-07 2.1288554495703345e-06
8.189276144386052e-07 2.1288446351612065e-06
6.307018176879905e-07 2.1288460430585805e-06
1.4351382492979872e-06 2.1288467773200573e-06
7.9712430745185e-07 2.1288335072539883e-06
6.013092756351973e-07 2.1288595176074133e-06
6.47036512344163e-07 2.1288548011233868e-06
9.538959942713728e-07 2.1288588166455913e-06
9.11127247742544e-07 2.1288559992289515e-06
6.529465789278925e-07 2.128858219747484e-06
8.432279664415886e-07 2.128856884608485e-06
6.813892931129137e-07 2.1288549999660288e-06
7.305890452801988e-07 2.1288559301141877e-06
9.340283038949424e-07 2.1288510846885866e-06
8.233040035124548e-07 2.1288564997794506e-06
8.022741472729966e-07 2.1288541010048924e-06
1.0267723545772372e-06 2.128823879605718e-06
9.67170469352621e-07 2.1288662223765868e-06
8.190566802603841e-07 2.128843347270727e-06
7.093537221607307e-07 2.1288563725607318e-06
6.0501202806761e-07 2.128849257241657e-06
6.906286244623481e-07 2.1288557804700387e-06
6.30841881296292e-07 2.1288579774370487e-06
6.990296174919959e-07 2.1288597297299527e-06
6.460324386144336e-07 2.1288046966905677e-06
8.08363489699113e-07 2.128855236117081e-06
8.08363489699113e-07 2.128855236117081e-06
7.422842473558668e-07 2.1288563587423244e-06
8.190086196753381e-07 2.1288532983742186e-06
6.145817547017673e-07 2.128915803015011e-06
7.077931941729275e-07 2.128855701859284e-06
7.009347692262734e-07 2.128858893864007e-06
4.1397647201508864e-07 2.128855013487721e-06
4.1397647201508864e-07 2.128855013487721e-06
9.287943436707217e-07 2.128855200935701e-06
1.1005193936397454e-06 2.128857332263195e-06
7.319422562468394e-07 2.1288545835999955e-06
7.319422562468394e-07 2.1288545835999955e-06
6.192787929213335e-07 2.1288463613772843e-06
8.02725459061561e-07 2.128856837912358e-06
7.272846355799619e-07 2.1288530971313973e-06
6.483367788712164e-07 2.1288471866714736e-06
6.827066796446447e-07 2.1288559141653527e-06
8.023078560466235e-07 2.1288539011016275e-06
8.079518156333483e-07 2.1288555356751384e-06
5.183469804842147e-07 2.1288679080005634e-06
6.621611299013485e-07 2.1288468248439085e-06
4.6950430132889236e-07 2.128852928173343e-06
6.194390844462098e-07 2.1288537048808633e-06
7.565941571434542e-07 2.1288609217897478e-06
7.27833406525753e-07 2.1288031720133864e-06
9.117641482537721e-07 2.1288556566623947e-06
9.117641482537721e-07 2.1288556566623947e-06
1.2796964778967396e-06 2.1288488485583595e-06
8.187850811794942e-07 2.1288525419712657e-06
7.63120633547796e-07 2.1288803856256943e-06
1.1086948440136557e-06 2.1288564781857153e-06
7.224896253099625e-07 2.128857325606696e-06
7.224896253099625e-07 2.128857325606696e-06
6.458728375035439e-07 2.128856346494041e-06
7.590101445129239e-07 2.128864676714168e-06
5.188793724121523e-07 2.128852388820685e-06
7.737701099366148e-07 2.128855844983113e-06
8.02729387292782e-07 2.128856837912358e-06
7.227402423657841e-07 2.1288550707197077e-06
7.266801300924415e-07 2.1288348276535982e-06
8.227182270547412e-07 2.1288542796514856e-06
6.950449769455406e-07 2.1288513067917355e-06
6.903136591836312e-07 2.128836742839711e-06