0.025431128705496905 0.016814433432489718
0.025431128705496905 0.016814433432489718
0.025431128705496905 0.016814433432489718
0.025431128705496905 0.016814433432489718
0.025431128705496905 0.016814433432489718
0.025431128705496905 0.016814433432489718
0.025431128705496905 0.016814433432489718
0.003810926046390982 0.004668036475663655
0.003810926046390982 0.004668036475663655
0.003810926046390982 0.004668036475663655
0.003810926046390982 0.004668036475663655
0.003810926046390982 0.004668036475663655
0.003810926046390982 0.004668036475663655
0.003810926046390982 0.004668036475663655
0.003810926046390982 0.004668036475663655
0.003810926046390982 0.004668036475663655
0.003810926046390982 0.004668036475663655
0.003810926046390982 0.004668036475663655
0.003810926046390982 0.004668036475663655
0.003810926046390982 0.004668036475663655
0.003810926046390982 0.004668036475663655
0.003810926046390982 0.004668036475663655
0.003810926046390982 0.004668036475663655
0.003810926046390982 0.004668036475663655
0.003810926046390982 0.004668036475663655
0.02003747578579054 0.008407216716244859
0.02003747578579054 0.008407216716244859
0.02003747578579054 0.008407216716244859
0.02003747578579054 0.008407216716244859
0.02003747578579054 0.008407216716244859
0.021532619986461877 0.037343811900253654
0.021532619986461877 0.037343811900253654
0.021532619986461877 0.037343811900253654
0.021532619986461877 0.037343811900253654
0.012606146000075345 0.014003869474463172
0.012606146000075345 0.014003869474463172
0.012606146000075345 0.014003869474463172
0.02252074449590893 0.012610705098103392
0.03555952490359307 0.05044306034494136
0.03555952490359307 0.05044306034494136
0.03555952490359307 0.05044306034494136
0.03555952490359307 0.05044306034494136
0.03555952490359307 0.05044306034494136
0.0018805079603051332 0.0042034883818585335
0.0018805079603051332 0.0042034883818585335
0.011749515475858256 0.011669851236631345
0.011749515475858256 0.011669851236631345
0.011749515475858256 0.011669851236631345
0.011749515475858256 0.011669851236631345
0.011749515475858256 0.011669851236631345
0.011749515475858256 0.011669851236631345
0.011749515475858256 0.011669851236631345
0.049304485600568784 0.037832355246837965
0.049304485600568784 0.037832355246837965
0.049304485600568784 0.037832355246837965
0.023584214099082637 0.025221650148734575
0.023584214099082637 0.025221650148734575
0.023584214099082637 0.025221650148734575
0.023584214099082637 0.025221650148734575
0.023584214099082637 0.025221650148734575
0.009342791622105483 0.008407216716244859
0.009342791622105483 0.008407216716244859
0.009342791622105483 0.008407216716244859
0.009342791622105483 0.008407216716244859
0.009342791622105483 0.008407216716244859
0.0016381559072353126 4.151178730799898e-05
0.0016381559072353126 4.151178730799898e-05
0.0016381559072353126 4.151178730799898e-05
0.0016381559072353126 4.151178730799898e-05
0.0016381559072353126 4.151178730799898e-05
0.0016381559072353126 4.151178730799898e-05
0.021096626243463992 0.025221650148734575
0.021096626243463992 0.025221650148734575
0.021096626243463992 0.025221650148734575
0.04023044080959023 0.037832355246837965
0.04023044080959023 0.037832355246837965
0.04023044080959023 0.037832355246837965
0.04023044080959023 0.037832355246837965
0.04023044080959023 0.037832355246837965
0.04023044080959023 0.037832355246837965
0.04023044080959023 0.037832355246837965
0.04023044080959023 0.037832355246837965
0.04023044080959023 0.037832355246837965
0.04023044080959023 0.037832355246837965
0.04023044080959023 0.037832355246837965
0.04023044080959023 0.037832355246837965
0.018332373123301285 0.021005924187958654
0.018332373123301285 0.021005924187958654
0.018332373123301285 0.021005924187958654
0.018332373123301285 0.021005924187958654
0.018332373123301285 0.021005924187958654
0.018332373123301285 0.021005924187958654
0.018332373123301285 0.021005924187958654
0.018332373123301285 0.021005924187958654
0.0019198601748630052 0.0023340182378318274
0.013966436880127636 0.004668036475663655
0.013966436880127636 0.004668036475663655
0.013966436880127636 0.004668036475663655
0.013966436880127636 0.004668036475663655
0.013966436880127636 0.004668036475663655
0.013966436880127636 0.004668036475663655
0.013966436880127636 0.004668036475663655
0.04154610051947323 0.03967783013808548
0.04154610051947323 0.03967783013808548
0.04154610051947323 0.03967783013808548
0.001017398717837663 0.0023340182378318274
0.001017398717837663 0.0023340182378318274
0.02155541547660211 0.021005924187958654
0.02155541547660211 0.021005924187958654
0.02155541547660211 0.021005924187958654
0.0009634093990844851 4.151178730799898e-05
0.02162764118746747 0.02101792181434825
0.02162764118746747 0.02101792181434825
0.02162764118746747 0.02101792181434825
0.05627486658039573 0.05464678867932768
0.05627486658039573 0.05464678867932768
0.06596031041218806 0.07566471049367593
0.06596031041218806 0.07566471049367593
0.06596031041218806 0.07566471049367593
0.06596031041218806 0.07566471049367593
0.06596031041218806 0.07566471049367593
0.06596031041218806 0.07566471049367593
0.06596031041218806 0.07566471049367593
0.06596031041218806 0.07566471049367593
0.06596031041218806 0.07566471049367593
0.06596031041218806 0.07566471049367593
0.06596031041218806 0.07566471049367593
0.06596031041218806 0.07566471049367593
0.0026123631700704334 0.0042034883818585335
0.0026123631700704334 0.0042034883818585335
0.0026123631700704334 0.0042034883818585335
0.0026123631700704334 0.0042034883818585335
0.0026123631700704334 0.0042034883818585335
0.0026123631700704334 0.0042034883818585335
0.0026123631700704334 0.0042034883818585335
0.0026123631700704334 0.0042034883818585335
0.0026123631700704334 0.0042034883818585335
0.0026123631700704334 0.0042034883818585335
0.016720851946650874 0.016814433432489718
0.016720851946650874 0.016814433432489718
0.016720851946650874 0.016814433432489718
0.016720851946650874 0.016814433432489718
0.016720851946650874 0.016814433432489718
0.016720851946650874 0.016814433432489718
0.016720851946650874 0.016814433432489718
0.016720851946650874 0.016814433432489718
0.016720851946650874 0.016814433432489718
0.016720851946650874 0.016814433432489718
0.016720851946650874 0.016814433432489718
0.016720851946650874 0.016814433432489718
0.016720851946650874 0.016814433432489718
0.016720851946650874 0.016814433432489718
0.0005307749914756864 2.3035442668022557e-05
0.0005307749914756864 2.3035442668022557e-05
0.0005307749914756864 2.3035442668022557e-05
0.0005307749914756864 2.3035442668022557e-05
0.0015129006877279399 0.0023340182378318274
0.0015129006877279399 0.0023340182378318274
0.0015129006877279399 0.0023340182378318274
0.0015129006877279399 0.0023340182378318274
0.0002481109137368263 2.3035442668022557e-05
0.0002481109137368263 2.3035442668022557e-05
0.0002481109137368263 2.3035442668022557e-05
0.0002481109137368263 2.3035442668022557e-05
0.0002481109137368263 2.3035442668022557e-05
0.0002481109137368263 2.3035442668022557e-05
0.0002481109137368263 2.3035442668022557e-05
0.0002481109137368263 2.3035442668022557e-05