6.946799480640053e-06 3.971894724254941e-06
1.3806482459337395e-05 3.971894948302439e-06
1.3806482459337395e-05 3.971894948302439e-06
1.3806482459337395e-05 3.971894948302439e-06
1.3806482459337395e-05 3.971894948302439e-06
1.3806482459337395e-05 3.971894948302439e-06
1.3806482459337395e-05 3.971894948302439e-06
1.3806482459337395e-05 3.971894948302439e-06
1.3806482459337395e-05 3.971894948302439e-06
1.3806482459337395e-05 3.971894948302439e-06
1.3806482459337395e-05 3.971894948302439e-06
1.3806482459337395e-05 3.971894948302439e-06
1.3806482459337395e-05 3.971894948302439e-06
1.3806482459337395e-05 3.971894948302439e-06
1.0766734775448837e-05 3.9718947598008105e-06
2.6331209425098086e-06 3.971894811252067e-06
2.6331209425098086e-06 3.971894811252067e-06
2.6331209425098086e-06 3.971894811252067e-06
2.6331209425098086e-06 3.971894811252067e-06
2.6331209425098086e-06 3.971894811252067e-06
2.6331209425098086e-06 3.971894811252067e-06
2.6331209425098086e-06 3.971894811252067e-06
2.6331209425098086e-06 3.971894811252067e-06
2.6331209425098086e-06 3.971894811252067e-06
2.6331209425098086e-06 3.971894811252067e-06
2.6331209425098086e-06 3.971894811252067e-06
2.6331209425098086e-06 3.971894811252067e-06
3.777588145773386e-05 3.9719295080008995e-06
7.910728004005484e-06 3.971894902632593e-06
5.017253247322129e-06 3.971894959808964e-06
5.017253247322129e-06 3.971894959808964e-06
5.017253247322129e-06 3.971894959808964e-06
5.017253247322129e-06 3.971894959808964e-06
7.910728004005484e-06 3.9718948454858326e-06
1.2609454467718294e-05 3.97189488364591e-06
6.876193622777959e-06 3.971894810922096e-06
8.091279619321254e-06 3.971894820268396e-06
8.091279619321254e-06 3.9718949051355935e-06
9.303506972313912e-06 3.971894891791408e-06
3.2443429862371966e-06 3.971894889719222e-06
7.427836032072444e-06 3.9718948202284705e-06
3.2443429862371966e-06 3.971894889719222e-06
7.910728004005484e-06 3.971894884994134e-06
7.4653781069677586e-06 3.971894911284227e-06
3.9278519005202685e-06 3.971894996135204e-06
3.9278519005202685e-06 3.971894639603579e-06
5.735713041165354e-06 3.97189443133251e-06
7.910728004005484e-06 3.971894884994134e-06
5.623149184832841e-06 3.971894937362032e-06
4.101485523806651e-06 3.971894928683429e-06