2.2265661044703873e-06 1.508693246268975e-06
2.2265661044703873e-06 1.508693246268975e-06
2.2265661044703873e-06 1.508693246268975e-06
2.2265661044703873e-06 1.508693246268975e-06
2.2265661044703873e-06 1.508693246268975e-06
2.2265661044703873e-06 1.508693246268975e-06
2.2265661044703873e-06 1.508693246268975e-06
2.2265661044703873e-06 1.508693246268975e-06
2.2265661044703873e-06 1.508693246268975e-06
2.2265661044703873e-06 1.508693246268975e-06
2.2265661044703873e-06 1.508693246268975e-06
2.2265661044703873e-06 1.508693246268975e-06
1.286159387711333e-06 1.5086940125297845e-06
1.286159387711333e-06 1.5086940125297845e-06
1.4451590934638104e-06 1.5086933687878752e-06
1.423974305057148e-06 1.50869324747602e-06
1.3880339045271783e-06 1.5086933386978847e-06
1.6435969221929754e-06 1.508693959395478e-06
1.5830064963058233e-06 1.5086936491307569e-06
1.5830064963058233e-06 1.5086936491307569e-06
1.2794751971647599e-06 1.5086938509818124e-06
1.9404883601283823e-06 1.5082398586342538e-06
1.9404883601283823e-06 1.5082398586342538e-06
8.039881063898701e-07 1.5086939928284616e-06
8.039881063898701e-07 1.5086939928284616e-06
1.957400030529929e-06 1.5086941862177143e-06
1.2794751971647599e-06 1.5086934338133944e-06
2.850880436407211e-06 1.5086921935069217e-06
2.850880436407211e-06 1.5086921935069217e-06
2.850880436407211e-06 1.5086921935069217e-06
2.850880436407211e-06 1.5086921935069217e-06
2.389965983860875e-06 1.5086940095509837e-06
2.389965983860875e-06 1.5086940095509837e-06
2.2448978021590577e-06 1.5079987835391997e-06
1.5472346580602714e-06 1.5086938860520945e-06
1.6297752224644002e-06 1.508694017866791e-06
1.6297752224644002e-06 1.508694017866791e-06
2.1179568380758207e-06 1.5086935378004356e-06
2.1179568380758207e-06 1.5086935378004356e-06
2.386622105190013e-06 1.5086939716325732e-06
2.011939151980754e-06 1.5086988683052349e-06
1.4052993610469233e-06 1.5086935917473818e-06
1.4052993610469233e-06 1.5086935917473818e-06
1.4052993610469233e-06 1.5086935917473818e-06
1.4052993610469233e-06 1.5086935917473818e-06
1.4052993610469233e-06 1.5086935917473818e-06
1.4052993610469233e-06 1.5086935917473818e-06
1.4052993610469233e-06 1.5086935917473818e-06
1.4052993610469233e-06 1.5086935917473818e-06
1.4052993610469233e-06 1.5086935917473818e-06
1.4052993610469233e-06 1.5086935917473818e-06
1.4052993610469233e-06 1.5086935917473818e-06
1.4052993610469233e-06 1.5086935917473818e-06
1.4052993610469233e-06 1.5086935917473818e-06
1.4052993610469233e-06 1.5086935917473818e-06
1.4052993610469233e-06 1.5086935917473818e-06
1.4052993610469233e-06 1.5086935917473818e-06
1.4052993610469233e-06 1.5086935917473818e-06
1.4052993610469233e-06 1.5086935917473818e-06
1.4052993610469233e-06 1.5086935917473818e-06
1.4052993610469233e-06 1.5086935917473818e-06
1.4052993610469233e-06 1.5086935917473818e-06
1.4052993610469233e-06 1.5086935917473818e-06
1.4052993610469233e-06 1.5086935917473818e-06
1.4052993610469233e-06 1.5086935917473818e-06
1.4052993610469233e-06 1.5086935917473818e-06
1.4052993610469233e-06 1.5086935917473818e-06
1.858898321981141e-06 1.5086951352306942e-06
1.858898321981141e-06 1.5086951352306942e-06
1.286159387711333e-06 1.5086940125297845e-06
1.286159387711333e-06 1.5086940125297845e-06
1.5750192902895604e-06 1.5086943606558467e-06
1.5750192902895604e-06 1.5086943606558467e-06
1.423974305057148e-06 1.5086936781438321e-06
5.273777752157532e-07 1.5086934721609186e-06
5.273777752157532e-07 1.5086934721609186e-06
5.273777752157532e-07 1.5086934721609186e-06
5.273777752157532e-07 1.5086934721609186e-06
5.273777752157532e-07 1.5086934721609186e-06
5.273777752157532e-07 1.5086934721609186e-06
5.273777752157532e-07 1.5086934721609186e-06
5.273777752157532e-07 1.5086934721609186e-06
5.273777752157532e-07 1.5086934721609186e-06
5.273777752157532e-07 1.5086934721609186e-06
5.273777752157532e-07 1.5086934721609186e-06
5.273777752157532e-07 1.5086934721609186e-06
5.273777752157532e-07 1.5086934721609186e-06
2.0331899599836936e-06 1.5086928686424235e-06
1.957400030529929e-06 1.5086941862177143e-06
5.512486976611443e-07 1.5086937214873836e-06
5.512486976611443e-07 1.5086937214873836e-06
5.512486976611443e-07 1.5086937214873836e-06
5.512486976611443e-07 1.5086937214873836e-06
5.512486976611443e-07 1.5086937214873836e-06
5.512486976611443e-07 1.5086937214873836e-06
5.512486976611443e-07 1.5086937214873836e-06
5.512486976611443e-07 1.5086937214873836e-06
5.512486976611443e-07 1.5086937214873836e-06
5.512486976611443e-07 1.5086937214873836e-06
5.512486976611443e-07 1.5086937214873836e-06
5.512486976611443e-07 1.5086937214873836e-06
5.512486976611443e-07 1.5086937214873836e-06
1.629572097337574e-06 1.5086935641190056e-06
1.629572097337574e-06 1.5086935641190056e-06
1.2794751971647599e-06 1.5086938509818124e-06
1.9299490408164516e-06 1.5086937986894857e-06
1.9299490408164516e-06 1.5086937986894857e-06
1.9299490408164516e-06 1.5086937986894857e-06
1.9299490408164516e-06 1.5086937986894857e-06
1.9299490408164516e-06 1.5086937986894857e-06
1.9299490408164516e-06 1.5086937986894857e-06
1.9299490408164516e-06 1.5086937986894857e-06
1.9299490408164516e-06 1.5086937986894857e-06
1.9299490408164516e-06 1.5086937986894857e-06
1.9299490408164516e-06 1.5086937986894857e-06
1.9299490408164516e-06 1.5086937986894857e-06
1.9299490408164516e-06 1.5086937986894857e-06
1.9299490408164516e-06 1.5086937986894857e-06
1.9299490408164516e-06 1.5086937986894857e-06
1.9299490408164516e-06 1.5086937986894857e-06
1.9299490408164516e-06 1.5086937986894857e-06
1.9299490408164516e-06 1.5086937986894857e-06
1.9299490408164516e-06 1.5086937986894857e-06
1.9299490408164516e-06 1.5086937986894857e-06
1.9299490408164516e-06 1.5086937986894857e-06
1.9299490408164516e-06 1.5086937986894857e-06
1.9299490408164516e-06 1.5086937986894857e-06
1.9299490408164516e-06 1.5086937986894857e-06
1.9299490408164516e-06 1.5086937986894857e-06
2.6741906136291857e-06 1.5086934647066413e-06
2.6741906136291857e-06 1.5086934647066413e-06
2.6741906136291857e-06 1.5086934647066413e-06
2.6741906136291857e-06 1.5086934647066413e-06
1.7883203171452092e-06 1.5086920748655672e-06
1.7883203171452092e-06 1.5086920748655672e-06
1.423974305057148e-06 1.5086936781438321e-06
1.8771353537967872e-06 1.5086939359281272e-06
1.8771353537967872e-06 1.5086939359281272e-06
1.8771353537967872e-06 1.5086939359281272e-06
1.8771353537967872e-06 1.5086939359281272e-06
1.8771353537967872e-06 1.5086939359281272e-06
1.8771353537967872e-06 1.5086939359281272e-06
1.8771353537967872e-06 1.5086939359281272e-06
1.8771353537967872e-06 1.5086939359281272e-06
1.8771353537967872e-06 1.5086939359281272e-06
1.8771353537967872e-06 1.5086939359281272e-06
1.8771353537967872e-06 1.5086939359281272e-06
1.8771353537967872e-06 1.5086939359281272e-06
2.3032955393662118e-06 1.5086933145438086e-06
2.3032955393662118e-06 1.5086933145438086e-06
2.3032955393662118e-06 1.5086933145438086e-06
2.3032955393662118e-06 1.5086933145438086e-06
2.3032955393662118e-06 1.5086933145438086e-06
2.3032955393662118e-06 1.5086933145438086e-06
2.3032955393662118e-06 1.5086933145438086e-06
2.3032955393662118e-06 1.5086933145438086e-06
1.64289246493416e-06 1.5086932054478984e-06
1.64289246493416e-06 1.5086932054478984e-06
1.286159387711333e-06 1.5086938979619754e-06
1.286159387711333e-06 1.5086938979619754e-06
1.4089457103716867e-06 1.5086936580413597e-06
1.286159387711333e-06 1.5086941528497553e-06
1.286159387711333e-06 1.5086941528497553e-06
1.7255113070674095e-06 1.508690961816051e-06
1.7255113070674095e-06 1.508690961816051e-06
2.645978928729603e-06 1.5086917888724434e-06
1.629572097337574e-06 1.5086936913962536e-06
1.629572097337574e-06 1.5086936913962536e-06
2.02566420284896e-06 1.5086936120381806e-06
2.02566420284896e-06 1.5086936120381806e-06
1.6939825368194173e-06 1.5086931822307088e-06
2.2298297239449616e-06 1.5086937507718059e-06
2.342312041991704e-06 1.508693985733876e-06
2.342312041991704e-06 1.508693985733876e-06
5.669649362556373e-07 1.5086942924297524e-06
5.669649362556373e-07 1.5086942924297524e-06
5.669649362556373e-07 1.5086942924297524e-06
5.669649362556373e-07 1.5086942924297524e-06
5.669649362556373e-07 1.5086942924297524e-06
5.669649362556373e-07 1.5086942924297524e-06
5.669649362556373e-07 1.5086942924297524e-06
5.669649362556373e-07 1.5086942924297524e-06
5.669649362556373e-07 1.5086942924297524e-06
5.669649362556373e-07 1.5086942924297524e-06
5.669649362556373e-07 1.5086942924297524e-06
5.669649362556373e-07 1.5086942924297524e-06
5.669649362556373e-07 1.5086942924297524e-06
5.669649362556373e-07 1.5086942924297524e-06
5.669649362556373e-07 1.5086942924297524e-06
5.669649362556373e-07 1.5086942924297524e-06
5.669649362556373e-07 1.5086942924297524e-06
5.669649362556373e-07 1.5086942924297524e-06
5.669649362556373e-07 1.5086942924297524e-06
5.669649362556373e-07 1.5086942924297524e-06
5.669649362556373e-07 1.5086942924297524e-06
5.669649362556373e-07 1.5086942924297524e-06
5.669649362556373e-07 1.5086942924297524e-06
5.669649362556373e-07 1.5086942924297524e-06
5.669649362556373e-07 1.5086942924297524e-06
5.669649362556373e-07 1.5086942924297524e-06
2.386622105190013e-06 1.5086939716325732e-06
1.4539651954847396e-06 1.5086937051503363e-06
1.5823877459173077e-06 1.5086935225402358e-06
1.5830064963058233e-06 1.508693527621543e-06
1.5830064963058233e-06 1.508693527621543e-06
1.1648676583711546e-06 1.5086940767807818e-06
1.419652051306652e-06 1.5086937024410603e-06
1.5823877459173077e-06 1.5086930627655934e-06
2.318892235721594e-06 1.5086949065322668e-06
1.7792003765300848e-06 1.5086936450616142e-06
1.7792003765300848e-06 1.5086936450616142e-06
1.942214524714964e-06 1.5086940276362044e-06
1.942214524714964e-06 1.5086940276362044e-06
1.8246276514933273e-06 1.5086947469750032e-06
1.8246276514933273e-06 1.5086947469750032e-06
1.5830064963058233e-06 1.508693587539422e-06
1.5830064963058233e-06 1.508693587539422e-06
2.2782134665252112e-06 1.5086933034237202e-06
1.886866740671425e-06 1.5086928403274355e-06
1.886866740671425e-06 1.5086928403274355e-06
1.886866740671425e-06 1.5086928403274355e-06
1.886866740671425e-06 1.5086928403274355e-06
1.886866740671425e-06 1.5086928403274355e-06
1.886866740671425e-06 1.5086928403274355e-06
1.886866740671425e-06 1.5086928403274355e-06
1.886866740671425e-06 1.5086928403274355e-06
2.0331899599836936e-06 1.5086954118365721e-06
2.4400112849211714e-06 1.508691657053754e-06
2.1179568380758207e-06 1.5086918723247404e-06
2.1179568380758207e-06 1.5086918723247404e-06
2.1902156994725238e-06 1.5086944706852978e-06
2.1902156994725238e-06 1.5086944706852978e-06
2.1902156994725238e-06 1.5086944706852978e-06
2.1902156994725238e-06 1.5086944706852978e-06
1.4814668134932291e-06 1.5078651745039457e-06
1.2794751971647599e-06 1.5086942836561157e-06
1.6427394473283381e-06 1.5086941716392168e-06
1.6427394473283381e-06 1.5086941716392168e-06
2.758639762451016e-06 1.5086936266509868e-06
6.118132264687003e-07 1.5086937490559899e-06
6.118132264687003e-07 1.5086937490559899e-06
6.118132264687003e-07 1.5086937490559899e-06
6.118132264687003e-07 1.5086937490559899e-06
6.118132264687003e-07 1.5086937490559899e-06
6.118132264687003e-07 1.5086937490559899e-06
6.118132264687003e-07 1.5086937490559899e-06
6.118132264687003e-07 1.5086937490559899e-06
6.118132264687003e-07 1.5086937490559899e-06
6.118132264687003e-07 1.5086937490559899e-06
6.118132264687003e-07 1.5086937490559899e-06
6.118132264687003e-07 1.5086937490559899e-06
6.118132264687003e-07 1.5086937490559899e-06
1.858898321981141e-06 1.508692867646539e-06
1.858898321981141e-06 1.508692867646539e-06
1.7226524152510622e-06 1.5086937129518074e-06
1.4810916549897232e-06 1.508693428535911e-06
1.4810916549897232e-06 1.508693428535911e-06
2.02566420284896e-06 1.5086936120381806e-06
2.02566420284896e-06 1.5086936120381806e-06
2.0312134328538513e-06 1.508693141924859e-06
2.0312134328538513e-06 1.508693141924859e-06
8.289278197875231e-07 1.5086938621860144e-06
1.7861373259191747e-06 1.5086938685465036e-06
1.7861373259191747e-06 1.5086938685465036e-06
1.423974305057148e-06 1.5086934467610832e-06
2.4400112849211714e-06 1.508692625878064e-06
1.8600256136600723e-06 1.508690877751567e-06
1.4089457103716867e-06 1.5086932765999194e-06
1.8934219343510629e-06 1.5086918731078192e-06
1.8934219343510629e-06 1.5086918731078192e-06
1.5830064963058233e-06 1.508693527621543e-06
1.5830064963058233e-06 1.508693527621543e-06
1.353558477027965e-06 1.508695787098871e-06
1.429250336430246e-06 1.5086934125301387e-06
1.429250336430246e-06 1.5086934125301387e-06
1.475410143629279e-06 1.5086939224165888e-06
1.475410143629279e-06 1.5086939224165888e-06
8.300065199884776e-07 1.5086937824282378e-06
1.4698952738083464e-06 1.508694431753769e-06
1.4698952738083464e-06 1.508694431753769e-06
2.2070457574556945e-06 1.5080408561529078e-06
2.2070457574556945e-06 1.5080408561529078e-06
1.429250336430246e-06 1.508693606952079e-06
1.429250336430246e-06 1.508693606952079e-06
1.6225182614471703e-06 1.5086949879339764e-06
1.7792003765300848e-06 1.5086936450616142e-06
1.7792003765300848e-06 1.5086936450616142e-06
1.1769785310878747e-06 1.5086952974610464e-06
1.1769785310878747e-06 1.5086952974610464e-06
1.6770924634376607e-06 1.5086948388060128e-06
1.9654254306277823e-06 1.5086942694428594e-06
1.7420817154361522e-06 1.5086936394579938e-06
1.7420817154361522e-06 1.5086936394579938e-06
1.7420817154361522e-06 1.5086936394579938e-06
1.7420817154361522e-06 1.5086936394579938e-06
1.7420817154361522e-06 1.5086936394579938e-06
1.7420817154361522e-06 1.5086936394579938e-06
1.7420817154361522e-06 1.5086936394579938e-06
1.7420817154361522e-06 1.5086936394579938e-06
1.7420817154361522e-06 1.5086936394579938e-06
1.7420817154361522e-06 1.5086936394579938e-06
1.7420817154361522e-06 1.5086936394579938e-06
1.7420817154361522e-06 1.5086936394579938e-06
1.7420817154361522e-06 1.5086936394579938e-06
1.7420817154361522e-06 1.5086936394579938e-06
1.7420817154361522e-06 1.5086936394579938e-06
1.7420817154361522e-06 1.5086936394579938e-06
1.7420817154361522e-06 1.5086936394579938e-06
1.7420817154361522e-06 1.5086936394579938e-06
1.7420817154361522e-06 1.5086936394579938e-06
1.7420817154361522e-06 1.5086936394579938e-06
1.7420817154361522e-06 1.5086936394579938e-06
1.7420817154361522e-06 1.5086936394579938e-06
1.7420817154361522e-06 1.5086936394579938e-06
1.7420817154361522e-06 1.5086936394579938e-06
1.911782696439748e-06 1.5086950217620039e-06
1.911782696439748e-06 1.5086950217620039e-06
1.442712155060193e-06 1.5086938904362716e-06
1.442712155060193e-06 1.5086938904362716e-06