1.3144560003280892e-06 1.5086918371688319e-06
1.3144560003280892e-06 1.5086918371688319e-06
1.1204041784000552e-06 1.508694734221641e-06
1.1204041784000552e-06 1.508694734221641e-06
1.916347878804696e-06 1.508693400848953e-06
1.916347878804696e-06 1.508693400848953e-06
1.5036776860568237e-06 1.5086952346190334e-06
1.5036776860568237e-06 1.5086952346190334e-06
1.4017029963707661e-06 1.5086934251669614e-06
1.4017029963707661e-06 1.5086934251669614e-06
1.3736222223025864e-06 1.5086932305635603e-06
1.3736222223025864e-06 1.5086932305635603e-06
1.6177603060173608e-06 1.5086950865122737e-06
1.6177603060173608e-06 1.5086950865122737e-06
1.8733231946443513e-06 1.5086881405882585e-06
1.8733231946443513e-06 1.5086881405882585e-06
1.8822520342051993e-06 1.5087049484676024e-06
1.8822520342051993e-06 1.5087049484676024e-06
7.754799169185887e-07 1.5086938578491058e-06
7.754799169185887e-07 1.5086938578491058e-06
1.3243151259936544e-06 1.5086948409985182e-06
1.3243151259936544e-06 1.5086948409985182e-06
1.854595105927493e-06 1.5086936442173858e-06
1.854595105927493e-06 1.5086936442173858e-06
1.497931253660353e-06 1.5086932911138903e-06
1.497931253660353e-06 1.5086932911138903e-06
1.4082611919280869e-06 1.5086930659819411e-06
1.4082611919280869e-06 1.5086930659819411e-06
1.9655980418676606e-06 1.5086503932677562e-06
1.9655980418676606e-06 1.5086503932677562e-06
1.7805338641370522e-06 1.508694065679257e-06
1.7805338641370522e-06 1.508694065679257e-06
9.253622648359959e-07 1.508694142781346e-06
9.253622648359959e-07 1.508694142781346e-06
1.5842820778688217e-06 1.508694716234468e-06
1.5842820778688217e-06 1.508694716234468e-06
1.5244899134076699e-06 1.5086933687756487e-06
1.5244899134076699e-06 1.5086933687756487e-06
1.4735316969748084e-06 1.5086936985515005e-06
1.4735316969748084e-06 1.5086936985515005e-06
6.934421939316793e-07 1.5086926955905678e-06
6.934421939316793e-07 1.5086926955905678e-06
1.3531241446292135e-06 1.5086971963629522e-06
1.3531241446292135e-06 1.5086971963629522e-06
1.6204254028618128e-06 1.5086945806077424e-06
1.6204254028618128e-06 1.5086945806077424e-06
1.7634347871771165e-06 1.5087448868677976e-06
1.7634347871771165e-06 1.5087448868677976e-06
1.7294157326529743e-06 1.5086943378888937e-06
1.7294157326529743e-06 1.5086943378888937e-06
1.6204254028618128e-06 1.5086945806077424e-06
1.6204254028618128e-06 1.5086945806077424e-06
9.229467641472169e-07 1.5086929214860776e-06
9.229467641472169e-07 1.5086929214860776e-06
1.2693658830140405e-06 1.5086946914675624e-06
1.2693658830140405e-06 1.5086946914675624e-06
1.2259369278843257e-06 1.5086936521527341e-06
1.2259369278843257e-06 1.5086936521527341e-06
1.176844677161572e-06 1.5086947411049227e-06
1.176844677161572e-06 1.5086947411049227e-06
1.2502782712931073e-06 1.5086990029378815e-06
1.2502782712931073e-06 1.5086990029378815e-06
9.253622648359959e-07 1.5086951334516992e-06
9.253622648359959e-07 1.5086951334516992e-06
1.53378202515883e-06 1.5086921561523014e-06
1.53378202515883e-06 1.5086921561523014e-06
1.4662373609141593e-06 1.5086933155429734e-06
1.4662373609141593e-06 1.5086933155429734e-06
1.6625982350557422e-06 1.5086940238193185e-06
1.6625982350557422e-06 1.5086940238193185e-06
1.1837097458578316e-06 1.5086943289141303e-06
1.1837097458578316e-06 1.5086943289141303e-06
1.4662373609141593e-06 1.5086944001825535e-06
1.4662373609141593e-06 1.5086944001825535e-06
1.8207613742237593e-06 1.5086922398380383e-06
1.8207613742237593e-06 1.5086922398380383e-06
1.6204254028618128e-06 1.5086934826303976e-06
1.6204254028618128e-06 1.5086934826303976e-06
9.229467641472169e-07 1.5086932461118409e-06
9.229467641472169e-07 1.5086932461118409e-06
1.6079999351101276e-06 1.5086931845957427e-06
1.6079999351101276e-06 1.5086931845957427e-06
1.1672137405070082e-06 1.5086949525747472e-06
1.1672137405070082e-06 1.5086949525747472e-06
1.8185924329029838e-06 1.508694090408279e-06
1.8185924329029838e-06 1.508694090408279e-06
1.6625982350557422e-06 1.508694319429503e-06
1.6625982350557422e-06 1.508694319429503e-06
1.6399496133768278e-06 1.5086940892492298e-06
1.6399496133768278e-06 1.5086940892492298e-06
1.3857523276278142e-06 1.508693710079915e-06
1.3857523276278142e-06 1.508693710079915e-06
1.3711631380428e-06 1.5086948534225033e-06
1.3711631380428e-06 1.5086948534225033e-06
1.8765264719381332e-06 1.5087244653460282e-06
1.8765264719381332e-06 1.5087244653460282e-06
1.839949155395727e-06 1.5086960021995745e-06
1.839949155395727e-06 1.5086960021995745e-06
1.631000365089125e-06 1.5086938909381122e-06
1.631000365089125e-06 1.5086938909381122e-06
1.0448497526577838e-06 1.5086932865215036e-06
1.0448497526577838e-06 1.5086932865215036e-06
1.5888414089641408e-06 1.5086938291726586e-06
1.5888414089641408e-06 1.5086938291726586e-06
1.6152632011908465e-06 1.5086944476450583e-06
1.6152632011908465e-06 1.5086944476450583e-06
1.1204185337460938e-06 1.5086929370965992e-06
1.1204185337460938e-06 1.5086929370965992e-06
1.7153968641749699e-06 1.5086921720067123e-06
1.7153968641749699e-06 1.5086921720067123e-06
1.66808459988615e-06 1.5086944583359043e-06
1.66808459988615e-06 1.5086944583359043e-06
1.7776064462749126e-06 1.50869372186873e-06
1.7776064462749126e-06 1.50869372186873e-06
1.6204254028618128e-06 1.5086934826303976e-06
1.6204254028618128e-06 1.5086934826303976e-06
1.271647744451195e-06 1.5086948677979103e-06
1.271647744451195e-06 1.5086948677979103e-06
1.3866061020631748e-06 1.508693873096195e-06
1.3866061020631748e-06 1.508693873096195e-06
1.854595105927493e-06 1.508693166050374e-06
1.854595105927493e-06 1.508693166050374e-06
8.394040015510493e-07 1.50869490515873e-06
8.394040015510493e-07 1.50869490515873e-06
1.4379579883029353e-06 1.5086950578136868e-06
1.4379579883029353e-06 1.5086950578136868e-06
1.8630570076368578e-06 1.5086945193149063e-06
1.8630570076368578e-06 1.5086945193149063e-06
1.4303174934816938e-06 1.5086940537983567e-06
1.4303174934816938e-06 1.5086940537983567e-06
1.8254381604797432e-06 1.508693466953765e-06
1.8254381604797432e-06 1.508693466953765e-06
1.4662373609141593e-06 1.5086933155429734e-06
1.4662373609141593e-06 1.5086933155429734e-06
2.0908853129491833e-06 1.5086928876992913e-06
2.0908853129491833e-06 1.5086928876992913e-06
1.6700123231239315e-06 1.5086938796985108e-06
1.6700123231239315e-06 1.5086938796985108e-06
1.4082611919280869e-06 1.5086930659819411e-06
1.4082611919280869e-06 1.5086930659819411e-06
1.6065073373046422e-06 1.5086941193250461e-06
1.6065073373046422e-06 1.5086941193250461e-06
9.253622648359959e-07 1.5086940037299647e-06
9.253622648359959e-07 1.5086940037299647e-06
1.4239790681251965e-06 1.5086945388469795e-06
1.4239790681251965e-06 1.5086945388469795e-06
8.394040015510493e-07 1.5086944247300233e-06
8.394040015510493e-07 1.5086944247300233e-06
1.1841666200280902e-06 1.5086945090095858e-06
1.1841666200280902e-06 1.5086945090095858e-06
1.4662373609141593e-06 1.5086944001825535e-06
1.4662373609141593e-06 1.5086944001825535e-06
8.394040015510493e-07 1.50869490515873e-06
8.394040015510493e-07 1.50869490515873e-06
1.1204185337460938e-06 1.5086941850233254e-06
1.1204185337460938e-06 1.5086941850233254e-06
1.955973060920802e-06 1.5086933539045935e-06
1.955973060920802e-06 1.5086933539045935e-06
1.1172633440754447e-06 1.508694459936267e-06
1.1172633440754447e-06 1.508694459936267e-06
1.7868586800304811e-06 1.5086934333744363e-06
1.7868586800304811e-06 1.5086934333744363e-06
1.5142837340406128e-06 1.5086946745000213e-06
1.5142837340406128e-06 1.5086946745000213e-06
1.65171085954681e-06 1.5086937173908763e-06
1.65171085954681e-06 1.5086937173908763e-06
1.1482635028506286e-06 1.508694598838392e-06
1.1482635028506286e-06 1.508694598838392e-06
1.3540707666896474e-06 1.5086942339239584e-06
1.3540707666896474e-06 1.5086942339239584e-06
1.5570155790320076e-06 1.508694011725637e-06
1.5570155790320076e-06 1.508694011725637e-06
1.363212037441082e-06 1.5086937822969483e-06
1.363212037441082e-06 1.5086937822969483e-06
1.857126512072476e-06 1.5086940591135257e-06
1.857126512072476e-06 1.5086940591135257e-06
1.331682480207807e-06 1.5086942715060464e-06
1.331682480207807e-06 1.5086942715060464e-06
1.6625982350557422e-06 1.5086940546150839e-06
1.6625982350557422e-06 1.5086940546150839e-06
1.3450307152616434e-06 1.5086887218664653e-06
1.3450307152616434e-06 1.5086887218664653e-06
1.646668795739428e-06 1.5087055497254058e-06
1.646668795739428e-06 1.5087055497254058e-06
1.5694063885804129e-06 1.5086925563988652e-06
1.5694063885804129e-06 1.5086925563988652e-06
1.3243151259936544e-06 1.5086948409985182e-06
1.3243151259936544e-06 1.5086948409985182e-06
1.854595105927493e-06 1.5086932813676688e-06
1.854595105927493e-06 1.5086932813676688e-06
1.5575473308843717e-06 1.50870018905091e-06
1.5575473308843717e-06 1.50870018905091e-06
9.253622648359959e-07 1.5086951334516992e-06
9.253622648359959e-07 1.5086951334516992e-06
8.394040015510493e-07 1.5086928351116402e-06
8.394040015510493e-07 1.5086928351116402e-06
1.4018402927189805e-06 1.5086922493315005e-06
1.4018402927189805e-06 1.5086922493315005e-06
1.5331700193082943e-06 1.5086942461171052e-06
1.5331700193082943e-06 1.5086942461171052e-06