3.081463402508547e-07 3.9549220082008924e-07
3.081463402508547e-07 3.9549220082008924e-07
3.081463402508547e-07 3.9549220082008924e-07
3.081463402508547e-07 3.9549220082008924e-07
3.081463402508547e-07 3.9549220082008924e-07
3.081463402508547e-07 3.9549220082008924e-07
3.081463402508547e-07 3.9549220082008924e-07
3.081463402508547e-07 3.9549220082008924e-07
3.081463402508547e-07 3.9549220082008924e-07
3.081463402508547e-07 3.9549220082008924e-07
3.482990816115867e-07 3.9549209537570393e-07
3.482990816115867e-07 3.9549209537570393e-07
3.482990816115867e-07 3.9549209537570393e-07
3.482990816115867e-07 3.9549209537570393e-07
3.482990816115867e-07 3.9549209537570393e-07
3.482990816115867e-07 3.9549209537570393e-07
3.482990816115867e-07 3.9549209537570393e-07
3.482990816115867e-07 3.9549209537570393e-07
3.482990816115867e-07 3.9549209537570393e-07
3.482990816115867e-07 3.9549209537570393e-07
3.482990816115867e-07 3.9549209537570393e-07
3.482990816115867e-07 3.9549209537570393e-07
3.482990816115867e-07 3.9549209537570393e-07
3.482990816115867e-07 3.9549209537570393e-07
3.482990816115867e-07 3.9549209537570393e-07
3.482990816115867e-07 3.9549209537570393e-07
3.482990816115867e-07 3.9549209537570393e-07
3.482990816115867e-07 3.9549209537570393e-07
3.482990816115867e-07 3.9549209537570393e-07
3.482990816115867e-07 3.9549209537570393e-07
3.482990816115867e-07 3.9549209537570393e-07
3.482990816115867e-07 3.9549209537570393e-07
3.482990816115867e-07 3.9549209537570393e-07
3.482990816115867e-07 3.9549209537570393e-07
4.0969150964379955e-07 3.954920144019998e-07
4.0969150964379955e-07 3.954920144019998e-07
4.0969150964379955e-07 3.954920144019998e-07
4.0969150964379955e-07 3.954920144019998e-07
4.0969150964379955e-07 3.954920144019998e-07
3.772500421998008e-07 3.954917706218901e-07
3.772500421998008e-07 3.954917706218901e-07
3.772500421998008e-07 3.954917706218901e-07
2.4333559324514257e-07 3.9549135351539047e-07
2.4333559324514257e-07 3.9549135351539047e-07
2.4333559324514257e-07 3.9549135351539047e-07
2.4333559324514257e-07 3.9549135351539047e-07
2.4333559324514257e-07 3.9549135351539047e-07
2.4333559324514257e-07 3.9549135351539047e-07
2.611294462857969e-07 3.954919140596784e-07
2.611294462857969e-07 3.954919140596784e-07