0.013238896731556265 0.013885077756615767
0.11926397877400526 0.28855589360674505
0.07494467638502891 0.12346716093003182
0.11926397877400526 0.28855589360674505
0.007055094596393829 0.007558514697312278
0.10814064866356239 0.1632908466804779
0.02367727495543605 0.11820604518879155
0.02367727495543605 0.11820604518879155
0.02367727495543605 0.11820604518879155
0.048437729638460214 0.24740017329673444
0.048437729638460214 0.24740017329673444
0.11926397877400526 0.30913390403640734
0.015636979707811968 0.08041347170223016
0.015636979707811968 0.08041347170223016
0.06671172902714291 0.08347667031032618
0.06741200892871901 0.0652297203599018
0.014362650616531835 0.013885077756615767
0.11953717810041413 0.1654884632643082
1.2021972559246536e-06 0.00014246037482707144
0.0052286564153303 0.004285833217371389
0.058132548859550603 0.14078180690848663
2.404394511849307e-06 0.00014246037482707144
3.005493139811634e-06 0.00014246037482707144
0.013256929690395136 0.013751934410522111
0.026418885797572223 0.12386659096831279
0.026418885797572223 0.12386659096831279
0.026418885797572223 0.12386659096831279
0.11926397877400526 0.32971161391675563
0.10657027849801082 0.1887302422637855
0.07861348186079697 0.09549714012300281
2.1038451978681436e-06 0.00014246037482707144
0.012473698178160223 0.014218086396506896
0.07485661543603243 0.19798686058509138
0.006652057966345089 0.005784071547567489
0.11926397877400526 0.32971161391675563
0.015746379658101113 0.018613319564167428
0.11926397877400526 0.30913390403640734
0.07082624913554504 0.35028962434641797
0.07082624913554504 0.35028962434641797
0.07082624913554504 0.35028962434641797
0.07082624913554504 0.35028962434641797
0.07082624913554504 0.35028962434641797
0.07082624913554504 0.35028962434641797
0.07082624913554504 0.35028962434641797
0.07082624913554504 0.35028962434641797
0.07082624913554504 0.35028962434641797
0.07082624913554504 0.35028962434641797
0.07082624913554504 0.35028962434641797
0.07082624913554504 0.35028962434641797
0.07082624913554504 0.35028962434641797