0.0030195626097332903 4.151178730799898e-05
0.00019292183234468892 2.3035442668022557e-05
0.0021828481453229293 4.151178730799898e-05
0.0010109199995872818 2.3035442668022557e-05
0.00019028235453897802 4.151178730799898e-05
0.00038800323743950495 2.3035442668022557e-05
0.04023044080959023 0.037832355246837965
4.079192972462328e-06 4.151178730799898e-05
9.190181814429833e-05 2.3035442668022557e-05
7.822452406015993e-05 4.151178730799898e-05
0.0004916627294456065 2.3035442668022557e-05
0.049304485600568784 0.037832355246837965
0.0005900432658402861 0.0042034883818585335
0.000290342558628201 4.151178730799898e-05
0.000290342558628201 4.151178730799898e-05
0.0006874639921237982 4.151178730799898e-05
0.0001168568810346561 2.3035442668022557e-05
0.0020806283684835793 4.151178730799898e-05
0.0004247159741916659 4.151178730799898e-05
0.0014603510841415133 0.008407216716244859
0.0001010200142003906 2.3035442668022557e-05
0.0013360556747453083 4.151178730799898e-05
0.0021290987790975433 4.151178730799898e-05
0.0021290987790975433 4.151178730799898e-05
0.006546384863218661 0.0042034883818585335
0.0011709683356244801 4.151178730799898e-05
0.03765982937935559 0.0420358436286965
0.00037144651302186375 4.151178730799898e-05
8.75826726440441e-05 2.3035442668022557e-05
0.0010421138282002288 4.151178730799898e-05
0.0010421138282002288 4.151178730799898e-05
0.0006176378065363548 4.151178730799898e-05
8.230371703262227e-05 4.151178730799898e-05
0.0017744489430211127 4.151178730799898e-05
0.0002749855968495193 4.151178730799898e-05
0.0031589750283803853 0.0042034883818585335
0.0007102594822640289 4.151178730799898e-05
0.0025283797853432677 0.0042034883818585335
0.0025283797853432677 0.0042034883818585335
0.0006291555278703661 0.0042034883818585335
0.006421609548766872 0.0042034883818585335
0.06678910644318128 0.0714609821592896
0.06596031041218806 0.07566471049367593
0.06596031041218806 0.07566471049367593
0.0029317399845614545 0.0042034883818585335
0.00626875978856343 0.0042034883818585335
0.0002860234131279468 4.151178730799898e-05
0.00515705972730355 0.012610705098103392
0.0011469730828452898 4.151178730799898e-05
0.0011469730828452898 4.151178730799898e-05