1.1821309091768823e-05 1.211709965102753e-05
1.1821309091768823e-05 1.211709965102753e-05
5.866031570981915e-07 5.933052620836999e-07
5.866031570981915e-07 5.933052620836999e-07
5.866031570981915e-07 5.933052620836999e-07
5.866031570981915e-07 5.933052620836999e-07
6.829336919190505e-07 6.891694267902209e-07
5.866031570981915e-07 5.933052620836999e-07
1.1821309091768823e-05 1.211709965102753e-05
1.1821309091768823e-05 1.211709965102753e-05
1.1821309091768823e-05 1.211709965102753e-05
1.1821309091768823e-05 1.211709965102753e-05
5.866031570981915e-07 5.933052620836999e-07
5.866031570981915e-07 5.933052620836999e-07
5.866031570981915e-07 5.933052620836999e-07
5.866031570981915e-07 5.933052620836999e-07
1.1821309091768823e-05 1.211709965102753e-05
5.866031570981915e-07 5.933052620836999e-07
1.1821309091768823e-05 1.211709965102753e-05
1.1821309091768823e-05 1.211709965102753e-05
1.1821309091768823e-05 1.211709965102753e-05
1.1821309091768823e-05 1.211709965102753e-05
5.866031570981915e-07 5.933052620836999e-07
5.866031570981915e-07 5.933052620836999e-07
1.1821309091768823e-05 1.211709965102753e-05
1.1821309091768823e-05 1.211709965102753e-05
5.866031570981915e-07 5.933052620836999e-07
1.1821309091768823e-05 1.211709965102753e-05
1.1821309091768823e-05 1.211709965102753e-05
1.1821309091768823e-05 1.211709965102753e-05
1.1821309091768823e-05 1.211709965102753e-05
6.829336919190505e-07 6.891694267902209e-07
1.1821309091768823e-05 1.211709965102753e-05
5.866031570981915e-07 5.933052620836999e-07
1.1821309091768823e-05 1.211709965102753e-05
1.1821309091768823e-05 1.211709965102753e-05
6.829336919190505e-07 6.891694267902209e-07
1.1821309091768823e-05 1.211709965102753e-05
1.1821309091768823e-05 1.211709965102753e-05
1.1821309091768823e-05 1.211709965102753e-05
5.866031570981915e-07 5.933052620836999e-07
5.866031570981915e-07 5.933052620836999e-07
5.866031570981915e-07 5.933052620836999e-07
1.1821309091768823e-05 1.211709965102753e-05
5.866031570981915e-07 5.933052620836999e-07
5.866031570981915e-07 5.933052620836999e-07
5.866031570981915e-07 5.933052620836999e-07
5.866031570981915e-07 5.933052620836999e-07
6.829336919190505e-07 6.891694267902209e-07
5.866031570981915e-07 5.933052620836999e-07
5.866031570981915e-07 5.933052620836999e-07
1.1821309091768823e-05 1.211709965102753e-05
1.1821309091768823e-05 1.211709965102753e-05
5.866031570981915e-07 5.933052620836999e-07
5.866031570981915e-07 5.933052620836999e-07
5.866031570981915e-07 5.933052620836999e-07
1.1821309091768823e-05 1.211709965102753e-05
1.1821309091768823e-05 1.211709965102753e-05
1.1821309091768823e-05 1.211709965102753e-05
1.1821309091768823e-05 1.211709965102753e-05
1.1821309091768823e-05 1.211709965102753e-05
5.866031570981915e-07 5.933052620836999e-07
5.866031570981915e-07 5.933052620836999e-07
1.1821309091768823e-05 1.211709965102753e-05
1.1821309091768823e-05 1.211709965102753e-05
5.866031570981915e-07 5.933052620836999e-07
5.866031570981915e-07 5.933052620836999e-07
5.866031570981915e-07 5.933052620836999e-07
5.866031570981915e-07 5.933052620836999e-07
5.866031570981915e-07 5.933052620836999e-07
5.866031570981915e-07 5.933052620836999e-07
1.1821309091768823e-05 1.211709965102753e-05
1.1821309091768823e-05 1.211709965102753e-05
5.866031570981915e-07 5.933052620836999e-07
1.1821309091768823e-05 1.211709965102753e-05
6.829336919190505e-07 6.891694267902209e-07
6.829336919190505e-07 6.891694267902209e-07
1.1821309091768823e-05 1.211709965102753e-05
1.1821309091768823e-05 1.211709965102753e-05
5.866031570981915e-07 5.933052620836999e-07
5.866031570981915e-07 5.933052620836999e-07
5.866031570981915e-07 5.933052620836999e-07
1.1821309091768823e-05 1.211709965102753e-05
1.1821309091768823e-05 1.211709965102753e-05
5.866031570981915e-07 5.933052620836999e-07
1.1821309091768823e-05 1.211709965102753e-05
5.866031570981915e-07 5.933052620836999e-07
1.1821309091768823e-05 1.211709965102753e-05
1.1821309091768823e-05 1.211709965102753e-05
5.866031570981915e-07 5.933052620836999e-07
5.866031570981915e-07 5.933052620836999e-07
5.866031570981915e-07 5.933052620836999e-07
1.1821309091768823e-05 1.211709965102753e-05
1.1821309091768823e-05 1.211709965102753e-05
5.866031570981915e-07 5.933052620836999e-07
5.866031570981915e-07 5.933052620836999e-07
5.866031570981915e-07 5.933052620836999e-07
1.1821309091768823e-05 1.211709965102753e-05
1.1821309091768823e-05 1.211709965102753e-05
5.866031570981915e-07 5.933052620836999e-07
5.866031570981915e-07 5.933052620836999e-07
6.829336919190505e-07 6.891694267902209e-07
5.866031570981915e-07 5.933052620836999e-07
1.1821309091768823e-05 1.211709965102753e-05
5.866031570981915e-07 5.933052620836999e-07
1.1821309091768823e-05 1.211709965102753e-05
1.1821309091768823e-05 1.211709965102753e-05