6.652393878242102e-06 2.128855816676476e-06
4.1459652652775755e-06 2.1288551761182023e-06
7.400850705143227e-06 2.128855045639365e-06
3.709224570912277e-06 2.1288548646765077e-06
6.218026781956031e-06 2.128855477085307e-06
5.615963354782588e-06 2.1288551379234936e-06
3.3829348910072344e-06 2.1288554477932175e-06
5.448104996570579e-06 2.1288549535909254e-06
3.7813673663738286e-06 2.1288552552069713e-06
4.598886059176835e-06 2.1288554494804635e-06
3.4737870221058662e-06 2.128855580989473e-06
4.561067791785374e-06 2.128855478267047e-06
4.136368415731537e-06 2.1288549503743546e-06
5.839772367049806e-06 2.128855623302176e-06
5.839772367049806e-06 2.128855623302176e-06
4.42531643007882e-06 2.1288554440487e-06
4.42531643007882e-06 2.1288554440487e-06
5.448084952740468e-06 2.1288549535909254e-06
7.981897340247364e-06 2.1288565506812044e-06
4.639125998571758e-06 2.1288551397511353e-06
5.117088907053983e-06 2.1288555649351314e-06
5.072169180057816e-06 2.128854939808726e-06
4.291095760727966e-06 2.128855592646137e-06
7.2150047591807225e-06 2.1288615497171305e-06
2.9916728540249363e-06 2.1288573624622206e-06
4.718684213605431e-06 2.1288554835619518e-06
4.778090125785905e-06 2.128856078708073e-06
4.486126244400406e-06 2.1288554767815166e-06
5.033145537161793e-06 2.128854929190474e-06
5.218266635004098e-06 2.1288553582571725e-06
5.102800379366357e-06 2.128856031867116e-06
4.461815265749825e-06 2.1288548895731213e-06
3.4829279174199484e-06 2.1288551087853565e-06
4.5587712027252455e-06 2.1288553910705673e-06
3.3829227966991435e-06 2.1288554477932175e-06
3.3829227966991435e-06 2.1288554477932175e-06
3.3829227966991435e-06 2.1288554477932175e-06
3.941409528230763e-06 2.1288553319913406e-06
5.099598985666935e-06 2.1288555581107106e-06
5.679829151274084e-06 2.1288551920660183e-06
1.5521032227979014e-06 2.1288553747133133e-06
6.431945944185366e-06 2.128855902134024e-06
4.1783364216379456e-06 2.128855276404347e-06
7.564887591355103e-06 2.1288550241819096e-06
3.821632989532315e-06 2.1288554965734976e-06
6.84825682155971e-06 2.1288559127700235e-06
5.034776148591974e-06 2.1288554626481814e-06
3.378132922985955e-06 2.1288555902174513e-06
5.115612889725758e-06 2.1288554034283714e-06
6.369071293393679e-06 2.1288548545240042e-06