4.452415224367373e-07 3.955316503434285e-07
4.452415224367373e-07 3.955316503434285e-07
4.452415224367373e-07 3.955316503434285e-07
4.452415224367373e-07 3.955316503434285e-07
4.452415224367373e-07 3.955316503434285e-07
4.452415224367373e-07 3.955316503434285e-07
1.9652862624275453e-07 3.9553038262881905e-07
1.9652862624275453e-07 3.9553038262881905e-07
1.9652862624275453e-07 3.9553038262881905e-07
1.9652862624275453e-07 3.9553038262881905e-07
1.9652862624275453e-07 3.9553038262881905e-07
1.9652862624275453e-07 3.9553038262881905e-07
3.9210972435102267e-07 3.955312252111405e-07
3.9210972435102267e-07 3.955312252111405e-07
3.9210972435102267e-07 3.955312252111405e-07
3.9210972435102267e-07 3.955312252111405e-07
3.9210972435102267e-07 3.955312252111405e-07
3.9210972435102267e-07 3.955312252111405e-07
3.9210972435102267e-07 3.955312252111405e-07
3.9210972435102267e-07 3.955312252111405e-07
3.9210972435102267e-07 3.955312252111405e-07
3.9210972435102267e-07 3.955312252111405e-07
3.9210972435102267e-07 3.955312252111405e-07
3.9210972435102267e-07 3.955312252111405e-07
3.9210972435102267e-07 3.955312252111405e-07
3.9210972435102267e-07 3.955312252111405e-07
3.9210972435102267e-07 3.955312252111405e-07
3.9210972435102267e-07 3.955312252111405e-07
3.9210972435102267e-07 3.955312252111405e-07
3.9210972435102267e-07 3.955312252111405e-07
3.9210972435102267e-07 3.955312252111405e-07
3.9210972435102267e-07 3.955312252111405e-07
3.9210972435102267e-07 3.955312252111405e-07
3.9210972435102267e-07 3.955312252111405e-07
3.9210972435102267e-07 3.955312252111405e-07
4.605236812974784e-07 3.9552884143159645e-07
4.605236812974784e-07 3.9552884143159645e-07
4.605236812974784e-07 3.9552884143159645e-07
4.605236812974784e-07 3.9552884143159645e-07
4.605236812974784e-07 3.9552884143159645e-07
4.605236812974784e-07 3.9552884143159645e-07
4.605236812974784e-07 3.9552884143159645e-07
4.605236812974784e-07 3.9552884143159645e-07
4.605236812974784e-07 3.9552884143159645e-07
4.605236812974784e-07 3.9552884143159645e-07
4.605236812974784e-07 3.9552884143159645e-07
4.605236812974784e-07 3.9552884143159645e-07
4.605236812974784e-07 3.9552884143159645e-07
4.605236812974784e-07 3.9552884143159645e-07
4.605236812974784e-07 3.9552884143159645e-07
4.605236812974784e-07 3.9552884143159645e-07
4.605236812974784e-07 3.9552884143159645e-07
4.605236812974784e-07 3.9552884143159645e-07
4.605236812974784e-07 3.9552884143159645e-07
4.605236812974784e-07 3.9552884143159645e-07
4.605236812974784e-07 3.9552884143159645e-07
4.605236812974784e-07 3.9552884143159645e-07
4.605236812974784e-07 3.9552884143159645e-07
3.553378682141806e-07 3.955326292688365e-07
3.553378682141806e-07 3.955326292688365e-07
3.553378682141806e-07 3.955326292688365e-07
3.553378682141806e-07 3.955326292688365e-07
3.553378682141806e-07 3.955326292688365e-07
3.553378682141806e-07 3.955326292688365e-07
3.553378682141806e-07 3.955326292688365e-07
3.553378682141806e-07 3.955326292688365e-07
3.553378682141806e-07 3.955326292688365e-07
3.553378682141806e-07 3.955326292688365e-07
3.553378682141806e-07 3.955326292688365e-07
3.553378682141806e-07 3.955326292688365e-07
3.553378682141806e-07 3.955326292688365e-07
3.553378682141806e-07 3.955326292688365e-07
3.553378682141806e-07 3.955326292688365e-07
3.553378682141806e-07 3.955326292688365e-07
3.553378682141806e-07 3.955326292688365e-07
3.553378682141806e-07 3.955326292688365e-07
3.553378682141806e-07 3.955326292688365e-07
3.553378682141806e-07 3.955326292688365e-07
3.553378682141806e-07 3.955326292688365e-07
3.553378682141806e-07 3.955326292688365e-07
3.553378682141806e-07 3.955326292688365e-07
5.851051128325431e-07 3.95530735567732e-07
5.851051128325431e-07 3.95530735567732e-07
5.851051128325431e-07 3.95530735567732e-07
5.851051128325431e-07 3.95530735567732e-07
5.851051128325431e-07 3.95530735567732e-07
5.851051128325431e-07 3.95530735567732e-07
5.851051128325431e-07 3.95530735567732e-07
5.851051128325431e-07 3.95530735567732e-07
5.851051128325431e-07 3.95530735567732e-07
5.851051128325431e-07 3.95530735567732e-07
5.851051128325431e-07 3.95530735567732e-07
5.851051128325431e-07 3.95530735567732e-07
5.851051128325431e-07 3.95530735567732e-07
5.851051128325431e-07 3.95530735567732e-07
5.851051128325431e-07 3.95530735567732e-07
5.851051128325431e-07 3.95530735567732e-07
5.851051128325431e-07 3.95530735567732e-07
5.851051128325431e-07 3.95530735567732e-07
5.851051128325431e-07 3.95530735567732e-07
5.851051128325431e-07 3.95530735567732e-07
5.851051128325431e-07 3.95530735567732e-07
5.851051128325431e-07 3.95530735567732e-07
5.851051128325431e-07 3.95530735567732e-07
5.851051128325431e-07 3.95530735567732e-07
5.851051128325431e-07 3.95530735567732e-07
5.851051128325431e-07 3.95530735567732e-07
5.851051128325431e-07 3.95530735567732e-07
5.851051128325431e-07 3.95530735567732e-07
5.851051128325431e-07 3.95530735567732e-07
5.851051128325431e-07 3.95530735567732e-07
5.851051128325431e-07 3.95530735567732e-07
5.851051128325431e-07 3.95530735567732e-07
5.851051128325431e-07 3.95530735567732e-07
5.851051128325431e-07 3.95530735567732e-07
5.851051128325431e-07 3.95530735567732e-07
5.851051128325431e-07 3.95530735567732e-07
5.851051128325431e-07 3.95530735567732e-07
5.851051128325431e-07 3.95530735567732e-07
5.851051128325431e-07 3.95530735567732e-07
5.851051128325431e-07 3.95530735567732e-07
5.851051128325431e-07 3.95530735567732e-07
5.851051128325431e-07 3.95530735567732e-07
5.851051128325431e-07 3.95530735567732e-07
5.851051128325431e-07 3.95530735567732e-07
5.851051128325431e-07 3.95530735567732e-07
5.851051128325431e-07 3.95530735567732e-07
3.4733893879487435e-07 3.955549601656629e-07
3.4733893879487435e-07 3.955549601656629e-07
3.4733893879487435e-07 3.955549601656629e-07
3.4733893879487435e-07 3.955549601656629e-07
3.4733893879487435e-07 3.955549601656629e-07
3.4733893879487435e-07 3.955549601656629e-07
3.3786578747282614e-07 3.955311212547355e-07
3.3786578747282614e-07 3.955311212547355e-07
3.3786578747282614e-07 3.955311212547355e-07
3.3786578747282614e-07 3.955311212547355e-07
3.3786578747282614e-07 3.955311212547355e-07
3.3786578747282614e-07 3.955311212547355e-07
3.609874940978831e-07 3.95530270886153e-07
3.609874940978831e-07 3.95530270886153e-07
3.609874940978831e-07 3.95530270886153e-07
3.609874940978831e-07 3.95530270886153e-07
3.609874940978831e-07 3.95530270886153e-07
3.609874940978831e-07 3.95530270886153e-07
4.378878758794633e-07 3.955300240954059e-07
4.378878758794633e-07 3.955300240954059e-07
4.378878758794633e-07 3.955300240954059e-07
4.378878758794633e-07 3.955300240954059e-07
4.378878758794633e-07 3.955300240954059e-07
4.378878758794633e-07 3.955300240954059e-07
4.378878758794633e-07 3.955300240954059e-07
4.378878758794633e-07 3.955300240954059e-07
4.378878758794633e-07 3.955300240954059e-07
4.378878758794633e-07 3.955300240954059e-07
4.378878758794633e-07 3.955300240954059e-07
4.378878758794633e-07 3.955300240954059e-07
4.378878758794633e-07 3.955300240954059e-07
4.378878758794633e-07 3.955300240954059e-07
4.378878758794633e-07 3.955300240954059e-07
4.378878758794633e-07 3.955300240954059e-07
4.378878758794633e-07 3.955300240954059e-07
4.378878758794633e-07 3.955300240954059e-07
4.378878758794633e-07 3.955300240954059e-07
4.378878758794633e-07 3.955300240954059e-07
4.378878758794633e-07 3.955300240954059e-07
4.378878758794633e-07 3.955300240954059e-07
4.378878758794633e-07 3.955300240954059e-07
3.873646057058935e-07 3.955311158185925e-07
3.873646057058935e-07 3.955311158185925e-07
3.873646057058935e-07 3.955311158185925e-07
3.873646057058935e-07 3.955311158185925e-07
3.873646057058935e-07 3.955311158185925e-07
3.873646057058935e-07 3.955311158185925e-07
3.5408478393178144e-07 3.955307452964849e-07
3.5408478393178144e-07 3.955307452964849e-07
3.5408478393178144e-07 3.955307452964849e-07
3.5408478393178144e-07 3.955307452964849e-07
3.5408478393178144e-07 3.955307452964849e-07
3.5408478393178144e-07 3.955307452964849e-07
3.1628113311183265e-07 3.9553113233518414e-07
3.1628113311183265e-07 3.9553113233518414e-07
3.1628113311183265e-07 3.9553113233518414e-07
3.1628113311183265e-07 3.9553113233518414e-07
3.1628113311183265e-07 3.9553113233518414e-07
3.1628113311183265e-07 3.9553113233518414e-07
4.18295189875704e-07 3.95530313900988e-07
4.18295189875704e-07 3.95530313900988e-07
4.18295189875704e-07 3.95530313900988e-07
4.18295189875704e-07 3.95530313900988e-07
4.18295189875704e-07 3.95530313900988e-07
4.18295189875704e-07 3.95530313900988e-07
4.18295189875704e-07 3.95530313900988e-07
4.18295189875704e-07 3.95530313900988e-07
4.18295189875704e-07 3.95530313900988e-07
4.18295189875704e-07 3.95530313900988e-07
4.18295189875704e-07 3.95530313900988e-07
4.18295189875704e-07 3.95530313900988e-07
4.18295189875704e-07 3.95530313900988e-07
4.18295189875704e-07 3.95530313900988e-07
4.18295189875704e-07 3.95530313900988e-07
4.18295189875704e-07 3.95530313900988e-07
4.18295189875704e-07 3.95530313900988e-07
4.18295189875704e-07 3.95530313900988e-07
4.18295189875704e-07 3.95530313900988e-07
4.18295189875704e-07 3.95530313900988e-07
4.18295189875704e-07 3.95530313900988e-07
4.18295189875704e-07 3.95530313900988e-07
4.18295189875704e-07 3.95530313900988e-07
4.18295189875704e-07 3.95530313900988e-07
4.18295189875704e-07 3.95530313900988e-07
4.18295189875704e-07 3.95530313900988e-07
4.18295189875704e-07 3.95530313900988e-07
4.3843469203490084e-07 3.9553113140336685e-07
4.3843469203490084e-07 3.9553113140336685e-07
4.3843469203490084e-07 3.9553113140336685e-07
4.3843469203490084e-07 3.9553113140336685e-07
4.3843469203490084e-07 3.9553113140336685e-07
4.3843469203490084e-07 3.9553113140336685e-07
4.398454285291997e-07 3.9553006993693145e-07
4.398454285291997e-07 3.9553006993693145e-07
4.398454285291997e-07 3.9553006993693145e-07
4.398454285291997e-07 3.9553006993693145e-07
4.398454285291997e-07 3.9553006993693145e-07
4.398454285291997e-07 3.9553006993693145e-07
4.398454285291997e-07 3.9553006993693145e-07
4.398454285291997e-07 3.9553006993693145e-07
4.398454285291997e-07 3.9553006993693145e-07
4.398454285291997e-07 3.9553006993693145e-07
4.398454285291997e-07 3.9553006993693145e-07
4.398454285291997e-07 3.9553006993693145e-07
4.398454285291997e-07 3.9553006993693145e-07
4.398454285291997e-07 3.9553006993693145e-07
4.398454285291997e-07 3.9553006993693145e-07
4.398454285291997e-07 3.9553006993693145e-07
4.398454285291997e-07 3.9553006993693145e-07
4.398454285291997e-07 3.9553006993693145e-07
4.398454285291997e-07 3.9553006993693145e-07
4.398454285291997e-07 3.9553006993693145e-07
4.398454285291997e-07 3.9553006993693145e-07
4.398454285291997e-07 3.9553006993693145e-07
4.398454285291997e-07 3.9553006993693145e-07
3.3696155718539243e-07 3.9553071504749615e-07
3.3696155718539243e-07 3.9553071504749615e-07
3.3696155718539243e-07 3.9553071504749615e-07
3.3696155718539243e-07 3.9553071504749615e-07
3.3696155718539243e-07 3.9553071504749615e-07
3.3696155718539243e-07 3.9553071504749615e-07
3.3696155718539243e-07 3.9553071504749615e-07
3.3696155718539243e-07 3.9553071504749615e-07
3.3696155718539243e-07 3.9553071504749615e-07
3.3696155718539243e-07 3.9553071504749615e-07
3.3696155718539243e-07 3.9553071504749615e-07
3.3696155718539243e-07 3.9553071504749615e-07
3.3696155718539243e-07 3.9553071504749615e-07
3.3696155718539243e-07 3.9553071504749615e-07
3.3696155718539243e-07 3.9553071504749615e-07
3.3696155718539243e-07 3.9553071504749615e-07
3.3696155718539243e-07 3.9553071504749615e-07
3.3696155718539243e-07 3.9553071504749615e-07
3.3696155718539243e-07 3.9553071504749615e-07
3.3696155718539243e-07 3.9553071504749615e-07
3.3696155718539243e-07 3.9553071504749615e-07
3.3696155718539243e-07 3.9553071504749615e-07
3.3696155718539243e-07 3.9553071504749615e-07
5.116815686714831e-07 3.9553582458813685e-07
5.116815686714831e-07 3.9553582458813685e-07
5.116815686714831e-07 3.9553582458813685e-07
5.116815686714831e-07 3.9553582458813685e-07
5.116815686714831e-07 3.9553582458813685e-07
5.116815686714831e-07 3.9553582458813685e-07
5.116815686714831e-07 3.9553582458813685e-07
5.116815686714831e-07 3.9553582458813685e-07
5.116815686714831e-07 3.9553582458813685e-07
5.116815686714831e-07 3.9553582458813685e-07
5.116815686714831e-07 3.9553582458813685e-07
5.116815686714831e-07 3.9553582458813685e-07
5.116815686714831e-07 3.9553582458813685e-07
5.116815686714831e-07 3.9553582458813685e-07
5.116815686714831e-07 3.9553582458813685e-07
5.116815686714831e-07 3.9553582458813685e-07
5.116815686714831e-07 3.9553582458813685e-07
5.116815686714831e-07 3.9553582458813685e-07
5.116815686714831e-07 3.9553582458813685e-07
5.116815686714831e-07 3.9553582458813685e-07
5.116815686714831e-07 3.9553582458813685e-07
5.116815686714831e-07 3.9553582458813685e-07
5.116815686714831e-07 3.9553582458813685e-07
3.5010060379776206e-07 3.9553143187186144e-07
3.5010060379776206e-07 3.9553143187186144e-07
3.5010060379776206e-07 3.9553143187186144e-07
3.5010060379776206e-07 3.9553143187186144e-07
3.5010060379776206e-07 3.9553143187186144e-07
3.5010060379776206e-07 3.9553143187186144e-07
4.2187416084661976e-07 3.9553098656131976e-07
4.2187416084661976e-07 3.9553098656131976e-07
4.2187416084661976e-07 3.9553098656131976e-07
4.2187416084661976e-07 3.9553098656131976e-07
4.2187416084661976e-07 3.9553098656131976e-07
4.2187416084661976e-07 3.9553098656131976e-07
2.0571754538987254e-07 3.9553011733330566e-07
2.0571754538987254e-07 3.9553011733330566e-07
2.0571754538987254e-07 3.9553011733330566e-07
2.0571754538987254e-07 3.9553011733330566e-07
2.0571754538987254e-07 3.9553011733330566e-07
2.0571754538987254e-07 3.9553011733330566e-07
2.0571754538987254e-07 3.9553011733330566e-07
2.0571754538987254e-07 3.9553011733330566e-07
2.0571754538987254e-07 3.9553011733330566e-07
2.0571754538987254e-07 3.9553011733330566e-07
2.0571754538987254e-07 3.9553011733330566e-07
2.0571754538987254e-07 3.9553011733330566e-07
2.0571754538987254e-07 3.9553011733330566e-07
2.0571754538987254e-07 3.9553011733330566e-07
2.0571754538987254e-07 3.9553011733330566e-07
2.0571754538987254e-07 3.9553011733330566e-07
2.0571754538987254e-07 3.9553011733330566e-07
2.0571754538987254e-07 3.9553011733330566e-07
2.0571754538987254e-07 3.9553011733330566e-07
2.0571754538987254e-07 3.9553011733330566e-07
2.0571754538987254e-07 3.9553011733330566e-07
2.0571754538987254e-07 3.9553011733330566e-07
2.0571754538987254e-07 3.9553011733330566e-07
4.111828897120664e-07 3.955305645810636e-07
4.111828897120664e-07 3.955305645810636e-07
4.111828897120664e-07 3.955305645810636e-07
4.111828897120664e-07 3.955305645810636e-07
4.111828897120664e-07 3.955305645810636e-07
4.111828897120664e-07 3.955305645810636e-07
4.425558869094359e-07 3.955304543883205e-07
4.425558869094359e-07 3.955304543883205e-07
4.425558869094359e-07 3.955304543883205e-07
4.425558869094359e-07 3.955304543883205e-07
4.425558869094359e-07 3.955304543883205e-07
4.425558869094359e-07 3.955304543883205e-07
4.2290514305487024e-07 3.955322832807436e-07
4.2290514305487024e-07 3.955322832807436e-07
4.2290514305487024e-07 3.955322832807436e-07
4.2290514305487024e-07 3.955322832807436e-07
4.2290514305487024e-07 3.955322832807436e-07
4.2290514305487024e-07 3.955322832807436e-07
4.5061006640755505e-07 3.9552874371159666e-07
4.5061006640755505e-07 3.9552874371159666e-07
4.5061006640755505e-07 3.9552874371159666e-07
4.5061006640755505e-07 3.9552874371159666e-07
4.5061006640755505e-07 3.9552874371159666e-07
4.5061006640755505e-07 3.9552874371159666e-07
4.139700428382472e-07 3.9552994906104616e-07
4.139700428382472e-07 3.9552994906104616e-07
4.139700428382472e-07 3.9552994906104616e-07
4.139700428382472e-07 3.9552994906104616e-07
4.139700428382472e-07 3.9552994906104616e-07
4.139700428382472e-07 3.9552994906104616e-07
4.139700428382472e-07 3.9552994906104616e-07
4.139700428382472e-07 3.9552994906104616e-07
4.139700428382472e-07 3.9552994906104616e-07
4.2728279592241647e-07 3.9553024569943453e-07
4.2728279592241647e-07 3.9553024569943453e-07
4.2728279592241647e-07 3.9553024569943453e-07
4.2728279592241647e-07 3.9553024569943453e-07
4.2728279592241647e-07 3.9553024569943453e-07
4.2728279592241647e-07 3.9553024569943453e-07
1.3909990238872757e-07 3.955313898058127e-07
1.3909990238872757e-07 3.955313898058127e-07
1.3909990238872757e-07 3.955313898058127e-07
1.3909990238872757e-07 3.955313898058127e-07
1.3909990238872757e-07 3.955313898058127e-07
1.3909990238872757e-07 3.955313898058127e-07
1.3909990238872757e-07 3.955313898058127e-07
1.3909990238872757e-07 3.955313898058127e-07
1.3909990238872757e-07 3.955313898058127e-07
1.3909990238872757e-07 3.955313898058127e-07
1.3909990238872757e-07 3.955313898058127e-07
1.3909990238872757e-07 3.955313898058127e-07
1.3909990238872757e-07 3.955313898058127e-07
1.3909990238872757e-07 3.955313898058127e-07
1.3909990238872757e-07 3.955313898058127e-07
1.3909990238872757e-07 3.955313898058127e-07
1.3909990238872757e-07 3.955313898058127e-07
1.3909990238872757e-07 3.955313898058127e-07
1.3909990238872757e-07 3.955313898058127e-07
1.3909990238872757e-07 3.955313898058127e-07
1.3909990238872757e-07 3.955313898058127e-07
1.3909990238872757e-07 3.955313898058127e-07
1.3909990238872757e-07 3.955313898058127e-07
4.296170755917243e-07 3.955311342840677e-07
4.296170755917243e-07 3.955311342840677e-07
4.296170755917243e-07 3.955311342840677e-07
4.296170755917243e-07 3.955311342840677e-07
4.296170755917243e-07 3.955311342840677e-07
4.296170755917243e-07 3.955311342840677e-07
3.1628007665805114e-07 3.9553113233518414e-07
3.1628007665805114e-07 3.9553113233518414e-07
3.1628007665805114e-07 3.9553113233518414e-07
3.1628007665805114e-07 3.9553113233518414e-07
3.1628007665805114e-07 3.9553113233518414e-07
3.1628007665805114e-07 3.9553113233518414e-07
3.7576850497909715e-07 3.95529009044439e-07
3.7576850497909715e-07 3.95529009044439e-07
3.7576850497909715e-07 3.95529009044439e-07
3.7576850497909715e-07 3.95529009044439e-07
3.7576850497909715e-07 3.95529009044439e-07
3.7576850497909715e-07 3.95529009044439e-07
3.7576850497909715e-07 3.95529009044439e-07
3.7576850497909715e-07 3.95529009044439e-07
3.7576850497909715e-07 3.95529009044439e-07
3.2943418358327646e-07 3.955300092256547e-07
3.2943418358327646e-07 3.955300092256547e-07
3.2943418358327646e-07 3.955300092256547e-07
3.2943418358327646e-07 3.955300092256547e-07
3.2943418358327646e-07 3.955300092256547e-07
3.2943418358327646e-07 3.955300092256547e-07
3.2943418358327646e-07 3.955300092256547e-07
3.2943418358327646e-07 3.955300092256547e-07
3.2943418358327646e-07 3.955300092256547e-07
3.2943418358327646e-07 3.955300092256547e-07
3.2943418358327646e-07 3.955300092256547e-07
3.2943418358327646e-07 3.955300092256547e-07
3.2943418358327646e-07 3.955300092256547e-07
3.2943418358327646e-07 3.955300092256547e-07
3.2943418358327646e-07 3.955300092256547e-07
3.2943418358327646e-07 3.955300092256547e-07
3.2943418358327646e-07 3.955300092256547e-07
3.2943418358327646e-07 3.955300092256547e-07
3.2943418358327646e-07 3.955300092256547e-07
3.2943418358327646e-07 3.955300092256547e-07
3.2943418358327646e-07 3.955300092256547e-07
3.2943418358327646e-07 3.955300092256547e-07
3.2943418358327646e-07 3.955300092256547e-07
4.87585548894875e-07 3.9553042729367666e-07
4.87585548894875e-07 3.9553042729367666e-07
4.87585548894875e-07 3.9553042729367666e-07
4.87585548894875e-07 3.9553042729367666e-07
4.87585548894875e-07 3.9553042729367666e-07
4.87585548894875e-07 3.9553042729367666e-07
4.87585548894875e-07 3.9553042729367666e-07
4.87585548894875e-07 3.9553042729367666e-07
4.87585548894875e-07 3.9553042729367666e-07
4.87585548894875e-07 3.9553042729367666e-07
4.87585548894875e-07 3.9553042729367666e-07
4.87585548894875e-07 3.9553042729367666e-07
4.87585548894875e-07 3.9553042729367666e-07
4.87585548894875e-07 3.9553042729367666e-07
4.87585548894875e-07 3.9553042729367666e-07
4.87585548894875e-07 3.9553042729367666e-07
4.87585548894875e-07 3.9553042729367666e-07
4.87585548894875e-07 3.9553042729367666e-07
4.87585548894875e-07 3.9553042729367666e-07
4.87585548894875e-07 3.9553042729367666e-07
4.87585548894875e-07 3.9553042729367666e-07
4.87585548894875e-07 3.9553042729367666e-07
4.87585548894875e-07 3.9553042729367666e-07
4.2867813042610775e-07 3.9553272113514333e-07
4.2867813042610775e-07 3.9553272113514333e-07
4.2867813042610775e-07 3.9553272113514333e-07
4.2867813042610775e-07 3.9553272113514333e-07
4.2867813042610775e-07 3.9553272113514333e-07
4.2867813042610775e-07 3.9553272113514333e-07
5.185217562356963e-07 3.955315131264217e-07
5.185217562356963e-07 3.955315131264217e-07
5.185217562356963e-07 3.955315131264217e-07
5.185217562356963e-07 3.955315131264217e-07
5.185217562356963e-07 3.955315131264217e-07
5.185217562356963e-07 3.955315131264217e-07
5.185217562356963e-07 3.955315131264217e-07
5.185217562356963e-07 3.955315131264217e-07
5.185217562356963e-07 3.955315131264217e-07
5.185217562356963e-07 3.955315131264217e-07
5.185217562356963e-07 3.955315131264217e-07
5.185217562356963e-07 3.955315131264217e-07
5.185217562356963e-07 3.955315131264217e-07
5.185217562356963e-07 3.955315131264217e-07
5.185217562356963e-07 3.955315131264217e-07
5.185217562356963e-07 3.955315131264217e-07
5.185217562356963e-07 3.955315131264217e-07
5.185217562356963e-07 3.955315131264217e-07
5.185217562356963e-07 3.955315131264217e-07
5.185217562356963e-07 3.955315131264217e-07
5.185217562356963e-07 3.955315131264217e-07
5.185217562356963e-07 3.955315131264217e-07
5.185217562356963e-07 3.955315131264217e-07
3.6830252716307427e-07 3.955310785047907e-07
3.6830252716307427e-07 3.955310785047907e-07
3.6830252716307427e-07 3.955310785047907e-07
3.6830252716307427e-07 3.955310785047907e-07
3.6830252716307427e-07 3.955310785047907e-07
3.6830252716307427e-07 3.955310785047907e-07
3.6830252716307427e-07 3.955310785047907e-07
3.6830252716307427e-07 3.955310785047907e-07
3.6830252716307427e-07 3.955310785047907e-07
5.5636566701734015e-09 3.9553081925864813e-07
5.5636566701734015e-09 3.9553081925864813e-07
5.5636566701734015e-09 3.9553081925864813e-07
5.5636566701734015e-09 3.9553081925864813e-07
5.5636566701734015e-09 3.9553081925864813e-07
5.5636566701734015e-09 3.9553081925864813e-07
5.5636566701734015e-09 3.9553081925864813e-07
5.5636566701734015e-09 3.9553081925864813e-07
5.5636566701734015e-09 3.9553081925864813e-07
5.5636566701734015e-09 3.9553081925864813e-07
5.5636566701734015e-09 3.9553081925864813e-07
5.5636566701734015e-09 3.9553081925864813e-07
5.5636566701734015e-09 3.9553081925864813e-07
5.5636566701734015e-09 3.9553081925864813e-07
5.5636566701734015e-09 3.9553081925864813e-07
5.5636566701734015e-09 3.9553081925864813e-07
5.5636566701734015e-09 3.9553081925864813e-07
5.5636566701734015e-09 3.9553081925864813e-07
5.5636566701734015e-09 3.9553081925864813e-07
5.5636566701734015e-09 3.9553081925864813e-07
5.5636566701734015e-09 3.9553081925864813e-07
5.5636566701734015e-09 3.9553081925864813e-07
5.5636566701734015e-09 3.9553081925864813e-07
3.587165135482323e-07 3.955298392773772e-07
3.587165135482323e-07 3.955298392773772e-07
3.587165135482323e-07 3.955298392773772e-07
3.587165135482323e-07 3.955298392773772e-07
3.587165135482323e-07 3.955298392773772e-07
3.587165135482323e-07 3.955298392773772e-07
3.587165135482323e-07 3.955298392773772e-07
3.587165135482323e-07 3.955298392773772e-07
3.587165135482323e-07 3.955298392773772e-07
3.587165135482323e-07 3.955298392773772e-07
3.587165135482323e-07 3.955298392773772e-07
3.587165135482323e-07 3.955298392773772e-07
3.587165135482323e-07 3.955298392773772e-07
3.587165135482323e-07 3.955298392773772e-07
3.587165135482323e-07 3.955298392773772e-07
3.587165135482323e-07 3.955298392773772e-07
3.587165135482323e-07 3.955298392773772e-07
3.587165135482323e-07 3.955298392773772e-07
3.587165135482323e-07 3.955298392773772e-07
3.587165135482323e-07 3.955298392773772e-07
3.587165135482323e-07 3.955298392773772e-07
3.587165135482323e-07 3.955298392773772e-07
3.587165135482323e-07 3.955298392773772e-07
3.587165135482323e-07 3.955298392773772e-07
3.587165135482323e-07 3.955298392773772e-07
3.587165135482323e-07 3.955298392773772e-07
3.587165135482323e-07 3.955298392773772e-07
3.587165135482323e-07 3.955298392773772e-07
3.587165135482323e-07 3.955298392773772e-07
3.587165135482323e-07 3.955298392773772e-07
3.587165135482323e-07 3.955298392773772e-07
3.587165135482323e-07 3.955298392773772e-07
3.587165135482323e-07 3.955298392773772e-07
3.587165135482323e-07 3.955298392773772e-07
3.587165135482323e-07 3.955298392773772e-07
3.587165135482323e-07 3.955298392773772e-07
3.587165135482323e-07 3.955298392773772e-07
3.587165135482323e-07 3.955298392773772e-07
3.587165135482323e-07 3.955298392773772e-07
3.587165135482323e-07 3.955298392773772e-07
3.587165135482323e-07 3.955298392773772e-07
3.587165135482323e-07 3.955298392773772e-07
3.587165135482323e-07 3.955298392773772e-07
3.587165135482323e-07 3.955298392773772e-07
3.587165135482323e-07 3.955298392773772e-07
3.587165135482323e-07 3.955298392773772e-07
3.587165135482323e-07 3.955298392773772e-07
3.587165135482323e-07 3.955298392773772e-07
3.587165135482323e-07 3.955298392773772e-07
3.587165135482323e-07 3.955298392773772e-07
3.587165135482323e-07 3.955298392773772e-07
3.587165135482323e-07 3.955298392773772e-07
3.587165135482323e-07 3.955298392773772e-07
3.587165135482323e-07 3.955298392773772e-07
3.587165135482323e-07 3.955298392773772e-07
3.587165135482323e-07 3.955298392773772e-07
3.587165135482323e-07 3.955298392773772e-07
3.587165135482323e-07 3.955298392773772e-07
3.587165135482323e-07 3.955298392773772e-07
3.587165135482323e-07 3.955298392773772e-07
3.587165135482323e-07 3.955298392773772e-07
3.587165135482323e-07 3.955298392773772e-07
3.587165135482323e-07 3.955298392773772e-07
3.587165135482323e-07 3.955298392773772e-07
3.587165135482323e-07 3.955298392773772e-07
3.587165135482323e-07 3.955298392773772e-07
3.587165135482323e-07 3.955298392773772e-07
3.587165135482323e-07 3.955298392773772e-07
3.587165135482323e-07 3.955298392773772e-07
4.4188729870654384e-07 3.9552856435801687e-07
4.4188729870654384e-07 3.9552856435801687e-07
4.4188729870654384e-07 3.9552856435801687e-07
4.4188729870654384e-07 3.9552856435801687e-07
4.4188729870654384e-07 3.9552856435801687e-07
4.4188729870654384e-07 3.9552856435801687e-07
4.4188729870654384e-07 3.9552856435801687e-07
4.4188729870654384e-07 3.9552856435801687e-07
4.4188729870654384e-07 3.9552856435801687e-07
4.4188729870654384e-07 3.9552856435801687e-07
4.4188729870654384e-07 3.9552856435801687e-07
4.4188729870654384e-07 3.9552856435801687e-07
4.4188729870654384e-07 3.9552856435801687e-07
4.4188729870654384e-07 3.9552856435801687e-07
4.4188729870654384e-07 3.9552856435801687e-07
4.4188729870654384e-07 3.9552856435801687e-07
4.4188729870654384e-07 3.9552856435801687e-07
4.4188729870654384e-07 3.9552856435801687e-07
4.4188729870654384e-07 3.9552856435801687e-07
4.4188729870654384e-07 3.9552856435801687e-07
4.4188729870654384e-07 3.9552856435801687e-07
4.4188729870654384e-07 3.9552856435801687e-07
4.4188729870654384e-07 3.9552856435801687e-07
4.056091642377197e-07 3.955325167092734e-07
4.056091642377197e-07 3.955325167092734e-07
4.056091642377197e-07 3.955325167092734e-07
4.056091642377197e-07 3.955325167092734e-07
4.056091642377197e-07 3.955325167092734e-07
4.056091642377197e-07 3.955325167092734e-07
4.056091642377197e-07 3.955325167092734e-07
4.056091642377197e-07 3.955325167092734e-07
4.056091642377197e-07 3.955325167092734e-07
4.056091642377197e-07 3.955325167092734e-07
4.056091642377197e-07 3.955325167092734e-07
4.056091642377197e-07 3.955325167092734e-07
4.056091642377197e-07 3.955325167092734e-07
4.056091642377197e-07 3.955325167092734e-07
4.056091642377197e-07 3.955325167092734e-07
4.056091642377197e-07 3.955325167092734e-07
4.056091642377197e-07 3.955325167092734e-07
4.056091642377197e-07 3.955325167092734e-07
4.056091642377197e-07 3.955325167092734e-07
4.056091642377197e-07 3.955325167092734e-07
4.056091642377197e-07 3.955325167092734e-07
4.056091642377197e-07 3.955325167092734e-07
4.056091642377197e-07 3.955325167092734e-07
4.05120746449381e-07 3.95530627629382e-07
4.05120746449381e-07 3.95530627629382e-07
4.05120746449381e-07 3.95530627629382e-07
4.05120746449381e-07 3.95530627629382e-07
4.05120746449381e-07 3.95530627629382e-07
4.05120746449381e-07 3.95530627629382e-07
4.05120746449381e-07 3.95530627629382e-07
4.05120746449381e-07 3.95530627629382e-07
4.05120746449381e-07 3.95530627629382e-07
4.05120746449381e-07 3.95530627629382e-07
4.05120746449381e-07 3.95530627629382e-07
4.05120746449381e-07 3.95530627629382e-07
4.05120746449381e-07 3.95530627629382e-07
4.05120746449381e-07 3.95530627629382e-07
4.05120746449381e-07 3.95530627629382e-07
4.05120746449381e-07 3.95530627629382e-07
4.05120746449381e-07 3.95530627629382e-07
4.05120746449381e-07 3.95530627629382e-07
3.5871782455236413e-07 3.955298392773772e-07
3.5871782455236413e-07 3.955298392773772e-07
3.5871782455236413e-07 3.955298392773772e-07
3.5871782455236413e-07 3.955298392773772e-07
3.5871782455236413e-07 3.955298392773772e-07
3.5871782455236413e-07 3.955298392773772e-07
3.5871782455236413e-07 3.955298392773772e-07
3.5871782455236413e-07 3.955298392773772e-07
3.5871782455236413e-07 3.955298392773772e-07
3.5871782455236413e-07 3.955298392773772e-07
3.5871782455236413e-07 3.955298392773772e-07
3.5871782455236413e-07 3.955298392773772e-07
3.5871782455236413e-07 3.955298392773772e-07
3.5871782455236413e-07 3.955298392773772e-07
3.5871782455236413e-07 3.955298392773772e-07
3.5871782455236413e-07 3.955298392773772e-07
3.5871782455236413e-07 3.955298392773772e-07
3.5871782455236413e-07 3.955298392773772e-07
3.5871782455236413e-07 3.955298392773772e-07
3.5871782455236413e-07 3.955298392773772e-07
3.5871782455236413e-07 3.955298392773772e-07
3.5871782455236413e-07 3.955298392773772e-07
3.5871782455236413e-07 3.955298392773772e-07
5.156002163179739e-07 3.955298453282786e-07
5.156002163179739e-07 3.955298453282786e-07
5.156002163179739e-07 3.955298453282786e-07
5.156002163179739e-07 3.955298453282786e-07
5.156002163179739e-07 3.955298453282786e-07
5.156002163179739e-07 3.955298453282786e-07
5.156002163179739e-07 3.955298453282786e-07
5.156002163179739e-07 3.955298453282786e-07
5.156002163179739e-07 3.955298453282786e-07
5.156002163179739e-07 3.955298453282786e-07
5.156002163179739e-07 3.955298453282786e-07
5.156002163179739e-07 3.955298453282786e-07
5.156002163179739e-07 3.955298453282786e-07
5.156002163179739e-07 3.955298453282786e-07
5.156002163179739e-07 3.955298453282786e-07
5.156002163179739e-07 3.955298453282786e-07
5.156002163179739e-07 3.955298453282786e-07
5.156002163179739e-07 3.955298453282786e-07
5.156002163179739e-07 3.955298453282786e-07
5.156002163179739e-07 3.955298453282786e-07
5.156002163179739e-07 3.955298453282786e-07
5.156002163179739e-07 3.955298453282786e-07
5.156002163179739e-07 3.955298453282786e-07
3.8225073223496877e-07 3.955295062008242e-07
3.8225073223496877e-07 3.955295062008242e-07
3.8225073223496877e-07 3.955295062008242e-07
3.8225073223496877e-07 3.955295062008242e-07
3.8225073223496877e-07 3.955295062008242e-07
3.8225073223496877e-07 3.955295062008242e-07
3.8225073223496877e-07 3.955295062008242e-07
3.8225073223496877e-07 3.955295062008242e-07
3.8225073223496877e-07 3.955295062008242e-07
3.8225073223496877e-07 3.955295062008242e-07
3.8225073223496877e-07 3.955295062008242e-07
3.8225073223496877e-07 3.955295062008242e-07
3.8225073223496877e-07 3.955295062008242e-07
3.8225073223496877e-07 3.955295062008242e-07
3.8225073223496877e-07 3.955295062008242e-07
3.8225073223496877e-07 3.955295062008242e-07
3.8225073223496877e-07 3.955295062008242e-07
3.8225073223496877e-07 3.955295062008242e-07
3.8225073223496877e-07 3.955295062008242e-07
3.8225073223496877e-07 3.955295062008242e-07
3.8225073223496877e-07 3.955295062008242e-07
3.8225073223496877e-07 3.955295062008242e-07
3.8225073223496877e-07 3.955295062008242e-07
3.096816547530232e-07 3.9553069071818813e-07
3.096816547530232e-07 3.9553069071818813e-07
3.096816547530232e-07 3.9553069071818813e-07
3.096816547530232e-07 3.9553069071818813e-07
3.096816547530232e-07 3.9553069071818813e-07
3.096816547530232e-07 3.9553069071818813e-07
3.4963883522595844e-07 3.9553048150659965e-07
3.4963883522595844e-07 3.9553048150659965e-07
3.4963883522595844e-07 3.9553048150659965e-07
3.4963883522595844e-07 3.9553048150659965e-07
3.4963883522595844e-07 3.9553048150659965e-07
3.4963883522595844e-07 3.9553048150659965e-07
3.8736380198175996e-07 3.955311158185925e-07
3.8736380198175996e-07 3.955311158185925e-07
3.8736380198175996e-07 3.955311158185925e-07
3.8736380198175996e-07 3.955311158185925e-07
3.8736380198175996e-07 3.955311158185925e-07
3.8736380198175996e-07 3.955311158185925e-07
3.8736380198175996e-07 3.955311158185925e-07
3.8736380198175996e-07 3.955311158185925e-07
3.8736380198175996e-07 3.955311158185925e-07
3.8736380198175996e-07 3.955311158185925e-07
3.8736380198175996e-07 3.955311158185925e-07
3.8736380198175996e-07 3.955311158185925e-07
3.8736380198175996e-07 3.955311158185925e-07
3.8736380198175996e-07 3.955311158185925e-07
3.8736380198175996e-07 3.955311158185925e-07
3.8736380198175996e-07 3.955311158185925e-07
3.8736380198175996e-07 3.955311158185925e-07
3.8736380198175996e-07 3.955311158185925e-07
5.32807371925478e-07 3.955328400877332e-07
5.32807371925478e-07 3.955328400877332e-07
5.32807371925478e-07 3.955328400877332e-07
5.32807371925478e-07 3.955328400877332e-07
5.32807371925478e-07 3.955328400877332e-07
5.32807371925478e-07 3.955328400877332e-07
5.32807371925478e-07 3.955328400877332e-07
5.32807371925478e-07 3.955328400877332e-07
5.32807371925478e-07 3.955328400877332e-07
5.32807371925478e-07 3.955328400877332e-07
5.32807371925478e-07 3.955328400877332e-07
5.32807371925478e-07 3.955328400877332e-07
5.32807371925478e-07 3.955328400877332e-07
5.32807371925478e-07 3.955328400877332e-07
5.32807371925478e-07 3.955328400877332e-07
5.32807371925478e-07 3.955328400877332e-07
5.32807371925478e-07 3.955328400877332e-07
5.32807371925478e-07 3.955328400877332e-07
5.32807371925478e-07 3.955328400877332e-07
5.32807371925478e-07 3.955328400877332e-07
5.32807371925478e-07 3.955328400877332e-07
5.32807371925478e-07 3.955328400877332e-07
5.32807371925478e-07 3.955328400877332e-07
4.009410994413958e-07 3.9553145781826817e-07
4.009410994413958e-07 3.9553145781826817e-07
4.009410994413958e-07 3.9553145781826817e-07
4.009410994413958e-07 3.9553145781826817e-07
4.009410994413958e-07 3.9553145781826817e-07
4.009410994413958e-07 3.9553145781826817e-07
4.0364473532291924e-07 3.955303203120972e-07
4.0364473532291924e-07 3.955303203120972e-07
4.0364473532291924e-07 3.955303203120972e-07
4.0364473532291924e-07 3.955303203120972e-07
4.0364473532291924e-07 3.955303203120972e-07
4.0364473532291924e-07 3.955303203120972e-07
4.189670346976106e-07 3.9553152880273363e-07
4.189670346976106e-07 3.9553152880273363e-07
4.189670346976106e-07 3.9553152880273363e-07
4.189670346976106e-07 3.9553152880273363e-07
4.189670346976106e-07 3.9553152880273363e-07
4.189670346976106e-07 3.9553152880273363e-07
4.189670346976106e-07 3.9553152880273363e-07
4.189670346976106e-07 3.9553152880273363e-07
4.189670346976106e-07 3.9553152880273363e-07
4.189670346976106e-07 3.9553152880273363e-07
4.189670346976106e-07 3.9553152880273363e-07
4.189670346976106e-07 3.9553152880273363e-07
4.189670346976106e-07 3.9553152880273363e-07
4.189670346976106e-07 3.9553152880273363e-07
4.189670346976106e-07 3.9553152880273363e-07
4.189670346976106e-07 3.9553152880273363e-07
4.189670346976106e-07 3.9553152880273363e-07
4.189670346976106e-07 3.9553152880273363e-07
4.189670346976106e-07 3.9553152880273363e-07
4.189670346976106e-07 3.9553152880273363e-07
4.189670346976106e-07 3.9553152880273363e-07
4.189670346976106e-07 3.9553152880273363e-07
4.189670346976106e-07 3.9553152880273363e-07
3.6137144868498826e-07 3.9553066883137685e-07
3.6137144868498826e-07 3.9553066883137685e-07
3.6137144868498826e-07 3.9553066883137685e-07
3.6137144868498826e-07 3.9553066883137685e-07
3.6137144868498826e-07 3.9553066883137685e-07
3.6137144868498826e-07 3.9553066883137685e-07
3.6137144868498826e-07 3.9553066883137685e-07
3.6137144868498826e-07 3.9553066883137685e-07
3.6137144868498826e-07 3.9553066883137685e-07
3.6137144868498826e-07 3.9553066883137685e-07
3.6137144868498826e-07 3.9553066883137685e-07
3.6137144868498826e-07 3.9553066883137685e-07
3.6137144868498826e-07 3.9553066883137685e-07
3.6137144868498826e-07 3.9553066883137685e-07
3.6137144868498826e-07 3.9553066883137685e-07
3.6137144868498826e-07 3.9553066883137685e-07
3.6137144868498826e-07 3.9553066883137685e-07
3.6137144868498826e-07 3.9553066883137685e-07
3.6137144868498826e-07 3.9553066883137685e-07
3.6137144868498826e-07 3.9553066883137685e-07
3.6137144868498826e-07 3.9553066883137685e-07
3.6137144868498826e-07 3.9553066883137685e-07
3.6137144868498826e-07 3.9553066883137685e-07
4.498468751395089e-07 3.9553052112339235e-07
4.498468751395089e-07 3.9553052112339235e-07
4.498468751395089e-07 3.9553052112339235e-07
4.498468751395089e-07 3.9553052112339235e-07
4.498468751395089e-07 3.9553052112339235e-07
4.498468751395089e-07 3.9553052112339235e-07
4.130428381163742e-07 3.955298724967561e-07
4.130428381163742e-07 3.955298724967561e-07
4.130428381163742e-07 3.955298724967561e-07
4.130428381163742e-07 3.955298724967561e-07
4.130428381163742e-07 3.955298724967561e-07
4.130428381163742e-07 3.955298724967561e-07
3.2486451043735e-07 3.955296294258968e-07
3.2486451043735e-07 3.955296294258968e-07
3.2486451043735e-07 3.955296294258968e-07
3.2486451043735e-07 3.955296294258968e-07
3.2486451043735e-07 3.955296294258968e-07
3.2486451043735e-07 3.955296294258968e-07
3.2486451043735e-07 3.955296294258968e-07
3.2486451043735e-07 3.955296294258968e-07
3.2486451043735e-07 3.955296294258968e-07
3.2486451043735e-07 3.955296294258968e-07
3.2486451043735e-07 3.955296294258968e-07
3.2486451043735e-07 3.955296294258968e-07
3.2486451043735e-07 3.955296294258968e-07
3.2486451043735e-07 3.955296294258968e-07
3.2486451043735e-07 3.955296294258968e-07
3.2486451043735e-07 3.955296294258968e-07
3.2486451043735e-07 3.955296294258968e-07
3.2486451043735e-07 3.955296294258968e-07
3.2486451043735e-07 3.955296294258968e-07
3.2486451043735e-07 3.955296294258968e-07
3.2486451043735e-07 3.955296294258968e-07
3.2486451043735e-07 3.955296294258968e-07
3.2486451043735e-07 3.955296294258968e-07
4.890921245276531e-07 3.95531242507829e-07
4.890921245276531e-07 3.95531242507829e-07
4.890921245276531e-07 3.95531242507829e-07
4.890921245276531e-07 3.95531242507829e-07
4.890921245276531e-07 3.95531242507829e-07
4.890921245276531e-07 3.95531242507829e-07
4.890921245276531e-07 3.95531242507829e-07
4.890921245276531e-07 3.95531242507829e-07
4.890921245276531e-07 3.95531242507829e-07
4.890921245276531e-07 3.95531242507829e-07
4.890921245276531e-07 3.95531242507829e-07
4.890921245276531e-07 3.95531242507829e-07
4.890921245276531e-07 3.95531242507829e-07
4.890921245276531e-07 3.95531242507829e-07
4.890921245276531e-07 3.95531242507829e-07
4.890921245276531e-07 3.95531242507829e-07
4.890921245276531e-07 3.95531242507829e-07
4.890921245276531e-07 3.95531242507829e-07
4.890921245276531e-07 3.95531242507829e-07
4.890921245276531e-07 3.95531242507829e-07
4.890921245276531e-07 3.95531242507829e-07
4.890921245276531e-07 3.95531242507829e-07
4.890921245276531e-07 3.95531242507829e-07
3.580222834417081e-07 3.955309744435589e-07
3.580222834417081e-07 3.955309744435589e-07
3.580222834417081e-07 3.955309744435589e-07
3.580222834417081e-07 3.955309744435589e-07
3.580222834417081e-07 3.955309744435589e-07
3.580222834417081e-07 3.955309744435589e-07
3.580222834417081e-07 3.955309744435589e-07
3.580222834417081e-07 3.955309744435589e-07
3.580222834417081e-07 3.955309744435589e-07
4.344340306956665e-07 3.955303115816661e-07
4.344340306956665e-07 3.955303115816661e-07
4.344340306956665e-07 3.955303115816661e-07
4.344340306956665e-07 3.955303115816661e-07
4.344340306956665e-07 3.955303115816661e-07
4.344340306956665e-07 3.955303115816661e-07
3.709030091359403e-07 3.955322957209619e-07
3.709030091359403e-07 3.955322957209619e-07
3.709030091359403e-07 3.955322957209619e-07
3.709030091359403e-07 3.955322957209619e-07
3.709030091359403e-07 3.955322957209619e-07
3.709030091359403e-07 3.955322957209619e-07
3.820147695490171e-07 3.9553078840237977e-07
3.820147695490171e-07 3.9553078840237977e-07
3.820147695490171e-07 3.9553078840237977e-07
3.820147695490171e-07 3.9553078840237977e-07
3.820147695490171e-07 3.9553078840237977e-07
3.820147695490171e-07 3.9553078840237977e-07
9.952315367847236e-09 3.955287153798579e-07
9.952315367847236e-09 3.955287153798579e-07
9.952315367847236e-09 3.955287153798579e-07
9.952315367847236e-09 3.955287153798579e-07
9.952315367847236e-09 3.955287153798579e-07
9.952315367847236e-09 3.955287153798579e-07
9.952315367847236e-09 3.955287153798579e-07
9.952315367847236e-09 3.955287153798579e-07
9.952315367847236e-09 3.955287153798579e-07
9.952315367847236e-09 3.955287153798579e-07
9.952315367847236e-09 3.955287153798579e-07
9.952315367847236e-09 3.955287153798579e-07
9.952315367847236e-09 3.955287153798579e-07
9.952315367847236e-09 3.955287153798579e-07
9.952315367847236e-09 3.955287153798579e-07
9.952315367847236e-09 3.955287153798579e-07
9.952315367847236e-09 3.955287153798579e-07
9.952315367847236e-09 3.955287153798579e-07
9.952315367847236e-09 3.955287153798579e-07
9.952315367847236e-09 3.955287153798579e-07
9.952315367847236e-09 3.955287153798579e-07
9.952315367847236e-09 3.955287153798579e-07
9.952315367847236e-09 3.955287153798579e-07
2.1161855460667619e-07 3.9553108880175853e-07
2.1161855460667619e-07 3.9553108880175853e-07
2.1161855460667619e-07 3.9553108880175853e-07
2.1161855460667619e-07 3.9553108880175853e-07
2.1161855460667619e-07 3.9553108880175853e-07
2.1161855460667619e-07 3.9553108880175853e-07
2.1161855460667619e-07 3.9553108880175853e-07
2.1161855460667619e-07 3.9553108880175853e-07
2.1161855460667619e-07 3.9553108880175853e-07
2.1161855460667619e-07 3.9553108880175853e-07
2.1161855460667619e-07 3.9553108880175853e-07
2.1161855460667619e-07 3.9553108880175853e-07
2.1161855460667619e-07 3.9553108880175853e-07
2.1161855460667619e-07 3.9553108880175853e-07
2.1161855460667619e-07 3.9553108880175853e-07
2.1161855460667619e-07 3.9553108880175853e-07
2.1161855460667619e-07 3.9553108880175853e-07
2.1161855460667619e-07 3.9553108880175853e-07
2.1161855460667619e-07 3.9553108880175853e-07
2.1161855460667619e-07 3.9553108880175853e-07
2.1161855460667619e-07 3.9553108880175853e-07
2.1161855460667619e-07 3.9553108880175853e-07
2.1161855460667619e-07 3.9553108880175853e-07
2.1161855460667619e-07 3.9553108880175853e-07
2.1161855460667619e-07 3.9553108880175853e-07
2.1161855460667619e-07 3.9553108880175853e-07
2.1161855460667619e-07 3.9553108880175853e-07
2.1161855460667619e-07 3.9553108880175853e-07
2.1161855460667619e-07 3.9553108880175853e-07
2.1161855460667619e-07 3.9553108880175853e-07
2.1161855460667619e-07 3.9553108880175853e-07
2.1161855460667619e-07 3.9553108880175853e-07
2.1161855460667619e-07 3.9553108880175853e-07
2.1161855460667619e-07 3.9553108880175853e-07
2.1161855460667619e-07 3.9553108880175853e-07
2.1161855460667619e-07 3.9553108880175853e-07
2.1161855460667619e-07 3.9553108880175853e-07
2.1161855460667619e-07 3.9553108880175853e-07
2.1161855460667619e-07 3.9553108880175853e-07
2.1161855460667619e-07 3.9553108880175853e-07
2.1161855460667619e-07 3.9553108880175853e-07
2.1161855460667619e-07 3.9553108880175853e-07
2.1161855460667619e-07 3.9553108880175853e-07
2.1161855460667619e-07 3.9553108880175853e-07
2.1161855460667619e-07 3.9553108880175853e-07
2.1161855460667619e-07 3.9553108880175853e-07
3.615997449671255e-07 3.955302663587089e-07
3.615997449671255e-07 3.955302663587089e-07
3.615997449671255e-07 3.955302663587089e-07
3.615997449671255e-07 3.955302663587089e-07
3.615997449671255e-07 3.955302663587089e-07
3.615997449671255e-07 3.955302663587089e-07
3.615997449671255e-07 3.955302663587089e-07
3.615997449671255e-07 3.955302663587089e-07
3.615997449671255e-07 3.955302663587089e-07
3.615997449671255e-07 3.955302663587089e-07
3.615997449671255e-07 3.955302663587089e-07
3.615997449671255e-07 3.955302663587089e-07
3.615997449671255e-07 3.955302663587089e-07
3.615997449671255e-07 3.955302663587089e-07
3.615997449671255e-07 3.955302663587089e-07
3.615997449671255e-07 3.955302663587089e-07
3.615997449671255e-07 3.955302663587089e-07
3.615997449671255e-07 3.955302663587089e-07
3.615997449671255e-07 3.955302663587089e-07
3.615997449671255e-07 3.955302663587089e-07
3.615997449671255e-07 3.955302663587089e-07
3.615997449671255e-07 3.955302663587089e-07
3.615997449671255e-07 3.955302663587089e-07
4.0689919869814676e-07 3.955307568180859e-07
4.0689919869814676e-07 3.955307568180859e-07
4.0689919869814676e-07 3.955307568180859e-07
4.0689919869814676e-07 3.955307568180859e-07
4.0689919869814676e-07 3.955307568180859e-07
4.0689919869814676e-07 3.955307568180859e-07
4.0689919869814676e-07 3.955307568180859e-07
4.0689919869814676e-07 3.955307568180859e-07
4.0689919869814676e-07 3.955307568180859e-07
4.322140154437662e-07 3.955304776171979e-07
4.322140154437662e-07 3.955304776171979e-07
4.322140154437662e-07 3.955304776171979e-07
4.322140154437662e-07 3.955304776171979e-07
4.322140154437662e-07 3.955304776171979e-07
4.322140154437662e-07 3.955304776171979e-07
3.7941359072343303e-07 3.955307643505294e-07
3.7941359072343303e-07 3.955307643505294e-07
3.7941359072343303e-07 3.955307643505294e-07
3.7941359072343303e-07 3.955307643505294e-07
3.7941359072343303e-07 3.955307643505294e-07
3.7941359072343303e-07 3.955307643505294e-07
4.088661203473448e-07 3.9553012043114846e-07
4.088661203473448e-07 3.9553012043114846e-07
4.088661203473448e-07 3.9553012043114846e-07
4.088661203473448e-07 3.9553012043114846e-07
4.088661203473448e-07 3.9553012043114846e-07
4.088661203473448e-07 3.9553012043114846e-07
4.088661203473448e-07 3.9553012043114846e-07
4.088661203473448e-07 3.9553012043114846e-07
4.088661203473448e-07 3.9553012043114846e-07
3.139990497228012e-07 3.955317211992537e-07
3.139990497228012e-07 3.955317211992537e-07
3.139990497228012e-07 3.955317211992537e-07
3.139990497228012e-07 3.955317211992537e-07
3.139990497228012e-07 3.955317211992537e-07
3.139990497228012e-07 3.955317211992537e-07
3.139990497228012e-07 3.955317211992537e-07
3.139990497228012e-07 3.955317211992537e-07
3.139990497228012e-07 3.955317211992537e-07
3.139990497228012e-07 3.955317211992537e-07
3.139990497228012e-07 3.955317211992537e-07
3.139990497228012e-07 3.955317211992537e-07
3.139990497228012e-07 3.955317211992537e-07
3.139990497228012e-07 3.955317211992537e-07
3.139990497228012e-07 3.955317211992537e-07
3.139990497228012e-07 3.955317211992537e-07
3.139990497228012e-07 3.955317211992537e-07
3.139990497228012e-07 3.955317211992537e-07
3.139990497228012e-07 3.955317211992537e-07
3.139990497228012e-07 3.955317211992537e-07
3.139990497228012e-07 3.955317211992537e-07
3.139990497228012e-07 3.955317211992537e-07
3.139990497228012e-07 3.955317211992537e-07
5.38801575753868e-08 3.955279518819499e-07
5.38801575753868e-08 3.955279518819499e-07
5.38801575753868e-08 3.955279518819499e-07
5.38801575753868e-08 3.955279518819499e-07
5.38801575753868e-08 3.955279518819499e-07
5.38801575753868e-08 3.955279518819499e-07
5.38801575753868e-08 3.955279518819499e-07
5.38801575753868e-08 3.955279518819499e-07
5.38801575753868e-08 3.955279518819499e-07
5.38801575753868e-08 3.955279518819499e-07
5.38801575753868e-08 3.955279518819499e-07
5.38801575753868e-08 3.955279518819499e-07
5.38801575753868e-08 3.955279518819499e-07
5.38801575753868e-08 3.955279518819499e-07
5.38801575753868e-08 3.955279518819499e-07
5.38801575753868e-08 3.955279518819499e-07
5.38801575753868e-08 3.955279518819499e-07
5.38801575753868e-08 3.955279518819499e-07
5.38801575753868e-08 3.955279518819499e-07
5.38801575753868e-08 3.955279518819499e-07
5.38801575753868e-08 3.955279518819499e-07
5.38801575753868e-08 3.955279518819499e-07
5.38801575753868e-08 3.955279518819499e-07
3.483039648655718e-07 3.955317443031671e-07
3.483039648655718e-07 3.955317443031671e-07
3.483039648655718e-07 3.955317443031671e-07
3.483039648655718e-07 3.955317443031671e-07
3.483039648655718e-07 3.955317443031671e-07
3.483039648655718e-07 3.955317443031671e-07
3.483039648655718e-07 3.955317443031671e-07
3.483039648655718e-07 3.955317443031671e-07
3.483039648655718e-07 3.955317443031671e-07
3.483039648655718e-07 3.955317443031671e-07
3.483039648655718e-07 3.955317443031671e-07
3.483039648655718e-07 3.955317443031671e-07
3.483039648655718e-07 3.955317443031671e-07
3.483039648655718e-07 3.955317443031671e-07
3.483039648655718e-07 3.955317443031671e-07
3.483039648655718e-07 3.955317443031671e-07
3.483039648655718e-07 3.955317443031671e-07
3.483039648655718e-07 3.955317443031671e-07
3.483039648655718e-07 3.955317443031671e-07
3.483039648655718e-07 3.955317443031671e-07
3.483039648655718e-07 3.955317443031671e-07
3.483039648655718e-07 3.955317443031671e-07
3.483039648655718e-07 3.955317443031671e-07
3.073580345278888e-07 3.9553351711796394e-07
3.073580345278888e-07 3.9553351711796394e-07
3.073580345278888e-07 3.9553351711796394e-07
3.073580345278888e-07 3.9553351711796394e-07
3.073580345278888e-07 3.9553351711796394e-07
3.073580345278888e-07 3.9553351711796394e-07
3.073580345278888e-07 3.9553351711796394e-07
3.073580345278888e-07 3.9553351711796394e-07
3.073580345278888e-07 3.9553351711796394e-07
3.073580345278888e-07 3.9553351711796394e-07
3.073580345278888e-07 3.9553351711796394e-07
3.073580345278888e-07 3.9553351711796394e-07
3.073580345278888e-07 3.9553351711796394e-07
3.073580345278888e-07 3.9553351711796394e-07
3.073580345278888e-07 3.9553351711796394e-07
3.073580345278888e-07 3.9553351711796394e-07
3.073580345278888e-07 3.9553351711796394e-07
3.073580345278888e-07 3.9553351711796394e-07
3.073580345278888e-07 3.9553351711796394e-07
3.073580345278888e-07 3.9553351711796394e-07
3.073580345278888e-07 3.9553351711796394e-07
3.073580345278888e-07 3.9553351711796394e-07
3.073580345278888e-07 3.9553351711796394e-07
1.6532835343963203e-09 3.955319432212481e-07
1.6532835343963203e-09 3.955319432212481e-07
1.6532835343963203e-09 3.955319432212481e-07
1.6532835343963203e-09 3.955319432212481e-07
1.6532835343963203e-09 3.955319432212481e-07
1.6532835343963203e-09 3.955319432212481e-07
1.6532835343963203e-09 3.955319432212481e-07
1.6532835343963203e-09 3.955319432212481e-07
1.6532835343963203e-09 3.955319432212481e-07
1.6532835343963203e-09 3.955319432212481e-07
1.6532835343963203e-09 3.955319432212481e-07
1.6532835343963203e-09 3.955319432212481e-07
1.6532835343963203e-09 3.955319432212481e-07
1.6532835343963203e-09 3.955319432212481e-07
1.6532835343963203e-09 3.955319432212481e-07
1.6532835343963203e-09 3.955319432212481e-07
1.6532835343963203e-09 3.955319432212481e-07
1.6532835343963203e-09 3.955319432212481e-07
1.6532835343963203e-09 3.955319432212481e-07
1.6532835343963203e-09 3.955319432212481e-07
1.6532835343963203e-09 3.955319432212481e-07
1.6532835343963203e-09 3.955319432212481e-07
1.6532835343963203e-09 3.955319432212481e-07
2.607888040811375e-07 3.9553003521441905e-07
2.607888040811375e-07 3.9553003521441905e-07
2.607888040811375e-07 3.9553003521441905e-07
2.607888040811375e-07 3.9553003521441905e-07
2.607888040811375e-07 3.9553003521441905e-07
2.607888040811375e-07 3.9553003521441905e-07
3.488750665206307e-07 3.9553064740957835e-07
3.488750665206307e-07 3.9553064740957835e-07
3.488750665206307e-07 3.9553064740957835e-07
3.488750665206307e-07 3.9553064740957835e-07
3.488750665206307e-07 3.9553064740957835e-07
3.488750665206307e-07 3.9553064740957835e-07
4.295074747528192e-07 3.955313923314055e-07
4.295074747528192e-07 3.955313923314055e-07
4.295074747528192e-07 3.955313923314055e-07
4.295074747528192e-07 3.955313923314055e-07
4.295074747528192e-07 3.955313923314055e-07
4.295074747528192e-07 3.955313923314055e-07
4.295074747528192e-07 3.955313923314055e-07
4.295074747528192e-07 3.955313923314055e-07
4.295074747528192e-07 3.955313923314055e-07
4.295074747528192e-07 3.955313923314055e-07
4.295074747528192e-07 3.955313923314055e-07
4.295074747528192e-07 3.955313923314055e-07
4.295074747528192e-07 3.955313923314055e-07
4.295074747528192e-07 3.955313923314055e-07
4.295074747528192e-07 3.955313923314055e-07
4.295074747528192e-07 3.955313923314055e-07
4.295074747528192e-07 3.955313923314055e-07
4.295074747528192e-07 3.955313923314055e-07
4.295074747528192e-07 3.955313923314055e-07
4.295074747528192e-07 3.955313923314055e-07
4.295074747528192e-07 3.955313923314055e-07
4.295074747528192e-07 3.955313923314055e-07
4.295074747528192e-07 3.955313923314055e-07
2.9465459843005616e-07 3.955318764215608e-07
2.9465459843005616e-07 3.955318764215608e-07
2.9465459843005616e-07 3.955318764215608e-07
2.9465459843005616e-07 3.955318764215608e-07
2.9465459843005616e-07 3.955318764215608e-07
2.9465459843005616e-07 3.955318764215608e-07
3.875920493311799e-07 3.9552953070203e-07
3.875920493311799e-07 3.9552953070203e-07
3.875920493311799e-07 3.9552953070203e-07
3.875920493311799e-07 3.9552953070203e-07
3.875920493311799e-07 3.9552953070203e-07
3.875920493311799e-07 3.9552953070203e-07
3.875920493311799e-07 3.9552953070203e-07
3.875920493311799e-07 3.9552953070203e-07
3.875920493311799e-07 3.9552953070203e-07
3.875920493311799e-07 3.9552953070203e-07
3.875920493311799e-07 3.9552953070203e-07
3.875920493311799e-07 3.9552953070203e-07
3.875920493311799e-07 3.9552953070203e-07
3.875920493311799e-07 3.9552953070203e-07
3.875920493311799e-07 3.9552953070203e-07
3.875920493311799e-07 3.9552953070203e-07
3.875920493311799e-07 3.9552953070203e-07
3.875920493311799e-07 3.9552953070203e-07
3.875920493311799e-07 3.9552953070203e-07
3.875920493311799e-07 3.9552953070203e-07
3.875920493311799e-07 3.9552953070203e-07
3.875920493311799e-07 3.9552953070203e-07
3.875920493311799e-07 3.9552953070203e-07
1.3775558186419724e-07 3.955286767821762e-07
1.3775558186419724e-07 3.955286767821762e-07
1.3775558186419724e-07 3.955286767821762e-07
1.3775558186419724e-07 3.955286767821762e-07
1.3775558186419724e-07 3.955286767821762e-07
1.3775558186419724e-07 3.955286767821762e-07
4.278402605509727e-07 3.955293255926688e-07
4.278402605509727e-07 3.955293255926688e-07
4.278402605509727e-07 3.955293255926688e-07
4.278402605509727e-07 3.955293255926688e-07
4.278402605509727e-07 3.955293255926688e-07
4.278402605509727e-07 3.955293255926688e-07
9.038499401367634e-08 3.9552839710772274e-07
9.038499401367634e-08 3.9552839710772274e-07
9.038499401367634e-08 3.9552839710772274e-07
9.038499401367634e-08 3.9552839710772274e-07
9.038499401367634e-08 3.9552839710772274e-07
9.038499401367634e-08 3.9552839710772274e-07
3.6346393335725317e-07 3.955583850625141e-07
3.6346393335725317e-07 3.955583850625141e-07
3.6346393335725317e-07 3.955583850625141e-07
3.6346393335725317e-07 3.955583850625141e-07
3.6346393335725317e-07 3.955583850625141e-07
3.6346393335725317e-07 3.955583850625141e-07
3.6346393335725317e-07 3.955583850625141e-07
3.6346393335725317e-07 3.955583850625141e-07
3.6346393335725317e-07 3.955583850625141e-07
3.6346393335725317e-07 3.955583850625141e-07
3.6346393335725317e-07 3.955583850625141e-07
3.6346393335725317e-07 3.955583850625141e-07
3.6346393335725317e-07 3.955583850625141e-07
3.6346393335725317e-07 3.955583850625141e-07
3.6346393335725317e-07 3.955583850625141e-07
3.6346393335725317e-07 3.955583850625141e-07
3.6346393335725317e-07 3.955583850625141e-07
3.6346393335725317e-07 3.955583850625141e-07
3.6346393335725317e-07 3.955583850625141e-07
3.6346393335725317e-07 3.955583850625141e-07
3.6346393335725317e-07 3.955583850625141e-07
3.6346393335725317e-07 3.955583850625141e-07
3.6346393335725317e-07 3.955583850625141e-07
3.292859965466161e-07 3.9553023007227693e-07
3.292859965466161e-07 3.9553023007227693e-07
3.292859965466161e-07 3.9553023007227693e-07
3.292859965466161e-07 3.9553023007227693e-07
3.292859965466161e-07 3.9553023007227693e-07
3.292859965466161e-07 3.9553023007227693e-07
3.292859965466161e-07 3.9553023007227693e-07
3.292859965466161e-07 3.9553023007227693e-07
3.292859965466161e-07 3.9553023007227693e-07
3.292859965466161e-07 3.9553023007227693e-07
3.292859965466161e-07 3.9553023007227693e-07
3.292859965466161e-07 3.9553023007227693e-07
3.292859965466161e-07 3.9553023007227693e-07
3.292859965466161e-07 3.9553023007227693e-07
3.292859965466161e-07 3.9553023007227693e-07
3.292859965466161e-07 3.9553023007227693e-07
3.292859965466161e-07 3.9553023007227693e-07
3.292859965466161e-07 3.9553023007227693e-07
3.292859965466161e-07 3.9553023007227693e-07
3.292859965466161e-07 3.9553023007227693e-07
3.292859965466161e-07 3.9553023007227693e-07
3.292859965466161e-07 3.9553023007227693e-07
3.292859965466161e-07 3.9553023007227693e-07
3.4080181207821263e-07 3.9553123573783476e-07
3.4080181207821263e-07 3.9553123573783476e-07
3.4080181207821263e-07 3.9553123573783476e-07
3.4080181207821263e-07 3.9553123573783476e-07
3.4080181207821263e-07 3.9553123573783476e-07
3.4080181207821263e-07 3.9553123573783476e-07
3.4080181207821263e-07 3.9553123573783476e-07
3.4080181207821263e-07 3.9553123573783476e-07
3.4080181207821263e-07 3.9553123573783476e-07
3.4080181207821263e-07 3.9553123573783476e-07
3.4080181207821263e-07 3.9553123573783476e-07
3.4080181207821263e-07 3.9553123573783476e-07
3.4080181207821263e-07 3.9553123573783476e-07
3.4080181207821263e-07 3.9553123573783476e-07
3.4080181207821263e-07 3.9553123573783476e-07
3.4080181207821263e-07 3.9553123573783476e-07
3.4080181207821263e-07 3.9553123573783476e-07
3.4080181207821263e-07 3.9553123573783476e-07
3.4080181207821263e-07 3.9553123573783476e-07
3.4080181207821263e-07 3.9553123573783476e-07
3.4080181207821263e-07 3.9553123573783476e-07
3.4080181207821263e-07 3.9553123573783476e-07
3.4080181207821263e-07 3.9553123573783476e-07
3.531241150990187e-07 3.95530366297526e-07
3.531241150990187e-07 3.95530366297526e-07
3.531241150990187e-07 3.95530366297526e-07
3.531241150990187e-07 3.95530366297526e-07
3.531241150990187e-07 3.95530366297526e-07
3.531241150990187e-07 3.95530366297526e-07
3.8971820393140126e-07 3.9553111912711247e-07
3.8971820393140126e-07 3.9553111912711247e-07
3.8971820393140126e-07 3.9553111912711247e-07
3.8971820393140126e-07 3.9553111912711247e-07
3.8971820393140126e-07 3.9553111912711247e-07
3.8971820393140126e-07 3.9553111912711247e-07
4.4479009345338896e-07 3.9553007441905097e-07
4.4479009345338896e-07 3.9553007441905097e-07
4.4479009345338896e-07 3.9553007441905097e-07
4.4479009345338896e-07 3.9553007441905097e-07
4.4479009345338896e-07 3.9553007441905097e-07
4.4479009345338896e-07 3.9553007441905097e-07
4.4479009345338896e-07 3.9553007441905097e-07
4.4479009345338896e-07 3.9553007441905097e-07
4.4479009345338896e-07 3.9553007441905097e-07
4.4479009345338896e-07 3.9553007441905097e-07
4.4479009345338896e-07 3.9553007441905097e-07
4.4479009345338896e-07 3.9553007441905097e-07
3.2785220077594957e-07 3.955300772021395e-07
3.2785220077594957e-07 3.955300772021395e-07
3.2785220077594957e-07 3.955300772021395e-07
3.2785220077594957e-07 3.955300772021395e-07
3.2785220077594957e-07 3.955300772021395e-07
3.2785220077594957e-07 3.955300772021395e-07
3.2785220077594957e-07 3.955300772021395e-07
3.2785220077594957e-07 3.955300772021395e-07
3.2785220077594957e-07 3.955300772021395e-07
3.2785220077594957e-07 3.955300772021395e-07
3.2785220077594957e-07 3.955300772021395e-07
3.2785220077594957e-07 3.955300772021395e-07
4.2791082544314297e-07 3.9553130367091877e-07
4.2791082544314297e-07 3.9553130367091877e-07
4.2791082544314297e-07 3.9553130367091877e-07
4.2791082544314297e-07 3.9553130367091877e-07
4.2791082544314297e-07 3.9553130367091877e-07
4.2791082544314297e-07 3.9553130367091877e-07
4.2791082544314297e-07 3.9553130367091877e-07
4.2791082544314297e-07 3.9553130367091877e-07
4.2791082544314297e-07 3.9553130367091877e-07
4.2791082544314297e-07 3.9553130367091877e-07
4.2791082544314297e-07 3.9553130367091877e-07
4.2791082544314297e-07 3.9553130367091877e-07
4.2791082544314297e-07 3.9553130367091877e-07
4.2791082544314297e-07 3.9553130367091877e-07
4.2791082544314297e-07 3.9553130367091877e-07
4.2791082544314297e-07 3.9553130367091877e-07
4.2791082544314297e-07 3.9553130367091877e-07
4.2791082544314297e-07 3.9553130367091877e-07
4.2791082544314297e-07 3.9553130367091877e-07
4.2791082544314297e-07 3.9553130367091877e-07
4.2791082544314297e-07 3.9553130367091877e-07
4.2791082544314297e-07 3.9553130367091877e-07
4.2791082544314297e-07 3.9553130367091877e-07
4.187366884453975e-07 3.955300696945286e-07
4.187366884453975e-07 3.955300696945286e-07
4.187366884453975e-07 3.955300696945286e-07
4.187366884453975e-07 3.955300696945286e-07
4.187366884453975e-07 3.955300696945286e-07
4.187366884453975e-07 3.955300696945286e-07
5.262940524382534e-07 3.9553079672158993e-07
5.262940524382534e-07 3.9553079672158993e-07
5.262940524382534e-07 3.9553079672158993e-07
5.262940524382534e-07 3.9553079672158993e-07
5.262940524382534e-07 3.9553079672158993e-07
5.262940524382534e-07 3.9553079672158993e-07
5.262940524382534e-07 3.9553079672158993e-07
5.262940524382534e-07 3.9553079672158993e-07
5.262940524382534e-07 3.9553079672158993e-07
5.262940524382534e-07 3.9553079672158993e-07
5.262940524382534e-07 3.9553079672158993e-07
5.262940524382534e-07 3.9553079672158993e-07
5.262940524382534e-07 3.9553079672158993e-07
5.262940524382534e-07 3.9553079672158993e-07
5.262940524382534e-07 3.9553079672158993e-07
5.262940524382534e-07 3.9553079672158993e-07
5.262940524382534e-07 3.9553079672158993e-07
5.262940524382534e-07 3.9553079672158993e-07
5.262940524382534e-07 3.9553079672158993e-07
5.262940524382534e-07 3.9553079672158993e-07
5.262940524382534e-07 3.9553079672158993e-07
5.262940524382534e-07 3.9553079672158993e-07
5.262940524382534e-07 3.9553079672158993e-07
3.24867102999274e-07 3.955296294258968e-07
3.24867102999274e-07 3.955296294258968e-07
3.24867102999274e-07 3.955296294258968e-07
3.24867102999274e-07 3.955296294258968e-07
3.24867102999274e-07 3.955296294258968e-07
3.24867102999274e-07 3.955296294258968e-07
3.24867102999274e-07 3.955296294258968e-07
3.24867102999274e-07 3.955296294258968e-07
3.24867102999274e-07 3.955296294258968e-07
3.24867102999274e-07 3.955296294258968e-07
3.24867102999274e-07 3.955296294258968e-07
3.24867102999274e-07 3.955296294258968e-07
3.24867102999274e-07 3.955296294258968e-07
3.24867102999274e-07 3.955296294258968e-07
3.24867102999274e-07 3.955296294258968e-07
3.24867102999274e-07 3.955296294258968e-07
3.24867102999274e-07 3.955296294258968e-07
3.24867102999274e-07 3.955296294258968e-07
3.24867102999274e-07 3.955296294258968e-07
3.24867102999274e-07 3.955296294258968e-07
3.24867102999274e-07 3.955296294258968e-07
3.24867102999274e-07 3.955296294258968e-07
3.24867102999274e-07 3.955296294258968e-07
3.3853831442358057e-07 3.9553096665397344e-07
3.3853831442358057e-07 3.9553096665397344e-07
3.3853831442358057e-07 3.9553096665397344e-07
3.3853831442358057e-07 3.9553096665397344e-07
3.3853831442358057e-07 3.9553096665397344e-07
3.3853831442358057e-07 3.9553096665397344e-07
3.3853831442358057e-07 3.9553096665397344e-07
3.3853831442358057e-07 3.9553096665397344e-07
3.3853831442358057e-07 3.9553096665397344e-07
3.3853831442358057e-07 3.9553096665397344e-07
3.3853831442358057e-07 3.9553096665397344e-07
3.3853831442358057e-07 3.9553096665397344e-07
3.3853831442358057e-07 3.9553096665397344e-07
3.3853831442358057e-07 3.9553096665397344e-07
3.3853831442358057e-07 3.9553096665397344e-07
3.3853831442358057e-07 3.9553096665397344e-07
3.3853831442358057e-07 3.9553096665397344e-07
3.3853831442358057e-07 3.9553096665397344e-07
3.3853831442358057e-07 3.9553096665397344e-07
3.3853831442358057e-07 3.9553096665397344e-07
3.3853831442358057e-07 3.9553096665397344e-07
3.3853831442358057e-07 3.9553096665397344e-07
3.3853831442358057e-07 3.9553096665397344e-07
4.502533157891815e-07 3.9553013592382835e-07
4.502533157891815e-07 3.9553013592382835e-07
4.502533157891815e-07 3.9553013592382835e-07
4.502533157891815e-07 3.9553013592382835e-07
4.502533157891815e-07 3.9553013592382835e-07
4.502533157891815e-07 3.9553013592382835e-07
4.502533157891815e-07 3.9553013592382835e-07
4.502533157891815e-07 3.9553013592382835e-07
4.502533157891815e-07 3.9553013592382835e-07
4.502533157891815e-07 3.9553013592382835e-07
4.502533157891815e-07 3.9553013592382835e-07
4.502533157891815e-07 3.9553013592382835e-07
4.502533157891815e-07 3.9553013592382835e-07
4.502533157891815e-07 3.9553013592382835e-07
4.502533157891815e-07 3.9553013592382835e-07
4.502533157891815e-07 3.9553013592382835e-07
4.502533157891815e-07 3.9553013592382835e-07
4.502533157891815e-07 3.9553013592382835e-07
4.502533157891815e-07 3.9553013592382835e-07
4.502533157891815e-07 3.9553013592382835e-07
4.502533157891815e-07 3.9553013592382835e-07
4.502533157891815e-07 3.9553013592382835e-07
4.502533157891815e-07 3.9553013592382835e-07
2.770066589946123e-07 3.9553070392708244e-07
2.770066589946123e-07 3.9553070392708244e-07
2.770066589946123e-07 3.9553070392708244e-07
2.770066589946123e-07 3.9553070392708244e-07
2.770066589946123e-07 3.9553070392708244e-07
2.770066589946123e-07 3.9553070392708244e-07
3.307096344705234e-07 3.9552994779806863e-07
3.307096344705234e-07 3.9552994779806863e-07
3.307096344705234e-07 3.9552994779806863e-07
3.307096344705234e-07 3.9552994779806863e-07
3.307096344705234e-07 3.9552994779806863e-07
3.307096344705234e-07 3.9552994779806863e-07
3.307096344705234e-07 3.9552994779806863e-07
3.307096344705234e-07 3.9552994779806863e-07
3.307096344705234e-07 3.9552994779806863e-07
3.307096344705234e-07 3.9552994779806863e-07
3.307096344705234e-07 3.9552994779806863e-07
3.307096344705234e-07 3.9552994779806863e-07
3.307096344705234e-07 3.9552994779806863e-07
3.307096344705234e-07 3.9552994779806863e-07
3.307096344705234e-07 3.9552994779806863e-07
3.307096344705234e-07 3.9552994779806863e-07
3.307096344705234e-07 3.9552994779806863e-07
3.307096344705234e-07 3.9552994779806863e-07
3.307096344705234e-07 3.9552994779806863e-07
3.307096344705234e-07 3.9552994779806863e-07
3.307096344705234e-07 3.9552994779806863e-07
3.307096344705234e-07 3.9552994779806863e-07
3.307096344705234e-07 3.9552994779806863e-07
3.5149800375505734e-07 3.9552994706778796e-07
3.5149800375505734e-07 3.9552994706778796e-07
3.5149800375505734e-07 3.9552994706778796e-07
3.5149800375505734e-07 3.9552994706778796e-07
3.5149800375505734e-07 3.9552994706778796e-07
3.5149800375505734e-07 3.9552994706778796e-07
3.5149800375505734e-07 3.9552994706778796e-07
3.5149800375505734e-07 3.9552994706778796e-07
3.5149800375505734e-07 3.9552994706778796e-07
3.5149800375505734e-07 3.9552994706778796e-07
3.5149800375505734e-07 3.9552994706778796e-07
3.5149800375505734e-07 3.9552994706778796e-07
3.5149800375505734e-07 3.9552994706778796e-07
3.5149800375505734e-07 3.9552994706778796e-07
3.5149800375505734e-07 3.9552994706778796e-07
3.5149800375505734e-07 3.9552994706778796e-07
3.5149800375505734e-07 3.9552994706778796e-07
3.5149800375505734e-07 3.9552994706778796e-07
3.5149800375505734e-07 3.9552994706778796e-07
3.5149800375505734e-07 3.9552994706778796e-07
3.5149800375505734e-07 3.9552994706778796e-07
3.5149800375505734e-07 3.9552994706778796e-07
3.5149800375505734e-07 3.9552994706778796e-07
4.1938976980626087e-07 3.9553175797440814e-07
4.1938976980626087e-07 3.9553175797440814e-07
4.1938976980626087e-07 3.9553175797440814e-07
4.1938976980626087e-07 3.9553175797440814e-07
4.1938976980626087e-07 3.9553175797440814e-07
4.1938976980626087e-07 3.9553175797440814e-07
5.314445025838912e-07 3.955306000749994e-07
5.314445025838912e-07 3.955306000749994e-07
5.314445025838912e-07 3.955306000749994e-07
5.314445025838912e-07 3.955306000749994e-07
5.314445025838912e-07 3.955306000749994e-07
5.314445025838912e-07 3.955306000749994e-07
5.314445025838912e-07 3.955306000749994e-07
5.314445025838912e-07 3.955306000749994e-07
5.314445025838912e-07 3.955306000749994e-07
5.314445025838912e-07 3.955306000749994e-07
5.314445025838912e-07 3.955306000749994e-07
5.314445025838912e-07 3.955306000749994e-07
5.314445025838912e-07 3.955306000749994e-07
5.314445025838912e-07 3.955306000749994e-07
5.314445025838912e-07 3.955306000749994e-07
5.314445025838912e-07 3.955306000749994e-07
5.314445025838912e-07 3.955306000749994e-07
5.314445025838912e-07 3.955306000749994e-07
5.314445025838912e-07 3.955306000749994e-07
5.314445025838912e-07 3.955306000749994e-07
5.314445025838912e-07 3.955306000749994e-07
5.314445025838912e-07 3.955306000749994e-07
5.314445025838912e-07 3.955306000749994e-07
4.2181297086428485e-07 3.9552988367501765e-07
4.2181297086428485e-07 3.9552988367501765e-07
4.2181297086428485e-07 3.9552988367501765e-07
4.2181297086428485e-07 3.9552988367501765e-07
4.2181297086428485e-07 3.9552988367501765e-07
4.2181297086428485e-07 3.9552988367501765e-07
3.6727254767469124e-07 3.9553052594776686e-07
3.6727254767469124e-07 3.9553052594776686e-07
3.6727254767469124e-07 3.9553052594776686e-07
3.6727254767469124e-07 3.9553052594776686e-07
3.6727254767469124e-07 3.9553052594776686e-07
3.6727254767469124e-07 3.9553052594776686e-07