0.6295813614996549 0.6294330413734048
0.7078192392957365 0.7074672261961029
0.5518655705479737 0.5530007139142077
0.18665593488153176 0.18883327433488312
0.49713742156337326 0.4976674188145069
0.3920219592890917 0.39106677767604114
0.3920219592890917 0.39106677767604114
0.4970306310724732 0.4954663481409555
0.5803667660081913 0.5812665747741085
0.5803667660081913 0.5812665747741085
0.08540272869480267 0.08593272594593633
0.7104672479497215 0.7107994850325217
0.25475860405052375 0.25336637246545624
0.2235164526572045 0.2252330109183389
0.5604661602687956 0.5600666847287621
0.7298754308699668 0.7308009484577673
0.288660629707928 0.29106737095654617
1.977601683334553e-06 1.977601683334553e-06
0.029209176862851346 0.02813336154711735
0.42193318474952685 0.4211342336694597
0.17570595436090836 0.17293335680087332
1.977601683334553e-06 0.00499937705546975
0.43908690175077075 0.43863403096528714
0.3520625396756338 0.35396697009668493
1.977601683334553e-06 0.00499937705546975
0.16994124545398814 0.16986609659002141
0.18405143346458017 0.1854673962698477
0.21384598042569855 0.21503254143569928
0.5149022174847675 0.5150327391958676
0.10997442961023449 0.1117325175067189
0.3906910333562076 0.39300087212234236
0.20847679185544524 0.20660004785796074
0.4599446667049003 0.45890049301609964
0.33793653085157505 0.3406339795476434
0.22598054435463935 0.22609920045563942
0.07907044810476542 0.07913373135863214
0.34128856570482713 0.33710000533952456
0.04706494246167903 0.047567253289246
0.33921801674237584 0.3379998141054418
1.977601683334553e-06 1.977601683334553e-06
0.6848434629387556 0.6849008133875724
0.07481464928222947 0.07603285191916355
0.30431136942983766 0.30273324328653667
0.28371662549959165 0.282199805008474
0.4104294757575698 0.4076331469773347
0.2814483163688069 0.2827990183185244
0.12121709517999142 0.12243332021524217
1.977601683334553e-06 1.977601683334553e-06
0.8818719186493772 0.8836339617492283
1.977601683334553e-06 0.00499937705546975