0.006178091698196794 0.004989719710715274
0.007591575121850206 0.0050468240803716955
0.007591575121850206 0.0050468240803716955
0.026418885797572223 0.024801930488353562
0.026418885797572223 0.024801930488353562
0.01271263488277525 0.012714738727973117
0.01271263488277525 0.012714738727973117
0.01271263488277525 0.012714738727973117
0.01271263488277525 0.012714738727973117
0.01271263488277525 0.012714738727973117
0.01271263488277525 0.012714738727973117
0.01271263488277525 0.012714738727973117
0.01271263488277525 0.012714738727973117
0.01271263488277525 0.012714738727973117
0.035234297725953725 0.029962362209410138
0.035234297725953725 0.029962362209410138
0.035234297725953725 0.029962362209410138
0.035234297725953725 0.029962362209410138
0.035234297725953725 0.029962362209410138
0.035234297725953725 0.029962362209410138
0.035234297725953725 0.029962362209410138
0.035234297725953725 0.029962362209410138
0.035234297725953725 0.029962362209410138
0.035234297725953725 0.029962362209410138
0.035234297725953725 0.029962362209410138
0.035234297725953725 0.029962362209410138
0.035234297725953725 0.029962362209410138
0.035234297725953725 0.029962362209410138
0.035234297725953725 0.029962362209410138
0.035234297725953725 0.029962362209410138
0.035234297725953725 0.029962362209410138
0.035234297725953725 0.029962362209410138
0.017138824629775843 0.01761429364449404
0.017138824629775843 0.01761429364449404
0.017138824629775843 0.01761429364449404
0.020884570729923082 0.021139135998865126
0.020884570729923082 0.021139135998865126
0.020884570729923082 0.021139135998865126
0.020884570729923082 0.021139135998865126
0.003623422529356906 0.003929081181675749
0.003623422529356906 0.003929081181675749
0.003623422529356906 0.003929081181675749
0.003623422529356906 0.003929081181675749
0.003623422529356906 0.003929081181675749
0.003623422529356906 0.003929081181675749
0.003623422529356906 0.003929081181675749
0.003623422529356906 0.003929081181675749
0.003623422529356906 0.003929081181675749
0.05725314156684172 0.05464076692971744
0.032596977495769015 0.029791650199068837