6.210258813515204e-06 8.06675488846031e-06
6.210258813515204e-06 8.06675488846031e-06
6.210258813515204e-06 8.06675488846031e-06
6.5330284333326714e-06 8.066850145346426e-06
6.150054697419345e-06 8.06692409938848e-06
6.150054697419345e-06 8.06692409938848e-06
6.150054697419345e-06 8.06692409938848e-06
6.150054697419345e-06 8.06692409938848e-06
6.315109259946414e-06 8.066862547865815e-06
6.315109259946414e-06 8.066862547865815e-06
6.315109259946414e-06 8.066862547865815e-06
6.315109259946414e-06 8.066862547865815e-06
6.315109259946414e-06 8.066862547865815e-06
6.315109259946414e-06 8.066862547865815e-06
6.315109259946414e-06 8.066862547865815e-06
6.315109259946414e-06 8.066862547865815e-06
6.315109259946414e-06 8.066862547865815e-06
6.315109259946414e-06 8.066862547865815e-06
6.315109259946414e-06 8.066862547865815e-06
6.315109259946414e-06 8.066862547865815e-06
6.315109259946414e-06 8.066862547865815e-06
6.315109259946414e-06 8.066862547865815e-06
6.315109259946414e-06 8.066862547865815e-06
6.315109259946414e-06 8.066862547865815e-06
6.315109259946414e-06 8.066862547865815e-06
6.315109259946414e-06 8.066862547865815e-06
8.948927636140699e-06 8.067000528155088e-06
8.948927636140699e-06 8.067000528155088e-06
8.948927636140699e-06 8.067000528155088e-06
8.948927636140699e-06 8.067000528155088e-06
8.948927636140699e-06 8.067000528155088e-06
8.948927636140699e-06 8.067000528155088e-06
8.948927636140699e-06 8.067000528155088e-06
8.948927636140699e-06 8.067000528155088e-06
8.948927636140699e-06 8.067000528155088e-06
3.4089421768573055e-06 8.066100929181476e-06
7.263600173317059e-06 8.066718949726127e-06
7.263600173317059e-06 8.066718949726127e-06
1.211108275843256e-05 8.067031152562581e-06
1.211108275843256e-05 8.067031152562581e-06
1.211108275843256e-05 8.067031152562581e-06
1.211108275843256e-05 8.067031152562581e-06
1.211108275843256e-05 8.067031152562581e-06
1.211108275843256e-05 8.067031152562581e-06
1.211108275843256e-05 8.067031152562581e-06
1.211108275843256e-05 8.067031152562581e-06
1.211108275843256e-05 8.067031152562581e-06
4.71455549248075e-06 8.066734573197668e-06
3.5801536350491246e-06 8.066275512249505e-06
3.5801536350491246e-06 8.066275512249505e-06