1.8373319483562591e-06 1.9774142550783485e-06
1.8373319483562591e-06 1.9774142550783485e-06
1.8373319483562591e-06 1.9774142550783485e-06
1.8373319483562591e-06 1.9774142550783485e-06
1.8373319483562591e-06 1.9774142550783485e-06
1.8373319483562591e-06 1.9774142550783485e-06
1.8373319483562591e-06 1.9774142550783485e-06
1.8373319483562591e-06 1.9774142550783485e-06
1.8373319483562591e-06 1.9774142550783485e-06
1.8373319483562591e-06 1.9774142550783485e-06
1.8373319483562591e-06 1.9774142550783485e-06
1.8373319483562591e-06 1.9774142550783485e-06
1.8373319483562591e-06 1.9774142550783485e-06
1.8373319483562591e-06 1.9774142550783485e-06
1.8373319483562591e-06 1.9774142550783485e-06
1.8373319483562591e-06 1.9774142550783485e-06
1.8373319483562591e-06 1.9774142550783485e-06
1.8373319483562591e-06 1.9774142550783485e-06
1.8373319483562591e-06 1.9774142550783485e-06
1.8373319483562591e-06 1.9774142550783485e-06
1.8373319483562591e-06 1.9774142550783485e-06
1.8373319483562591e-06 1.9774142550783485e-06
1.8373319483562591e-06 1.9774142550783485e-06
1.8373319483562591e-06 1.9774142550783485e-06
1.8373319483562591e-06 1.9774142550783485e-06
1.8373319483562591e-06 1.9774142550783485e-06
1.8373319483562591e-06 1.9774142550783485e-06
1.8373319483562591e-06 1.9774142550783485e-06
1.8373319483562591e-06 1.9774142550783485e-06
1.8373319483562591e-06 1.9774142550783485e-06
1.8373319483562591e-06 1.9774142550783485e-06
1.8373319483562591e-06 1.9774142550783485e-06
1.8373319483562591e-06 1.9774142550783485e-06
1.8373319483562591e-06 1.9774142550783485e-06
1.8373319483562591e-06 1.9774142550783485e-06
1.8373319483562591e-06 1.9774142550783485e-06
1.8373319483562591e-06 1.9774142550783485e-06
1.8373319483562591e-06 1.9774142550783485e-06
1.8373319483562591e-06 1.9774142550783485e-06
1.977601683334553e-06 1.977601683334553e-06
1.977601683334553e-06 1.977601683334553e-06
1.977601683334553e-06 1.977601683334553e-06
1.977601683334553e-06 1.977601683334553e-06
1.977601683334553e-06 1.977601683334553e-06
1.977601683334553e-06 1.977601683334553e-06
1.977601683334553e-06 1.977601683334553e-06
1.977601683334553e-06 1.977601683334553e-06
1.977601683334553e-06 1.977601683334553e-06
1.977601683334553e-06 1.977601683334553e-06
1.977601683334553e-06 1.977601683334553e-06