5.327360117608862e-07 3.95491156528022e-07
5.131625127172708e-07 3.954919058793583e-07
6.063552437728007e-07 3.9549181611705214e-07
3.957361108657036e-07 3.954919421053154e-07
3.5411001123319307e-07 3.954918729705524e-07
3.5411001123319307e-07 3.954918729705524e-07
4.972703276049402e-07 3.9549192669396637e-07
3.679389971923812e-07 3.9549189153706726e-07
4.7645642653946864e-07 3.954919490029573e-07
5.872962571756783e-07 3.9549193403890214e-07
4.089598371678572e-07 3.954916764215519e-07
5.487382438623001e-07 3.954919358138817e-07
3.940703281649064e-07 3.954919005762509e-07
4.363405455911671e-07 3.9549188042531435e-07
3.9716797358811584e-07 3.9549183932010196e-07
3.5354184979004786e-07 3.954919092915758e-07
5.06580269019036e-07 3.9549103552372656e-07
3.6641784659059694e-07 3.954919229981936e-07
4.4660538311427494e-07 3.9549181209077394e-07
5.164303333462027e-07 3.9549194385336045e-07
3.634428178641861e-07 3.954919455329549e-07
4.841639655484544e-07 3.95491782444486e-07
4.0190618550399605e-07 3.9549194006699856e-07
4.42671662227928e-07 3.954919907530123e-07
5.039122912353591e-07 3.954918182125764e-07
5.317268752730523e-07 3.954922767270681e-07
4.2180244700053544e-07 3.9549182969111596e-07
4.478423541115784e-07 3.9549163333895103e-07
4.5381015082095855e-07 3.954918195502904e-07
4.5381015082095855e-07 3.954918195502904e-07
4.217146857123207e-07 3.954918602775974e-07
4.641405943385476e-07 3.954918884092372e-07
3.592671592711779e-07 3.9549186324563313e-07
2.4909756085145935e-07 3.9549193732777193e-07
5.276655081956537e-07 3.9549200298839445e-07
4.6624261061757534e-07 3.9549205856264704e-07
4.900708140694676e-07 3.954918475303845e-07
5.117665378959129e-07 3.954921529444854e-07
4.966110312857573e-07 3.954919003595625e-07
4.3381038184154205e-07 3.954919687052951e-07
4.820835126800258e-07 3.9549192903473387e-07
4.82025931589914e-07 3.954917908570554e-07
4.978617462198825e-07 3.954918909913341e-07
4.929818031755458e-07 3.954919926138629e-07
4.58483461474551e-07 3.954918805729304e-07
4.3977131497777066e-07 3.9549198886984954e-07
4.7364379526214643e-07 3.9549181745025315e-07
4.3713948164166825e-07 3.954919593464536e-07
5.28120058068887e-07 3.954919362629749e-07