0.053260307657915694 0.05460159557374988
0.06840568370754335 0.06677098906012044
0.006385089349335643 0.0069299875651432806
0.006385089349335643 0.0069299875651432806
0.006385089349335643 0.0069299875651432806
0.006385089349335643 0.0069299875651432806
0.006385089349335643 0.0069299875651432806
0.006385089349335643 0.0069299875651432806
0.006385089349335643 0.0069299875651432806
0.37743283081608986 0.3792631299512386
0.37743283081608986 0.3792631299512386
0.37743283081608986 0.3792631299512386
0.37743283081608986 0.3792631299512386
0.37743283081608986 0.3792631299512386
0.37743283081608986 0.3792631299512386
0.00733516828971819 0.006902044066896735
0.00733516828971819 0.006902044066896735
0.00733516828971819 0.006902044066896735
0.00733516828971819 0.006902044066896735
0.00733516828971819 0.006902044066896735
0.00733516828971819 0.006902044066896735
0.00733516828971819 0.006902044066896735
0.00733516828971819 0.006902044066896735
0.00733516828971819 0.006902044066896735
0.00733516828971819 0.006902044066896735
0.00733516828971819 0.006902044066896735
0.00733516828971819 0.006902044066896735
0.00733516828971819 0.006902044066896735
0.00733516828971819 0.006902044066896735
0.00733516828971819 0.006902044066896735
0.00733516828971819 0.006902044066896735
0.044444133961130596 0.04476548419096587
0.044444133961130596 0.04476548419096587
0.044444133961130596 0.04476548419096587
0.044444133961130596 0.04476548419096587
0.044444133961130596 0.04476548419096587
0.011498749528453468 0.009961857124893465
0.011498749528453468 0.009961857124893465
0.011498749528453468 0.009961857124893465
0.011498749528453468 0.009961857124893465
0.011498749528453468 0.009961857124893465
0.011498749528453468 0.009961857124893465
0.011498749528453468 0.009961857124893465
0.011498749528453468 0.009961857124893465
0.011498749528453468 0.009961857124893465
0.011498749528453468 0.009961857124893465
0.011498749528453468 0.009961857124893465
0.011498749528453468 0.009961857124893465
0.011498749528453468 0.009961857124893465
0.011498749528453468 0.009961857124893465