0.6223441633887201 0.6298098324397721
0.48562229656900485 0.4749482061116788
0.5682709940227053 0.6000997382308888
0.6348912328345255 0.6232645547825356
0.49289618824978654 0.5392244215182609
0.2936174531405294 0.31920538376471574
0.5316236684071279 0.5791970547475398
0.7064343407477918 0.7268806780799866
0.7064343407477918 0.7268806780799866
0.5978078586726766 0.6151675602278931
0.40549610146002774 0.3990558114142531
0.10677450060892815 0.09747014852247435
0.6100280666881308 0.6421563755476853
0.5020262609012136 0.5883939695115976
0.5860146002771673 0.6794220781947731
0.7045491132046419 0.7319571790528717
0.7594534344947296 0.7870039335358427
0.5595664711564036 0.623827638338676
0.07144616935201646 0.04370424289933788
0.2140641404314291 0.21687325895544327
0.23373251956269162 0.23756071783529545
0.4709667259263407 0.5163444713523804
0.6006512731497683 0.6759676358189733
0.6577778322157986 0.6921318784383442
0.48863544101795986 0.5641866259781346
0.5472220278007195 0.5750451446729286
0.5626244103195823 0.651106219466103
0.5595664711564036 0.623827638338676
0.6179906771001021 0.6839354956115179
0.6179906771001021 0.6839354956115179
0.60176099220292 0.683475649873315
0.5234377843414477 0.588527653736859
0.3169243529263547 0.339741310525358
0.6311568234948276 0.7009368394529446
0.6458575388104204 0.7390816383666727
0.4764141831263911 0.5372195080980444
0.4434977672634629 0.5166314374903761
0.26079377633439255 0.33774864565981216
0.5607136357909767 0.5755480353318309
0.5069417808698573 0.5004972913196243
0.7594534344947296 0.7870039335358427
0.6974393521564456 0.6709562271651945
0.6541746573904279 0.7418634601117068
0.48863544101795986 0.5641866259781346
0.2893255595839691 0.27228222069795766
0.7126888027212789 0.6926708148438484
0.7015167210269189 0.7387050828002296
0.5591913154247798 0.6159049232190601
0.3618653498887131 0.3448153617873091
0.7198657558408108 0.7433696823774795