0.01940148222270865 0.010638542557816641
0.01940148222270865 0.010638542557816641
0.01940148222270865 0.010638542557816641
0.01940148222270865 0.010638542557816641
0.028616904843803748 0.010638542557816641
0.028616904843803748 0.010638542557816641
0.028616904843803748 0.010638542557816641
0.028616904843803748 0.010638542557816641
0.028616904843803748 0.010638542557816641
0.028616904843803748 0.010638542557816641
0.028616904843803748 0.010638542557816641
0.028616904843803748 0.010638542557816641
0.028616904843803748 0.010638542557816641
0.028616904843803748 0.010638542557816641
0.014649424924165825 0.010638387861591596
0.014649424924165825 0.010638387861591596
0.014649424924165825 0.010638387861591596
0.014649424924165825 0.010638387861591596
0.04300429726996967 0.010638387861591596
0.04300429726996967 0.010638387861591596
0.04300429726996967 0.010638387861591596
0.04300429726996967 0.010638387861591596
0.04300429726996967 0.010638387861591596
0.04300429726996967 0.010638387861591596
0.04300429726996967 0.010638387861591596
0.04300429726996967 0.010638387861591596
0.04300429726996967 0.010638387861591596
0.04300429726996967 0.010638387861591596
0.04300429726996967 0.010638387861591596
0.04300429726996967 0.010638387861591596
0.10956718848372654 0.010638455034728536
0.05154945432940367 0.010638542557816641
0.05154945432940367 0.010638542557816641
0.05154945432940367 0.010638542557816641
0.05154945432940367 0.010638542557816641
0.05154945432940367 0.010638542557816641
0.05154945432940367 0.010638542557816641
0.05154945432940367 0.010638542557816641
0.02591828737366187 0.010638417628120504
0.02591828737366187 0.010638417628120504
0.02591828737366187 0.010638417628120504
0.02591828737366187 0.010638417628120504
0.02591828737366187 0.010638417628120504
0.02591828737366187 0.010638417628120504
0.02591828737366187 0.010638417628120504
0.02591828737366187 0.010638417628120504
0.02591828737366187 0.010638417628120504
0.02591828737366187 0.010638417628120504
0.02591828737366187 0.010638417628120504
0.02591828737366187 0.010638417628120504
0.02591828737366187 0.010638417628120504
0.02591828737366187 0.010638417628120504
0.02591828737366187 0.010638417628120504
0.02591828737366187 0.010638417628120504
0.02591828737366187 0.010638417628120504
0.02591828737366187 0.010638417628120504
0.02591828737366187 0.010638417628120504
0.02591828737366187 0.010638417628120504
0.039120665221699644 0.010638142003230447
0.039120665221699644 0.010638142003230447
0.007545895475227503 0.010638387861591596
0.007545895475227503 0.010638387861591596
0.007545895475227503 0.010638387861591596
0.007545895475227503 0.010638387861591596
0.03709108577175553 0.010638417628120504
0.03709108577175553 0.010638417628120504
0.03709108577175553 0.010638417628120504
0.03709108577175553 0.010638417628120504
0.03709108577175553 0.010638417628120504
0.03709108577175553 0.010638417628120504
0.03709108577175553 0.010638417628120504
0.03709108577175553 0.010638417628120504
0.03709108577175553 0.010638417628120504
0.03709108577175553 0.010638417628120504
0.03709108577175553 0.010638417628120504
0.03709108577175553 0.010638417628120504
0.03709108577175553 0.010638417628120504
0.03709108577175553 0.010638417628120504
0.03709108577175553 0.010638417628120504
0.03709108577175553 0.010638417628120504
0.03709108577175553 0.010638417628120504
0.03709108577175553 0.010638417628120504
0.03709108577175553 0.010638417628120504
0.03709108577175553 0.010638417628120504
0.03709108577175553 0.010638417628120504
0.03709108577175553 0.010638417628120504
0.03709108577175553 0.010638417628120504
0.03709108577175553 0.010638417628120504
0.03244175789965236 0.010638431129826733
0.03244175789965236 0.010638431129826733
0.03244175789965236 0.010638431129826733
0.03244175789965236 0.010638431129826733
0.03244175789965236 0.010638431129826733
0.03244175789965236 0.010638431129826733
0.03244175789965236 0.010638431129826733
0.03244175789965236 0.010638431129826733
0.03244175789965236 0.010638431129826733
0.03244175789965236 0.010638431129826733
0.052798886712167176 0.010638387861591596
0.052798886712167176 0.010638387861591596
0.052798886712167176 0.010638387861591596
0.052798886712167176 0.010638387861591596
0.052798886712167176 0.010638387861591596
0.052798886712167176 0.010638387861591596
0.052798886712167176 0.010638387861591596
0.032688334688092936 0.010638505017442096
0.03208478513356562 0.010638122365713615
0.03208478513356562 0.010638122365713615
0.03208478513356562 0.010638122365713615
0.03208478513356562 0.010638122365713615
0.03208478513356562 0.010638122365713615
0.03208478513356562 0.010638122365713615
0.03208478513356562 0.010638122365713615
0.04555983499285931 0.010638406512577378
0.04555983499285931 0.010638406512577378
0.04555983499285931 0.010638406512577378
0.04555983499285931 0.010638406512577378
0.04555983499285931 0.010638406512577378
0.04555983499285931 0.010638406512577378
0.04555983499285931 0.010638406512577378
0.02345471461887267 0.010638505017442096
0.02345471461887267 0.010638505017442096
0.02345471461887267 0.010638505017442096
0.02345471461887267 0.010638505017442096
0.007175333812814659 0.010638542557816641
0.007175333812814659 0.010638542557816641
0.007175333812814659 0.010638542557816641
0.007175333812814659 0.010638542557816641
0.01947833313932603 0.010638455034728536
0.01947833313932603 0.010638455034728536
0.01947833313932603 0.010638455034728536
0.01947833313932603 0.010638455034728536
0.06670774351196494 0.010638387861591596
0.019114589187366526 0.010638122365713615
0.019114589187366526 0.010638122365713615
0.019114589187366526 0.010638122365713615
0.019114589187366526 0.010638122365713615
0.0015906939026986866 0.010638417628120504
0.0015906939026986866 0.010638417628120504
0.1362326297824585 0.010638505017442096
0.004650330483788399 0.010638417628120504
0.004650330483788399 0.010638417628120504
0.11165946352446576 0.010638417628120504
0.11165946352446576 0.010638417628120504
0.003418573753116276 0.010638406512577378
0.025377623067804146 0.010638505017442096
0.025377623067804146 0.010638505017442096
0.025377623067804146 0.010638505017442096
0.025377623067804146 0.010638505017442096
0.025377623067804146 0.010638505017442096
0.025377623067804146 0.010638505017442096
0.025377623067804146 0.010638505017442096
0.025377623067804146 0.010638505017442096
0.025377623067804146 0.010638505017442096
0.025377623067804146 0.010638505017442096
0.03830176838634746 0.010638122365713615
0.03830176838634746 0.010638122365713615
0.03830176838634746 0.010638122365713615
0.03830176838634746 0.010638122365713615
0.03830176838634746 0.010638122365713615
0.03830176838634746 0.010638122365713615
0.03830176838634746 0.010638122365713615
0.03830176838634746 0.010638122365713615
0.03830176838634746 0.010638122365713615
0.03830176838634746 0.010638122365713615
0.03830176838634746 0.010638122365713615
0.03830176838634746 0.010638122365713615
0.045171858155047075 0.010638431129826733
0.045171858155047075 0.010638431129826733
0.045171858155047075 0.010638431129826733
0.045171858155047075 0.010638431129826733
0.045171858155047075 0.010638431129826733
0.045171858155047075 0.010638431129826733
0.045171858155047075 0.010638431129826733
0.045171858155047075 0.010638431129826733
0.045171858155047075 0.010638431129826733
0.045171858155047075 0.010638431129826733
0.045171858155047075 0.010638431129826733
0.045171858155047075 0.010638431129826733
0.0030534765940789057 0.010638505017442096
0.020860231859633864 0.010638417628120504
0.020860231859633864 0.010638417628120504
0.020860231859633864 0.010638417628120504
0.020860231859633864 0.010638417628120504
3.603198487233147e-05 0.010638431129826733
3.603198487233147e-05 0.010638431129826733
3.603198487233147e-05 0.010638431129826733
3.603198487233147e-05 0.010638431129826733
0.02894091512177301 0.010638142003230447
0.0017604598098227774 0.010638455034728536
0.04804504862876678 0.010638431129826733
0.019330696711471116 0.010638417628120504
0.019330696711471116 0.010638417628120504
0.019330696711471116 0.010638417628120504
0.019330696711471116 0.010638417628120504
0.019330696711471116 0.010638417628120504
0.019330696711471116 0.010638417628120504
0.019330696711471116 0.010638417628120504
0.019330696711471116 0.010638417628120504
0.001332191501669045 0.010638142003230447
0.005405818166498147 0.010638387861591596
0.02137710138070616 0.010638455034728536
0.02137710138070616 0.010638455034728536
0.02137710138070616 0.010638455034728536
0.02137710138070616 0.010638455034728536
0.002660945723385387 0.010638142003230447
0.0048073320594957105 0.010638122365713615
0.040741735958718356 0.010638406512577378
0.040741735958718356 0.010638406512577378
0.040741735958718356 0.010638406512577378
0.040741735958718356 0.010638406512577378
0.040741735958718356 0.010638406512577378
0.040741735958718356 0.010638406512577378
0.040741735958718356 0.010638406512577378
0.040741735958718356 0.010638406512577378
0.040741735958718356 0.010638406512577378
0.040741735958718356 0.010638406512577378
0.040741735958718356 0.010638406512577378
0.040741735958718356 0.010638406512577378
0.04247810696599157 0.010638431129826733
0.03689518223543975 0.010638455034728536
0.09895749237426137 0.010638455034728536
0.09895749237426137 0.010638455034728536
0.09895749237426137 0.010638455034728536
0.09895749237426137 0.010638455034728536
0.09895749237426137 0.010638455034728536
0.09895749237426137 0.010638455034728536
0.023382844992026017 0.010638542557816641
0.023382844992026017 0.010638542557816641
0.03338475198992466 0.010638417628120504
0.03338475198992466 0.010638417628120504
0.09268222434528493 0.010638122365713615
0.09268222434528493 0.010638122365713615
0.09268222434528493 0.010638122365713615
0.09268222434528493 0.010638122365713615
0.09268222434528493 0.010638122365713615
0.09268222434528493 0.010638122365713615
0.040983729671476794 0.010638455034728536
0.040983729671476794 0.010638455034728536
0.040983729671476794 0.010638455034728536
0.040983729671476794 0.010638455034728536
0.040983729671476794 0.010638455034728536
0.040983729671476794 0.010638455034728536
0.040983729671476794 0.010638455034728536
0.040983729671476794 0.010638455034728536
0.040983729671476794 0.010638455034728536
0.040983729671476794 0.010638455034728536
0.040983729671476794 0.010638455034728536
0.040983729671476794 0.010638455034728536
0.0018385837967644085 0.010638387861591596
0.013372368026675659 0.010638122365713615
0.013372368026675659 0.010638122365713615
0.013372368026675659 0.010638122365713615
0.013372368026675659 0.010638122365713615
0.028641110272498903 0.010638455034728536
0.028641110272498903 0.010638455034728536
0.028641110272498903 0.010638455034728536
0.028641110272498903 0.010638455034728536
0.028641110272498903 0.010638455034728536
0.028641110272498903 0.010638455034728536
0.028641110272498903 0.010638455034728536
0.028641110272498903 0.010638455034728536
0.028641110272498903 0.010638455034728536
0.028641110272498903 0.010638455034728536
0.012439577415657547 0.010638417628120504
0.012439577415657547 0.010638417628120504
0.012439577415657547 0.010638417628120504
0.012439577415657547 0.010638417628120504
0.012439577415657547 0.010638417628120504
0.012439577415657547 0.010638417628120504
0.012439577415657547 0.010638417628120504
0.012439577415657547 0.010638417628120504
0.022474409450752127 0.010638142003230447
0.022474409450752127 0.010638142003230447
0.022474409450752127 0.010638142003230447
0.022474409450752127 0.010638142003230447
0.022474409450752127 0.010638142003230447
0.022474409450752127 0.010638142003230447
0.022474409450752127 0.010638142003230447
0.022474409450752127 0.010638142003230447
0.022474409450752127 0.010638142003230447
0.022474409450752127 0.010638142003230447
0.08789155417356521 0.010638505017442096
0.08789155417356521 0.010638505017442096
0.08789155417356521 0.010638505017442096
0.08789155417356521 0.010638505017442096
0.08789155417356521 0.010638505017442096
0.08789155417356521 0.010638505017442096
0.09827777528973283 0.010638406512577378
0.09827777528973283 0.010638406512577378
0.09827777528973283 0.010638406512577378
0.09827777528973283 0.010638406512577378
0.09827777528973283 0.010638406512577378
0.09827777528973283 0.010638406512577378
0.0031185301965687673 0.010638417628120504
0.0031185301965687673 0.010638417628120504
0.011684246231564612 0.010638455034728536
0.011684246231564612 0.010638455034728536
0.038808402847994604 0.010638387861591596
0.026792153722228467 0.010638122365713615
0.026792153722228467 0.010638122365713615
0.026792153722228467 0.010638122365713615
0.026792153722228467 0.010638122365713615
0.026792153722228467 0.010638122365713615
0.026792153722228467 0.010638122365713615
0.026792153722228467 0.010638122365713615
0.026792153722228467 0.010638122365713615
0.026792153722228467 0.010638122365713615
0.026792153722228467 0.010638122365713615
0.0964054697541139 0.010638505017442096
0.034511281892772847 0.010638122365713615
0.003968562813838589 0.010638431129826733
0.045636889148624835 0.010638417628120504
0.045636889148624835 0.010638417628120504
0.045636889148624835 0.010638417628120504
0.045636889148624835 0.010638417628120504
0.045636889148624835 0.010638417628120504
0.045636889148624835 0.010638417628120504
0.045636889148624835 0.010638417628120504
0.045636889148624835 0.010638417628120504
0.045636889148624835 0.010638417628120504
0.045636889148624835 0.010638417628120504
0.045636889148624835 0.010638417628120504
0.045636889148624835 0.010638417628120504
0.045636889148624835 0.010638417628120504
0.045636889148624835 0.010638417628120504
0.01959740613033969 0.010638142003230447
0.008682569160527849 0.010638142003230447
0.008682569160527849 0.010638142003230447
0.008682569160527849 0.010638142003230447
0.008682569160527849 0.010638142003230447
0.0034464458488069802 0.010638455034728536
0.0015591749014980721 0.010638505017442096
0.02004138578045797 0.010638505017442096
0.02004138578045797 0.010638505017442096
0.02004138578045797 0.010638505017442096
0.02004138578045797 0.010638505017442096
0.03560248361265328 0.010638431129826733
0.03560248361265328 0.010638431129826733
0.12064754425988979 0.010638142003230447
0.014570103218313289 0.010638122365713615
0.014570103218313289 0.010638122365713615
0.005139316017868698 0.010638455034728536
0.0871852871754524 0.010638122365713615
0.0036251632541287496 0.010638387861591596
0.05379785061974158 0.010638142003230447
0.05379785061974158 0.010638142003230447
0.05379785061974158 0.010638142003230447
0.05379785061974158 0.010638142003230447
0.0017492729603802496 0.010638542557816641
0.005917893195431721 0.010638431129826733
0.005135870414959817 0.010638542557816641
0.003223816080326702 0.010638122365713615
0.09564339097532756 0.010638542557816641
0.001961581256449725 0.010638431129826733
0.030114462209302327 0.010638387861591596
0.030114462209302327 0.010638387861591596
0.030114462209302327 0.010638387861591596
0.030114462209302327 0.010638387861591596
0.030114462209302327 0.010638387861591596
0.030114462209302327 0.010638387861591596
0.030114462209302327 0.010638387861591596
0.030114462209302327 0.010638387861591596
0.030114462209302327 0.010638387861591596
0.030114462209302327 0.010638387861591596
0.05797070848232305 0.010638142003230447
0.05797070848232305 0.010638142003230447
0.05797070848232305 0.010638142003230447
0.05797070848232305 0.010638142003230447
0.05797070848232305 0.010638142003230447
0.05797070848232305 0.010638142003230447
0.05797070848232305 0.010638142003230447
0.10376708902089653 0.010638387861591596
0.10376708902089653 0.010638387861591596
0.10376708902089653 0.010638387861591596
0.10376708902089653 0.010638387861591596
0.10376708902089653 0.010638387861591596
0.10376708902089653 0.010638387861591596
0.03687044623033866 0.010638542557816641
0.038277640721006236 0.010638455034728536
0.038277640721006236 0.010638455034728536
0.038277640721006236 0.010638455034728536
0.038277640721006236 0.010638455034728536
0.038277640721006236 0.010638455034728536
0.038277640721006236 0.010638455034728536
0.038277640721006236 0.010638455034728536
0.040917477094343166 0.010638542557816641
0.040917477094343166 0.010638542557816641
0.040917477094343166 0.010638542557816641
0.040917477094343166 0.010638542557816641
0.040917477094343166 0.010638542557816641
0.040917477094343166 0.010638542557816641
0.040917477094343166 0.010638542557816641
0.040917477094343166 0.010638542557816641
0.040917477094343166 0.010638542557816641
0.040917477094343166 0.010638542557816641
0.040917477094343166 0.010638542557816641
0.040917477094343166 0.010638542557816641
0.024220198222109874 0.010638387861591596
0.024220198222109874 0.010638387861591596
0.10557011247744398 0.010638431129826733
0.10557011247744398 0.010638431129826733
0.10557011247744398 0.010638431129826733
0.10557011247744398 0.010638431129826733
0.10557011247744398 0.010638431129826733
0.10557011247744398 0.010638431129826733
0.03632788804991134 0.010638505017442096
0.03632788804991134 0.010638505017442096
0.03632788804991134 0.010638505017442096
0.03632788804991134 0.010638505017442096
0.03632788804991134 0.010638505017442096
0.03632788804991134 0.010638505017442096
0.03632788804991134 0.010638505017442096
0.03632788804991134 0.010638505017442096
0.03632788804991134 0.010638505017442096
0.03632788804991134 0.010638505017442096
0.03632788804991134 0.010638505017442096
0.03632788804991134 0.010638505017442096
0.07788778164826413 0.010638142003230447
0.07788778164826413 0.010638142003230447
0.07788778164826413 0.010638142003230447
0.07788778164826413 0.010638142003230447
0.07788778164826413 0.010638142003230447
0.07788778164826413 0.010638142003230447
0.030805393976117777 0.010638142003230447
0.030805393976117777 0.010638142003230447
0.030805393976117777 0.010638142003230447
0.030805393976117777 0.010638142003230447
0.030805393976117777 0.010638142003230447
0.030805393976117777 0.010638142003230447
0.030805393976117777 0.010638142003230447
0.030805393976117777 0.010638142003230447
0.030805393976117777 0.010638142003230447
0.030805393976117777 0.010638142003230447
0.030805393976117777 0.010638142003230447
0.030805393976117777 0.010638142003230447
0.05428650904835204 0.010638431129826733
0.05428650904835204 0.010638431129826733
0.05428650904835204 0.010638431129826733
0.05428650904835204 0.010638431129826733
0.05428650904835204 0.010638431129826733
0.05428650904835204 0.010638431129826733
0.05428650904835204 0.010638431129826733
0.033551647391376185 0.010638505017442096
0.033551647391376185 0.010638505017442096
0.033551647391376185 0.010638505017442096
0.033551647391376185 0.010638505017442096
0.033551647391376185 0.010638505017442096
0.033551647391376185 0.010638505017442096
0.033551647391376185 0.010638505017442096
0.09876168735732825 0.010638542557816641
0.09876168735732825 0.010638542557816641
0.09876168735732825 0.010638542557816641
0.09876168735732825 0.010638542557816641
0.09876168735732825 0.010638542557816641
0.09876168735732825 0.010638542557816641
0.08964401074581968 0.010638417628120504
0.08964401074581968 0.010638417628120504
0.08964401074581968 0.010638417628120504
0.08964401074581968 0.010638417628120504
0.08964401074581968 0.010638417628120504
0.08964401074581968 0.010638417628120504
0.08964401074581968 0.010638417628120504
0.08964401074581968 0.010638417628120504
0.08964401074581968 0.010638417628120504
0.08964401074581968 0.010638417628120504
0.08964401074581968 0.010638417628120504
0.08964401074581968 0.010638417628120504
0.0016455687310329324 0.010638122365713615
0.0034441352137340128 0.010638542557816641
0.05020552644171178 0.010638431129826733
0.05020552644171178 0.010638431129826733
0.05020552644171178 0.010638431129826733
0.05020552644171178 0.010638431129826733
0.014670216765233283 0.010638505017442096
0.014670216765233283 0.010638505017442096