1.7114817090410323e-06 1.977595922166547e-06
2.0528723707439768e-06 1.977607854161039e-06
2.0528723707439768e-06 1.977607854161039e-06
2.0528723707439768e-06 1.977607854161039e-06
2.0528723707439768e-06 1.977607854161039e-06
2.0528723707439768e-06 1.977607854161039e-06
2.0528723707439768e-06 1.977607854161039e-06
2.0528723707439768e-06 1.977607854161039e-06
2.0528723707439768e-06 1.977607854161039e-06
2.013503017074976e-06 1.977586482130506e-06
2.013503017074976e-06 1.977586482130506e-06
2.013503017074976e-06 1.977586482130506e-06
2.013503017074976e-06 1.977586482130506e-06
1.6813193570184813e-06 1.977594985316476e-06
1.7399573854479012e-06 1.977609706010178e-06
2.244713908176339e-06 1.9776111276565227e-06
2.244713908176339e-06 1.9776111276565227e-06
2.244713908176339e-06 1.9776111276565227e-06
2.244713908176339e-06 1.9776111276565227e-06
2.244713908176339e-06 1.9776111276565227e-06
2.244713908176339e-06 1.9776111276565227e-06
2.244713908176339e-06 1.9776111276565227e-06
1.6501809033896394e-06 1.977587057515442e-06
1.7530278791501374e-06 1.9776190879856467e-06
2.0528723707439768e-06 1.977604158817874e-06
2.0528723707439768e-06 1.977604158817874e-06
2.0528723707439768e-06 1.977604158817874e-06
2.0528723707439768e-06 1.977604158817874e-06
2.0528723707439768e-06 1.977604158817874e-06
2.0528723707439768e-06 1.977604158817874e-06
2.0528723707439768e-06 1.977604158817874e-06
2.0528723707439768e-06 1.977604158817874e-06
2.064757953331928e-06 1.9775955816741623e-06
2.064757953331928e-06 1.9775955816741623e-06
2.064757953331928e-06 1.9775955816741623e-06
2.064757953331928e-06 1.9775955816741623e-06
1.7399573854479012e-06 1.977604416354403e-06
1.7399573854479012e-06 1.977604416354403e-06
1.9794212286653575e-06 1.977607796894751e-06
1.9794212286653575e-06 1.977607796894751e-06
1.9794212286653575e-06 1.977607796894751e-06
1.9794212286653575e-06 1.977607796894751e-06
2.0233890371403634e-06 1.977603818457406e-06
2.0233890371403634e-06 1.977603818457406e-06
2.0233890371403634e-06 1.977603818457406e-06
2.0233890371403634e-06 1.977603818457406e-06
1.756762985130378e-06 1.977601401125248e-06
1.8964258660254844e-06 1.9776800411684927e-06
1.7399573854479012e-06 1.97761003417938e-06
1.6893192360256693e-06 1.9776183274255464e-06
1.6353101056718718e-06 1.977616015106004e-06
2.1111473438149748e-06 1.9775966949549466e-06
2.1111473438149748e-06 1.9775966949549466e-06
2.1111473438149748e-06 1.9775966949549466e-06
2.1111473438149748e-06 1.9775966949549466e-06
2.0528646734576777e-06 1.977601569752164e-06
2.0528646734576777e-06 1.977601569752164e-06
2.0528646734576777e-06 1.977601569752164e-06
2.0528646734576777e-06 1.977601569752164e-06
2.0528646734576777e-06 1.977607882152726e-06
2.0528646734576777e-06 1.977607882152726e-06
2.0528646734576777e-06 1.977607882152726e-06
2.0528646734576777e-06 1.977607882152726e-06
2.304026621012893e-06 1.9775877080943982e-06
2.304026621012893e-06 1.9775877080943982e-06
2.304026621012893e-06 1.9775877080943982e-06
2.304026621012893e-06 1.9775877080943982e-06
1.6092914747238409e-06 1.9776011875607397e-06
1.6991177414270052e-06 1.9775934998378017e-06
1.8392419657675516e-06 1.977612784103143e-06
2.0528723707439768e-06 1.977604158817874e-06
2.0528723707439768e-06 1.977604158817874e-06
2.0528723707439768e-06 1.977604158817874e-06
2.0528723707439768e-06 1.977604158817874e-06
1.7399573854479012e-06 1.977606381356965e-06
1.7399573854479012e-06 1.977606381356965e-06
1.9661140075476887e-06 1.9773682177270348e-06
1.9661140075476887e-06 1.9773682177270348e-06
1.9661140075476887e-06 1.9773682177270348e-06
1.9661140075476887e-06 1.9773682177270348e-06
2.014017154386936e-06 1.977598465028245e-06
2.014017154386936e-06 1.977598465028245e-06
2.014017154386936e-06 1.977598465028245e-06
2.014017154386936e-06 1.977598465028245e-06
2.014017154386936e-06 1.977598465028245e-06
2.014017154386936e-06 1.977598465028245e-06
2.014017154386936e-06 1.977598465028245e-06
2.0528723707439768e-06 1.9776003170107795e-06
2.0528723707439768e-06 1.9776003170107795e-06
2.0528723707439768e-06 1.9776003170107795e-06
2.0528723707439768e-06 1.9776003170107795e-06
2.0140195613707957e-06 1.977598465028245e-06
2.0140195613707957e-06 1.977598465028245e-06
2.0140195613707957e-06 1.977598465028245e-06
2.0140195613707957e-06 1.977598465028245e-06
2.0140195613707957e-06 1.977598465028245e-06
2.0140195613707957e-06 1.977598465028245e-06
2.0140195613707957e-06 1.977598465028245e-06
2.0140195613707957e-06 1.977598465028245e-06
2.0140195613707957e-06 1.977598465028245e-06
2.0140195613707957e-06 1.977598465028245e-06
2.0140195613707957e-06 1.977598465028245e-06
2.0140195613707957e-06 1.977598465028245e-06
2.0140195613707957e-06 1.977598465028245e-06
2.0140195613707957e-06 1.977598465028245e-06
1.7399644521543106e-06 1.9776002353486883e-06
2.0528723707439768e-06 1.9775982538723273e-06
2.0528723707439768e-06 1.9775982538723273e-06
2.0528723707439768e-06 1.9775982538723273e-06
2.0528723707439768e-06 1.9775982538723273e-06
1.728086247113901e-06 1.9776077732776604e-06
2.101808453063792e-06 1.9776034247645057e-06
2.101808453063792e-06 1.9776034247645057e-06
2.101808453063792e-06 1.9776034247645057e-06
2.101808453063792e-06 1.9776034247645057e-06
2.8110404402910532e-06 1.9775679628739774e-06
2.8110404402910532e-06 1.9775679628739774e-06
2.8110404402910532e-06 1.9775679628739774e-06
2.8110404402910532e-06 1.9775679628739774e-06
1.6968308663114825e-06 1.9775927504662066e-06
1.7399573854479012e-06 1.9776042508792535e-06
1.7399573854479012e-06 1.9776042508792535e-06
1.7399573854479012e-06 1.977593659984437e-06
2.179494159636759e-06 1.977603617289964e-06
2.179494159636759e-06 1.977603617289964e-06
2.179494159636759e-06 1.977603617289964e-06
2.179494159636759e-06 1.977603617289964e-06
2.007668425891609e-06 1.977599742349775e-06
2.007668425891609e-06 1.977599742349775e-06
2.007668425891609e-06 1.977599742349775e-06
2.007668425891609e-06 1.977599742349775e-06
2.007668425891609e-06 1.977599742349775e-06
2.007668425891609e-06 1.977599742349775e-06
2.007668425891609e-06 1.977599742349775e-06
2.0448730638344358e-06 1.977612581346356e-06
2.0448730638344358e-06 1.977612581346356e-06
2.0448730638344358e-06 1.977612581346356e-06
2.0448730638344358e-06 1.977612581346356e-06
2.0448730638344358e-06 1.977612581346356e-06
2.0448730638344358e-06 1.977612581346356e-06
2.0448730638344358e-06 1.977612581346356e-06
1.0178107622943538e-06 1.977648467832054e-06
1.734580486203456e-06 1.977609215145961e-06
1.7546417942367454e-06 1.9776268551063315e-06
2.0965746378082293e-06 1.9776168219220143e-06
2.0965746378082293e-06 1.9776168219220143e-06
2.0965746378082293e-06 1.9776168219220143e-06
2.0965746378082293e-06 1.9776168219220143e-06
2.055626166118321e-06 1.9775973645221425e-06
2.055626166118321e-06 1.9775973645221425e-06
2.055626166118321e-06 1.9775973645221425e-06
2.055626166118321e-06 1.9775973645221425e-06
1.7399573854479012e-06 1.977600106004275e-06
1.6886067303829538e-06 1.977612129006742e-06
1.7399573854479012e-06 1.977595441389038e-06
2.0528723707439768e-06 1.977607882152726e-06
2.0528723707439768e-06 1.977607882152726e-06
2.0528723707439768e-06 1.977607882152726e-06
2.0528723707439768e-06 1.977607882152726e-06
1.7639014838045101e-06 1.9775961760240545e-06
1.7036224933776086e-06 1.9776038932584064e-06
2.0811148804934044e-06 1.977594966820648e-06
2.0811148804934044e-06 1.977594966820648e-06
2.0811148804934044e-06 1.977594966820648e-06
2.0811148804934044e-06 1.977594966820648e-06
1.669199238596168e-06 1.977597939508311e-06
2.0528723707439768e-06 1.9775988458689735e-06
2.0528723707439768e-06 1.9775988458689735e-06
2.0528723707439768e-06 1.9775988458689735e-06
2.0528723707439768e-06 1.9775988458689735e-06
1.6740750841408578e-06 1.977607434281805e-06
2.0961537702926932e-06 1.977571314830787e-06
2.0961537702926932e-06 1.977571314830787e-06
2.0961537702926932e-06 1.977571314830787e-06
2.0961537702926932e-06 1.977571314830787e-06
2.065479816537459e-06 1.9775938284483294e-06
2.065479816537459e-06 1.9775938284483294e-06
2.065479816537459e-06 1.9775938284483294e-06
2.065479816537459e-06 1.9775938284483294e-06
2.038438751498117e-06 1.97759282882737e-06
2.038438751498117e-06 1.97759282882737e-06
2.038438751498117e-06 1.97759282882737e-06
2.038438751498117e-06 1.97759282882737e-06
1.7002084011144025e-06 1.9776098414119027e-06
2.0528723707439768e-06 1.9775943127308806e-06
2.0528723707439768e-06 1.9775943127308806e-06
2.0528723707439768e-06 1.9775943127308806e-06
2.0528723707439768e-06 1.9775943127308806e-06
1.6071341298872108e-06 1.977597562936048e-06
2.091009986855572e-06 1.9776019668397002e-06
2.091009986855572e-06 1.9776019668397002e-06
2.091009986855572e-06 1.9776019668397002e-06
2.091009986855572e-06 1.9776019668397002e-06
1.683356356124743e-06 1.977618186773251e-06
1.7399573854479012e-06 1.977606381356965e-06
1.7399573854479012e-06 1.977604865833989e-06
1.6798548668285958e-06 1.977605352048799e-06
2.057561207282292e-06 1.977592803674642e-06
2.057561207282292e-06 1.977592803674642e-06
2.057561207282292e-06 1.977592803674642e-06
2.057561207282292e-06 1.977592803674642e-06
1.7399644521543106e-06 1.977600106004275e-06
2.0367894961734488e-06 1.97759555095057e-06
2.0367894961734488e-06 1.97759555095057e-06
2.0367894961734488e-06 1.97759555095057e-06
2.0367894961734488e-06 1.97759555095057e-06
1.7051686819192633e-06 1.9775927659098627e-06
2.0528723707439768e-06 1.9775953955458173e-06
2.0528723707439768e-06 1.9775953955458173e-06
2.0528723707439768e-06 1.9775953955458173e-06
2.0528723707439768e-06 1.9775953955458173e-06
2.0528723707439768e-06 1.97760329064378e-06
2.0528723707439768e-06 1.97760329064378e-06
2.0528723707439768e-06 1.97760329064378e-06
2.0528723707439768e-06 1.97760329064378e-06
2.055626166118321e-06 1.9775973645221425e-06
2.055626166118321e-06 1.9775973645221425e-06
2.055626166118321e-06 1.9775973645221425e-06
2.055626166118321e-06 1.9775973645221425e-06
2.0528646734576777e-06 1.977607854161039e-06
2.0528646734576777e-06 1.977607854161039e-06
2.0528646734576777e-06 1.977607854161039e-06
2.0528646734576777e-06 1.977607854161039e-06
1.7399644521543106e-06 1.9776011115534033e-06
2.0528723707439768e-06 1.9776049351360387e-06
2.0528723707439768e-06 1.9776049351360387e-06
2.0528723707439768e-06 1.9776049351360387e-06
2.0528723707439768e-06 1.9776049351360387e-06
2.0869325210644825e-06 1.9776011126556985e-06
2.0869325210644825e-06 1.9776011126556985e-06
2.0869325210644825e-06 1.9776011126556985e-06
2.0869325210644825e-06 1.9776011126556985e-06
2.0528646734576777e-06 1.9776084917185735e-06
2.0528646734576777e-06 1.9776084917185735e-06
2.0528646734576777e-06 1.9776084917185735e-06
2.0528646734576777e-06 1.9776084917185735e-06
1.7399573854479012e-06 1.9776002353486883e-06
1.7399644521543106e-06 1.9776042508792535e-06
2.1105875284017454e-06 1.977594927436792e-06
2.1105875284017454e-06 1.977594927436792e-06
2.1105875284017454e-06 1.977594927436792e-06
2.1105875284017454e-06 1.977594927436792e-06
1.7342059906574756e-06 1.9775962293730415e-06
2.1599157147334762e-06 1.9775938813633594e-06
2.1599157147334762e-06 1.9775938813633594e-06
2.1599157147334762e-06 1.9775938813633594e-06
2.1599157147334762e-06 1.9775938813633594e-06
2.0528723707439768e-06 1.9776084917185735e-06
2.0528723707439768e-06 1.9776084917185735e-06
2.0528723707439768e-06 1.9776084917185735e-06
2.0528723707439768e-06 1.9776084917185735e-06
2.079955989294332e-06 1.9775970187615257e-06
2.079955989294332e-06 1.9775970187615257e-06
2.079955989294332e-06 1.9775970187615257e-06
2.079955989294332e-06 1.9775970187615257e-06
2.0165472088918904e-06 1.9775831799656637e-06
2.0165472088918904e-06 1.9775831799656637e-06
2.0165472088918904e-06 1.9775831799656637e-06
2.0165472088918904e-06 1.9775831799656637e-06
2.0140195613707957e-06 1.977605612759416e-06
2.0140195613707957e-06 1.977605612759416e-06
2.0140195613707957e-06 1.977605612759416e-06
2.0140195613707957e-06 1.977605612759416e-06
2.0140195613707957e-06 1.977605612759416e-06
2.0140195613707957e-06 1.977605612759416e-06
2.0140195613707957e-06 1.977605612759416e-06
2.1523830556600623e-06 1.9776009773296974e-06
2.1523830556600623e-06 1.9776009773296974e-06
2.1523830556600623e-06 1.9776009773296974e-06
2.1523830556600623e-06 1.9776009773296974e-06
1.7399573854479012e-06 1.9775950012251315e-06
2.0528723707439768e-06 1.9776047144001073e-06
2.0528723707439768e-06 1.9776047144001073e-06
2.0528723707439768e-06 1.9776047144001073e-06
2.0528723707439768e-06 1.9776047144001073e-06
2.0528723707439768e-06 1.9776047144001073e-06
2.0528723707439768e-06 1.9776047144001073e-06
2.0528723707439768e-06 1.9776047144001073e-06
2.0528723707439768e-06 1.9776047144001073e-06
1.7207743558971126e-06 1.9776038156388067e-06
1.7399573854479012e-06 1.977607845443909e-06
2.1046416830913545e-06 1.97759297846726e-06
2.1046416830913545e-06 1.97759297846726e-06
2.1046416830913545e-06 1.97759297846726e-06
2.1046416830913545e-06 1.97759297846726e-06
1.5205534852762348e-06 1.9776221997812207e-06
2.0763700820722352e-06 1.97760692916876e-06
2.0763700820722352e-06 1.97760692916876e-06
2.0763700820722352e-06 1.97760692916876e-06
2.0763700820722352e-06 1.97760692916876e-06
1.7051686819192633e-06 1.9775927659098627e-06
2.0729009913203063e-06 1.977608049511818e-06
2.0729009913203063e-06 1.977608049511818e-06
2.0729009913203063e-06 1.977608049511818e-06
2.0729009913203063e-06 1.977608049511818e-06
2.0671460949536073e-06 1.977597672838659e-06
2.0671460949536073e-06 1.977597672838659e-06
2.0671460949536073e-06 1.977597672838659e-06
2.0671460949536073e-06 1.977597672838659e-06