0.004233450452846564 0.004233450452846564
0.004233450452846564 0.004233450452846564
0.004233450452846564 0.004233450452846564
0.004233450452846564 0.004233450452846564
0.004233450452846564 0.004233450452846564
0.06536738664837549 0.06399729831879838
0.06536738664837549 0.06399729831879838
0.06536738664837549 0.06399729831879838
0.01547867351652505 0.014690916471856321
0.04682307487716449 0.04639087587664656
0.04682307487716449 0.04639087587664656
0.013377871411173482 0.012899827820317202
0.013377871411173482 0.012899827820317202
0.013377871411173482 0.012899827820317202
0.010213194843008524 0.009791144644931898
0.010213194843008524 0.009791144644931898
0.010213194843008524 0.009791144644931898
0.010213194843008524 0.009791144644931898
0.03782878620322802 0.037457829976062826
0.008994288673936476 0.008933395859288604
0.010651693100214174 0.010524308131640467
0.010651693100214174 0.010524308131640467
0.010651693100214174 0.010524308131640467
0.010651693100214174 0.010524308131640467
0.010651693100214174 0.010524308131640467
0.010651693100214174 0.010524308131640467
0.00012948472080294524 2.449710934109775e-05
0.011923093075017148 0.01086411803407198
0.011923093075017148 0.01086411803407198
0.011923093075017148 0.01086411803407198
0.011923093075017148 0.01086411803407198
0.011923093075017148 0.01086411803407198
0.04975187927824517 0.04832159805142993
0.04975187927824517 0.04832159805142993
0.04975187927824517 0.04832159805142993
0.04975187927824517 0.04832159805142993
0.04975187927824517 0.04832159805142993
0.04975187927824517 0.04832159805142993
0.04975187927824517 0.04832159805142993
0.04975187927824517 0.04832159805142993
0.04975187927824517 0.04832159805142993
0.04975187927824517 0.04832159805142993
0.04975187927824517 0.04832159805142993
0.04975187927824517 0.04832159805142993
0.04975187927824517 0.04832159805142993
0.04975187927824517 0.04832159805142993
0.04975187927824517 0.04832159805142993
0.04975187927824517 0.04832159805142993
0.04975187927824517 0.04832159805142993
0.04975187927824517 0.04832159805142993