0.01712383479716586 0.017603309481431538
7.694678985206499e-07 0.0001414859098404845
6.732844112055686e-07 0.0001414859098404845
5.771009238904874e-07 0.0001414859098404845
0.017123930980653172 0.017603309481431538
1.3177137762166129e-05 0.0001414859098404845
5.771009238904874e-07 0.0001414859098404845
1.7313027716714621e-06 0.0001414859098404845
6.732844112055686e-07 0.0001414859098404845
1.0580183604658935e-06 0.0001414859098404845
7.694678985206499e-07 0.0001414859098404845
2.019853233616706e-06 0.0001414859098404845
0.044460913194883614 0.04335538019168407
0.04446158647929482 0.04335538019168407
7.694678985206499e-07 0.0001414859098404845
0.04446062464442167 0.04335538019168407
5.771009238904874e-07 0.0001414859098404845
0.017124027164140486 0.017603309481431538
6.732844112055686e-07 0.0001414859098404845
8.656513858357311e-07 0.0001414859098404845
0.04446062464442167 0.04335538019168407
0.04446072082790899 0.04335538019168407
0.01712373861367854 0.017603309481431538
0.01712498899901364 0.017603309481431538
0.01712383479716586 0.017603309481431538
0.017124315714602434 0.017603309481431538
6.732844112055686e-07 0.0001414859098404845
7.694678985206499e-07 0.0001414859098404845
0.017124219531115117 0.017603309481431538
0.0444608170113963 0.04335538019168407
0.01712373861367854 0.017603309481431538
2.2122202082468684e-06 0.0001414859098404845
9.618348731508123e-07 0.0001414859098404845
0.017124411898089748 0.017603309481431538
0.044461297928832876 0.04335538019168407
7.213761548631092e-06 0.0001414859098404845
2.019853233616706e-06 0.0001414859098404845
8.656513858357311e-07 0.0001414859098404845
1.0580183604658935e-06 0.0001414859098404845
1.1542018477809749e-06 0.0001414859098404845
5.771009238904874e-07 0.0001414859098404845
0.044463510149041124 0.04335538019168407
1.635119284356381e-06 0.0001414859098404845
1.0580183604658935e-06 0.0001414859098404845
0.01712383479716586 0.017603309481431538
5.771009238904874e-07 0.0001414859098404845
0.04446139411232019 0.04335538019168407
5.771009238904874e-07 0.0001414859098404845
0.017124700448551692 0.017603309481431538
1.2022935914385154e-05 0.0001414859098404845