2.5901538102487894e-06 3.971881698671504e-06
1.7520249008331676e-05 3.971882017167263e-06
1.859506821600775e-05 3.9705716700530485e-06
2.5900240014609226e-06 3.971881698671504e-06
1.6491246629525123e-05 3.9705716700530485e-06
2.590255651921476e-06 3.971881698671504e-06
1.236976276977907e-05 3.9705716700530485e-06
5.355379646210232e-07 3.9705716700530485e-06
2.590074358628438e-06 3.971881698671504e-06
2.7892602324011627e-06 3.9705716700530485e-06
1.1157040929604651e-05 3.9705716700530485e-06
2.7892602324011627e-06 3.9705716700530485e-06
1.7520440216406647e-05 3.971882017167263e-06
2.590335105201163e-06 3.971881698671504e-06
1.7519270402982167e-05 3.971882017167263e-06
2.5901616488130775e-06 3.971881698671504e-06
2.5900665237601966e-06 3.971881698671504e-06
6.275835522902616e-06 3.9705716700530485e-06
3.71901364320155e-06 3.9705716700530485e-06
2.590204164097677e-06 3.971881698671504e-06
9.76241081340407e-06 3.9705716700530485e-06
1.7520390429075827e-05 3.971882017167263e-06
2.7892602324011627e-06 3.9705716700530485e-06
1.859506821600775e-06 3.9705716700530485e-06
2.091945174300872e-06 3.9705716700530485e-06
2.590320555535901e-06 3.971881698671504e-06
4.781588969830564e-06 3.9705716700530485e-06
6.275835522902616e-06 3.9705716700530485e-06
7.172383454745847e-06 3.9705716700530485e-06
7.172383454745847e-06 3.9705716700530485e-06
7.60707336109408e-06 3.9705716700530485e-06
2.5901471000403846e-06 3.971881698671504e-06
1.6735561394406976e-05 3.9705716700530485e-06
1.7520478119009392e-05 3.971882017167263e-06
1.9778390738844607e-05 3.9705716700530485e-06
1.7520552226500423e-05 3.971882017167263e-06
6.891113515344049e-06 3.9705716700530485e-06
3.347112278881395e-06 3.9705716700530485e-06
2.5900889065839676e-06 3.971881698671504e-06
1.752050413508504e-05 3.971882017167263e-06
1.1157040929604651e-05 3.9705716700530485e-06
1.6735561394406976e-05 3.9705716700530485e-06
2.390794484915282e-06 3.9705716700530485e-06
2.091945174300872e-06 3.9705716700530485e-06
5.5785204648023254e-06 3.9705716700530485e-06
9.563177939661129e-06 3.9705716700530485e-06
1.752047981705184e-05 3.971882017167263e-06
2.5900530974599956e-06 3.971881698671504e-06
1.752043851845722e-05 3.971882017167263e-06
8.25621028790744e-06 3.9705716700530485e-06