0.7536996944894957 0.7539848376268246
0.7536996944894957 0.7539848376268246
0.7536996944894957 0.7539848376268246
0.7536996944894957 0.7539848376268246
0.5140813940331158 0.512095952928752
0.5140813940331158 0.512095952928752
0.5140813940331158 0.512095952928752
0.5140813940331158 0.512095952928752
0.5140813940331158 0.512095952928752
0.5140813940331158 0.512095952928752
0.5140813940331158 0.512095952928752
0.5140813940331158 0.512095952928752
0.5140813940331158 0.512095952928752
0.5140813940331158 0.512095952928752
0.5140813940331158 0.512095952928752
0.5140813940331158 0.512095952928752
0.498289895522951 0.4948349866103421
0.498289895522951 0.4948349866103421
0.498289895522951 0.4948349866103421
0.498289895522951 0.4948349866103421
0.498289895522951 0.4948349866103421
0.498289895522951 0.4948349866103421
0.498289895522951 0.4948349866103421
0.498289895522951 0.4948349866103421
0.498289895522951 0.4948349866103421
0.498289895522951 0.4948349866103421
0.498289895522951 0.4948349866103421
0.498289895522951 0.4948349866103421
0.498289895522951 0.4948349866103421
0.498289895522951 0.4948349866103421
0.498289895522951 0.4948349866103421
0.498289895522951 0.4948349866103421
0.498289895522951 0.4948349866103421
0.498289895522951 0.4948349866103421
0.498289895522951 0.4948349866103421
0.498289895522951 0.4948349866103421
0.498289895522951 0.4948349866103421
0.498289895522951 0.4948349866103421
0.498289895522951 0.4948349866103421
0.498289895522951 0.4948349866103421
0.498289895522951 0.4948349866103421
0.498289895522951 0.4948349866103421
0.498289895522951 0.4948349866103421
0.498289895522951 0.4948349866103421
0.498289895522951 0.4948349866103421
0.7935684381246936 0.7935789989816316
0.7935684381246936 0.7935789989816316
0.7935684381246936 0.7935789989816316
0.7935684381246936 0.7935789989816316
0.7935684381246936 0.7935789989816316