4.806517894517991e-06 2.128855058791777e-06
6.480375838472609e-06 2.128855809182212e-06
3.4608807394880675e-06 2.128855551947892e-06
7.221519186326515e-06 2.128857443130503e-06
3.5375945107191674e-06 2.12885565537201e-06
3.0556708741984537e-06 2.1288554880611193e-06
3.0556708741984537e-06 2.1288554880611193e-06
4.268752669576748e-06 2.1288549156183634e-06
4.48991932396091e-06 2.128855303240342e-06
5.393575010762643e-06 2.128855042367802e-06
3.32413058096909e-06 2.128855421540286e-06
5.522605757054539e-06 2.128855419489506e-06
2.912660604357962e-06 2.1288544622318395e-06
7.515948163791963e-06 2.1288403088949817e-06
3.5251774197037184e-06 2.1288553556287432e-06
6.818130045613486e-06 2.128855498253977e-06
5.8435777727568744e-06 2.128854305665789e-06
1.700330981035825e-06 2.1288557425067386e-06
3.5038077180692768e-06 2.1288553305707096e-06
4.5290384189629464e-06 2.128855291210764e-06
5.034776148591974e-06 2.1288554626481814e-06
4.178341485347516e-06 2.128855276404347e-06
2.972959446811224e-06 2.1288552195399678e-06
2.972959446811224e-06 2.1288552195399678e-06
2.9729680639903336e-06 2.1288552195399678e-06
2.9729680639903336e-06 2.1288552195399678e-06
2.2577309138429746e-06 2.1288548400425703e-06
3.624147561685195e-06 2.128855084856808e-06
6.420352058433703e-06 2.128855426653942e-06
5.693584323800795e-06 2.1288556548550865e-06
8.33639856560073e-06 2.1288443145137533e-06
5.628992610258303e-06 2.1288574453971917e-06
3.821632989532315e-06 2.1288554965734976e-06
1.0511235602410213e-05 2.128852420438606e-06
3.402534552867636e-06 2.12885586131291e-06
4.98543550148092e-06 2.1288551363226814e-06
4.578933620089522e-06 2.1288553721803083e-06
3.3829348910072344e-06 2.1288554477932175e-06
3.3829348910072344e-06 2.1288554477932175e-06
4.650902156682099e-06 2.12885556503863e-06
3.189618334839436e-06 2.1288577302046303e-06
4.433401296647508e-06 2.1288551045461993e-06
5.197887806762806e-06 2.128855504258553e-06
7.035612480826534e-06 2.1288497545157572e-06
5.753484055192995e-06 2.1288545813898325e-06
3.4737870221058662e-06 2.128855580989473e-06
4.461815265749825e-06 2.1288548895731213e-06
5.931046190143549e-06 2.128854893885265e-06
5.931046190143549e-06 2.128854893885265e-06
5.448084952740468e-06 2.1288549535909254e-06