7.0662266286885885e-06 8.202502893629233e-06
7.0662266286885885e-06 8.202502893629233e-06
7.0662266286885885e-06 8.202502893629233e-06
7.0662266286885885e-06 8.202502893629233e-06
7.0662266286885885e-06 8.202502893629233e-06
7.0662266286885885e-06 8.202502893629233e-06
6.963467058696808e-06 8.202502615102128e-06
6.879492829884066e-06 8.202504038832287e-06
7.025575868375981e-06 8.202503539771025e-06
6.838756027819282e-06 8.202503807821008e-06
6.863903841866314e-06 8.202504575292397e-06
6.863903841866314e-06 8.202504575292397e-06
6.863903841866314e-06 8.202504575292397e-06
6.961586615765853e-06 8.202502904134918e-06
6.887827644945573e-06 8.202504178719458e-06
7.134023064481152e-06 8.20250188294194e-06
7.134023064481152e-06 8.20250188294194e-06
7.134023064481152e-06 8.20250188294194e-06
7.134023064481152e-06 8.20250188294194e-06
7.134023064481152e-06 8.20250188294194e-06
6.902610553082805e-06 8.202504850637027e-06
6.902610553082805e-06 8.202504850637027e-06
6.842886377378505e-06 8.202502984116866e-06
6.842886377378505e-06 8.202502984116866e-06
6.885650005348498e-06 8.2025032700887e-06
6.885650005348498e-06 8.2025032700887e-06
6.9600405857612205e-06 8.202504464539335e-06
6.9600405857612205e-06 8.202504464539335e-06
6.964796026967641e-06 8.20250401104241e-06
6.964796026967641e-06 8.20250401104241e-06
6.871525832087739e-06 8.202504708014308e-06
6.871525832087739e-06 8.202504708014308e-06
6.871525832087739e-06 8.202504708014308e-06
6.855578093425556e-06 8.202504279889356e-06
6.837543928111315e-06 8.202503641087142e-06
6.944546787908947e-06 8.202504235812066e-06
6.944546787908947e-06 8.202504235812066e-06
6.890180074064411e-06 8.20250407085431e-06
6.969513269914985e-06 8.202502240042451e-06
6.8426076596750855e-06 8.202503078765392e-06
6.8979389243355815e-06 8.20250240139795e-06
6.8979389243355815e-06 8.20250240139795e-06
6.8979389243355815e-06 8.20250240139795e-06
6.980438436658108e-06 8.202503704295615e-06
6.980438436658108e-06 8.202503704295615e-06
6.980438436658108e-06 8.202503704295615e-06
6.980438436658108e-06 8.202503704295615e-06
6.980438436658108e-06 8.202503704295615e-06
6.980438436658108e-06 8.202503704295615e-06
6.962668653902173e-06 8.202504954546171e-06