4.625762397798338e-06 8.458109237348999e-06
4.625762397798338e-06 8.458109237348999e-06
4.625762397798338e-06 8.458109237348999e-06
4.625762397798338e-06 8.458109237348999e-06
4.625762397798338e-06 8.458109237348999e-06
4.625762397798338e-06 8.458109237348999e-06
4.625762397798338e-06 8.458109237348999e-06
4.625762397798338e-06 8.458109237348999e-06
4.625762397798338e-06 8.458109237348999e-06
4.625762397798338e-06 8.458109237348999e-06
4.625762397798338e-06 8.458109237348999e-06
4.625762397798338e-06 8.458109237348999e-06
4.625762397798338e-06 8.458109237348999e-06
4.625762397798338e-06 8.458109237348999e-06
4.625762397798338e-06 8.458109237348999e-06
4.625762397798338e-06 8.458109237348999e-06
4.625762397798338e-06 8.458109237348999e-06
4.625762397798338e-06 8.458109237348999e-06
4.625762397798338e-06 8.458109237348999e-06
4.625762397798338e-06 8.458109237348999e-06
6.751335227721046e-06 8.457855420107665e-06
6.751335227721046e-06 8.457855420107665e-06
6.488649449640337e-06 8.458044366409925e-06
5.324792592666782e-06 8.458787505060948e-06
5.324792592666782e-06 8.458787505060948e-06
6.615831174052589e-06 8.45781571609848e-06
6.615831174052589e-06 8.45781571609848e-06
5.8596940361765835e-06 8.457285519370629e-06
5.8596940361765835e-06 8.457285519370629e-06
6.2551085186163006e-06 8.461031000685957e-06
6.758488281849164e-06 8.458032156480362e-06
6.758488281849164e-06 8.458032156480362e-06
6.758488281849164e-06 8.458032156480362e-06
6.758488281849164e-06 8.458032156480362e-06
6.774481522023185e-06 8.457725460458545e-06
6.055559623099587e-06 8.45789105486148e-06
6.055559623099587e-06 8.45789105486148e-06
6.055559623099587e-06 8.45789105486148e-06
6.055559623099587e-06 8.45789105486148e-06
6.055559623099587e-06 8.45789105486148e-06
6.055559623099587e-06 8.45789105486148e-06
6.055559623099587e-06 8.45789105486148e-06
6.055559623099587e-06 8.45789105486148e-06
6.055559623099587e-06 8.45789105486148e-06
6.055559623099587e-06 8.45789105486148e-06
5.12886906104467e-06 8.457065268040037e-06
5.12886906104467e-06 8.457065268040037e-06
5.12886906104467e-06 8.457065268040037e-06
5.12886906104467e-06 8.457065268040037e-06
5.12886906104467e-06 8.457065268040037e-06
5.12886906104467e-06 8.457065268040037e-06
5.12886906104467e-06 8.457065268040037e-06
5.12886906104467e-06 8.457065268040037e-06
5.12886906104467e-06 8.457065268040037e-06
5.12886906104467e-06 8.457065268040037e-06
6.975468441239615e-06 8.457879046549026e-06
6.975468441239615e-06 8.457879046549026e-06
5.83748458452244e-06 8.458333163318534e-06
5.979055853378393e-06 8.457726874424095e-06
5.979055853378393e-06 8.457726874424095e-06
5.979055853378393e-06 8.457726874424095e-06
5.979055853378393e-06 8.457726874424095e-06
5.979055853378393e-06 8.457726874424095e-06
5.979055853378393e-06 8.457726874424095e-06
5.979055853378393e-06 8.457726874424095e-06
5.979055853378393e-06 8.457726874424095e-06
5.979055853378393e-06 8.457726874424095e-06
5.979055853378393e-06 8.457726874424095e-06
5.874636255774211e-06 8.458032156480362e-06
5.874636255774211e-06 8.458032156480362e-06
5.874636255774211e-06 8.458032156480362e-06
5.874636255774211e-06 8.458032156480362e-06
5.874636255774211e-06 8.458032156480362e-06
5.874636255774211e-06 8.458032156480362e-06
5.874636255774211e-06 8.458032156480362e-06
5.874636255774211e-06 8.458032156480362e-06
5.874636255774211e-06 8.458032156480362e-06
5.874636255774211e-06 8.458032156480362e-06
5.874636255774211e-06 8.458032156480362e-06
5.874636255774211e-06 8.458032156480362e-06
5.874636255774211e-06 8.458032156480362e-06
5.874636255774211e-06 8.458032156480362e-06
5.874636255774211e-06 8.458032156480362e-06
5.874636255774211e-06 8.458032156480362e-06
5.874636255774211e-06 8.458032156480362e-06
5.874636255774211e-06 8.458032156480362e-06
5.874636255774211e-06 8.458032156480362e-06
5.874636255774211e-06 8.458032156480362e-06
6.774280555490557e-06 8.45780439510497e-06
5.999678376448008e-06 8.457735341269631e-06
5.999678376448008e-06 8.457735341269631e-06
5.999678376448008e-06 8.457735341269631e-06
5.999678376448008e-06 8.457735341269631e-06
5.999678376448008e-06 8.457735341269631e-06
5.999678376448008e-06 8.457735341269631e-06
5.999678376448008e-06 8.457735341269631e-06
5.999678376448008e-06 8.457735341269631e-06
5.999678376448008e-06 8.457735341269631e-06
5.999678376448008e-06 8.457735341269631e-06
6.686712025666343e-06 8.457789474675536e-06
6.470815292302896e-06 8.4579967106992e-06
6.9147356355501325e-06 8.45783182722338e-06
6.9147356355501325e-06 8.45783182722338e-06
6.9147356355501325e-06 8.45783182722338e-06
6.9147356355501325e-06 8.45783182722338e-06
7.037104137634414e-06 8.457705475710512e-06
7.037104137634414e-06 8.457705475710512e-06
6.453558275692343e-06 8.455927713256924e-06
6.453558275692343e-06 8.455927713256924e-06
6.780775050925796e-06 8.457904303971238e-06
6.780775050925796e-06 8.457904303971238e-06
6.780775050925796e-06 8.457904303971238e-06
6.780775050925796e-06 8.457904303971238e-06
6.780775050925796e-06 8.457904303971238e-06
6.455754816645792e-06 8.458086559503445e-06
6.455754816645792e-06 8.458086559503445e-06
6.455754816645792e-06 8.458086559503445e-06
6.455754816645792e-06 8.458086559503445e-06
6.455754816645792e-06 8.458086559503445e-06
6.455754816645792e-06 8.458086559503445e-06
5.160989941908479e-06 8.458111381360106e-06
5.160989941908479e-06 8.458111381360106e-06
5.160989941908479e-06 8.458111381360106e-06
5.160989941908479e-06 8.458111381360106e-06
5.160989941908479e-06 8.458111381360106e-06
5.160989941908479e-06 8.458111381360106e-06
5.160989941908479e-06 8.458111381360106e-06
5.160989941908479e-06 8.458111381360106e-06
5.160989941908479e-06 8.458111381360106e-06
5.160989941908479e-06 8.458111381360106e-06
5.552088883685854e-06 8.458737497853708e-06
6.990008124563332e-06 8.457820957362523e-06
6.990008124563332e-06 8.457820957362523e-06
6.7736771946225e-06 8.457865407046462e-06
7.064867062700986e-06 8.457875530873642e-06
7.064867062700986e-06 8.457875530873642e-06
6.460245424038705e-06 8.457740563028367e-06
6.460245424038705e-06 8.457740563028367e-06
6.460245424038705e-06 8.457740563028367e-06
6.460245424038705e-06 8.457740563028367e-06
6.460245424038705e-06 8.457740563028367e-06
6.460245424038705e-06 8.457740563028367e-06
6.460245424038705e-06 8.457740563028367e-06
6.460245424038705e-06 8.457740563028367e-06
6.460245424038705e-06 8.457740563028367e-06
6.460245424038705e-06 8.457740563028367e-06
6.460245424038705e-06 8.457740563028367e-06
6.460245424038705e-06 8.457740563028367e-06
6.460245424038705e-06 8.457740563028367e-06
6.460245424038705e-06 8.457740563028367e-06
6.460245424038705e-06 8.457740563028367e-06
6.460245424038705e-06 8.457740563028367e-06
6.460245424038705e-06 8.457740563028367e-06
6.460245424038705e-06 8.457740563028367e-06
7.071090040395469e-06 8.457871300381842e-06
7.071090040395469e-06 8.457871300381842e-06
5.171249557423116e-06 8.45794792540579e-06
5.171249557423116e-06 8.45794792540579e-06
5.171249557423116e-06 8.45794792540579e-06
5.171249557423116e-06 8.45794792540579e-06
5.171249557423116e-06 8.45794792540579e-06
5.171249557423116e-06 8.45794792540579e-06
5.171249557423116e-06 8.45794792540579e-06
5.171249557423116e-06 8.45794792540579e-06
5.171249557423116e-06 8.45794792540579e-06
5.171249557423116e-06 8.45794792540579e-06
5.171249557423116e-06 8.45794792540579e-06
5.171249557423116e-06 8.45794792540579e-06
5.171249557423116e-06 8.45794792540579e-06
5.171249557423116e-06 8.45794792540579e-06
5.171249557423116e-06 8.45794792540579e-06
5.171249557423116e-06 8.45794792540579e-06
5.171249557423116e-06 8.45794792540579e-06
5.171249557423116e-06 8.45794792540579e-06
5.171249557423116e-06 8.45794792540579e-06
5.171249557423116e-06 8.45794792540579e-06
5.171249557423116e-06 8.45794792540579e-06
5.171249557423116e-06 8.45794792540579e-06
5.171249557423116e-06 8.45794792540579e-06
5.171249557423116e-06 8.45794792540579e-06
5.171249557423116e-06 8.45794792540579e-06
5.171249557423116e-06 8.45794792540579e-06
5.171249557423116e-06 8.45794792540579e-06
5.171249557423116e-06 8.45794792540579e-06
5.171249557423116e-06 8.45794792540579e-06
5.171249557423116e-06 8.45794792540579e-06
6.751056792893435e-06 8.458035371473773e-06
6.751056792893435e-06 8.458035371473773e-06
6.690400674480349e-06 8.457658662076072e-06
6.167246201226228e-06 8.45829812706975e-06
6.167246201226228e-06 8.45829812706975e-06
6.167246201226228e-06 8.45829812706975e-06
6.167246201226228e-06 8.45829812706975e-06
6.129527539802398e-06 8.45742330725462e-06
6.129527539802398e-06 8.45742330725462e-06
6.204762767147847e-06 8.458111381360106e-06
6.204762767147847e-06 8.458111381360106e-06
5.921749036636567e-06 8.457776310514824e-06
5.921749036636567e-06 8.457776310514824e-06
5.921749036636567e-06 8.457776310514824e-06
5.921749036636567e-06 8.457776310514824e-06
5.921749036636567e-06 8.457776310514824e-06
5.921749036636567e-06 8.457776310514824e-06
5.921749036636567e-06 8.457776310514824e-06
5.921749036636567e-06 8.457776310514824e-06
5.921749036636567e-06 8.457776310514824e-06
5.921749036636567e-06 8.457776310514824e-06
5.921749036636567e-06 8.457776310514824e-06
5.921749036636567e-06 8.457776310514824e-06
5.921749036636567e-06 8.457776310514824e-06
5.921749036636567e-06 8.457776310514824e-06
5.921749036636567e-06 8.457776310514824e-06
5.921749036636567e-06 8.457776310514824e-06
5.921749036636567e-06 8.457776310514824e-06
5.921749036636567e-06 8.457776310514824e-06
5.921749036636567e-06 8.457776310514824e-06
5.921749036636567e-06 8.457776310514824e-06
5.921749036636567e-06 8.457776310514824e-06
5.921749036636567e-06 8.457776310514824e-06
5.921749036636567e-06 8.457776310514824e-06
5.921749036636567e-06 8.457776310514824e-06
5.921749036636567e-06 8.457776310514824e-06
5.921749036636567e-06 8.457776310514824e-06
5.921749036636567e-06 8.457776310514824e-06
5.921749036636567e-06 8.457776310514824e-06
5.921749036636567e-06 8.457776310514824e-06
5.921749036636567e-06 8.457776310514824e-06
7.0647102583169615e-06 8.457739283919496e-06
7.0647102583169615e-06 8.457739283919496e-06
5.895478872351282e-06 8.457853381385921e-06
5.895478872351282e-06 8.457853381385921e-06
5.895478872351282e-06 8.457853381385921e-06
5.895478872351282e-06 8.457853381385921e-06
5.895478872351282e-06 8.457853381385921e-06
5.895478872351282e-06 8.457853381385921e-06
5.895478872351282e-06 8.457853381385921e-06
5.895478872351282e-06 8.457853381385921e-06
5.895478872351282e-06 8.457853381385921e-06
5.895478872351282e-06 8.457853381385921e-06
5.895478872351282e-06 8.457853381385921e-06
5.895478872351282e-06 8.457853381385921e-06
5.895478872351282e-06 8.457853381385921e-06
5.895478872351282e-06 8.457853381385921e-06
5.895478872351282e-06 8.457853381385921e-06
5.895478872351282e-06 8.457853381385921e-06
5.895478872351282e-06 8.457853381385921e-06
5.895478872351282e-06 8.457853381385921e-06
5.895478872351282e-06 8.457853381385921e-06
5.895478872351282e-06 8.457853381385921e-06
6.494576537480021e-06 8.457588213416455e-06
6.979835744695659e-06 8.457773712945263e-06
6.979835744695659e-06 8.457773712945263e-06
5.894344364171422e-06 8.45793758969353e-06
6.77452310730754e-06 8.45791261944186e-06
6.77452310730754e-06 8.45791261944186e-06
6.77452310730754e-06 8.45791261944186e-06
6.070231904244714e-06 8.457912962886187e-06
6.070231904244714e-06 8.457912962886187e-06
6.070231904244714e-06 8.457912962886187e-06
6.070231904244714e-06 8.457912962886187e-06
6.070231904244714e-06 8.457912962886187e-06
6.070231904244714e-06 8.457912962886187e-06
6.070231904244714e-06 8.457912962886187e-06
6.070231904244714e-06 8.457912962886187e-06
6.070231904244714e-06 8.457912962886187e-06
6.070231904244714e-06 8.457912962886187e-06
5.89861879699495e-06 8.457744160661507e-06
6.7614560516551185e-06 8.45781284292863e-06
6.7614560516551185e-06 8.45781284292863e-06
5.295251601030672e-06 8.458787505060948e-06
5.7928869446878154e-06 8.458060002745663e-06
5.7928869446878154e-06 8.458060002745663e-06
5.7928869446878154e-06 8.458060002745663e-06
5.7928869446878154e-06 8.458060002745663e-06
5.7928869446878154e-06 8.458060002745663e-06
5.7928869446878154e-06 8.458060002745663e-06
5.7928869446878154e-06 8.458060002745663e-06
5.7928869446878154e-06 8.458060002745663e-06
5.7928869446878154e-06 8.458060002745663e-06
5.7928869446878154e-06 8.458060002745663e-06
6.636361269831506e-06 8.457732765772622e-06
6.636361269831506e-06 8.457732765772622e-06
6.636361269831506e-06 8.457732765772622e-06
6.08261661419255e-06 8.45793589958992e-06
6.08261661419255e-06 8.45793589958992e-06
6.08261661419255e-06 8.45793589958992e-06
6.08261661419255e-06 8.45793589958992e-06
6.08261661419255e-06 8.45793589958992e-06
6.08261661419255e-06 8.45793589958992e-06
6.08261661419255e-06 8.45793589958992e-06
6.08261661419255e-06 8.45793589958992e-06
6.08261661419255e-06 8.45793589958992e-06
6.08261661419255e-06 8.45793589958992e-06
6.08261661419255e-06 8.45793589958992e-06
6.08261661419255e-06 8.45793589958992e-06
6.08261661419255e-06 8.45793589958992e-06
6.08261661419255e-06 8.45793589958992e-06
6.08261661419255e-06 8.45793589958992e-06
6.08261661419255e-06 8.45793589958992e-06
6.08261661419255e-06 8.45793589958992e-06
6.08261661419255e-06 8.45793589958992e-06
6.08261661419255e-06 8.45793589958992e-06
6.08261661419255e-06 8.45793589958992e-06
6.08261661419255e-06 8.45793589958992e-06
6.08261661419255e-06 8.45793589958992e-06
6.08261661419255e-06 8.45793589958992e-06
6.08261661419255e-06 8.45793589958992e-06
6.08261661419255e-06 8.45793589958992e-06
6.08261661419255e-06 8.45793589958992e-06
6.08261661419255e-06 8.45793589958992e-06
6.08261661419255e-06 8.45793589958992e-06
6.08261661419255e-06 8.45793589958992e-06
6.08261661419255e-06 8.45793589958992e-06
6.08261661419255e-06 8.45793589958992e-06
6.08261661419255e-06 8.45793589958992e-06
6.08261661419255e-06 8.45793589958992e-06
6.08261661419255e-06 8.45793589958992e-06
6.08261661419255e-06 8.45793589958992e-06
6.08261661419255e-06 8.45793589958992e-06
6.08261661419255e-06 8.45793589958992e-06
6.08261661419255e-06 8.45793589958992e-06
6.08261661419255e-06 8.45793589958992e-06
6.08261661419255e-06 8.45793589958992e-06
6.08261661419255e-06 8.45793589958992e-06
6.08261661419255e-06 8.45793589958992e-06
6.08261661419255e-06 8.45793589958992e-06
6.08261661419255e-06 8.45793589958992e-06
6.08261661419255e-06 8.45793589958992e-06
6.08261661419255e-06 8.45793589958992e-06
6.08261661419255e-06 8.45793589958992e-06
6.08261661419255e-06 8.45793589958992e-06
6.08261661419255e-06 8.45793589958992e-06
6.08261661419255e-06 8.45793589958992e-06
5.6416743813602895e-06 8.457805883599721e-06
5.6416743813602895e-06 8.457805883599721e-06
5.6416743813602895e-06 8.457805883599721e-06
5.6416743813602895e-06 8.457805883599721e-06
6.069193638761058e-06 8.457955356738603e-06
6.069193638761058e-06 8.457955356738603e-06
6.069193638761058e-06 8.457955356738603e-06
6.069193638761058e-06 8.457955356738603e-06
6.069193638761058e-06 8.457955356738603e-06
6.069193638761058e-06 8.457955356738603e-06
6.069193638761058e-06 8.457955356738603e-06
6.069193638761058e-06 8.457955356738603e-06
6.069193638761058e-06 8.457955356738603e-06
6.069193638761058e-06 8.457955356738603e-06
7.252981851154073e-06 8.457728396581209e-06
7.252981851154073e-06 8.457728396581209e-06
7.252981851154073e-06 8.457728396581209e-06
7.252981851154073e-06 8.457728396581209e-06
7.252981851154073e-06 8.457728396581209e-06
7.252981851154073e-06 8.457728396581209e-06
7.252981851154073e-06 8.457728396581209e-06
7.252981851154073e-06 8.457728396581209e-06
7.252981851154073e-06 8.457728396581209e-06
7.252981851154073e-06 8.457728396581209e-06
7.252981851154073e-06 8.457728396581209e-06
7.252981851154073e-06 8.457728396581209e-06
7.252981851154073e-06 8.457728396581209e-06
7.252981851154073e-06 8.457728396581209e-06
7.252981851154073e-06 8.457728396581209e-06
7.252981851154073e-06 8.457728396581209e-06
7.252981851154073e-06 8.457728396581209e-06
7.252981851154073e-06 8.457728396581209e-06
5.899817413385909e-06 8.457856548528173e-06
5.899817413385909e-06 8.457856548528173e-06
5.899817413385909e-06 8.457856548528173e-06
5.899817413385909e-06 8.457856548528173e-06
5.899817413385909e-06 8.457856548528173e-06
5.899817413385909e-06 8.457856548528173e-06
5.899817413385909e-06 8.457856548528173e-06
5.899817413385909e-06 8.457856548528173e-06
5.899817413385909e-06 8.457856548528173e-06
5.899817413385909e-06 8.457856548528173e-06
5.899817413385909e-06 8.457856548528173e-06
5.899817413385909e-06 8.457856548528173e-06
5.899817413385909e-06 8.457856548528173e-06
5.899817413385909e-06 8.457856548528173e-06
5.899817413385909e-06 8.457856548528173e-06
5.899817413385909e-06 8.457856548528173e-06
5.899817413385909e-06 8.457856548528173e-06
5.899817413385909e-06 8.457856548528173e-06
5.899817413385909e-06 8.457856548528173e-06
5.899817413385909e-06 8.457856548528173e-06
5.994178170880822e-06 8.457739721451909e-06
5.994178170880822e-06 8.457739721451909e-06
5.994178170880822e-06 8.457739721451909e-06
5.994178170880822e-06 8.457739721451909e-06
5.994178170880822e-06 8.457739721451909e-06
5.994178170880822e-06 8.457739721451909e-06
5.994178170880822e-06 8.457739721451909e-06
5.994178170880822e-06 8.457739721451909e-06
5.994178170880822e-06 8.457739721451909e-06
5.994178170880822e-06 8.457739721451909e-06
5.994178170880822e-06 8.457739721451909e-06
5.994178170880822e-06 8.457739721451909e-06
5.994178170880822e-06 8.457739721451909e-06
5.994178170880822e-06 8.457739721451909e-06
5.994178170880822e-06 8.457739721451909e-06
5.994178170880822e-06 8.457739721451909e-06
5.994178170880822e-06 8.457739721451909e-06
5.994178170880822e-06 8.457739721451909e-06
5.994178170880822e-06 8.457739721451909e-06
5.994178170880822e-06 8.457739721451909e-06
5.612446969858669e-06 8.457805883599721e-06
5.612446969858669e-06 8.457805883599721e-06
5.850153532517708e-06 8.458483531112149e-06
5.850153532517708e-06 8.458483531112149e-06
5.928735607035871e-06 8.457700320475756e-06
5.928735607035871e-06 8.457700320475756e-06
5.928735607035871e-06 8.457700320475756e-06
5.928735607035871e-06 8.457700320475756e-06
5.928735607035871e-06 8.457700320475756e-06
5.928735607035871e-06 8.457700320475756e-06
5.928735607035871e-06 8.457700320475756e-06
5.928735607035871e-06 8.457700320475756e-06
5.928735607035871e-06 8.457700320475756e-06
5.928735607035871e-06 8.457700320475756e-06
7.034579058076129e-06 8.457854732314833e-06
7.034579058076129e-06 8.457854732314833e-06
7.034579058076129e-06 8.457854732314833e-06
7.034579058076129e-06 8.457854732314833e-06
6.74407316713566e-06 8.4578687934074e-06
6.74407316713566e-06 8.4578687934074e-06
6.768760963991034e-06 8.457898014447933e-06
5.8987108973022374e-06 8.457884916634826e-06
5.8987108973022374e-06 8.457884916634826e-06
5.8987108973022374e-06 8.457884916634826e-06
5.823241460854087e-06 8.457954974322297e-06
5.823241460854087e-06 8.457954974322297e-06
5.823241460854087e-06 8.457954974322297e-06
5.823241460854087e-06 8.457954974322297e-06
5.823241460854087e-06 8.457954974322297e-06
5.823241460854087e-06 8.457954974322297e-06
5.823241460854087e-06 8.457954974322297e-06
5.823241460854087e-06 8.457954974322297e-06
5.823241460854087e-06 8.457954974322297e-06
5.823241460854087e-06 8.457954974322297e-06
6.890868063389381e-06 8.457904679392806e-06
6.890868063389381e-06 8.457904679392806e-06
5.9731461527424245e-06 8.45790182601502e-06
5.9731461527424245e-06 8.45790182601502e-06
5.9731461527424245e-06 8.45790182601502e-06
5.9731461527424245e-06 8.45790182601502e-06
5.9731461527424245e-06 8.45790182601502e-06
5.9731461527424245e-06 8.45790182601502e-06
5.9731461527424245e-06 8.45790182601502e-06
5.9731461527424245e-06 8.45790182601502e-06
5.9731461527424245e-06 8.45790182601502e-06
5.9731461527424245e-06 8.45790182601502e-06
6.686325525343471e-06 8.457880870105321e-06
6.6067604407747426e-06 8.457721529861792e-06
6.077220047266647e-06 8.457940967250042e-06
6.077220047266647e-06 8.457940967250042e-06
6.077220047266647e-06 8.457940967250042e-06
6.077220047266647e-06 8.457940967250042e-06
6.077220047266647e-06 8.457940967250042e-06
6.077220047266647e-06 8.457940967250042e-06
6.077220047266647e-06 8.457940967250042e-06
6.077220047266647e-06 8.457940967250042e-06
6.077220047266647e-06 8.457940967250042e-06
6.077220047266647e-06 8.457940967250042e-06
5.637929278614537e-06 8.457141773230112e-06
5.637929278614537e-06 8.457141773230112e-06
5.637929278614537e-06 8.457141773230112e-06
5.637929278614537e-06 8.457141773230112e-06
5.637929278614537e-06 8.457141773230112e-06
5.637929278614537e-06 8.457141773230112e-06
5.637929278614537e-06 8.457141773230112e-06
5.637929278614537e-06 8.457141773230112e-06
5.637929278614537e-06 8.457141773230112e-06
5.637929278614537e-06 8.457141773230112e-06
4.870590973624111e-06 8.458483531112149e-06
4.870590973624111e-06 8.458483531112149e-06
4.870590973624111e-06 8.458483531112149e-06
4.870590973624111e-06 8.458483531112149e-06
4.870590973624111e-06 8.458483531112149e-06
4.870590973624111e-06 8.458483531112149e-06
4.870590973624111e-06 8.458483531112149e-06
4.870590973624111e-06 8.458483531112149e-06
4.870590973624111e-06 8.458483531112149e-06
4.870590973624111e-06 8.458483531112149e-06
5.167695196086834e-06 8.45769473576851e-06
5.167695196086834e-06 8.45769473576851e-06
5.167695196086834e-06 8.45769473576851e-06
5.167695196086834e-06 8.45769473576851e-06
5.167695196086834e-06 8.45769473576851e-06
5.167695196086834e-06 8.45769473576851e-06
5.167695196086834e-06 8.45769473576851e-06
5.167695196086834e-06 8.45769473576851e-06
5.167695196086834e-06 8.45769473576851e-06
5.167695196086834e-06 8.45769473576851e-06
6.700861199303826e-06 8.457719004773199e-06
7.0629770624704065e-06 8.457808050838991e-06
7.0629770624704065e-06 8.457808050838991e-06
7.0629770624704065e-06 8.457808050838991e-06
7.0629770624704065e-06 8.457808050838991e-06
7.0629770624704065e-06 8.457808050838991e-06
7.0629770624704065e-06 8.457808050838991e-06
6.512506622758428e-06 8.457640880768445e-06
6.512506622758428e-06 8.457640880768445e-06
6.02530491316124e-06 8.457882779970576e-06
6.02530491316124e-06 8.457882779970576e-06
6.02530491316124e-06 8.457882779970576e-06
6.02530491316124e-06 8.457882779970576e-06
6.02530491316124e-06 8.457882779970576e-06
6.02530491316124e-06 8.457882779970576e-06
6.02530491316124e-06 8.457882779970576e-06
6.02530491316124e-06 8.457882779970576e-06
6.02530491316124e-06 8.457882779970576e-06
6.02530491316124e-06 8.457882779970576e-06
6.02530491316124e-06 8.457882779970576e-06
6.02530491316124e-06 8.457882779970576e-06
6.02530491316124e-06 8.457882779970576e-06
6.02530491316124e-06 8.457882779970576e-06
6.02530491316124e-06 8.457882779970576e-06
6.02530491316124e-06 8.457882779970576e-06
6.02530491316124e-06 8.457882779970576e-06
6.02530491316124e-06 8.457882779970576e-06
6.02530491316124e-06 8.457882779970576e-06
6.02530491316124e-06 8.457882779970576e-06
5.994262881778797e-06 8.4578533614673e-06
5.994262881778797e-06 8.4578533614673e-06
5.994262881778797e-06 8.4578533614673e-06
5.994262881778797e-06 8.4578533614673e-06
5.994262881778797e-06 8.4578533614673e-06
5.994262881778797e-06 8.4578533614673e-06
5.994262881778797e-06 8.4578533614673e-06
5.994262881778797e-06 8.4578533614673e-06
5.994262881778797e-06 8.4578533614673e-06
5.994262881778797e-06 8.4578533614673e-06
4.585529240633989e-06 8.458109237348999e-06
4.585529240633989e-06 8.458109237348999e-06
4.585529240633989e-06 8.458109237348999e-06
4.585529240633989e-06 8.458109237348999e-06
4.585529240633989e-06 8.458109237348999e-06
4.585529240633989e-06 8.458109237348999e-06
4.585529240633989e-06 8.458109237348999e-06
4.585529240633989e-06 8.458109237348999e-06
4.585529240633989e-06 8.458109237348999e-06
4.585529240633989e-06 8.458109237348999e-06
6.91237685706566e-06 8.457751563627629e-06
6.91237685706566e-06 8.457751563627629e-06
6.91237685706566e-06 8.457751563627629e-06
6.91237685706566e-06 8.457751563627629e-06
6.081339408269164e-06 8.457834010992084e-06
6.081339408269164e-06 8.457834010992084e-06
6.081339408269164e-06 8.457834010992084e-06
6.081339408269164e-06 8.457834010992084e-06
6.081339408269164e-06 8.457834010992084e-06
6.081339408269164e-06 8.457834010992084e-06
6.081339408269164e-06 8.457834010992084e-06
6.081339408269164e-06 8.457834010992084e-06
6.081339408269164e-06 8.457834010992084e-06
6.081339408269164e-06 8.457834010992084e-06
6.081339408269164e-06 8.457834010992084e-06
6.081339408269164e-06 8.457834010992084e-06
6.081339408269164e-06 8.457834010992084e-06
6.081339408269164e-06 8.457834010992084e-06
6.081339408269164e-06 8.457834010992084e-06
6.081339408269164e-06 8.457834010992084e-06
6.081339408269164e-06 8.457834010992084e-06
6.081339408269164e-06 8.457834010992084e-06
6.081339408269164e-06 8.457834010992084e-06
6.081339408269164e-06 8.457834010992084e-06
6.691102510802163e-06 8.457933088670768e-06
6.691102510802163e-06 8.457933088670768e-06
6.980577643249179e-06 8.457782294110147e-06
6.980577643249179e-06 8.457782294110147e-06
6.980577643249179e-06 8.457782294110147e-06
6.980577643249179e-06 8.457782294110147e-06
6.927717345778818e-06 8.457754144439643e-06
6.927717345778818e-06 8.457754144439643e-06
6.927717345778818e-06 8.457754144439643e-06
6.927717345778818e-06 8.457754144439643e-06
6.927717345778818e-06 8.457754144439643e-06
6.927717345778818e-06 8.457754144439643e-06
6.7495833892117865e-06 8.45771278916199e-06
7.1686646730359e-06 8.457846248380678e-06
7.1686646730359e-06 8.457846248380678e-06
7.1686646730359e-06 8.457846248380678e-06
7.1686646730359e-06 8.457846248380678e-06
7.1686646730359e-06 8.457846248380678e-06
7.1686646730359e-06 8.457846248380678e-06
7.086764037364008e-06 8.457800628187403e-06
7.086764037364008e-06 8.457800628187403e-06
7.086764037364008e-06 8.457800628187403e-06
7.086764037364008e-06 8.457800628187403e-06
7.005665862549436e-06 8.457785426457036e-06
7.005665862549436e-06 8.457785426457036e-06
6.053653311203477e-06 8.45790797690707e-06
6.053653311203477e-06 8.45790797690707e-06
6.053653311203477e-06 8.45790797690707e-06
6.053653311203477e-06 8.45790797690707e-06
6.053653311203477e-06 8.45790797690707e-06
6.053653311203477e-06 8.45790797690707e-06
6.053653311203477e-06 8.45790797690707e-06
6.053653311203477e-06 8.45790797690707e-06
6.053653311203477e-06 8.45790797690707e-06
6.053653311203477e-06 8.45790797690707e-06
6.718068039987046e-06 8.457772111883104e-06
6.198512960173069e-06 8.458080034603905e-06
6.198512960173069e-06 8.458080034603905e-06
6.203714191885382e-06 8.45794792540579e-06
6.203714191885382e-06 8.45794792540579e-06
6.203714191885382e-06 8.45794792540579e-06
6.203714191885382e-06 8.45794792540579e-06
6.203714191885382e-06 8.45794792540579e-06
6.203714191885382e-06 8.45794792540579e-06
6.615967176608568e-06 8.45781179837416e-06
6.615967176608568e-06 8.45781179837416e-06
6.057449158457226e-06 8.457746705474807e-06
6.057449158457226e-06 8.457746705474807e-06
6.057449158457226e-06 8.457746705474807e-06
6.057449158457226e-06 8.457746705474807e-06
6.057449158457226e-06 8.457746705474807e-06
6.057449158457226e-06 8.457746705474807e-06
6.057449158457226e-06 8.457746705474807e-06
6.057449158457226e-06 8.457746705474807e-06
6.057449158457226e-06 8.457746705474807e-06
6.057449158457226e-06 8.457746705474807e-06
6.057449158457226e-06 8.457746705474807e-06
6.057449158457226e-06 8.457746705474807e-06
6.057449158457226e-06 8.457746705474807e-06
6.057449158457226e-06 8.457746705474807e-06
6.057449158457226e-06 8.457746705474807e-06
6.057449158457226e-06 8.457746705474807e-06
6.057449158457226e-06 8.457746705474807e-06
6.057449158457226e-06 8.457746705474807e-06
6.057449158457226e-06 8.457746705474807e-06
6.057449158457226e-06 8.457746705474807e-06
6.057449158457226e-06 8.457746705474807e-06
6.057449158457226e-06 8.457746705474807e-06
6.057449158457226e-06 8.457746705474807e-06
6.057449158457226e-06 8.457746705474807e-06
6.057449158457226e-06 8.457746705474807e-06
6.057449158457226e-06 8.457746705474807e-06
6.057449158457226e-06 8.457746705474807e-06
6.057449158457226e-06 8.457746705474807e-06
6.057449158457226e-06 8.457746705474807e-06
6.057449158457226e-06 8.457746705474807e-06
7.077593648330304e-06 8.457900123335332e-06
7.077593648330304e-06 8.457900123335332e-06
7.077593648330304e-06 8.457900123335332e-06
7.077593648330304e-06 8.457900123335332e-06
7.077593648330304e-06 8.457900123335332e-06
7.077593648330304e-06 8.457900123335332e-06
7.077593648330304e-06 8.457900123335332e-06
7.077593648330304e-06 8.457900123335332e-06
7.077593648330304e-06 8.457900123335332e-06
7.077593648330304e-06 8.457900123335332e-06
6.791092242813393e-06 8.457714177448663e-06
6.791092242813393e-06 8.457714177448663e-06
5.113414211107875e-06 8.457582631863766e-06
5.113414211107875e-06 8.457582631863766e-06
5.113414211107875e-06 8.457582631863766e-06
5.113414211107875e-06 8.457582631863766e-06
5.113414211107875e-06 8.457582631863766e-06
5.113414211107875e-06 8.457582631863766e-06
5.113414211107875e-06 8.457582631863766e-06
5.113414211107875e-06 8.457582631863766e-06
5.113414211107875e-06 8.457582631863766e-06
5.113414211107875e-06 8.457582631863766e-06
5.113414211107875e-06 8.457582631863766e-06
5.113414211107875e-06 8.457582631863766e-06
5.113414211107875e-06 8.457582631863766e-06
5.113414211107875e-06 8.457582631863766e-06
5.113414211107875e-06 8.457582631863766e-06
5.113414211107875e-06 8.457582631863766e-06
5.113414211107875e-06 8.457582631863766e-06
5.113414211107875e-06 8.457582631863766e-06
5.113414211107875e-06 8.457582631863766e-06
5.113414211107875e-06 8.457582631863766e-06
6.9746362943918025e-06 8.4578533614673e-06
6.9746362943918025e-06 8.4578533614673e-06
5.996565640388974e-06 8.457730745186105e-06
5.996565640388974e-06 8.457730745186105e-06
5.996565640388974e-06 8.457730745186105e-06
5.996565640388974e-06 8.457730745186105e-06
5.996565640388974e-06 8.457730745186105e-06
5.996565640388974e-06 8.457730745186105e-06
5.996565640388974e-06 8.457730745186105e-06
5.996565640388974e-06 8.457730745186105e-06
5.996565640388974e-06 8.457730745186105e-06
5.996565640388974e-06 8.457730745186105e-06
7.0695382375980785e-06 8.457818791626721e-06
7.0695382375980785e-06 8.457818791626721e-06
5.8170635872330305e-06 8.457886850698487e-06
5.8170635872330305e-06 8.457886850698487e-06
5.8170635872330305e-06 8.457886850698487e-06
5.8170635872330305e-06 8.457886850698487e-06
5.8170635872330305e-06 8.457886850698487e-06
5.8170635872330305e-06 8.457886850698487e-06
5.8170635872330305e-06 8.457886850698487e-06
5.8170635872330305e-06 8.457886850698487e-06
5.8170635872330305e-06 8.457886850698487e-06
5.8170635872330305e-06 8.457886850698487e-06