2.3995252779190167e-07 0.000100060204089223
2.639477805710918e-05 0.000100060204089223
2.639477805710918e-05 0.000100060204089223
2.639477805710918e-05 0.000100060204089223
2.639477805710918e-05 0.000100060204089223
2.639477805710918e-05 0.000100060204089223
2.639477805710918e-05 0.000100060204089223
2.639477805710918e-05 0.000100060204089223
0.0005348541844481488 0.000100060204089223
0.0013893251359151106 0.000100060204089223
0.0013893251359151106 0.000100060204089223
0.0013893251359151106 0.000100060204089223
0.0013893251359151106 0.000100060204089223
0.0013893251359151106 0.000100060204089223
0.0013893251359151106 0.000100060204089223
0.0013893251359151106 0.000100060204089223
0.0013893251359151106 0.000100060204089223
0.0013893251359151106 0.000100060204089223
0.0013893251359151106 0.000100060204089223
0.0013893251359151106 0.000100060204089223
0.000626995955120239 0.000100060204089223
0.000626995955120239 0.000100060204089223
2.207563255685495e-05 0.000100060204089223
2.207563255685495e-05 0.000100060204089223
2.207563255685495e-05 0.000100060204089223
2.207563255685495e-05 0.000100060204089223
2.207563255685495e-05 0.000100060204089223
2.207563255685495e-05 0.000100060204089223
2.207563255685495e-05 0.000100060204089223
2.207563255685495e-05 0.000100060204089223
2.207563255685495e-05 0.000100060204089223
2.207563255685495e-05 0.000100060204089223
2.207563255685495e-05 0.000100060204089223
2.207563255685495e-05 0.000100060204089223
2.207563255685495e-05 0.000100060204089223
2.207563255685495e-05 0.000100060204089223
2.207563255685495e-05 0.000100060204089223
2.207563255685495e-05 0.000100060204089223
2.207563255685495e-05 0.000100060204089223
2.207563255685495e-05 0.000100060204089223
2.207563255685495e-05 0.000100060204089223
2.207563255685495e-05 0.000100060204089223
2.207563255685495e-05 0.000100060204089223
0.0006800254637622493 0.000100060204089223
0.0006800254637622493 0.000100060204089223
0.0006800254637622493 0.000100060204089223
0.0006800254637622493 0.000100060204089223
0.0006800254637622493 0.000100060204089223
0.0006800254637622493 0.000100060204089223
0.0006800254637622493 0.000100060204089223
0.0018392361255249261 0.000100060204089223
0.0018392361255249261 0.000100060204089223
0.0018392361255249261 0.000100060204089223
0.0018392361255249261 0.000100060204089223
0.0018392361255249261 0.000100060204089223
0.0018392361255249261 0.000100060204089223
0.0018392361255249261 0.000100060204089223
0.0018392361255249261 0.000100060204089223
0.0018392361255249261 0.000100060204089223
0.0018392361255249261 0.000100060204089223
0.0018392361255249261 0.000100060204089223
0.0018392361255249261 0.000100060204089223
0.0018392361255249261 0.000100060204089223
0.0018392361255249261 0.000100060204089223
0.0018392361255249261 0.000100060204089223
0.0018392361255249261 0.000100060204089223
0.0018392361255249261 0.000100060204089223
0.0018392361255249261 0.000100060204089223
0.0018392361255249261 0.000100060204089223
0.0018392361255249261 0.000100060204089223
6.574699261498106e-05 0.000100060204089223
0.006848005190653081 0.010102481325094644
0.00037096660796627994 0.000100060204089223
0.00037096660796627994 0.000100060204089223
0.0006608292615388971 0.000100060204089223
0.0005190173176138833 0.000100060204089223
0.0005190173176138833 0.000100060204089223
0.0005190173176138833 0.000100060204089223
3.8632356974496165e-05 0.000100060204089223
0.0005240563206975132 0.000100060204089223
0.0005240563206975132 0.000100060204089223
0.0005240563206975132 0.000100060204089223
0.0005240563206975132 0.000100060204089223
0.0005240563206975132 0.000100060204089223
0.0005240563206975132 0.000100060204089223
0.0005240563206975132 0.000100060204089223
0.0005240563206975132 0.000100060204089223
0.0005240563206975132 0.000100060204089223
0.0005598092473385065 0.000100060204089223
5.998813194797541e-06 0.000100060204089223
1.4157199139722197e-05 0.000100060204089223
0.0006406732492043774 0.000100060204089223
0.0006406732492043774 0.000100060204089223
0.0006406732492043774 0.000100060204089223
0.0006406732492043774 0.000100060204089223
0.0006406732492043774 0.000100060204089223
0.0006406732492043774 0.000100060204089223
0.0006406732492043774 0.000100060204089223
0.0006406732492043774 0.000100060204089223
0.0006406732492043774 0.000100060204089223
0.0006406732492043774 0.000100060204089223
0.0006406732492043774 0.000100060204089223
0.0006406732492043774 0.000100060204089223
0.0006406732492043774 0.000100060204089223
0.0006406732492043774 0.000100060204089223
0.0022195608820750902 0.000100060204089223
0.0022195608820750902 0.000100060204089223
0.0022195608820750902 0.000100060204089223
0.0022195608820750902 0.000100060204089223
0.0022195608820750902 0.000100060204089223
0.0022195608820750902 0.000100060204089223
0.0022195608820750902 0.000100060204089223
0.0022195608820750902 0.000100060204089223
1.1517721334011279e-05 0.000100060204089223
1.1517721334011279e-05 0.000100060204089223
1.1517721334011279e-05 0.000100060204089223
0.0003853637596337941 0.000100060204089223
0.0003853637596337941 0.000100060204089223
0.0003853637596337941 0.000100060204089223
0.0003853637596337941 0.000100060204089223
0.0003853637596337941 0.000100060204089223
0.0003853637596337941 0.000100060204089223
0.0003853637596337941 0.000100060204089223
0.0003853637596337941 0.000100060204089223
0.0003853637596337941 0.000100060204089223
0.0003853637596337941 0.000100060204089223
0.0003853637596337941 0.000100060204089223
0.0003853637596337941 0.000100060204089223
0.0003853637596337941 0.000100060204089223
0.0003853637596337941 0.000100060204089223
0.0001298143175354188 0.000100060204089223
0.0001298143175354188 0.000100060204089223
0.0001298143175354188 0.000100060204089223
0.0001298143175354188 0.000100060204089223
0.0001298143175354188 0.000100060204089223
0.0001298143175354188 0.000100060204089223
0.0001298143175354188 0.000100060204089223
0.0001298143175354188 0.000100060204089223
0.0001298143175354188 0.000100060204089223
0.0001298143175354188 0.000100060204089223
0.0001298143175354188 0.000100060204089223
0.0001298143175354188 0.000100060204089223
0.0001298143175354188 0.000100060204089223
0.0001298143175354188 0.000100060204089223
0.0001298143175354188 0.000100060204089223
0.0001298143175354188 0.000100060204089223
0.0001298143175354188 0.000100060204089223
2.063591739010354e-05 0.000100060204089223
2.063591739010354e-05 0.000100060204089223
2.063591739010354e-05 0.000100060204089223
0.00023539342976385553 0.000100060204089223
0.00023539342976385553 0.000100060204089223
0.00023539342976385553 0.000100060204089223
0.00023539342976385553 0.000100060204089223
0.00023539342976385553 0.000100060204089223
0.00023539342976385553 0.000100060204089223
0.00023539342976385553 0.000100060204089223
0.00023539342976385553 0.000100060204089223
0.00023539342976385553 0.000100060204089223
0.00023539342976385553 0.000100060204089223
0.00023539342976385553 0.000100060204089223
0.00023539342976385553 0.000100060204089223
0.00023539342976385553 0.000100060204089223
0.00023539342976385553 0.000100060204089223
0.00023539342976385553 0.000100060204089223
0.00023539342976385553 0.000100060204089223
0.00023539342976385553 0.000100060204089223
0.00023539342976385553 0.000100060204089223
0.00023539342976385553 0.000100060204089223
0.00023539342976385553 0.000100060204089223
0.00023539342976385553 0.000100060204089223
0.00023539342976385553 0.000100060204089223
0.00023539342976385553 0.000100060204089223
0.00023539342976385553 0.000100060204089223
0.00023539342976385553 0.000100060204089223
4.799050555838033e-06 0.000100060204089223
0.0061840565462528896 0.010102481325094644
0.0061840565462528896 0.010102481325094644
0.0061840565462528896 0.010102481325094644
0.0061840565462528896 0.010102481325094644
0.0004566296603879888 0.000100060204089223
0.0004566296603879888 0.000100060204089223
0.0004566296603879888 0.000100060204089223
0.0004566296603879888 0.000100060204089223
0.0004566296603879888 0.000100060204089223
0.0004566296603879888 0.000100060204089223
0.0004566296603879888 0.000100060204089223
0.0004566296603879888 0.000100060204089223
0.0004566296603879888 0.000100060204089223
1.295743650076269e-05 0.000100060204089223
1.007800616725987e-05 0.000100060204089223
1.007800616725987e-05 0.000100060204089223
1.007800616725987e-05 0.000100060204089223
1.007800616725987e-05 0.000100060204089223
1.007800616725987e-05 0.000100060204089223
1.007800616725987e-05 0.000100060204089223
1.007800616725987e-05 0.000100060204089223
1.007800616725987e-05 0.000100060204089223
1.007800616725987e-05 0.000100060204089223
1.007800616725987e-05 0.000100060204089223
1.007800616725987e-05 0.000100060204089223
1.007800616725987e-05 0.000100060204089223
1.007800616725987e-05 0.000100060204089223
1.007800616725987e-05 0.000100060204089223
1.007800616725987e-05 0.000100060204089223
1.007800616725987e-05 0.000100060204089223
1.007800616725987e-05 0.000100060204089223
1.007800616725987e-05 0.000100060204089223
1.007800616725987e-05 0.000100060204089223
1.007800616725987e-05 0.000100060204089223