0.9080687035460814 0.906207382633156
0.4382073889614889 0.4389592740136502
0.21095853676286788 0.20895126867253724
0.8490581858568088 0.849240125427558
0.8038719113780262 0.8046775872598002
0.6211923212008644 0.6191648815494291
0.49847289416812485 0.4992200329706144
0.9091919826350545 0.906982207892064
0.3577450093184702 0.35873025164615757
0.3577450093184702 0.35873025164615757
0.3577450093184702 0.35873025164615757
0.7093206851053193 0.7093974161416787
0.6500439819136246 0.6477566850926626
0.6500439819136246 0.6477566850926626
0.6500439819136246 0.6477566850926626
0.7466519163774091 0.747024496976639
0.523219839956461 0.5241334930182667
0.9269832995294884 0.9250246804982929
0.6823655466572164 0.681160790282212
0.6823655466572164 0.681160790282212
0.7760865747581785 0.7758844636263246
0.6619202851546803 0.6606028053499726
0.9714770170770063 0.9705297447466926
0.5873602624992486 0.5843392745832002
0.5873602624992486 0.5843392745832002
0.7984390375871332 0.7987325140251678
0.7328237179588595 0.7335004540578852
0.9156650761456656 0.9139532620973994
0.567361148465854 0.5658265277386652
0.567361148465854 0.5658265277386652
0.567361148465854 0.5658265277386652
0.567361148465854 0.5658265277386652
0.9648041855593772 0.9639538158265277
0.7171761238328181 0.7174094811083442
0.4716656805014571 0.47240649097105103
0.26186048240881665 0.26193325823711633
0.26186048240881665 0.26193325823711633
0.8542248741452796 0.8546520366157341
0.8542248741452796 0.8546520366157341
0.7586199804454513 0.7577818718575872
0.15491205199358307 0.15336912532946884
0.15491205199358307 0.15336912532946884
0.15491205199358307 0.15336912532946884
0.4006309347896937 0.40084491154572693
0.4006309347896937 0.40084491154572693
0.4006309347896937 0.40084491154572693
0.6356323903062596 0.6334443692075978
0.6356323903062596 0.6334443692075978
0.787345470021105 0.7878750723803075
0.7008913456883485 0.7004183028044008