4.370042568611352e-07 3.954918568447412e-07
4.370042568611352e-07 3.954918568447412e-07
4.370042568611352e-07 3.954918568447412e-07
4.227518505366396e-07 3.954918740369159e-07
4.0510901125165134e-07 3.954918623601356e-07
4.2495788441514494e-07 3.954918706467617e-07
4.2495788441514494e-07 3.954918706467617e-07
4.2495788441514494e-07 3.954918706467617e-07
4.2495788441514494e-07 3.954918706467617e-07
4.232100014304814e-07 3.954918691033993e-07
4.2192340490624057e-07 3.954918611208834e-07
4.2192340490624057e-07 3.954918611208834e-07
4.2192340490624057e-07 3.954918611208834e-07
4.220447935239254e-07 3.954918755195886e-07
4.1835557924241776e-07 3.9549186493612354e-07
4.227058749209586e-07 3.95491870390997e-07
4.227058749209586e-07 3.95491870390997e-07
4.2246980152127426e-07 3.9549187503065733e-07
4.0253557809481195e-07 3.9549186473797665e-07
4.2898149107860257e-07 3.954918762247574e-07
4.147666038699715e-07 3.954918701540745e-07
4.1358883549052816e-07 3.9549186751650587e-07
4.3454298635192774e-07 3.9549188780239925e-07
4.3454298635192774e-07 3.9549188780239925e-07
4.222430547659578e-07 3.954918619509278e-07
4.2322060535575344e-07 3.954918725803509e-07
4.2481651585476834e-07 3.954918906557512e-07
4.234207711430203e-07 3.954918695626401e-07
4.3238924667074786e-07 3.954918704440689e-07
4.2228792646070143e-07 3.9549187269121993e-07
4.2228792646070143e-07 3.9549187269121993e-07
4.227362114880226e-07 3.954918709130035e-07
4.2268697842469155e-07 3.954918668617786e-07
4.2254154738432577e-07 3.9549186893300187e-07
4.353063496303992e-07 3.9549187049560645e-07
4.353063496303992e-07 3.9549187049560645e-07
4.353063496303992e-07 3.9549187049560645e-07
4.2296438685241007e-07 3.9549186975314756e-07
4.2355780299575323e-07 3.95491865462576e-07
4.2355780299575323e-07 3.95491865462576e-07
4.273015498706273e-07 3.954918735983525e-07
4.136220066100994e-07 3.95491867774999e-07
4.179011182487e-07 3.9549186725957833e-07
4.179011182487e-07 3.9549186725957833e-07
4.1526225170120626e-07 3.9549187085950933e-07
4.235951726514602e-07 3.9549186278036233e-07
4.281707574814908e-07 3.9549187280536614e-07
4.1810122200346823e-07 3.954918939875599e-07
4.1810122200346823e-07 3.954918939875599e-07
4.1810122200346823e-07 3.954918939875599e-07