2.849641041282405e-07 3.9549192029953746e-07
4.0726946075159983e-07 3.954919108924455e-07
2.7345860130309377e-07 3.954919454109693e-07
2.7345860130309377e-07 3.954919454109693e-07
2.7345860130309377e-07 3.954919454109693e-07
1.6904968938707503e-07 3.9549162656816e-07
1.6904968938707503e-07 3.9549162656816e-07
1.6904968938707503e-07 3.9549162656816e-07
3.244364799385468e-07 3.954919332214145e-07
3.244364799385468e-07 3.954919332214145e-07
3.512277253678663e-07 3.954918126085159e-07
3.8690231319436974e-07 3.954918855606141e-07
3.7692833696575163e-07 3.9549188954240054e-07
3.723748307604001e-07 3.954918965530476e-07
3.4431689798608497e-07 3.954918324899917e-07
3.4431689798608497e-07 3.954918324899917e-07
3.3891520097134475e-07 3.954918420110015e-07
2.6136074452742593e-07 3.954919140014352e-07
2.6136074452742593e-07 3.954919140014352e-07
2.6136074452742593e-07 3.954919140014352e-07
3.6694911620320057e-07 3.9549184640601024e-07
3.3096703257900815e-07 3.954919180872484e-07
1.9722046613240333e-07 3.9549197171171775e-07
3.339735242466282e-07 3.954918236234699e-07
3.339735242466282e-07 3.954918236234699e-07
3.203939322270298e-07 3.954918184340788e-07
3.203939322270298e-07 3.954918184340788e-07
3.203939322270298e-07 3.954918184340788e-07
3.203939322270298e-07 3.954918184340788e-07
3.532751813904186e-07 3.954918901066861e-07
3.570893591655617e-07 3.954918765930775e-07
3.63719732809355e-07 3.954918304537417e-07
4.049718643242895e-07 3.9549183262980974e-07
3.768533161923606e-07 3.9549185707045405e-07
3.768533161923606e-07 3.9549185707045405e-07
3.853622139785095e-07 3.9549188545736863e-07
2.2838430875484622e-07 3.954918587603507e-07
2.2838430875484622e-07 3.954918587603507e-07
3.101170884399767e-07 3.9549190966917614e-07
3.363602070342184e-07 3.9549180058308136e-07
3.363602070342184e-07 3.9549180058308136e-07
3.363602070342184e-07 3.9549180058308136e-07
3.606692479386456e-07 3.9549183580734404e-07
3.030306294018688e-07 3.95491824745738e-07
3.6891977759893793e-07 3.9549187937127894e-07
3.7114686448998176e-07 3.9549191071059563e-07
3.487985887741142e-07 3.9549192526356346e-07
3.99680462178122e-07 3.9549186113837964e-07
4.155283960372229e-07 3.954918936089525e-07
2.933295148246008e-07 3.954919540697248e-07