0.007090074338020261 7.471379972722832e-06
0.007090074338020261 7.471379972722832e-06
0.007090074338020261 7.471379972722832e-06
0.007090074338020261 7.471379972722832e-06
0.007090074338020261 7.471379972722832e-06
0.0020329227021638266 7.471379972722832e-06
0.0020329227021638266 7.471379972722832e-06
0.0020329227021638266 7.471379972722832e-06
0.0020329227021638266 7.471379972722832e-06
0.012919740137446865 7.471379972722832e-06
0.012919740137446865 7.471379972722832e-06
0.012919740137446865 7.471379972722832e-06
0.0020699701365847834 7.471379972722832e-06
0.0020699701365847834 7.471379972722832e-06
0.0024382782226957537 7.471379972722832e-06
0.0024382782226957537 7.471379972722832e-06
0.0024382782226957537 7.471379972722832e-06
0.0024382782226957537 7.471379972722832e-06
0.0024382782226957537 7.471379972722832e-06
0.0024382782226957537 7.471379972722832e-06
0.0024382782226957537 7.471379972722832e-06
0.0024382782226957537 7.471379972722832e-06
0.0024382782226957537 7.471379972722832e-06
0.0024382782226957537 7.471379972722832e-06
0.0024382782226957537 7.471379972722832e-06
0.0024382782226957537 7.471379972722832e-06
0.0024382782226957537 7.471379972722832e-06
0.0024382782226957537 7.471379972722832e-06
0.0024382782226957537 7.471379972722832e-06
0.0024382782226957537 7.471379972722832e-06
0.0024382782226957537 7.471379972722832e-06
0.0024382782226957537 7.471379972722832e-06
0.0024382782226957537 7.471379972722832e-06
0.0024382782226957537 7.471379972722832e-06
0.0024382782226957537 7.471379972722832e-06
0.0024382782226957537 7.471379972722832e-06
0.0024382782226957537 7.471379972722832e-06
0.0024382782226957537 7.471379972722832e-06
0.0024382782226957537 7.471379972722832e-06
0.0024382782226957537 7.471379972722832e-06
0.0024382782226957537 7.471379972722832e-06
0.0024382782226957537 7.471379972722832e-06
0.0024382782226957537 7.471379972722832e-06
0.0024382782226957537 7.471379972722832e-06
0.0024382782226957537 7.471379972722832e-06
0.0024382782226957537 7.471379972722832e-06
0.0024382782226957537 7.471379972722832e-06
0.0024382782226957537 7.471379972722832e-06
0.0024382782226957537 7.471379972722832e-06
0.0024382782226957537 7.471379972722832e-06
0.0024382782226957537 7.471379972722832e-06
0.0024382782226957537 7.471379972722832e-06
0.0024382782226957537 7.471379972722832e-06
0.0024382782226957537 7.471379972722832e-06
0.0024382782226957537 7.471379972722832e-06
0.0024382782226957537 7.471379972722832e-06
0.0024382782226957537 7.471379972722832e-06
0.0024382782226957537 7.471379972722832e-06
0.0024382782226957537 7.471379972722832e-06
0.0024382782226957537 7.471379972722832e-06
0.0024382782226957537 7.471379972722832e-06
0.0024382782226957537 7.471379972722832e-06
0.0024382782226957537 7.471379972722832e-06
0.0024382782226957537 7.471379972722832e-06
0.0024382782226957537 7.471379972722832e-06
0.0024382782226957537 7.471379972722832e-06
0.0024382782226957537 7.471379972722832e-06
0.0024382782226957537 7.471379972722832e-06
0.0024382782226957537 7.471379972722832e-06
0.0024382782226957537 7.471379972722832e-06
0.0024382782226957537 7.471379972722832e-06
0.0024382782226957537 7.471379972722832e-06
0.0024382782226957537 7.471379972722832e-06
0.0024382782226957537 7.471379972722832e-06
0.0024382782226957537 7.471379972722832e-06
0.0024382782226957537 7.471379972722832e-06
0.0024382782226957537 7.471379972722832e-06
0.0024382782226957537 7.471379972722832e-06
0.0024382782226957537 7.471379972722832e-06
0.0021869480739091897 7.471379972722832e-06
0.0021869480739091897 7.471379972722832e-06
0.0021869480739091897 7.471379972722832e-06
0.0021005519537216537 7.471379972722832e-06
0.0020731532097092572 7.471379972722832e-06
0.0160250048077667 7.471379972722832e-06
0.0160250048077667 7.471379972722832e-06
0.0160250048077667 7.471379972722832e-06
0.0160250048077667 7.471379972722832e-06
0.0160250048077667 7.471379972722832e-06
0.004426461063721145 7.471379972722832e-06
0.009248595800553943 7.471379972722832e-06
0.009248595800553943 7.471379972722832e-06
0.009248595800553943 7.471379972722832e-06
0.009248595800553943 7.471379972722832e-06
0.009248595800553943 7.471379972722832e-06
0.009248595800553943 7.471379972722832e-06
0.009248595800553943 7.471379972722832e-06
0.009248595800553943 7.471379972722832e-06
0.009248595800553943 7.471379972722832e-06
0.009248595800553943 7.471379972722832e-06
0.009248595800553943 7.471379972722832e-06
0.009248595800553943 7.471379972722832e-06
0.004426461063721145 7.471379972722832e-06
0.004426461063721145 7.471379972722832e-06
0.007090074338020261 7.471379972722832e-06
0.007090074338020261 7.471379972722832e-06
0.007090074338020261 7.471379972722832e-06
0.007090074338020261 7.471379972722832e-06
1.0168150258735215e-06 7.471379972722832e-06
0.001803829855899627 7.471379972722832e-06
0.001803829855899627 7.471379972722832e-06
0.007090074338020261 7.471379972722832e-06
0.007090074338020261 7.471379972722832e-06
4.686190988808403e-06 7.471379972722832e-06
4.686190988808403e-06 7.471379972722832e-06
6.542983644751356e-06 7.471379972722832e-06
6.542983644751356e-06 7.471379972722832e-06
6.542983644751356e-06 7.471379972722832e-06
6.542983644751356e-06 7.471379972722832e-06
6.542983644751356e-06 7.471379972722832e-06
6.542983644751356e-06 7.471379972722832e-06
6.542983644751356e-06 7.471379972722832e-06
6.542983644751356e-06 7.471379972722832e-06
6.542983644751356e-06 7.471379972722832e-06
6.542983644751356e-06 7.471379972722832e-06
6.542983644751356e-06 7.471379972722832e-06
6.542983644751356e-06 7.471379972722832e-06
6.542983644751356e-06 7.471379972722832e-06
6.542983644751356e-06 7.471379972722832e-06
6.542983644751356e-06 7.471379972722832e-06
6.542983644751356e-06 7.471379972722832e-06
6.542983644751356e-06 7.471379972722832e-06
6.542983644751356e-06 7.471379972722832e-06
6.542983644751356e-06 7.471379972722832e-06
6.542983644751356e-06 7.471379972722832e-06
6.542983644751356e-06 7.471379972722832e-06
6.542983644751356e-06 7.471379972722832e-06
6.542983644751356e-06 7.471379972722832e-06
6.542983644751356e-06 7.471379972722832e-06
6.542983644751356e-06 7.471379972722832e-06
6.542983644751356e-06 7.471379972722832e-06
6.542983644751356e-06 7.471379972722832e-06
6.542983644751356e-06 7.471379972722832e-06
6.542983644751356e-06 7.471379972722832e-06
6.542983644751356e-06 7.471379972722832e-06
6.542983644751356e-06 7.471379972722832e-06
6.542983644751356e-06 7.471379972722832e-06
6.542983644751356e-06 7.471379972722832e-06
6.542983644751356e-06 7.471379972722832e-06
6.542983644751356e-06 7.471379972722832e-06
6.542983644751356e-06 7.471379972722832e-06
6.542983644751356e-06 7.471379972722832e-06
6.542983644751356e-06 7.471379972722832e-06
6.542983644751356e-06 7.471379972722832e-06
6.542983644751356e-06 7.471379972722832e-06
6.542983644751356e-06 7.471379972722832e-06
6.542983644751356e-06 7.471379972722832e-06
6.542983644751356e-06 7.471379972722832e-06
6.542983644751356e-06 7.471379972722832e-06
6.542983644751356e-06 7.471379972722832e-06
6.542983644751356e-06 7.471379972722832e-06
6.542983644751356e-06 7.471379972722832e-06
6.542983644751356e-06 7.471379972722832e-06
6.542983644751356e-06 7.471379972722832e-06
6.542983644751356e-06 7.471379972722832e-06
6.542983644751356e-06 7.471379972722832e-06
6.542983644751356e-06 7.471379972722832e-06
6.542983644751356e-06 7.471379972722832e-06
6.542983644751356e-06 7.471379972722832e-06
6.542983644751356e-06 7.471379972722832e-06
6.542983644751356e-06 7.471379972722832e-06
6.542983644751356e-06 7.471379972722832e-06
6.542983644751356e-06 7.471379972722832e-06
6.542983644751356e-06 7.471379972722832e-06
6.542983644751356e-06 7.471379972722832e-06
6.542983644751356e-06 7.471379972722832e-06
6.542983644751356e-06 7.471379972722832e-06
6.542983644751356e-06 7.471379972722832e-06
6.542983644751356e-06 7.471379972722832e-06
6.542983644751356e-06 7.471379972722832e-06
6.542983644751356e-06 7.471379972722832e-06
6.542983644751356e-06 7.471379972722832e-06
6.542983644751356e-06 7.471379972722832e-06
6.542983644751356e-06 7.471379972722832e-06
1.6799552601388617e-06 7.471379972722832e-06
1.6799552601388617e-06 7.471379972722832e-06
1.6799552601388617e-06 7.471379972722832e-06
1.6799552601388617e-06 7.471379972722832e-06
0.002082481382337923 7.471379972722832e-06
0.002082481382337923 7.471379972722832e-06
0.002082481382337923 7.471379972722832e-06
2.0247881819568383e-05 7.471379972722832e-06
2.0247881819568383e-05 7.471379972722832e-06
0.004426461063721145 7.471379972722832e-06
0.0019006704347768423 7.471379972722832e-06
0.007090074338020261 7.471379972722832e-06
4.199888150347154e-06 7.471379972722832e-06
0.0019583857398324024 7.471379972722832e-06
0.0019583857398324024 7.471379972722832e-06
0.0019968810304315052 7.471379972722832e-06
0.0019968810304315052 7.471379972722832e-06
0.0026542408923214992 7.471379972722832e-06
0.0018089360357034703 7.471379972722832e-06
0.0018089360357034703 7.471379972722832e-06