0.46058936844283827 0.4902276068117534
0.6663694882694134 0.6998816593168081
0.5229331507808893 0.47829271010778024
0.3729695020669819 0.3682040341967427
0.37577677656960606 0.401312891705008
0.2877270628691513 0.32821231273780904
0.3944034939688706 0.40967103412775485
0.33523845913001027 0.38129580394716595
0.4912677312021397 0.5243553616820297
0.42526228646936143 0.4308662219604222
0.3594478849919603 0.3955391399869454
0.5144901002446415 0.5387260598920606
0.6724138845992602 0.7485393151099294
0.5070712538274985 0.5369323759943536
0.31949331083268323 0.36793869634205234
0.46064243601377636 0.4974129559167688
0.49267932858909247 0.5332919406280017
0.7269726542806956 0.7226794877918054
0.4170686535165226 0.4162354926527948
0.37040633839067283 0.3931404857805444
0.37040633839067283 0.3931404857805444
0.4079410313151736 0.4664268012460266
0.8146349747133025 0.8618173520343453
0.38652295968456635 0.40302697424630785
0.45031548670922683 0.49404316516220104
0.0508493464728639 0.06995897876766487
0.20824245511810188 0.22371695880364467
0.3505378398314574 0.3732879074926103
0.46064243601377636 0.4974129559167688
0.465450357940766 0.6436088070940729
0.4487924474233041 0.5411087938271801
0.45940065485382536 0.48063829674324315
0.7535276667781086 0.7841741889948471
0.5191865802726612 0.537829217943207
0.09667850073498586 0.09608414394047941
0.5522370634528946 0.6034525761652312
0.5876172129973095 0.6326715807237355
0.35233683048625813 0.39089042077277
0.39657395762023784 0.42660489601409474
0.8246169848067545 0.8442838265964052
0.33509517668847744 0.38131703097554115
0.47723666544611254 0.4889539851092396
0.34956139652619683 0.39269471818466456
0.7886318649536455 0.8161049464282871
0.36853305313655876 0.3911769856558356
0.4760426451000058 0.570067767288088
0.5154665435499021 0.5346716974723916
0.5154665435499021 0.5346716974723916
0.3635977690393178 0.38441087036123095
0.4681461905444202 0.49404316516220104