6.7135037548870985e-06 5.306752483122794e-06
5.7362450017108016e-06 5.306747773323401e-06
5.682955638080015e-06 5.306750783785734e-06
6.067969532197347e-06 5.306748653997823e-06
5.950577462055741e-06 5.30676431897613e-06
5.6903814051820155e-06 5.306754861552023e-06
6.110508818145384e-06 5.306746853143452e-06
5.480666210199716e-06 5.306761942460639e-06
5.5335916553803955e-06 5.306748487805236e-06
5.60044850728442e-06 5.306759786318864e-06
5.60044850728442e-06 5.306759786318864e-06
5.5875368655464655e-06 5.306754847984158e-06
5.883254315110786e-06 5.3067585528318695e-06
5.613203584965421e-06 5.30675874162111e-06
6.029159106308238e-06 5.306757676654881e-06
5.602242980213028e-06 5.306761613470604e-06
5.529739817155642e-06 5.30675520251996e-06
5.609202566694667e-06 5.306763745438664e-06
6.026861371655302e-06 5.306759631432518e-06
5.363000284139893e-06 5.3067660457042445e-06
6.60880150924556e-06 5.306800821195544e-06
5.389237305001632e-06 5.306760953039272e-06
6.034491490774688e-06 5.306758565965344e-06
5.906873805365174e-06 5.3067556604480765e-06
5.7002525788943635e-06 5.306757721306064e-06
5.068960155648375e-06 5.306764387198184e-06
6.477465700578243e-06 5.306762576033897e-06
5.467783250411388e-06 5.306759501228525e-06
5.923594489076171e-06 5.306759650064896e-06
8.123594222966583e-06 5.306805920536819e-06
5.66491031336958e-06 5.306762040440189e-06
5.41280813632047e-06 5.306748487805236e-06
5.465049746329576e-06 5.306751416683131e-06
5.710703519507222e-06 5.306760955691978e-06
6.712780193334288e-06 5.306763762367281e-06
5.677932615179283e-06 5.306763755162366e-06
5.6851073879214946e-06 5.306749931782324e-06
5.740288847697526e-06 5.306751043136674e-06
5.627541773567753e-06 5.306762633373394e-06
5.613203584965421e-06 5.30675874162111e-06
5.550386966413356e-06 5.306756461779793e-06
5.5991909120401635e-06 5.306746928337806e-06
6.615213790380767e-06 5.3067510830759935e-06
5.761643722593239e-06 5.3067526586495275e-06
5.6412565554463175e-06 5.306756263456254e-06
5.563822109948637e-06 5.3067590955919084e-06
5.675856464514258e-06 5.3067547544108785e-06
5.675856464514258e-06 5.3067547544108785e-06
5.317655689208805e-06 5.306762605432159e-06
5.442958318353074e-06 5.306757099766154e-06