0.32710198478187846 0.29292693256999314
0.4418951088782112 0.434344467000628
0.519957354208351 0.5252588687181434
0.519957354208351 0.5252588687181434
0.519957354208351 0.5252588687181434
0.519957354208351 0.5252588687181434
0.0008762833900483417 0.00010223306217230652
0.0008762833900483417 0.00010223306217230652
0.0008762833900483417 0.00010223306217230652
0.001781776226431628 0.00010223306217230652
0.0027748974018197486 0.010106468431890874
0.03855646916212703 0.050503132713119424
0.0007156314352061456 0.00010223306217230652
0.6621197295205269 0.6565699347168874
0.004834163368433351 0.010106468431890874
0.25365483197266 0.21211899928436856
0.25365483197266 0.21211899928436856
0.25365483197266 0.21211899928436856
0.25365483197266 0.21211899928436856
0.25365483197266 0.21211899928436856
0.00606096011450103 0.00010223306217230652
0.00606096011450103 0.00010223306217230652
0.00606096011450103 0.00010223306217230652
0.00606096011450103 0.00010223306217230652
0.6511661871449227 0.6060668020037681
0.6511661871449227 0.6060668020037681
0.6511661871449227 0.6060668020037681
0.6511661871449227 0.6060668020037681
0.3473733405383301 0.4242379985687371
0.3473733405383301 0.4242379985687371
0.7511939361189409 0.7070730674300069
0.7511939361189409 0.7070730674300069
0.7511939361189409 0.7070730674300069
0.7511939361189409 0.7070730674300069
0.7511939361189409 0.7070730674300069
0.6149318689664237 0.5959603335718772
0.3267222619795242 0.27272860042937885
0.0032276438200113918 0.00010223306217230652
0.0032276438200113918 0.00010223306217230652
2.920944633494472e-05 0.00010223306217230652
0.7007784317448262 0.696966598998116
0.0016357289947569044 0.00010223306217230652
0.0016357289947569044 0.00010223306217230652
0.0023367557067955776 0.00010223306217230652
0.0023367557067955776 0.00010223306217230652
0.0023367557067955776 0.00010223306217230652
0.3235968512216851 0.29292693256999314
0.6426954477077887 0.6161586657124914
0.6426954477077887 0.6161586657124914
0.00027748974018197486 0.00010223306217230652