0.9225473009512818 0.9230590549609289
0.6200063152622467 0.6254976898480344
0.3176068785546034 0.31684469173172475
0.9805569770944712 0.981097766792609
0.9805569770944712 0.981097766792609
0.9805569770944712 0.981097766792609
0.9805569770944712 0.981097766792609
0.6364223676426287 0.6415834612718357
0.7982927015167518 0.8010764981507896
0.6689205619857508 0.6752249358492758
0.5996777038577542 0.6041746061127383
0.5996777038577542 0.6041746061127383
0.5996777038577542 0.6041746061127383
0.7470701175582438 0.7481371791102739
0.7470701175582438 0.7481371791102739
0.7565793055389205 0.7580310899634514
0.7872264747407658 0.789915905387209
0.7872264747407658 0.789915905387209
0.7872264747407658 0.789915905387209
0.719990708579683 0.7212537610290248
0.3270906603078509 0.32876747131818396
0.42920554726828614 0.4315066255811675
0.8315349353774458 0.8332190053099016
0.3059236433981918 0.3074697938103171
0.9137531167996864 0.9133103225502045
0.7379420229890064 0.7376444071819775
0.8503065079866291 0.8510795831926917
0.8503065079866291 0.8510795831926917
0.6992084145425246 0.7052006547547754
0.6992084145425246 0.7052006547547754
0.6992084145425246 0.7052006547547754
0.6992084145425246 0.7052006547547754
0.6764117696163297 0.682120911865797
0.6764117696163297 0.682120911865797
0.40680451359777586 0.4078969813772353
0.9438703846865779 0.9454455707871938
0.9438703846865779 0.9454455707871938
0.9438703846865779 0.9454455707871938
0.9438703846865779 0.9454455707871938
0.9438703846865779 0.9454455707871938
0.9438703846865779 0.9454455707871938
0.9438703846865779 0.9454455707871938
0.9438703846865779 0.9454455707871938
0.9438703846865779 0.9454455707871938
0.6548999539058445 0.6609684128003833
0.6255013193090958 0.6304954577294818
0.6255013193090958 0.6304954577294818
0.4396184710532333 0.4404641354805225
0.7766901492797335 0.7794231334589127
0.7766901492797335 0.7794231334589127