0.4865743527995184 0.010525570430103048
0.4865743527995184 0.010525570430103048
0.4865743527995184 0.010525570430103048
0.4865743527995184 0.010525570430103048
0.4865743527995184 0.010525570430103048
0.4865743527995184 0.010525570430103048
0.4865743527995184 0.010525570430103048
0.4865743527995184 0.010525570430103048
0.4865743527995184 0.010525570430103048
0.4865743527995184 0.010525570430103048
0.4865743527995184 0.010525570430103048
0.4865743527995184 0.010525570430103048
0.4865743527995184 0.010525570430103048
0.4865743527995184 0.010525570430103048
0.4865743527995184 0.010525570430103048
0.4865743527995184 0.010525570430103048
0.4865743527995184 0.010525570430103048
0.4865743527995184 0.010525570430103048
0.4865743527995184 0.010525570430103048
0.4865743527995184 0.010525570430103048
0.4865743527995184 0.010525570430103048
0.4865743527995184 0.010525570430103048
0.4865743527995184 0.010525570430103048
0.4865743527995184 0.010525570430103048
0.7289754219721647 0.010525175685060239
0.7289754219721647 0.010525175685060239
0.7289754219721647 0.010525175685060239
0.7289754219721647 0.010525175685060239
0.7289754219721647 0.010525175685060239
0.7289754219721647 0.010525175685060239
0.7289754219721647 0.010525175685060239
0.7289754219721647 0.010525175685060239
0.7289754219721647 0.010525175685060239
0.7289754219721647 0.010525175685060239
0.7289754219721647 0.010525175685060239
0.7289754219721647 0.010525175685060239
0.7289754219721647 0.010525175685060239
0.7289754219721647 0.010525175685060239
0.7289754219721647 0.010525175685060239
0.7289754219721647 0.010525175685060239
0.7289754219721647 0.010525175685060239
0.7289754219721647 0.010525175685060239
0.7289754219721647 0.010525175685060239
0.7289754219721647 0.010525175685060239
0.7289754219721647 0.010525175685060239
0.7289754219721647 0.010525175685060239
0.7289754219721647 0.010525175685060239
0.7289754219721647 0.010525175685060239
0.2963679666567431 0.010527433820677935
0.2963679666567431 0.010527433820677935
0.2963679666567431 0.010527433820677935
0.2963679666567431 0.010527433820677935
0.2963679666567431 0.010527433820677935
0.2963679666567431 0.010527433820677935
0.2963679666567431 0.010527433820677935
0.2963679666567431 0.010527433820677935
0.2963679666567431 0.010527433820677935
0.2963679666567431 0.010527433820677935
0.2963679666567431 0.010527433820677935
0.2963679666567431 0.010527433820677935
0.2963679666567431 0.010527433820677935
0.2963679666567431 0.010527433820677935
0.2963679666567431 0.010527433820677935
0.2963679666567431 0.010527433820677935
0.2963679666567431 0.010527433820677935
0.2963679666567431 0.010527433820677935
0.2963679666567431 0.010527433820677935
0.2963679666567431 0.010527433820677935
0.2963679666567431 0.010527433820677935
0.2963679666567431 0.010527433820677935
0.2963679666567431 0.010527433820677935
0.2963679666567431 0.010527433820677935
0.2963679666567431 0.010527433820677935
0.2963679666567431 0.010527433820677935
0.2445139169019766 0.010525107467720101
0.2445139169019766 0.010525107467720101
0.2445139169019766 0.010525107467720101
0.2445139169019766 0.010525107467720101
0.2445139169019766 0.010525107467720101
0.2445139169019766 0.010525107467720101
0.2445139169019766 0.010525107467720101
0.2445139169019766 0.010525107467720101
0.2445139169019766 0.010525107467720101
0.2445139169019766 0.010525107467720101
0.2445139169019766 0.010525107467720101
0.2445139169019766 0.010525107467720101
0.2445139169019766 0.010525107467720101
0.2445139169019766 0.010525107467720101
0.2445139169019766 0.010525107467720101
0.2445139169019766 0.010525107467720101
0.2445139169019766 0.010525107467720101
0.2445139169019766 0.010525107467720101
0.2445139169019766 0.010525107467720101
0.2445139169019766 0.010525107467720101
0.2445139169019766 0.010525107467720101
0.2445139169019766 0.010525107467720101
0.2445139169019766 0.010525107467720101
0.2445139169019766 0.010525107467720101
0.13355278844145593 0.010526184507551665
0.13355278844145593 0.010526184507551665
0.13355278844145593 0.010526184507551665
0.13355278844145593 0.010526184507551665
0.13355278844145593 0.010526184507551665
0.13355278844145593 0.010526184507551665
0.13355278844145593 0.010526184507551665
0.13355278844145593 0.010526184507551665
0.13355278844145593 0.010526184507551665
0.13355278844145593 0.010526184507551665
0.13355278844145593 0.010526184507551665
0.13355278844145593 0.010526184507551665
0.13355278844145593 0.010526184507551665
0.13355278844145593 0.010526184507551665
0.13355278844145593 0.010526184507551665
0.13355278844145593 0.010526184507551665
0.13355278844145593 0.010526184507551665
0.13355278844145593 0.010526184507551665
0.13355278844145593 0.010526184507551665
0.13355278844145593 0.010526184507551665
0.13355278844145593 0.010526184507551665
0.13355278844145593 0.010526184507551665
0.13355278844145593 0.010526184507551665
0.13355278844145593 0.010526184507551665
0.1987183870973704 0.010526964970207598
0.1987183870973704 0.010526964970207598
0.1987183870973704 0.010526964970207598
0.1987183870973704 0.010526964970207598
0.1987183870973704 0.010526964970207598
0.1987183870973704 0.010526964970207598
0.1987183870973704 0.010526964970207598
0.1987183870973704 0.010526964970207598
0.1987183870973704 0.010526964970207598
0.1987183870973704 0.010526964970207598
0.1987183870973704 0.010526964970207598
0.1987183870973704 0.010526964970207598
0.1987183870973704 0.010526964970207598
0.1987183870973704 0.010526964970207598
0.1987183870973704 0.010526964970207598
0.1987183870973704 0.010526964970207598
0.1987183870973704 0.010526964970207598
0.1987183870973704 0.010526964970207598
0.1987183870973704 0.010526964970207598
0.1987183870973704 0.010526964970207598
0.1987183870973704 0.010526964970207598
0.1987183870973704 0.010526964970207598
0.1987183870973704 0.010526964970207598
0.1987183870973704 0.010526964970207598
0.1987183870973704 0.010526964970207598
0.1987183870973704 0.010526964970207598
0.21786993595696694 0.010526241842232822
0.21786993595696694 0.010526241842232822
0.21786993595696694 0.010526241842232822
0.21786993595696694 0.010526241842232822
0.21786993595696694 0.010526241842232822
0.21786993595696694 0.010526241842232822
0.21786993595696694 0.010526241842232822
0.21786993595696694 0.010526241842232822
0.21786993595696694 0.010526241842232822
0.21786993595696694 0.010526241842232822
0.21786993595696694 0.010526241842232822
0.21786993595696694 0.010526241842232822
0.21786993595696694 0.010526241842232822
0.21786993595696694 0.010526241842232822
0.21786993595696694 0.010526241842232822
0.21786993595696694 0.010526241842232822
0.21786993595696694 0.010526241842232822
0.21786993595696694 0.010526241842232822
0.21786993595696694 0.010526241842232822
0.21786993595696694 0.010526241842232822
0.21786993595696694 0.010526241842232822
0.21786993595696694 0.010526241842232822
0.21786993595696694 0.010526241842232822
0.21786993595696694 0.010526241842232822
0.1987183870973704 0.010526184507551665
0.1987183870973704 0.010526184507551665
0.1987183870973704 0.010526184507551665
0.1987183870973704 0.010526184507551665
0.1987183870973704 0.010526184507551665
0.1987183870973704 0.010526184507551665
0.1987183870973704 0.010526184507551665
0.1987183870973704 0.010526184507551665
0.1987183870973704 0.010526184507551665
0.1987183870973704 0.010526184507551665
0.1987183870973704 0.010526184507551665
0.1987183870973704 0.010526184507551665
0.1987183870973704 0.010526184507551665
0.1987183870973704 0.010526184507551665
0.1987183870973704 0.010526184507551665
0.1987183870973704 0.010526184507551665
0.1987183870973704 0.010526184507551665
0.1987183870973704 0.010526184507551665
0.1987183870973704 0.010526184507551665
0.1987183870973704 0.010526184507551665
0.1987183870973704 0.010526184507551665
0.1987183870973704 0.010526184507551665
0.1987183870973704 0.010526184507551665
0.1987183870973704 0.010526184507551665
0.1987183870973704 0.010526184507551665
0.1987183870973704 0.010526184507551665
0.2639176784127924 0.010525175685060239
0.2639176784127924 0.010525175685060239
0.2639176784127924 0.010525175685060239
0.2639176784127924 0.010525175685060239
0.2639176784127924 0.010525175685060239
0.2639176784127924 0.010525175685060239
0.2639176784127924 0.010525175685060239
0.2639176784127924 0.010525175685060239
0.2639176784127924 0.010525175685060239
0.2639176784127924 0.010525175685060239
0.2639176784127924 0.010525175685060239
0.2639176784127924 0.010525175685060239
0.2639176784127924 0.010525175685060239
0.2639176784127924 0.010525175685060239
0.2639176784127924 0.010525175685060239
0.2639176784127924 0.010525175685060239
0.2639176784127924 0.010525175685060239
0.2639176784127924 0.010525175685060239
0.2639176784127924 0.010525175685060239
0.2639176784127924 0.010525175685060239
0.2639176784127924 0.010525175685060239
0.2639176784127924 0.010525175685060239
0.2639176784127924 0.010525175685060239
0.2639176784127924 0.010525175685060239
0.2639176784127924 0.010525175685060239
0.2639176784127924 0.010525175685060239
0.1353418119695203 0.010525297719168405
0.1353418119695203 0.010525297719168405
0.1353418119695203 0.010525297719168405
0.1353418119695203 0.010525297719168405
0.1353418119695203 0.010525297719168405
0.1353418119695203 0.010525297719168405
0.1353418119695203 0.010525297719168405
0.1353418119695203 0.010525297719168405
0.1353418119695203 0.010525297719168405
0.1353418119695203 0.010525297719168405
0.1353418119695203 0.010525297719168405
0.1353418119695203 0.010525297719168405
0.1353418119695203 0.010525297719168405
0.1353418119695203 0.010525297719168405
0.1353418119695203 0.010525297719168405
0.1353418119695203 0.010525297719168405
0.1353418119695203 0.010525297719168405
0.1353418119695203 0.010525297719168405
0.1353418119695203 0.010525297719168405
0.1353418119695203 0.010525297719168405
0.1353418119695203 0.010525297719168405
0.1353418119695203 0.010525297719168405
0.1353418119695203 0.010525297719168405
0.1353418119695203 0.010525297719168405
0.1353418119695203 0.010525297719168405
0.1353418119695203 0.010525297719168405
0.2799581289254132 0.010527121107795884
0.2799581289254132 0.010527121107795884
0.2799581289254132 0.010527121107795884
0.2799581289254132 0.010527121107795884
0.2799581289254132 0.010527121107795884
0.2799581289254132 0.010527121107795884
0.2799581289254132 0.010527121107795884
0.2799581289254132 0.010527121107795884
0.2799581289254132 0.010527121107795884
0.2799581289254132 0.010527121107795884
0.2799581289254132 0.010527121107795884
0.2799581289254132 0.010527121107795884
0.2799581289254132 0.010527121107795884
0.2799581289254132 0.010527121107795884
0.2799581289254132 0.010527121107795884
0.2799581289254132 0.010527121107795884
0.2799581289254132 0.010527121107795884
0.2799581289254132 0.010527121107795884
0.2799581289254132 0.010527121107795884
0.2799581289254132 0.010527121107795884
0.2799581289254132 0.010527121107795884
0.2799581289254132 0.010527121107795884
0.2799581289254132 0.010527121107795884
0.2799581289254132 0.010527121107795884
0.2799581289254132 0.010527121107795884
0.2799581289254132 0.010527121107795884
0.1336707353378982 0.010527433820677935
0.1336707353378982 0.010527433820677935
0.1336707353378982 0.010527433820677935
0.1336707353378982 0.010527433820677935
0.1336707353378982 0.010527433820677935
0.1336707353378982 0.010527433820677935
0.1336707353378982 0.010527433820677935
0.1336707353378982 0.010527433820677935
0.1336707353378982 0.010527433820677935
0.1336707353378982 0.010527433820677935
0.1336707353378982 0.010527433820677935
0.1336707353378982 0.010527433820677935
0.1336707353378982 0.010527433820677935
0.1336707353378982 0.010527433820677935
0.1336707353378982 0.010527433820677935
0.1336707353378982 0.010527433820677935
0.1336707353378982 0.010527433820677935
0.1336707353378982 0.010527433820677935
0.1336707353378982 0.010527433820677935
0.1336707353378982 0.010527433820677935
0.1336707353378982 0.010527433820677935
0.1336707353378982 0.010527433820677935
0.1336707353378982 0.010527433820677935
0.1336707353378982 0.010527433820677935
0.07847805098950586 0.010525594838568278
0.07847805098950586 0.010525594838568278
0.07847805098950586 0.010525594838568278
0.07847805098950586 0.010525594838568278
0.07847805098950586 0.010525594838568278
0.07847805098950586 0.010525594838568278
0.07847805098950586 0.010525594838568278
0.07847805098950586 0.010525594838568278
0.07847805098950586 0.010525594838568278
0.07847805098950586 0.010525594838568278
0.07847805098950586 0.010525594838568278
0.07847805098950586 0.010525594838568278
0.07847805098950586 0.010525594838568278
0.07847805098950586 0.010525594838568278
0.07847805098950586 0.010525594838568278
0.07847805098950586 0.010525594838568278
0.07847805098950586 0.010525594838568278
0.07847805098950586 0.010525594838568278
0.07847805098950586 0.010525594838568278
0.07847805098950586 0.010525594838568278
0.07847805098950586 0.010525594838568278
0.07847805098950586 0.010525594838568278
0.07847805098950586 0.010525594838568278
0.07847805098950586 0.010525594838568278
0.07847805098950586 0.010525594838568278
0.07847805098950586 0.010525594838568278
0.21272016980637715 0.010526141359984092
0.21272016980637715 0.010526141359984092
0.21272016980637715 0.010526141359984092
0.21272016980637715 0.010526141359984092
0.21272016980637715 0.010526141359984092
0.21272016980637715 0.010526141359984092
0.21272016980637715 0.010526141359984092
0.21272016980637715 0.010526141359984092
0.21272016980637715 0.010526141359984092
0.21272016980637715 0.010526141359984092
0.21272016980637715 0.010526141359984092
0.21272016980637715 0.010526141359984092
0.21272016980637715 0.010526141359984092
0.21272016980637715 0.010526141359984092
0.21272016980637715 0.010526141359984092
0.21272016980637715 0.010526141359984092
0.21272016980637715 0.010526141359984092
0.21272016980637715 0.010526141359984092
0.21272016980637715 0.010526141359984092
0.21272016980637715 0.010526141359984092
0.21272016980637715 0.010526141359984092
0.21272016980637715 0.010526141359984092
0.21272016980637715 0.010526141359984092
0.21272016980637715 0.010526141359984092
0.4865743527995184 0.010524261848616693
0.4865743527995184 0.010524261848616693
0.4865743527995184 0.010524261848616693
0.4865743527995184 0.010524261848616693
0.4865743527995184 0.010524261848616693
0.4865743527995184 0.010524261848616693
0.4865743527995184 0.010524261848616693
0.4865743527995184 0.010524261848616693
0.4865743527995184 0.010524261848616693
0.4865743527995184 0.010524261848616693
0.4865743527995184 0.010524261848616693
0.4865743527995184 0.010524261848616693
0.4865743527995184 0.010524261848616693
0.4865743527995184 0.010524261848616693
0.4865743527995184 0.010524261848616693
0.4865743527995184 0.010524261848616693
0.4865743527995184 0.010524261848616693
0.4865743527995184 0.010524261848616693
0.4865743527995184 0.010524261848616693
0.4865743527995184 0.010524261848616693
0.4865743527995184 0.010524261848616693
0.4865743527995184 0.010524261848616693
0.4865743527995184 0.010524261848616693
0.4865743527995184 0.010524261848616693
0.26299319358950024 0.010525297719168405
0.26299319358950024 0.010525297719168405
0.26299319358950024 0.010525297719168405
0.26299319358950024 0.010525297719168405
0.26299319358950024 0.010525297719168405
0.26299319358950024 0.010525297719168405
0.26299319358950024 0.010525297719168405
0.26299319358950024 0.010525297719168405
0.26299319358950024 0.010525297719168405
0.26299319358950024 0.010525297719168405
0.26299319358950024 0.010525297719168405
0.26299319358950024 0.010525297719168405
0.26299319358950024 0.010525297719168405
0.26299319358950024 0.010525297719168405
0.26299319358950024 0.010525297719168405
0.26299319358950024 0.010525297719168405
0.26299319358950024 0.010525297719168405
0.26299319358950024 0.010525297719168405
0.26299319358950024 0.010525297719168405
0.26299319358950024 0.010525297719168405
0.26299319358950024 0.010525297719168405
0.26299319358950024 0.010525297719168405
0.26299319358950024 0.010525297719168405
0.26299319358950024 0.010525297719168405
0.30681051191632047 0.010527611205584892
0.30681051191632047 0.010527611205584892
0.30681051191632047 0.010527611205584892
0.30681051191632047 0.010527611205584892
0.30681051191632047 0.010527611205584892
0.30681051191632047 0.010527611205584892
0.30681051191632047 0.010527611205584892
0.30681051191632047 0.010527611205584892
0.30681051191632047 0.010527611205584892
0.30681051191632047 0.010527611205584892
0.30681051191632047 0.010527611205584892
0.30681051191632047 0.010527611205584892
0.30681051191632047 0.010527611205584892
0.30681051191632047 0.010527611205584892
0.30681051191632047 0.010527611205584892
0.30681051191632047 0.010527611205584892
0.30681051191632047 0.010527611205584892
0.30681051191632047 0.010527611205584892
0.30681051191632047 0.010527611205584892
0.30681051191632047 0.010527611205584892
0.30681051191632047 0.010527611205584892
0.30681051191632047 0.010527611205584892
0.30681051191632047 0.010527611205584892
0.30681051191632047 0.010527611205584892
0.22934852169461153 0.01052660571395595
0.22934852169461153 0.01052660571395595
0.22934852169461153 0.01052660571395595
0.22934852169461153 0.01052660571395595
0.22934852169461153 0.01052660571395595
0.22934852169461153 0.01052660571395595
0.22934852169461153 0.01052660571395595
0.22934852169461153 0.01052660571395595
0.22934852169461153 0.01052660571395595
0.22934852169461153 0.01052660571395595
0.22934852169461153 0.01052660571395595
0.22934852169461153 0.01052660571395595
0.22934852169461153 0.01052660571395595
0.22934852169461153 0.01052660571395595
0.22934852169461153 0.01052660571395595
0.22934852169461153 0.01052660571395595
0.22934852169461153 0.01052660571395595
0.22934852169461153 0.01052660571395595
0.22934852169461153 0.01052660571395595
0.22934852169461153 0.01052660571395595
0.22934852169461153 0.01052660571395595
0.22934852169461153 0.01052660571395595
0.22934852169461153 0.01052660571395595
0.22934852169461153 0.01052660571395595
0.22934852169461153 0.01052660571395595
0.22934852169461153 0.01052660571395595
0.1987183870973704 0.010527099917719997
0.1987183870973704 0.010527099917719997
0.1987183870973704 0.010527099917719997
0.1987183870973704 0.010527099917719997
0.1987183870973704 0.010527099917719997
0.1987183870973704 0.010527099917719997
0.1987183870973704 0.010527099917719997
0.1987183870973704 0.010527099917719997
0.1987183870973704 0.010527099917719997
0.1987183870973704 0.010527099917719997
0.1987183870973704 0.010527099917719997
0.1987183870973704 0.010527099917719997
0.1987183870973704 0.010527099917719997
0.1987183870973704 0.010527099917719997
0.1987183870973704 0.010527099917719997
0.1987183870973704 0.010527099917719997
0.1987183870973704 0.010527099917719997
0.1987183870973704 0.010527099917719997
0.1987183870973704 0.010527099917719997
0.1987183870973704 0.010527099917719997
0.1987183870973704 0.010527099917719997
0.1987183870973704 0.010527099917719997
0.1987183870973704 0.010527099917719997
0.1987183870973704 0.010527099917719997
0.1987183870973704 0.010527099917719997
0.1987183870973704 0.010527099917719997
0.32477396021699817 0.010527941726419849
0.32477396021699817 0.010527941726419849
0.32477396021699817 0.010527941726419849
0.32477396021699817 0.010527941726419849
0.32477396021699817 0.010527941726419849
0.32477396021699817 0.010527941726419849
0.32477396021699817 0.010527941726419849
0.32477396021699817 0.010527941726419849
0.32477396021699817 0.010527941726419849
0.32477396021699817 0.010527941726419849
0.32477396021699817 0.010527941726419849
0.32477396021699817 0.010527941726419849
0.32477396021699817 0.010527941726419849
0.32477396021699817 0.010527941726419849
0.32477396021699817 0.010527941726419849
0.32477396021699817 0.010527941726419849
0.32477396021699817 0.010527941726419849
0.32477396021699817 0.010527941726419849
0.32477396021699817 0.010527941726419849
0.32477396021699817 0.010527941726419849
0.32477396021699817 0.010527941726419849
0.32477396021699817 0.010527941726419849
0.32477396021699817 0.010527941726419849
0.32477396021699817 0.010527941726419849
0.47785395883449916 0.010523490302421298
0.47785395883449916 0.010523490302421298
0.47785395883449916 0.010523490302421298
0.47785395883449916 0.010523490302421298
0.47785395883449916 0.010523490302421298
0.47785395883449916 0.010523490302421298
0.47785395883449916 0.010523490302421298
0.47785395883449916 0.010523490302421298
0.47785395883449916 0.010523490302421298
0.47785395883449916 0.010523490302421298
0.47785395883449916 0.010523490302421298
0.47785395883449916 0.010523490302421298
0.47785395883449916 0.010523490302421298
0.47785395883449916 0.010523490302421298
0.47785395883449916 0.010523490302421298
0.47785395883449916 0.010523490302421298
0.47785395883449916 0.010523490302421298
0.47785395883449916 0.010523490302421298
0.47785395883449916 0.010523490302421298
0.47785395883449916 0.010523490302421298
0.47785395883449916 0.010523490302421298
0.47785395883449916 0.010523490302421298
0.47785395883449916 0.010523490302421298
0.47785395883449916 0.010523490302421298
0.18815163161786916 0.010527121107795884
0.18815163161786916 0.010527121107795884
0.18815163161786916 0.010527121107795884
0.18815163161786916 0.010527121107795884
0.18815163161786916 0.010527121107795884
0.18815163161786916 0.010527121107795884
0.18815163161786916 0.010527121107795884
0.18815163161786916 0.010527121107795884
0.18815163161786916 0.010527121107795884
0.18815163161786916 0.010527121107795884
0.18815163161786916 0.010527121107795884
0.18815163161786916 0.010527121107795884
0.18815163161786916 0.010527121107795884
0.18815163161786916 0.010527121107795884
0.18815163161786916 0.010527121107795884
0.18815163161786916 0.010527121107795884
0.18815163161786916 0.010527121107795884
0.18815163161786916 0.010527121107795884
0.18815163161786916 0.010527121107795884
0.18815163161786916 0.010527121107795884
0.18815163161786916 0.010527121107795884
0.18815163161786916 0.010527121107795884
0.18815163161786916 0.010527121107795884
0.18815163161786916 0.010527121107795884
0.22934852169461153 0.010526055082227065
0.22934852169461153 0.010526055082227065
0.22934852169461153 0.010526055082227065
0.22934852169461153 0.010526055082227065
0.22934852169461153 0.010526055082227065
0.22934852169461153 0.010526055082227065
0.22934852169461153 0.010526055082227065
0.22934852169461153 0.010526055082227065
0.22934852169461153 0.010526055082227065
0.22934852169461153 0.010526055082227065
0.22934852169461153 0.010526055082227065
0.22934852169461153 0.010526055082227065
0.22934852169461153 0.010526055082227065
0.22934852169461153 0.010526055082227065
0.22934852169461153 0.010526055082227065
0.22934852169461153 0.010526055082227065
0.22934852169461153 0.010526055082227065
0.22934852169461153 0.010526055082227065
0.22934852169461153 0.010526055082227065
0.22934852169461153 0.010526055082227065
0.22934852169461153 0.010526055082227065
0.22934852169461153 0.010526055082227065
0.22934852169461153 0.010526055082227065
0.22934852169461153 0.010526055082227065
0.22934852169461153 0.010526055082227065
0.22934852169461153 0.010526055082227065
0.7477571299942505 0.010523643287845129
0.7477571299942505 0.010523643287845129
0.7477571299942505 0.010523643287845129
0.7477571299942505 0.010523643287845129
0.7477571299942505 0.010523643287845129
0.7477571299942505 0.010523643287845129
0.7477571299942505 0.010523643287845129
0.7477571299942505 0.010523643287845129
0.7477571299942505 0.010523643287845129
0.7477571299942505 0.010523643287845129
0.7477571299942505 0.010523643287845129
0.7477571299942505 0.010523643287845129
0.7477571299942505 0.010523643287845129
0.7477571299942505 0.010523643287845129
0.7477571299942505 0.010523643287845129
0.7477571299942505 0.010523643287845129
0.7477571299942505 0.010523643287845129
0.7477571299942505 0.010523643287845129
0.7477571299942505 0.010523643287845129
0.7477571299942505 0.010523643287845129
0.7477571299942505 0.010523643287845129
0.7477571299942505 0.010523643287845129
0.7477571299942505 0.010523643287845129
0.7477571299942505 0.010523643287845129
0.22934852169461153 0.010526831106370543
0.22934852169461153 0.010526831106370543
0.22934852169461153 0.010526831106370543
0.22934852169461153 0.010526831106370543
0.22934852169461153 0.010526831106370543
0.22934852169461153 0.010526831106370543
0.22934852169461153 0.010526831106370543
0.22934852169461153 0.010526831106370543
0.22934852169461153 0.010526831106370543
0.22934852169461153 0.010526831106370543
0.22934852169461153 0.010526831106370543
0.22934852169461153 0.010526831106370543
0.22934852169461153 0.010526831106370543
0.22934852169461153 0.010526831106370543
0.22934852169461153 0.010526831106370543
0.22934852169461153 0.010526831106370543
0.22934852169461153 0.010526831106370543
0.22934852169461153 0.010526831106370543
0.22934852169461153 0.010526831106370543
0.22934852169461153 0.010526831106370543
0.22934852169461153 0.010526831106370543
0.22934852169461153 0.010526831106370543
0.22934852169461153 0.010526831106370543
0.22934852169461153 0.010526831106370543
0.22934852169461153 0.010526831106370543
0.22934852169461153 0.010526831106370543
0.2483730794020417 0.010527014534144797
0.2483730794020417 0.010527014534144797
0.2483730794020417 0.010527014534144797
0.2483730794020417 0.010527014534144797
0.2483730794020417 0.010527014534144797
0.2483730794020417 0.010527014534144797
0.2483730794020417 0.010527014534144797
0.2483730794020417 0.010527014534144797
0.2483730794020417 0.010527014534144797
0.2483730794020417 0.010527014534144797
0.2483730794020417 0.010527014534144797
0.2483730794020417 0.010527014534144797
0.2483730794020417 0.010527014534144797
0.2483730794020417 0.010527014534144797
0.2483730794020417 0.010527014534144797
0.2483730794020417 0.010527014534144797
0.2483730794020417 0.010527014534144797
0.2483730794020417 0.010527014534144797
0.2483730794020417 0.010527014534144797
0.2483730794020417 0.010527014534144797
0.2483730794020417 0.010527014534144797
0.2483730794020417 0.010527014534144797
0.2483730794020417 0.010527014534144797
0.2483730794020417 0.010527014534144797
0.2483730794020417 0.010527014534144797
0.2483730794020417 0.010527014534144797
0.18815163161786916 0.010527121107795884
0.18815163161786916 0.010527121107795884
0.18815163161786916 0.010527121107795884
0.18815163161786916 0.010527121107795884
0.18815163161786916 0.010527121107795884
0.18815163161786916 0.010527121107795884
0.18815163161786916 0.010527121107795884
0.18815163161786916 0.010527121107795884
0.18815163161786916 0.010527121107795884
0.18815163161786916 0.010527121107795884
0.18815163161786916 0.010527121107795884
0.18815163161786916 0.010527121107795884
0.18815163161786916 0.010527121107795884
0.18815163161786916 0.010527121107795884
0.18815163161786916 0.010527121107795884
0.18815163161786916 0.010527121107795884
0.18815163161786916 0.010527121107795884
0.18815163161786916 0.010527121107795884
0.18815163161786916 0.010527121107795884
0.18815163161786916 0.010527121107795884
0.18815163161786916 0.010527121107795884
0.18815163161786916 0.010527121107795884
0.18815163161786916 0.010527121107795884
0.18815163161786916 0.010527121107795884
0.2799581289254132 0.010527121107795884
0.2799581289254132 0.010527121107795884
0.2799581289254132 0.010527121107795884
0.2799581289254132 0.010527121107795884
0.2799581289254132 0.010527121107795884
0.2799581289254132 0.010527121107795884
0.2799581289254132 0.010527121107795884
0.2799581289254132 0.010527121107795884
0.2799581289254132 0.010527121107795884
0.2799581289254132 0.010527121107795884
0.2799581289254132 0.010527121107795884
0.2799581289254132 0.010527121107795884
0.2799581289254132 0.010527121107795884
0.2799581289254132 0.010527121107795884
0.2799581289254132 0.010527121107795884
0.2799581289254132 0.010527121107795884
0.2799581289254132 0.010527121107795884
0.2799581289254132 0.010527121107795884
0.2799581289254132 0.010527121107795884
0.2799581289254132 0.010527121107795884
0.2799581289254132 0.010527121107795884
0.2799581289254132 0.010527121107795884
0.2799581289254132 0.010527121107795884
0.2799581289254132 0.010527121107795884
0.2799581289254132 0.010527121107795884
0.2799581289254132 0.010527121107795884
0.21272016980637715 0.010526046943240734
0.21272016980637715 0.010526046943240734
0.21272016980637715 0.010526046943240734
0.21272016980637715 0.010526046943240734
0.21272016980637715 0.010526046943240734
0.21272016980637715 0.010526046943240734
0.21272016980637715 0.010526046943240734
0.21272016980637715 0.010526046943240734
0.21272016980637715 0.010526046943240734
0.21272016980637715 0.010526046943240734
0.21272016980637715 0.010526046943240734
0.21272016980637715 0.010526046943240734
0.21272016980637715 0.010526046943240734
0.21272016980637715 0.010526046943240734
0.21272016980637715 0.010526046943240734
0.21272016980637715 0.010526046943240734
0.21272016980637715 0.010526046943240734
0.21272016980637715 0.010526046943240734
0.21272016980637715 0.010526046943240734
0.21272016980637715 0.010526046943240734
0.21272016980637715 0.010526046943240734
0.21272016980637715 0.010526046943240734
0.21272016980637715 0.010526046943240734
0.21272016980637715 0.010526046943240734
0.39478042721095064 0.010528994020848456
0.39478042721095064 0.010528994020848456
0.39478042721095064 0.010528994020848456
0.39478042721095064 0.010528994020848456
0.39478042721095064 0.010528994020848456
0.39478042721095064 0.010528994020848456
0.39478042721095064 0.010528994020848456
0.39478042721095064 0.010528994020848456
0.39478042721095064 0.010528994020848456
0.39478042721095064 0.010528994020848456
0.39478042721095064 0.010528994020848456
0.39478042721095064 0.010528994020848456
0.39478042721095064 0.010528994020848456
0.39478042721095064 0.010528994020848456
0.39478042721095064 0.010528994020848456
0.39478042721095064 0.010528994020848456
0.39478042721095064 0.010528994020848456
0.39478042721095064 0.010528994020848456
0.39478042721095064 0.010528994020848456
0.39478042721095064 0.010528994020848456
0.39478042721095064 0.010528994020848456
0.39478042721095064 0.010528994020848456
0.39478042721095064 0.010528994020848456
0.39478042721095064 0.010528994020848456
0.3448404158073507 0.010526836629927884
0.3448404158073507 0.010526836629927884
0.3448404158073507 0.010526836629927884
0.3448404158073507 0.010526836629927884
0.3448404158073507 0.010526836629927884
0.3448404158073507 0.010526836629927884
0.3448404158073507 0.010526836629927884
0.3448404158073507 0.010526836629927884
0.3448404158073507 0.010526836629927884
0.3448404158073507 0.010526836629927884
0.3448404158073507 0.010526836629927884
0.3448404158073507 0.010526836629927884
0.3448404158073507 0.010526836629927884
0.3448404158073507 0.010526836629927884
0.3448404158073507 0.010526836629927884
0.3448404158073507 0.010526836629927884
0.3448404158073507 0.010526836629927884
0.3448404158073507 0.010526836629927884
0.3448404158073507 0.010526836629927884
0.3448404158073507 0.010526836629927884
0.3448404158073507 0.010526836629927884
0.3448404158073507 0.010526836629927884
0.3448404158073507 0.010526836629927884
0.3448404158073507 0.010526836629927884
0.3448404158073507 0.010526836629927884
0.3448404158073507 0.010526836629927884
0.374473561792526 0.010526108226031682
0.374473561792526 0.010526108226031682
0.374473561792526 0.010526108226031682
0.374473561792526 0.010526108226031682
0.374473561792526 0.010526108226031682
0.374473561792526 0.010526108226031682
0.374473561792526 0.010526108226031682
0.374473561792526 0.010526108226031682
0.374473561792526 0.010526108226031682
0.374473561792526 0.010526108226031682
0.374473561792526 0.010526108226031682
0.374473561792526 0.010526108226031682
0.374473561792526 0.010526108226031682
0.374473561792526 0.010526108226031682
0.374473561792526 0.010526108226031682
0.374473561792526 0.010526108226031682
0.374473561792526 0.010526108226031682
0.374473561792526 0.010526108226031682
0.374473561792526 0.010526108226031682
0.374473561792526 0.010526108226031682
0.374473561792526 0.010526108226031682
0.374473561792526 0.010526108226031682
0.374473561792526 0.010526108226031682
0.374473561792526 0.010526108226031682
0.1987183870973704 0.010526964970207598
0.1987183870973704 0.010526964970207598
0.1987183870973704 0.010526964970207598
0.1987183870973704 0.010526964970207598
0.1987183870973704 0.010526964970207598
0.1987183870973704 0.010526964970207598
0.1987183870973704 0.010526964970207598
0.1987183870973704 0.010526964970207598
0.1987183870973704 0.010526964970207598
0.1987183870973704 0.010526964970207598
0.1987183870973704 0.010526964970207598
0.1987183870973704 0.010526964970207598
0.1987183870973704 0.010526964970207598
0.1987183870973704 0.010526964970207598
0.1987183870973704 0.010526964970207598
0.1987183870973704 0.010526964970207598
0.1987183870973704 0.010526964970207598
0.1987183870973704 0.010526964970207598
0.1987183870973704 0.010526964970207598
0.1987183870973704 0.010526964970207598
0.1987183870973704 0.010526964970207598
0.1987183870973704 0.010526964970207598
0.1987183870973704 0.010526964970207598
0.1987183870973704 0.010526964970207598
0.1987183870973704 0.010526964970207598
0.1987183870973704 0.010526964970207598
0.31651461223913024 0.010526046943240734
0.31651461223913024 0.010526046943240734
0.31651461223913024 0.010526046943240734
0.31651461223913024 0.010526046943240734
0.31651461223913024 0.010526046943240734
0.31651461223913024 0.010526046943240734
0.31651461223913024 0.010526046943240734
0.31651461223913024 0.010526046943240734
0.31651461223913024 0.010526046943240734
0.31651461223913024 0.010526046943240734
0.31651461223913024 0.010526046943240734
0.31651461223913024 0.010526046943240734
0.31651461223913024 0.010526046943240734
0.31651461223913024 0.010526046943240734
0.31651461223913024 0.010526046943240734
0.31651461223913024 0.010526046943240734
0.31651461223913024 0.010526046943240734
0.31651461223913024 0.010526046943240734
0.31651461223913024 0.010526046943240734
0.31651461223913024 0.010526046943240734
0.31651461223913024 0.010526046943240734
0.31651461223913024 0.010526046943240734
0.31651461223913024 0.010526046943240734
0.31651461223913024 0.010526046943240734
0.31651461223913024 0.010526046943240734
0.31651461223913024 0.010526046943240734
0.13355278844145593 0.010526964970207598
0.13355278844145593 0.010526964970207598
0.13355278844145593 0.010526964970207598
0.13355278844145593 0.010526964970207598
0.13355278844145593 0.010526964970207598
0.13355278844145593 0.010526964970207598
0.13355278844145593 0.010526964970207598
0.13355278844145593 0.010526964970207598
0.13355278844145593 0.010526964970207598
0.13355278844145593 0.010526964970207598
0.13355278844145593 0.010526964970207598
0.13355278844145593 0.010526964970207598
0.13355278844145593 0.010526964970207598
0.13355278844145593 0.010526964970207598
0.13355278844145593 0.010526964970207598
0.13355278844145593 0.010526964970207598
0.13355278844145593 0.010526964970207598
0.13355278844145593 0.010526964970207598
0.13355278844145593 0.010526964970207598
0.13355278844145593 0.010526964970207598
0.13355278844145593 0.010526964970207598
0.13355278844145593 0.010526964970207598
0.13355278844145593 0.010526964970207598
0.13355278844145593 0.010526964970207598
0.4865743527995184 0.010527711922012037
0.4865743527995184 0.010527711922012037
0.4865743527995184 0.010527711922012037
0.4865743527995184 0.010527711922012037
0.4865743527995184 0.010527711922012037
0.4865743527995184 0.010527711922012037
0.4865743527995184 0.010527711922012037
0.4865743527995184 0.010527711922012037
0.4865743527995184 0.010527711922012037
0.4865743527995184 0.010527711922012037
0.4865743527995184 0.010527711922012037
0.4865743527995184 0.010527711922012037
0.4865743527995184 0.010527711922012037
0.4865743527995184 0.010527711922012037
0.4865743527995184 0.010527711922012037
0.4865743527995184 0.010527711922012037
0.4865743527995184 0.010527711922012037
0.4865743527995184 0.010527711922012037
0.4865743527995184 0.010527711922012037
0.4865743527995184 0.010527711922012037
0.4865743527995184 0.010527711922012037
0.4865743527995184 0.010527711922012037
0.4865743527995184 0.010527711922012037
0.4865743527995184 0.010527711922012037
0.1730018648568081 0.010523490302421298
0.1730018648568081 0.010523490302421298
0.1730018648568081 0.010523490302421298
0.1730018648568081 0.010523490302421298
0.1730018648568081 0.010523490302421298
0.1730018648568081 0.010523490302421298
0.1730018648568081 0.010523490302421298
0.1730018648568081 0.010523490302421298
0.1730018648568081 0.010523490302421298
0.1730018648568081 0.010523490302421298
0.1730018648568081 0.010523490302421298
0.1730018648568081 0.010523490302421298
0.1730018648568081 0.010523490302421298
0.1730018648568081 0.010523490302421298
0.1730018648568081 0.010523490302421298
0.1730018648568081 0.010523490302421298
0.1730018648568081 0.010523490302421298
0.1730018648568081 0.010523490302421298
0.1730018648568081 0.010523490302421298
0.1730018648568081 0.010523490302421298
0.1730018648568081 0.010523490302421298
0.1730018648568081 0.010523490302421298
0.1730018648568081 0.010523490302421298
0.1730018648568081 0.010523490302421298
0.1730018648568081 0.010523490302421298
0.1730018648568081 0.010523490302421298
0.26408467433930405 0.010525676941305316
0.26408467433930405 0.010525676941305316
0.26408467433930405 0.010525676941305316
0.26408467433930405 0.010525676941305316
0.26408467433930405 0.010525676941305316
0.26408467433930405 0.010525676941305316
0.26408467433930405 0.010525676941305316
0.26408467433930405 0.010525676941305316
0.26408467433930405 0.010525676941305316
0.26408467433930405 0.010525676941305316
0.26408467433930405 0.010525676941305316
0.26408467433930405 0.010525676941305316
0.26408467433930405 0.010525676941305316
0.26408467433930405 0.010525676941305316
0.26408467433930405 0.010525676941305316
0.26408467433930405 0.010525676941305316
0.26408467433930405 0.010525676941305316
0.26408467433930405 0.010525676941305316
0.26408467433930405 0.010525676941305316
0.26408467433930405 0.010525676941305316
0.26408467433930405 0.010525676941305316
0.26408467433930405 0.010525676941305316
0.26408467433930405 0.010525676941305316
0.26408467433930405 0.010525676941305316
0.3880573311629015 0.010527611205584892
0.3880573311629015 0.010527611205584892
0.3880573311629015 0.010527611205584892
0.3880573311629015 0.010527611205584892
0.3880573311629015 0.010527611205584892
0.3880573311629015 0.010527611205584892
0.3880573311629015 0.010527611205584892
0.3880573311629015 0.010527611205584892
0.3880573311629015 0.010527611205584892
0.3880573311629015 0.010527611205584892
0.3880573311629015 0.010527611205584892
0.3880573311629015 0.010527611205584892
0.3880573311629015 0.010527611205584892
0.3880573311629015 0.010527611205584892
0.3880573311629015 0.010527611205584892
0.3880573311629015 0.010527611205584892
0.3880573311629015 0.010527611205584892
0.3880573311629015 0.010527611205584892
0.3880573311629015 0.010527611205584892
0.3880573311629015 0.010527611205584892
0.3880573311629015 0.010527611205584892
0.3880573311629015 0.010527611205584892
0.3880573311629015 0.010527611205584892
0.3880573311629015 0.010527611205584892
0.3880573311629015 0.010527611205584892
0.3880573311629015 0.010527611205584892
0.11687044039708763 0.01052618772431413
0.11687044039708763 0.01052618772431413
0.11687044039708763 0.01052618772431413
0.11687044039708763 0.01052618772431413
0.11687044039708763 0.01052618772431413
0.11687044039708763 0.01052618772431413
0.11687044039708763 0.01052618772431413
0.11687044039708763 0.01052618772431413
0.11687044039708763 0.01052618772431413
0.11687044039708763 0.01052618772431413
0.11687044039708763 0.01052618772431413
0.11687044039708763 0.01052618772431413
0.11687044039708763 0.01052618772431413
0.11687044039708763 0.01052618772431413
0.11687044039708763 0.01052618772431413
0.11687044039708763 0.01052618772431413
0.11687044039708763 0.01052618772431413
0.11687044039708763 0.01052618772431413
0.11687044039708763 0.01052618772431413
0.11687044039708763 0.01052618772431413
0.11687044039708763 0.01052618772431413
0.11687044039708763 0.01052618772431413
0.11687044039708763 0.01052618772431413
0.11687044039708763 0.01052618772431413
0.1987183870973704 0.010526964970207598
0.1987183870973704 0.010526964970207598
0.1987183870973704 0.010526964970207598
0.1987183870973704 0.010526964970207598
0.1987183870973704 0.010526964970207598
0.1987183870973704 0.010526964970207598
0.1987183870973704 0.010526964970207598
0.1987183870973704 0.010526964970207598
0.1987183870973704 0.010526964970207598
0.1987183870973704 0.010526964970207598
0.1987183870973704 0.010526964970207598
0.1987183870973704 0.010526964970207598
0.1987183870973704 0.010526964970207598
0.1987183870973704 0.010526964970207598
0.1987183870973704 0.010526964970207598
0.1987183870973704 0.010526964970207598
0.1987183870973704 0.010526964970207598
0.1987183870973704 0.010526964970207598
0.1987183870973704 0.010526964970207598
0.1987183870973704 0.010526964970207598
0.1987183870973704 0.010526964970207598
0.1987183870973704 0.010526964970207598
0.1987183870973704 0.010526964970207598
0.1987183870973704 0.010526964970207598
0.1987183870973704 0.010526964970207598
0.1987183870973704 0.010526964970207598
0.3448404158073507 0.010526198693472088
0.3448404158073507 0.010526198693472088
0.3448404158073507 0.010526198693472088
0.3448404158073507 0.010526198693472088
0.3448404158073507 0.010526198693472088
0.3448404158073507 0.010526198693472088
0.3448404158073507 0.010526198693472088
0.3448404158073507 0.010526198693472088
0.3448404158073507 0.010526198693472088
0.3448404158073507 0.010526198693472088
0.3448404158073507 0.010526198693472088
0.3448404158073507 0.010526198693472088
0.3448404158073507 0.010526198693472088
0.3448404158073507 0.010526198693472088
0.3448404158073507 0.010526198693472088
0.3448404158073507 0.010526198693472088
0.3448404158073507 0.010526198693472088
0.3448404158073507 0.010526198693472088
0.3448404158073507 0.010526198693472088
0.3448404158073507 0.010526198693472088
0.3448404158073507 0.010526198693472088
0.3448404158073507 0.010526198693472088
0.3448404158073507 0.010526198693472088
0.3448404158073507 0.010526198693472088
0.3448404158073507 0.010526198693472088
0.3448404158073507 0.010526198693472088
0.30749719402152204 0.010527825816683536
0.30749719402152204 0.010527825816683536
0.30749719402152204 0.010527825816683536
0.30749719402152204 0.010527825816683536
0.30749719402152204 0.010527825816683536
0.30749719402152204 0.010527825816683536
0.30749719402152204 0.010527825816683536
0.30749719402152204 0.010527825816683536
0.30749719402152204 0.010527825816683536
0.30749719402152204 0.010527825816683536
0.30749719402152204 0.010527825816683536
0.30749719402152204 0.010527825816683536
0.30749719402152204 0.010527825816683536
0.30749719402152204 0.010527825816683536
0.30749719402152204 0.010527825816683536
0.30749719402152204 0.010527825816683536
0.30749719402152204 0.010527825816683536
0.30749719402152204 0.010527825816683536
0.30749719402152204 0.010527825816683536
0.30749719402152204 0.010527825816683536
0.30749719402152204 0.010527825816683536
0.30749719402152204 0.010527825816683536
0.30749719402152204 0.010527825816683536
0.30749719402152204 0.010527825816683536
0.31651461223913024 0.010526046943240734
0.31651461223913024 0.010526046943240734
0.31651461223913024 0.010526046943240734
0.31651461223913024 0.010526046943240734
0.31651461223913024 0.010526046943240734
0.31651461223913024 0.010526046943240734
0.31651461223913024 0.010526046943240734
0.31651461223913024 0.010526046943240734
0.31651461223913024 0.010526046943240734
0.31651461223913024 0.010526046943240734
0.31651461223913024 0.010526046943240734
0.31651461223913024 0.010526046943240734
0.31651461223913024 0.010526046943240734
0.31651461223913024 0.010526046943240734
0.31651461223913024 0.010526046943240734
0.31651461223913024 0.010526046943240734
0.31651461223913024 0.010526046943240734
0.31651461223913024 0.010526046943240734
0.31651461223913024 0.010526046943240734
0.31651461223913024 0.010526046943240734
0.31651461223913024 0.010526046943240734
0.31651461223913024 0.010526046943240734
0.31651461223913024 0.010526046943240734
0.31651461223913024 0.010526046943240734
0.31651461223913024 0.010526046943240734
0.31651461223913024 0.010526046943240734
0.25911920582472325 0.01052618772431413
0.25911920582472325 0.01052618772431413
0.25911920582472325 0.01052618772431413
0.25911920582472325 0.01052618772431413
0.25911920582472325 0.01052618772431413
0.25911920582472325 0.01052618772431413
0.25911920582472325 0.01052618772431413
0.25911920582472325 0.01052618772431413
0.25911920582472325 0.01052618772431413
0.25911920582472325 0.01052618772431413
0.25911920582472325 0.01052618772431413
0.25911920582472325 0.01052618772431413
0.25911920582472325 0.01052618772431413
0.25911920582472325 0.01052618772431413
0.25911920582472325 0.01052618772431413
0.25911920582472325 0.01052618772431413
0.25911920582472325 0.01052618772431413
0.25911920582472325 0.01052618772431413
0.25911920582472325 0.01052618772431413
0.25911920582472325 0.01052618772431413
0.25911920582472325 0.01052618772431413
0.25911920582472325 0.01052618772431413
0.25911920582472325 0.01052618772431413
0.25911920582472325 0.01052618772431413
0.25911920582472325 0.01052618772431413
0.25911920582472325 0.01052618772431413
0.21272016980637715 0.010526046943240734
0.21272016980637715 0.010526046943240734
0.21272016980637715 0.010526046943240734
0.21272016980637715 0.010526046943240734
0.21272016980637715 0.010526046943240734
0.21272016980637715 0.010526046943240734
0.21272016980637715 0.010526046943240734
0.21272016980637715 0.010526046943240734
0.21272016980637715 0.010526046943240734
0.21272016980637715 0.010526046943240734
0.21272016980637715 0.010526046943240734
0.21272016980637715 0.010526046943240734
0.21272016980637715 0.010526046943240734
0.21272016980637715 0.010526046943240734
0.21272016980637715 0.010526046943240734
0.21272016980637715 0.010526046943240734
0.21272016980637715 0.010526046943240734
0.21272016980637715 0.010526046943240734
0.21272016980637715 0.010526046943240734
0.21272016980637715 0.010526046943240734
0.21272016980637715 0.010526046943240734
0.21272016980637715 0.010526046943240734
0.21272016980637715 0.010526046943240734
0.21272016980637715 0.010526046943240734
0.5971420929965996 0.01052350815935598
0.5971420929965996 0.01052350815935598
0.5971420929965996 0.01052350815935598
0.5971420929965996 0.01052350815935598
0.5971420929965996 0.01052350815935598
0.5971420929965996 0.01052350815935598
0.5971420929965996 0.01052350815935598
0.5971420929965996 0.01052350815935598
0.5971420929965996 0.01052350815935598
0.5971420929965996 0.01052350815935598
0.5971420929965996 0.01052350815935598
0.5971420929965996 0.01052350815935598
0.5971420929965996 0.01052350815935598
0.5971420929965996 0.01052350815935598
0.5971420929965996 0.01052350815935598
0.5971420929965996 0.01052350815935598
0.5971420929965996 0.01052350815935598
0.5971420929965996 0.01052350815935598
0.5971420929965996 0.01052350815935598
0.5971420929965996 0.01052350815935598
0.5971420929965996 0.01052350815935598
0.5971420929965996 0.01052350815935598
0.5971420929965996 0.01052350815935598
0.5971420929965996 0.01052350815935598
0.13355278844145593 0.010526964970207598
0.13355278844145593 0.010526964970207598
0.13355278844145593 0.010526964970207598
0.13355278844145593 0.010526964970207598
0.13355278844145593 0.010526964970207598
0.13355278844145593 0.010526964970207598
0.13355278844145593 0.010526964970207598
0.13355278844145593 0.010526964970207598
0.13355278844145593 0.010526964970207598
0.13355278844145593 0.010526964970207598
0.13355278844145593 0.010526964970207598
0.13355278844145593 0.010526964970207598
0.13355278844145593 0.010526964970207598
0.13355278844145593 0.010526964970207598
0.13355278844145593 0.010526964970207598
0.13355278844145593 0.010526964970207598
0.13355278844145593 0.010526964970207598
0.13355278844145593 0.010526964970207598
0.13355278844145593 0.010526964970207598
0.13355278844145593 0.010526964970207598
0.13355278844145593 0.010526964970207598
0.13355278844145593 0.010526964970207598
0.13355278844145593 0.010526964970207598
0.13355278844145593 0.010526964970207598
0.13355278844145593 0.010527099917719997
0.13355278844145593 0.010527099917719997
0.13355278844145593 0.010527099917719997
0.13355278844145593 0.010527099917719997
0.13355278844145593 0.010527099917719997
0.13355278844145593 0.010527099917719997
0.13355278844145593 0.010527099917719997
0.13355278844145593 0.010527099917719997
0.13355278844145593 0.010527099917719997
0.13355278844145593 0.010527099917719997
0.13355278844145593 0.010527099917719997
0.13355278844145593 0.010527099917719997
0.13355278844145593 0.010527099917719997
0.13355278844145593 0.010527099917719997
0.13355278844145593 0.010527099917719997
0.13355278844145593 0.010527099917719997
0.13355278844145593 0.010527099917719997
0.13355278844145593 0.010527099917719997
0.13355278844145593 0.010527099917719997
0.13355278844145593 0.010527099917719997
0.13355278844145593 0.010527099917719997
0.13355278844145593 0.010527099917719997
0.13355278844145593 0.010527099917719997
0.13355278844145593 0.010527099917719997
0.5278574234092694 0.010527731416985061
0.5278574234092694 0.010527731416985061
0.5278574234092694 0.010527731416985061
0.5278574234092694 0.010527731416985061
0.5278574234092694 0.010527731416985061
0.5278574234092694 0.010527731416985061
0.5278574234092694 0.010527731416985061
0.5278574234092694 0.010527731416985061
0.5278574234092694 0.010527731416985061
0.5278574234092694 0.010527731416985061
0.5278574234092694 0.010527731416985061
0.5278574234092694 0.010527731416985061
0.5278574234092694 0.010527731416985061
0.5278574234092694 0.010527731416985061
0.5278574234092694 0.010527731416985061
0.5278574234092694 0.010527731416985061
0.5278574234092694 0.010527731416985061
0.5278574234092694 0.010527731416985061
0.5278574234092694 0.010527731416985061
0.5278574234092694 0.010527731416985061
0.5278574234092694 0.010527731416985061
0.5278574234092694 0.010527731416985061
0.5278574234092694 0.010527731416985061
0.5278574234092694 0.010527731416985061
0.5278574234092694 0.010527731416985061
0.5278574234092694 0.010527731416985061
0.9736558506832815 0.010526160032405259
0.9736558506832815 0.010526160032405259
0.9736558506832815 0.010526160032405259
0.9736558506832815 0.010526160032405259
0.9736558506832815 0.010526160032405259
0.9736558506832815 0.010526160032405259
0.9736558506832815 0.010526160032405259
0.9736558506832815 0.010526160032405259
0.9736558506832815 0.010526160032405259
0.9736558506832815 0.010526160032405259
0.9736558506832815 0.010526160032405259
0.9736558506832815 0.010526160032405259
0.9736558506832815 0.010526160032405259
0.9736558506832815 0.010526160032405259
0.9736558506832815 0.010526160032405259
0.9736558506832815 0.010526160032405259
0.9736558506832815 0.010526160032405259
0.9736558506832815 0.010526160032405259
0.9736558506832815 0.010526160032405259
0.9736558506832815 0.010526160032405259
0.9736558506832815 0.010526160032405259
0.9736558506832815 0.010526160032405259
0.9736558506832815 0.010526160032405259
0.9736558506832815 0.010526160032405259
0.9736558506832815 0.010526160032405259
0.9736558506832815 0.010526160032405259
0.9736558506832815 0.010526160032405259
0.9736558506832815 0.010526160032405259
0.9736558506832815 0.010526160032405259
0.9736558506832815 0.010526160032405259
0.9736558506832815 0.010526160032405259
0.9736558506832815 0.010526160032405259
0.9736558506832815 0.010526160032405259
0.9736558506832815 0.010526160032405259
0.9736558506832815 0.010526160032405259
0.9736558506832815 0.010526160032405259
0.9736558506832815 0.010526160032405259
0.9736558506832815 0.010526160032405259
0.9736558506832815 0.010526160032405259
0.9736558506832815 0.010526160032405259
0.9736558506832815 0.010526160032405259
0.9736558506832815 0.010526160032405259
0.9736558506832815 0.010526160032405259
0.9736558506832815 0.010526160032405259
0.9736558506832815 0.010526160032405259
0.9736558506832815 0.010526160032405259
0.9736558506832815 0.010526160032405259
0.9736558506832815 0.010526160032405259
0.9736558506832815 0.010526160032405259
0.9736558506832815 0.010526160032405259
0.9736558506832815 0.010526160032405259
0.9736558506832815 0.010526160032405259
0.9736558506832815 0.010526160032405259
0.9736558506832815 0.010526160032405259
0.9736558506832815 0.010526160032405259
0.9736558506832815 0.010526160032405259
0.9736558506832815 0.010526160032405259
0.9736558506832815 0.010526160032405259
0.9736558506832815 0.010526160032405259
0.9736558506832815 0.010526160032405259
0.9736558506832815 0.010526160032405259
0.9736558506832815 0.010526160032405259
0.9736558506832815 0.010526160032405259
0.9736558506832815 0.010526160032405259
0.9736558506832815 0.010526160032405259
0.9736558506832815 0.010526160032405259
0.9736558506832815 0.010526160032405259
0.9736558506832815 0.010526160032405259
0.9736558506832815 0.010526160032405259
0.9736558506832815 0.010526160032405259
0.9736558506832815 0.010526160032405259
0.9736558506832815 0.010526160032405259
0.9736558506832815 0.010526160032405259
0.9736558506832815 0.010526160032405259
0.9736558506832815 0.010526160032405259
0.9736558506832815 0.010526160032405259
0.9736558506832815 0.010526160032405259
0.9736558506832815 0.010526160032405259
0.9736558506832815 0.010526160032405259
0.9736558506832815 0.010526160032405259
0.9736558506832815 0.010526160032405259
0.9736558506832815 0.010526160032405259
0.9736558506832815 0.010526160032405259
0.9736558506832815 0.010526160032405259
0.9736558506832815 0.010526160032405259
0.9736558506832815 0.010526160032405259
0.9736558506832815 0.010526160032405259
0.9736558506832815 0.010526160032405259
0.9736558506832815 0.010526160032405259
0.9736558506832815 0.010526160032405259
0.9736558506832815 0.010526160032405259
0.9736558506832815 0.010526160032405259
0.9736558506832815 0.010526160032405259
0.9736558506832815 0.010526160032405259
0.9736558506832815 0.010526160032405259
0.9736558506832815 0.010526160032405259
0.9736558506832815 0.010526160032405259
0.9736558506832815 0.010526160032405259
0.9736558506832815 0.010526160032405259
0.9736558506832815 0.010526160032405259
0.9736558506832815 0.010526160032405259
0.9736558506832815 0.010526160032405259
0.9736558506832815 0.010526160032405259
0.9736558506832815 0.010526160032405259
0.9736558506832815 0.010526160032405259
0.9736558506832815 0.010526160032405259
0.9736558506832815 0.010526160032405259
0.9736558506832815 0.010526160032405259
0.9736558506832815 0.010526160032405259
0.9736558506832815 0.010526160032405259
0.9736558506832815 0.010526160032405259
0.9736558506832815 0.010526160032405259
0.9736558506832815 0.010526160032405259
0.9736558506832815 0.010526160032405259
0.9736558506832815 0.010526160032405259
0.9736558506832815 0.010526160032405259
0.9736558506832815 0.010526160032405259
0.9736558506832815 0.010526160032405259
0.9736558506832815 0.010526160032405259
0.9736558506832815 0.010526160032405259
0.9736558506832815 0.010526160032405259
0.9736558506832815 0.010526160032405259
0.9736558506832815 0.010526160032405259
0.9736558506832815 0.010526160032405259
0.9736558506832815 0.010526160032405259
0.9736558506832815 0.010526160032405259
0.9736558506832815 0.010526160032405259
0.9736558506832815 0.010526160032405259
0.9736558506832815 0.010526160032405259
0.9736558506832815 0.010526160032405259
0.9736558506832815 0.010526160032405259
0.9736558506832815 0.010526160032405259
0.9736558506832815 0.010526160032405259
0.9736558506832815 0.010526160032405259
0.9736558506832815 0.010526160032405259
0.9736558506832815 0.010526160032405259
0.9736558506832815 0.010526160032405259
0.9736558506832815 0.010526160032405259
0.9736558506832815 0.010526160032405259
0.9736558506832815 0.010526160032405259
0.9736558506832815 0.010526160032405259
0.9736558506832815 0.010526160032405259
0.9736558506832815 0.010526160032405259
0.9736558506832815 0.010526160032405259
0.9736558506832815 0.010526160032405259
0.9736558506832815 0.010526160032405259
0.9736558506832815 0.010526160032405259
0.9736558506832815 0.010526160032405259
0.9736558506832815 0.010526160032405259
0.9736558506832815 0.010526160032405259
0.9736558506832815 0.010526160032405259
0.9736558506832815 0.010526160032405259
0.9736558506832815 0.010526160032405259
0.9736558506832815 0.010526160032405259
0.9736558506832815 0.010526160032405259
0.9736558506832815 0.010526160032405259
0.9736558506832815 0.010526160032405259
0.9736558506832815 0.010526160032405259
0.9736558506832815 0.010526160032405259
0.9736558506832815 0.010526160032405259
0.9736558506832815 0.010526160032405259
0.9736558506832815 0.010526160032405259
0.9736558506832815 0.010526160032405259
0.9736558506832815 0.010526160032405259
0.9736558506832815 0.010526160032405259
0.9736558506832815 0.010526160032405259
0.9736558506832815 0.010526160032405259
0.9736558506832815 0.010526160032405259
0.9736558506832815 0.010526160032405259
0.9736558506832815 0.010526160032405259
0.9736558506832815 0.010526160032405259
0.9736558506832815 0.010526160032405259
0.9736558506832815 0.010526160032405259
0.9736558506832815 0.010526160032405259
0.9736558506832815 0.010526160032405259
0.9736558506832815 0.010526160032405259
0.9736558506832815 0.010526160032405259
0.9736558506832815 0.010526160032405259
0.9736558506832815 0.010526160032405259
0.9736558506832815 0.010526160032405259
0.9736558506832815 0.010526160032405259
0.9736558506832815 0.010526160032405259
0.9736558506832815 0.010526160032405259
0.9736558506832815 0.010526160032405259
0.9736558506832815 0.010526160032405259
0.9736558506832815 0.010526160032405259
0.9736558506832815 0.010526160032405259
0.9736558506832815 0.010526160032405259
0.9736558506832815 0.010526160032405259
0.9736558506832815 0.010526160032405259
0.9736558506832815 0.010526160032405259
0.9736558506832815 0.010526160032405259
0.9736558506832815 0.010526160032405259
0.9736558506832815 0.010526160032405259
0.9736558506832815 0.010526160032405259
0.9736558506832815 0.010526160032405259
0.9736558506832815 0.010526160032405259
0.9736558506832815 0.010526160032405259
0.9736558506832815 0.010526160032405259
0.9736558506832815 0.010526160032405259
0.9736558506832815 0.010526160032405259
0.9736558506832815 0.010526160032405259
0.9736558506832815 0.010526160032405259
0.9736558506832815 0.010526160032405259
0.9736558506832815 0.010526160032405259
0.9736558506832815 0.010526160032405259
0.9736558506832815 0.010526160032405259
0.9736558506832815 0.010526160032405259
0.1524968001836553 0.010525594838568278
0.1524968001836553 0.010525594838568278
0.1524968001836553 0.010525594838568278
0.1524968001836553 0.010525594838568278
0.1524968001836553 0.010525594838568278
0.1524968001836553 0.010525594838568278
0.1524968001836553 0.010525594838568278
0.1524968001836553 0.010525594838568278
0.1524968001836553 0.010525594838568278
0.1524968001836553 0.010525594838568278
0.1524968001836553 0.010525594838568278
0.1524968001836553 0.010525594838568278
0.1524968001836553 0.010525594838568278
0.1524968001836553 0.010525594838568278
0.1524968001836553 0.010525594838568278
0.1524968001836553 0.010525594838568278
0.1524968001836553 0.010525594838568278
0.1524968001836553 0.010525594838568278
0.1524968001836553 0.010525594838568278
0.1524968001836553 0.010525594838568278
0.1524968001836553 0.010525594838568278
0.1524968001836553 0.010525594838568278
0.1524968001836553 0.010525594838568278
0.1524968001836553 0.010525594838568278
0.11908819874556108 0.010525851382834437
0.11908819874556108 0.010525851382834437
0.11908819874556108 0.010525851382834437
0.11908819874556108 0.010525851382834437
0.11908819874556108 0.010525851382834437
0.11908819874556108 0.010525851382834437
0.11908819874556108 0.010525851382834437
0.11908819874556108 0.010525851382834437
0.11908819874556108 0.010525851382834437
0.11908819874556108 0.010525851382834437
0.11908819874556108 0.010525851382834437
0.11908819874556108 0.010525851382834437
0.11908819874556108 0.010525851382834437
0.11908819874556108 0.010525851382834437
0.11908819874556108 0.010525851382834437
0.11908819874556108 0.010525851382834437
0.11908819874556108 0.010525851382834437
0.11908819874556108 0.010525851382834437
0.11908819874556108 0.010525851382834437
0.11908819874556108 0.010525851382834437
0.11908819874556108 0.010525851382834437
0.11908819874556108 0.010525851382834437
0.11908819874556108 0.010525851382834437
0.11908819874556108 0.010525851382834437
0.2789478669263271 0.010527014534144797
0.2789478669263271 0.010527014534144797
0.2789478669263271 0.010527014534144797
0.2789478669263271 0.010527014534144797
0.2789478669263271 0.010527014534144797
0.2789478669263271 0.010527014534144797
0.2789478669263271 0.010527014534144797
0.2789478669263271 0.010527014534144797
0.2789478669263271 0.010527014534144797
0.2789478669263271 0.010527014534144797
0.2789478669263271 0.010527014534144797
0.2789478669263271 0.010527014534144797
0.2789478669263271 0.010527014534144797
0.2789478669263271 0.010527014534144797
0.2789478669263271 0.010527014534144797
0.2789478669263271 0.010527014534144797
0.2789478669263271 0.010527014534144797
0.2789478669263271 0.010527014534144797
0.2789478669263271 0.010527014534144797
0.2789478669263271 0.010527014534144797
0.2789478669263271 0.010527014534144797
0.2789478669263271 0.010527014534144797
0.2789478669263271 0.010527014534144797
0.2789478669263271 0.010527014534144797
0.31651461223913024 0.010526141359984092
0.31651461223913024 0.010526141359984092
0.31651461223913024 0.010526141359984092
0.31651461223913024 0.010526141359984092
0.31651461223913024 0.010526141359984092
0.31651461223913024 0.010526141359984092
0.31651461223913024 0.010526141359984092
0.31651461223913024 0.010526141359984092
0.31651461223913024 0.010526141359984092
0.31651461223913024 0.010526141359984092
0.31651461223913024 0.010526141359984092
0.31651461223913024 0.010526141359984092
0.31651461223913024 0.010526141359984092
0.31651461223913024 0.010526141359984092
0.31651461223913024 0.010526141359984092
0.31651461223913024 0.010526141359984092
0.31651461223913024 0.010526141359984092
0.31651461223913024 0.010526141359984092
0.31651461223913024 0.010526141359984092
0.31651461223913024 0.010526141359984092
0.31651461223913024 0.010526141359984092
0.31651461223913024 0.010526141359984092
0.31651461223913024 0.010526141359984092
0.31651461223913024 0.010526141359984092
0.31651461223913024 0.010526141359984092
0.31651461223913024 0.010526141359984092
1.0 0.0105269180159048
1.0 0.0105269180159048
1.0 0.0105269180159048
1.0 0.0105269180159048
1.0 0.0105269180159048
1.0 0.0105269180159048
1.0 0.0105269180159048
1.0 0.0105269180159048
1.0 0.0105269180159048
1.0 0.0105269180159048
1.0 0.0105269180159048
1.0 0.0105269180159048
1.0 0.0105269180159048
1.0 0.0105269180159048
1.0 0.0105269180159048
1.0 0.0105269180159048
1.0 0.0105269180159048
1.0 0.0105269180159048
1.0 0.0105269180159048
1.0 0.0105269180159048
1.0 0.0105269180159048
1.0 0.0105269180159048
1.0 0.0105269180159048
1.0 0.0105269180159048
1.0 0.0105269180159048
1.0 0.0105269180159048
1.0 0.0105269180159048
1.0 0.0105269180159048
1.0 0.0105269180159048
1.0 0.0105269180159048
1.0 0.0105269180159048
1.0 0.0105269180159048
1.0 0.0105269180159048
1.0 0.0105269180159048
1.0 0.0105269180159048
1.0 0.0105269180159048
1.0 0.0105269180159048
1.0 0.0105269180159048
1.0 0.0105269180159048
1.0 0.0105269180159048
1.0 0.0105269180159048
1.0 0.0105269180159048
1.0 0.0105269180159048
1.0 0.0105269180159048
1.0 0.0105269180159048
1.0 0.0105269180159048
1.0 0.0105269180159048
1.0 0.0105269180159048
1.0 0.0105269180159048
1.0 0.0105269180159048
1.0 0.0105269180159048
1.0 0.0105269180159048
1.0 0.0105269180159048
1.0 0.0105269180159048
1.0 0.0105269180159048
1.0 0.0105269180159048
1.0 0.0105269180159048
1.0 0.0105269180159048
1.0 0.0105269180159048
1.0 0.0105269180159048
1.0 0.0105269180159048
1.0 0.0105269180159048
1.0 0.0105269180159048
1.0 0.0105269180159048
1.0 0.0105269180159048
1.0 0.0105269180159048
1.0 0.0105269180159048
1.0 0.0105269180159048
1.0 0.0105269180159048
1.0 0.0105269180159048
1.0 0.0105269180159048
1.0 0.0105269180159048
1.0 0.0105269180159048
1.0 0.0105269180159048
1.0 0.0105269180159048
1.0 0.0105269180159048
1.0 0.0105269180159048
1.0 0.0105269180159048
1.0 0.0105269180159048
1.0 0.0105269180159048
1.0 0.0105269180159048
1.0 0.0105269180159048
1.0 0.0105269180159048
1.0 0.0105269180159048
1.0 0.0105269180159048
1.0 0.0105269180159048
1.0 0.0105269180159048
1.0 0.0105269180159048
1.0 0.0105269180159048
1.0 0.0105269180159048
1.0 0.0105269180159048
1.0 0.0105269180159048
1.0 0.0105269180159048
1.0 0.0105269180159048
1.0 0.0105269180159048
1.0 0.0105269180159048
0.22934852169461153 0.010526122731839982
0.22934852169461153 0.010526122731839982
0.22934852169461153 0.010526122731839982
0.22934852169461153 0.010526122731839982
0.22934852169461153 0.010526122731839982
0.22934852169461153 0.010526122731839982
0.22934852169461153 0.010526122731839982
0.22934852169461153 0.010526122731839982
0.22934852169461153 0.010526122731839982
0.22934852169461153 0.010526122731839982
0.22934852169461153 0.010526122731839982
0.22934852169461153 0.010526122731839982
0.22934852169461153 0.010526122731839982
0.22934852169461153 0.010526122731839982
0.22934852169461153 0.010526122731839982
0.22934852169461153 0.010526122731839982
0.22934852169461153 0.010526122731839982
0.22934852169461153 0.010526122731839982
0.22934852169461153 0.010526122731839982
0.22934852169461153 0.010526122731839982
0.22934852169461153 0.010526122731839982
0.22934852169461153 0.010526122731839982
0.22934852169461153 0.010526122731839982
0.22934852169461153 0.010526122731839982
0.22934852169461153 0.010526122731839982
0.22934852169461153 0.010526122731839982
0.13355278844145593 0.010526964970207598
0.13355278844145593 0.010526964970207598
0.13355278844145593 0.010526964970207598
0.13355278844145593 0.010526964970207598
0.13355278844145593 0.010526964970207598
0.13355278844145593 0.010526964970207598
0.13355278844145593 0.010526964970207598
0.13355278844145593 0.010526964970207598
0.13355278844145593 0.010526964970207598
0.13355278844145593 0.010526964970207598
0.13355278844145593 0.010526964970207598
0.13355278844145593 0.010526964970207598
0.13355278844145593 0.010526964970207598
0.13355278844145593 0.010526964970207598
0.13355278844145593 0.010526964970207598
0.13355278844145593 0.010526964970207598
0.13355278844145593 0.010526964970207598
0.13355278844145593 0.010526964970207598
0.13355278844145593 0.010526964970207598
0.13355278844145593 0.010526964970207598
0.13355278844145593 0.010526964970207598
0.13355278844145593 0.010526964970207598
0.13355278844145593 0.010526964970207598
0.13355278844145593 0.010526964970207598