5.800525491704709e-06 8.644575029433792e-06
4.805920012824904e-06 8.644576076783392e-06
4.851976585290248e-06 8.644576358900777e-06
4.06106323391834e-06 8.644579659435017e-06
7.033417101398702e-06 8.644576895232142e-06
7.033417101398702e-06 8.644576895232142e-06
7.033417101398702e-06 8.644576895232142e-06
7.033417101398702e-06 8.644576895232142e-06
7.033417101398702e-06 8.644576895232142e-06
7.033417101398702e-06 8.644576895232142e-06
7.033417101398702e-06 8.644576895232142e-06
7.033417101398702e-06 8.644576895232142e-06
5.389205788100353e-06 8.64457662715723e-06
4.851976585290248e-06 8.644575469257493e-06
5.389908543021142e-06 8.644575692843476e-06
6.378873011879036e-06 8.644577357060219e-06
6.194826539050352e-06 8.644576257416248e-06
3.520350694078674e-06 8.644575341795064e-06
5.811297106943031e-06 8.644575929127008e-06
5.389908543021142e-06 8.644575541302866e-06
4.560569324149743e-06 8.644573026563785e-06
8.189745032670275e-06 8.644575465339313e-06
5.389908543021142e-06 8.644575864920911e-06
5.068015817650351e-06 8.64457546344751e-06
4.994901399381899e-06 8.644576737403932e-06
5.52690119011776e-06 8.644575184354107e-06
5.068015817650351e-06 8.644576681924814e-06
4.851976585290248e-06 8.644576358900777e-06
4.851976585290248e-06 8.644576467532388e-06
7.610083742733817e-06 8.644575700496144e-06
8.189745032670275e-06 8.644578375041544e-06
6.4239508864461235e-06 8.644577287614625e-06
5.389908543021142e-06 8.644576238194753e-06
4.2968117130311426e-06 8.6445762543209e-06
4.851976585290248e-06 8.644576358900777e-06
4.6314895488609635e-06 8.644575660229443e-06
4.6314895488609635e-06 8.644575660229443e-06
3.614838278328995e-06 8.644575549901296e-06
5.068015817650351e-06 8.64457546344751e-06
6.168642135145985e-06 8.644578237339892e-06
8.189745032670275e-06 8.644577071724985e-06
4.464368395555991e-06 8.644579338592365e-06
5.23958983501224e-06 8.64457663898645e-06
5.389205788100353e-06 8.644576380519346e-06
6.9582655673653635e-06 8.644574578491073e-06
3.6621348539675384e-06 8.644576117490264e-06
1.3620483687148502e-06 8.6445778397609e-06
1.3620483687148502e-06 8.6445778397609e-06
1.3620483687148502e-06 8.6445778397609e-06
1.3620483687148502e-06 8.6445778397609e-06