3.4863408113819014e-07 2.1289158742386357e-06
3.4863408113819014e-07 2.1289158742386357e-06
3.4863408113819014e-07 2.1289158742386357e-06
3.4863408113819014e-07 2.1289158742386357e-06
1.2399996613634867e-06 2.128868919464293e-06
1.2399996613634867e-06 2.128868919464293e-06
1.2399996613634867e-06 2.128868919464293e-06
1.2399996613634867e-06 2.128868919464293e-06
1.2399996613634867e-06 2.128868919464293e-06
1.2399996613634867e-06 2.128868919464293e-06
1.2399996613634867e-06 2.128868919464293e-06
1.2399996613634867e-06 2.128868919464293e-06
1.2399996613634867e-06 2.128868919464293e-06
1.2399996613634867e-06 2.128868919464293e-06
1.2399996613634867e-06 2.128868919464293e-06
1.2399996613634867e-06 2.128868919464293e-06
1.2399996613634867e-06 2.128868919464293e-06
1.2399996613634867e-06 2.128868919464293e-06
1.2399996613634867e-06 2.128868919464293e-06
1.2399996613634867e-06 2.128868919464293e-06
9.924416169011063e-07 2.128855968127663e-06
9.924416169011063e-07 2.128855968127663e-06
9.924416169011063e-07 2.128855968127663e-06
9.924416169011063e-07 2.128855968127663e-06
9.924416169011063e-07 2.128855968127663e-06
9.924416169011063e-07 2.128855968127663e-06
9.924416169011063e-07 2.128855968127663e-06
9.924416169011063e-07 2.128855968127663e-06
9.924416169011063e-07 2.128855968127663e-06
9.924416169011063e-07 2.128855968127663e-06
9.924416169011063e-07 2.128855968127663e-06
9.924416169011063e-07 2.128855968127663e-06
9.924416169011063e-07 2.128855968127663e-06
9.924416169011063e-07 2.128855968127663e-06
9.924416169011063e-07 2.128855968127663e-06
9.924416169011063e-07 2.128855968127663e-06
9.924416169011063e-07 2.128855968127663e-06
9.924416169011063e-07 2.128855968127663e-06
9.924416169011063e-07 2.128855968127663e-06
9.924416169011063e-07 2.128855968127663e-06
9.924416169011063e-07 2.128855968127663e-06
9.924416169011063e-07 2.128855968127663e-06
9.924416169011063e-07 2.128855968127663e-06
9.924416169011063e-07 2.128855968127663e-06
9.924416169011063e-07 2.128855968127663e-06
9.924416169011063e-07 2.128855968127663e-06
9.924416169011063e-07 2.128855968127663e-06
9.924416169011063e-07 2.128855968127663e-06
9.924416169011063e-07 2.128855968127663e-06
9.924416169011063e-07 2.128855968127663e-06
9.924416169011063e-07 2.128855968127663e-06
9.924416169011063e-07 2.128855968127663e-06
9.924416169011063e-07 2.128855968127663e-06
9.924416169011063e-07 2.128855968127663e-06
9.924416169011063e-07 2.128855968127663e-06
9.924416169011063e-07 2.128855968127663e-06
9.924416169011063e-07 2.128855968127663e-06
9.924416169011063e-07 2.128855968127663e-06
9.924416169011063e-07 2.128855968127663e-06
9.924416169011063e-07 2.128855968127663e-06
9.924416169011063e-07 2.128855968127663e-06
9.924416169011063e-07 2.128855968127663e-06
9.924416169011063e-07 2.128855968127663e-06
9.924416169011063e-07 2.128855968127663e-06
9.924416169011063e-07 2.128855968127663e-06
9.924416169011063e-07 2.128855968127663e-06
9.924416169011063e-07 2.128855968127663e-06
9.924416169011063e-07 2.128855968127663e-06
9.924416169011063e-07 2.128855968127663e-06
9.924416169011063e-07 2.128855968127663e-06
9.924416169011063e-07 2.128855968127663e-06
9.924416169011063e-07 2.128855968127663e-06
9.924416169011063e-07 2.128855968127663e-06
9.924416169011063e-07 2.128855968127663e-06
9.924416169011063e-07 2.128855968127663e-06
9.924416169011063e-07 2.128855968127663e-06
9.924416169011063e-07 2.128855968127663e-06
9.924416169011063e-07 2.128855968127663e-06
9.924416169011063e-07 2.128855968127663e-06
9.924416169011063e-07 2.128855968127663e-06
9.924416169011063e-07 2.128855968127663e-06
9.924416169011063e-07 2.128855968127663e-06
9.924416169011063e-07 2.128855968127663e-06
7.303850333358791e-06 2.128799551807731e-06
7.303850333358791e-06 2.128799551807731e-06
7.303850333358791e-06 2.128799551807731e-06
7.303850333358791e-06 2.128799551807731e-06
7.303850333358791e-06 2.128799551807731e-06
2.5662847344557264e-06 2.128846979510804e-06
2.5662847344557264e-06 2.128846979510804e-06
2.5662847344557264e-06 2.128846979510804e-06
2.5662847344557264e-06 2.128846979510804e-06
2.5662847344557264e-06 2.128846979510804e-06
2.5662847344557264e-06 2.128846979510804e-06
2.5662847344557264e-06 2.128846979510804e-06
2.5662847344557264e-06 2.128846979510804e-06
2.5662847344557264e-06 2.128846979510804e-06
2.5662847344557264e-06 2.128846979510804e-06
1.5958109461800533e-06 2.128927118056107e-06
1.5958109461800533e-06 2.128927118056107e-06
1.5958109461800533e-06 2.128927118056107e-06
1.5958109461800533e-06 2.128927118056107e-06
1.5958109461800533e-06 2.128927118056107e-06
1.5958109461800533e-06 2.128927118056107e-06
1.5958109461800533e-06 2.128927118056107e-06
1.5958109461800533e-06 2.128927118056107e-06
2.201999827928218e-06 2.1288466703528387e-06
2.201999827928218e-06 2.1288466703528387e-06
2.201999827928218e-06 2.1288466703528387e-06
2.201999827928218e-06 2.1288466703528387e-06
2.201999827928218e-06 2.1288466703528387e-06
2.201999827928218e-06 2.1288466703528387e-06
2.201999827928218e-06 2.1288466703528387e-06
2.201999827928218e-06 2.1288466703528387e-06
2.201999827928218e-06 2.1288466703528387e-06
2.201999827928218e-06 2.1288466703528387e-06
2.201999827928218e-06 2.1288466703528387e-06
2.201999827928218e-06 2.1288466703528387e-06
2.201999827928218e-06 2.1288466703528387e-06
2.201999827928218e-06 2.1288466703528387e-06
2.201999827928218e-06 2.1288466703528387e-06
2.201999827928218e-06 2.1288466703528387e-06
3.4863408113819014e-07 2.128932392621382e-06
3.4863408113819014e-07 2.128932392621382e-06
3.4863408113819014e-07 2.128932392621382e-06
3.4863408113819014e-07 2.128932392621382e-06
3.4863408113819014e-07 2.128932392621382e-06
5.345668793629763e-07 2.128884301015996e-06
5.345668793629763e-07 2.128884301015996e-06
5.345668793629763e-07 2.128884301015996e-06
5.345668793629763e-07 2.128884301015996e-06
5.345668793629763e-07 2.128884301015996e-06
5.345668793629763e-07 2.128884301015996e-06
1.0061576389265251e-06 2.1288204706724224e-06
1.0061576389265251e-06 2.1288204706724224e-06
1.0061576389265251e-06 2.1288204706724224e-06
1.0061576389265251e-06 2.1288204706724224e-06
1.0061576389265251e-06 2.1288204706724224e-06
1.0061576389265251e-06 2.1288204706724224e-06
1.0061576389265251e-06 2.1288204706724224e-06
1.0061576389265251e-06 2.1288204706724224e-06
1.0061576389265251e-06 2.1288204706724224e-06
1.0061576389265251e-06 2.1288204706724224e-06
1.0061576389265251e-06 2.1288204706724224e-06
1.0061576389265251e-06 2.1288204706724224e-06
1.0061576389265251e-06 2.1288204706724224e-06
1.0061576389265251e-06 2.1288204706724224e-06
1.0061576389265251e-06 2.1288204706724224e-06
1.0061576389265251e-06 2.1288204706724224e-06
1.0061576389265251e-06 2.1288204706724224e-06
1.0061576389265251e-06 2.1288204706724224e-06
1.0061576389265251e-06 2.1288204706724224e-06
1.0061576389265251e-06 2.1288204706724224e-06
1.0061576389265251e-06 2.1288204706724224e-06
1.0061576389265251e-06 2.1288204706724224e-06
1.0061576389265251e-06 2.1288204706724224e-06
1.0061576389265251e-06 2.1288204706724224e-06
1.0061576389265251e-06 2.1288204706724224e-06
1.0061576389265251e-06 2.1288204706724224e-06
1.0061576389265251e-06 2.1288204706724224e-06
1.0061576389265251e-06 2.1288204706724224e-06
1.0061576389265251e-06 2.1288204706724224e-06
1.0061576389265251e-06 2.1288204706724224e-06
1.0061576389265251e-06 2.1288204706724224e-06
1.0061576389265251e-06 2.1288204706724224e-06
1.0061576389265251e-06 2.1288204706724224e-06
1.0061576389265251e-06 2.1288204706724224e-06
1.0061576389265251e-06 2.1288204706724224e-06
1.0061576389265251e-06 2.1288204706724224e-06
1.0061576389265251e-06 2.1288204706724224e-06
1.0061576389265251e-06 2.1288204706724224e-06
1.0061576389265251e-06 2.1288204706724224e-06
1.0061576389265251e-06 2.1288204706724224e-06
1.0061576389265251e-06 2.1288204706724224e-06
1.0061576389265251e-06 2.1288204706724224e-06
2.2626727480623694e-06 2.1288553524375627e-06
2.2626727480623694e-06 2.1288553524375627e-06
2.2626727480623694e-06 2.1288553524375627e-06
2.2626727480623694e-06 2.1288553524375627e-06
2.2626727480623694e-06 2.1288553524375627e-06
2.2626727480623694e-06 2.1288553524375627e-06
2.2626727480623694e-06 2.1288553524375627e-06
2.2626727480623694e-06 2.1288553524375627e-06
2.2626727480623694e-06 2.1288553524375627e-06
2.2626727480623694e-06 2.1288553524375627e-06
2.2626727480623694e-06 2.1288553524375627e-06
2.2626727480623694e-06 2.1288553524375627e-06
2.2626727480623694e-06 2.1288553524375627e-06
2.2626727480623694e-06 2.1288553524375627e-06
2.2626727480623694e-06 2.1288553524375627e-06
2.2626727480623694e-06 2.1288553524375627e-06
2.2626727480623694e-06 2.1288553524375627e-06
2.2626727480623694e-06 2.1288553524375627e-06
2.2626727480623694e-06 2.1288553524375627e-06
2.2626727480623694e-06 2.1288553524375627e-06
2.2626727480623694e-06 2.1288553524375627e-06
2.2626727480623694e-06 2.1288553524375627e-06
2.2626727480623694e-06 2.1288553524375627e-06
2.2626727480623694e-06 2.1288553524375627e-06
2.2626727480623694e-06 2.1288553524375627e-06
2.2626727480623694e-06 2.1288553524375627e-06
2.2626727480623694e-06 2.1288553524375627e-06
2.2626727480623694e-06 2.1288553524375627e-06
2.2626727480623694e-06 2.1288553524375627e-06
2.2626727480623694e-06 2.1288553524375627e-06
2.2626727480623694e-06 2.1288553524375627e-06
2.2626727480623694e-06 2.1288553524375627e-06
2.2626727480623694e-06 2.1288553524375627e-06
2.2626727480623694e-06 2.1288553524375627e-06
2.2626727480623694e-06 2.1288553524375627e-06
2.2626727480623694e-06 2.1288553524375627e-06
2.2626727480623694e-06 2.1288553524375627e-06
2.2626727480623694e-06 2.1288553524375627e-06
2.2626727480623694e-06 2.1288553524375627e-06
2.2626727480623694e-06 2.1288553524375627e-06
2.2626727480623694e-06 2.1288553524375627e-06
2.2626727480623694e-06 2.1288553524375627e-06
2.2626727480623694e-06 2.1288553524375627e-06
2.2626727480623694e-06 2.1288553524375627e-06
2.2626727480623694e-06 2.1288553524375627e-06
2.2626727480623694e-06 2.1288553524375627e-06
2.2626727480623694e-06 2.1288553524375627e-06
2.2626727480623694e-06 2.1288553524375627e-06
1.2153556719319237e-06 2.1288445097904167e-06
1.2153556719319237e-06 2.1288445097904167e-06
1.2153556719319237e-06 2.1288445097904167e-06
1.2153556719319237e-06 2.1288445097904167e-06
4.068042795143312e-06 2.127409213694548e-06
4.068042795143312e-06 2.127409213694548e-06
4.068042795143312e-06 2.127409213694548e-06
4.068042795143312e-06 2.127409213694548e-06
4.068042795143312e-06 2.127409213694548e-06
4.068042795143312e-06 2.127409213694548e-06
4.068042795143312e-06 2.127409213694548e-06
4.068042795143312e-06 2.127409213694548e-06
4.068042795143312e-06 2.127409213694548e-06
4.068042795143312e-06 2.127409213694548e-06
1.1484272039828936e-06 2.1288526704897787e-06
1.1484272039828936e-06 2.1288526704897787e-06
1.1484272039828936e-06 2.1288526704897787e-06
1.1484272039828936e-06 2.1288526704897787e-06
1.1484272039828936e-06 2.1288526704897787e-06
1.1484272039828936e-06 2.1288526704897787e-06
1.1484272039828936e-06 2.1288526704897787e-06
1.1484272039828936e-06 2.1288526704897787e-06
1.1484272039828936e-06 2.1288526704897787e-06
1.1484272039828936e-06 2.1288526704897787e-06
1.1484272039828936e-06 2.1288526704897787e-06
1.1484272039828936e-06 2.1288526704897787e-06
1.1484272039828936e-06 2.1288526704897787e-06
1.1484272039828936e-06 2.1288526704897787e-06
1.1484272039828936e-06 2.1288526704897787e-06
1.1484272039828936e-06 2.1288526704897787e-06
1.1484272039828936e-06 2.1288526704897787e-06
1.1484272039828936e-06 2.1288526704897787e-06
1.1484272039828936e-06 2.1288526704897787e-06
1.1484272039828936e-06 2.1288526704897787e-06
1.1484272039828936e-06 2.1288526704897787e-06
1.1484272039828936e-06 2.1288526704897787e-06
1.1484272039828936e-06 2.1288526704897787e-06
1.1484272039828936e-06 2.1288526704897787e-06
1.1484272039828936e-06 2.1288526704897787e-06
1.1484272039828936e-06 2.1288526704897787e-06
1.1484272039828936e-06 2.1288526704897787e-06
1.1484272039828936e-06 2.1288526704897787e-06
1.1484272039828936e-06 2.1288526704897787e-06
1.1484272039828936e-06 2.1288526704897787e-06
1.1484272039828936e-06 2.1288526704897787e-06
1.1484272039828936e-06 2.1288526704897787e-06
1.1484272039828936e-06 2.1288526704897787e-06
1.1484272039828936e-06 2.1288526704897787e-06
1.1484272039828936e-06 2.1288526704897787e-06
1.1484272039828936e-06 2.1288526704897787e-06
1.1484272039828936e-06 2.1288526704897787e-06
1.1484272039828936e-06 2.1288526704897787e-06
1.1484272039828936e-06 2.1288526704897787e-06
1.1484272039828936e-06 2.1288526704897787e-06
1.1484272039828936e-06 2.1288526704897787e-06
1.1484272039828936e-06 2.1288526704897787e-06
1.1484272039828936e-06 2.1288526704897787e-06
1.1484272039828936e-06 2.1288526704897787e-06
1.1484272039828936e-06 2.1288526704897787e-06
1.1484272039828936e-06 2.1288526704897787e-06
1.1484272039828936e-06 2.1288526704897787e-06
1.1484272039828936e-06 2.1288526704897787e-06
1.1484272039828936e-06 2.1288526704897787e-06
1.1484272039828936e-06 2.1288526704897787e-06
1.1484272039828936e-06 2.1288526704897787e-06
1.1484272039828936e-06 2.1288526704897787e-06
1.1484272039828936e-06 2.1288526704897787e-06
1.1484272039828936e-06 2.1288526704897787e-06
1.1484272039828936e-06 2.1288526704897787e-06
1.1484272039828936e-06 2.1288526704897787e-06
1.1484272039828936e-06 2.1288526704897787e-06
1.1484272039828936e-06 2.1288526704897787e-06
1.1484272039828936e-06 2.1288526704897787e-06
1.1484272039828936e-06 2.1288526704897787e-06
1.1484272039828936e-06 2.1288526704897787e-06
1.1484272039828936e-06 2.1288526704897787e-06
1.1484272039828936e-06 2.1288526704897787e-06
1.1484272039828936e-06 2.1288526704897787e-06
1.1484272039828936e-06 2.1288526704897787e-06
1.1484272039828936e-06 2.1288526704897787e-06
1.1484272039828936e-06 2.1288526704897787e-06
1.1484272039828936e-06 2.1288526704897787e-06
1.1484272039828936e-06 2.1288526704897787e-06
1.1484272039828936e-06 2.1288526704897787e-06
1.1484272039828936e-06 2.1288526704897787e-06
1.1484272039828936e-06 2.1288526704897787e-06
1.1484272039828936e-06 2.1288526704897787e-06
1.1484272039828936e-06 2.1288526704897787e-06
1.1484272039828936e-06 2.1288526704897787e-06
1.1484272039828936e-06 2.1288526704897787e-06
1.1484272039828936e-06 2.1288526704897787e-06
1.1484272039828936e-06 2.1288526704897787e-06
1.1484272039828936e-06 2.1288526704897787e-06
1.1484272039828936e-06 2.1288526704897787e-06
1.1484272039828936e-06 2.1288526704897787e-06
1.1484272039828936e-06 2.1288526704897787e-06
1.1484272039828936e-06 2.1288526704897787e-06
1.1484272039828936e-06 2.1288526704897787e-06
1.1484272039828936e-06 2.1288526704897787e-06
1.1484272039828936e-06 2.1288526704897787e-06
1.1484272039828936e-06 2.1288526704897787e-06
1.1484272039828936e-06 2.1288526704897787e-06
1.1484272039828936e-06 2.1288526704897787e-06
1.1484272039828936e-06 2.1288526704897787e-06
1.1484272039828936e-06 2.1288526704897787e-06
1.1484272039828936e-06 2.1288526704897787e-06
1.1484272039828936e-06 2.1288526704897787e-06
1.1484272039828936e-06 2.1288526704897787e-06
1.1484272039828936e-06 2.1288526704897787e-06
1.1484272039828936e-06 2.1288526704897787e-06
1.1484272039828936e-06 2.1288526704897787e-06
1.1484272039828936e-06 2.1288526704897787e-06
1.1484272039828936e-06 2.1288526704897787e-06
1.1484272039828936e-06 2.1288526704897787e-06
1.1484272039828936e-06 2.1288526704897787e-06
1.1484272039828936e-06 2.1288526704897787e-06
1.1484272039828936e-06 2.1288526704897787e-06
1.1484272039828936e-06 2.1288526704897787e-06
1.1484272039828936e-06 2.1288526704897787e-06
1.1484272039828936e-06 2.1288526704897787e-06
1.1484272039828936e-06 2.1288526704897787e-06
1.1484272039828936e-06 2.1288526704897787e-06
1.1484272039828936e-06 2.1288526704897787e-06
1.1484272039828936e-06 2.1288526704897787e-06
1.1484272039828936e-06 2.1288526704897787e-06
1.1484272039828936e-06 2.1288526704897787e-06
1.1484272039828936e-06 2.1288526704897787e-06
1.1484272039828936e-06 2.1288526704897787e-06
1.1484272039828936e-06 2.1288526704897787e-06
1.1484272039828936e-06 2.1288526704897787e-06
1.1484272039828936e-06 2.1288526704897787e-06
1.1484272039828936e-06 2.1288526704897787e-06
1.1484272039828936e-06 2.1288526704897787e-06
1.1484272039828936e-06 2.1288526704897787e-06
1.1484272039828936e-06 2.1288526704897787e-06
1.1484272039828936e-06 2.1288526704897787e-06
1.1484272039828936e-06 2.1288526704897787e-06
1.1484272039828936e-06 2.1288526704897787e-06
1.1484272039828936e-06 2.1288526704897787e-06
1.1484272039828936e-06 2.1288526704897787e-06
2.3526270414442153e-06 2.1290560410162336e-06
2.3526270414442153e-06 2.1290560410162336e-06
2.3526270414442153e-06 2.1290560410162336e-06
2.3526270414442153e-06 2.1290560410162336e-06
2.3526270414442153e-06 2.1290560410162336e-06
2.3526270414442153e-06 2.1290560410162336e-06
2.3526270414442153e-06 2.1290560410162336e-06
2.3526270414442153e-06 2.1290560410162336e-06
2.3526270414442153e-06 2.1290560410162336e-06
2.3526270414442153e-06 2.1290560410162336e-06
9.799587935273314e-07 2.1288565382129514e-06
9.799587935273314e-07 2.1288565382129514e-06
9.799587935273314e-07 2.1288565382129514e-06
9.799587935273314e-07 2.1288565382129514e-06
1.5495481998320927e-06 2.1288556261341745e-06
1.5495481998320927e-06 2.1288556261341745e-06
1.5495481998320927e-06 2.1288556261341745e-06
1.5495481998320927e-06 2.1288556261341745e-06
1.5495481998320927e-06 2.1288556261341745e-06
1.5495481998320927e-06 2.1288556261341745e-06
1.5495481998320927e-06 2.1288556261341745e-06
1.5495481998320927e-06 2.1288556261341745e-06
1.5495481998320927e-06 2.1288556261341745e-06
1.5495481998320927e-06 2.1288556261341745e-06
1.5495481998320927e-06 2.1288556261341745e-06
1.5495481998320927e-06 2.1288556261341745e-06
1.5495481998320927e-06 2.1288556261341745e-06
1.5495481998320927e-06 2.1288556261341745e-06
1.5495481998320927e-06 2.1288556261341745e-06
1.5495481998320927e-06 2.1288556261341745e-06
1.5495481998320927e-06 2.1288556261341745e-06
1.5495481998320927e-06 2.1288556261341745e-06
1.5495481998320927e-06 2.1288556261341745e-06
1.5495481998320927e-06 2.1288556261341745e-06
1.5495481998320927e-06 2.1288556261341745e-06
1.5495481998320927e-06 2.1288556261341745e-06
1.5495481998320927e-06 2.1288556261341745e-06
1.5495481998320927e-06 2.1288556261341745e-06
1.5495481998320927e-06 2.1288556261341745e-06
1.5495481998320927e-06 2.1288556261341745e-06
1.5495481998320927e-06 2.1288556261341745e-06
1.5495481998320927e-06 2.1288556261341745e-06
1.5495481998320927e-06 2.1288556261341745e-06
1.5495481998320927e-06 2.1288556261341745e-06
1.5495481998320927e-06 2.1288556261341745e-06
1.5495481998320927e-06 2.1288556261341745e-06
1.5495481998320927e-06 2.1288556261341745e-06
1.5495481998320927e-06 2.1288556261341745e-06
1.5495481998320927e-06 2.1288556261341745e-06
1.5495481998320927e-06 2.1288556261341745e-06
1.5495481998320927e-06 2.1288556261341745e-06
1.5495481998320927e-06 2.1288556261341745e-06
1.5495481998320927e-06 2.1288556261341745e-06
1.5495481998320927e-06 2.1288556261341745e-06
1.1819313004278235e-06 2.128852509814902e-06
1.1819313004278235e-06 2.128852509814902e-06
1.1819313004278235e-06 2.128852509814902e-06
1.1819313004278235e-06 2.128852509814902e-06
1.1819313004278235e-06 2.128852509814902e-06
1.1819313004278235e-06 2.128852509814902e-06
1.1819313004278235e-06 2.128852509814902e-06
1.1819313004278235e-06 2.128852509814902e-06
1.1819313004278235e-06 2.128852509814902e-06
1.1819313004278235e-06 2.128852509814902e-06
1.1819313004278235e-06 2.128852509814902e-06
1.1819313004278235e-06 2.128852509814902e-06
1.1819313004278235e-06 2.128852509814902e-06
1.1819313004278235e-06 2.128852509814902e-06
1.1819313004278235e-06 2.128852509814902e-06
1.1819313004278235e-06 2.128852509814902e-06
1.1819313004278235e-06 2.128852509814902e-06
1.1819313004278235e-06 2.128852509814902e-06
1.1819313004278235e-06 2.128852509814902e-06
1.1819313004278235e-06 2.128852509814902e-06
1.1819313004278235e-06 2.128852509814902e-06
1.1819313004278235e-06 2.128852509814902e-06
1.1819313004278235e-06 2.128852509814902e-06
1.1819313004278235e-06 2.128852509814902e-06
1.1819313004278235e-06 2.128852509814902e-06
1.1819313004278235e-06 2.128852509814902e-06
1.1819313004278235e-06 2.128852509814902e-06
1.1819313004278235e-06 2.128852509814902e-06
1.1819313004278235e-06 2.128852509814902e-06
1.1819313004278235e-06 2.128852509814902e-06
1.1819313004278235e-06 2.128852509814902e-06
1.1819313004278235e-06 2.128852509814902e-06
1.1819313004278235e-06 2.128852509814902e-06
1.1819313004278235e-06 2.128852509814902e-06
1.1819313004278235e-06 2.128852509814902e-06
1.1819313004278235e-06 2.128852509814902e-06
1.1819313004278235e-06 2.128852509814902e-06
1.1819313004278235e-06 2.128852509814902e-06
1.1819313004278235e-06 2.128852509814902e-06
1.1819313004278235e-06 2.128852509814902e-06
1.1819313004278235e-06 2.128852509814902e-06
1.1819313004278235e-06 2.128852509814902e-06
1.1819313004278235e-06 2.128852509814902e-06
1.1819313004278235e-06 2.128852509814902e-06
1.1819313004278235e-06 2.128852509814902e-06
1.1819313004278235e-06 2.128852509814902e-06
1.1819313004278235e-06 2.128852509814902e-06
1.1819313004278235e-06 2.128852509814902e-06
1.1819313004278235e-06 2.128852509814902e-06
1.1819313004278235e-06 2.128852509814902e-06
1.1819313004278235e-06 2.128852509814902e-06
1.1819313004278235e-06 2.128852509814902e-06
1.1819313004278235e-06 2.128852509814902e-06
1.1819313004278235e-06 2.128852509814902e-06
1.1819313004278235e-06 2.128852509814902e-06
1.1819313004278235e-06 2.128852509814902e-06
1.1819313004278235e-06 2.128852509814902e-06
1.1819313004278235e-06 2.128852509814902e-06
1.1819313004278235e-06 2.128852509814902e-06
1.1819313004278235e-06 2.128852509814902e-06
1.1819313004278235e-06 2.128852509814902e-06
1.1819313004278235e-06 2.128852509814902e-06
1.1819313004278235e-06 2.128852509814902e-06
1.1819313004278235e-06 2.128852509814902e-06
1.1819313004278235e-06 2.128852509814902e-06
1.1819313004278235e-06 2.128852509814902e-06
1.1819313004278235e-06 2.128852509814902e-06
1.1819313004278235e-06 2.128852509814902e-06
1.1819313004278235e-06 2.128852509814902e-06
1.1819313004278235e-06 2.128852509814902e-06
1.1819313004278235e-06 2.128852509814902e-06
1.1819313004278235e-06 2.128852509814902e-06
1.1819313004278235e-06 2.128852509814902e-06
1.1819313004278235e-06 2.128852509814902e-06
1.1819313004278235e-06 2.128852509814902e-06
1.1819313004278235e-06 2.128852509814902e-06
1.1819313004278235e-06 2.128852509814902e-06
1.1819313004278235e-06 2.128852509814902e-06
1.1819313004278235e-06 2.128852509814902e-06
1.1819313004278235e-06 2.128852509814902e-06
1.1819313004278235e-06 2.128852509814902e-06
1.1819313004278235e-06 2.128852509814902e-06
1.1819313004278235e-06 2.128852509814902e-06
1.1819313004278235e-06 2.128852509814902e-06
1.1819313004278235e-06 2.128852509814902e-06
1.1819313004278235e-06 2.128852509814902e-06
1.1819313004278235e-06 2.128852509814902e-06
1.1819313004278235e-06 2.128852509814902e-06
1.1819313004278235e-06 2.128852509814902e-06
1.1819313004278235e-06 2.128852509814902e-06
1.1819313004278235e-06 2.128852509814902e-06
1.1819313004278235e-06 2.128852509814902e-06
1.1819313004278235e-06 2.128852509814902e-06
1.1819313004278235e-06 2.128852509814902e-06
1.1819313004278235e-06 2.128852509814902e-06
1.1819313004278235e-06 2.128852509814902e-06
1.1819313004278235e-06 2.128852509814902e-06
1.1819313004278235e-06 2.128852509814902e-06
1.1819313004278235e-06 2.128852509814902e-06
1.1819313004278235e-06 2.128852509814902e-06
1.1819313004278235e-06 2.128852509814902e-06
1.1819313004278235e-06 2.128852509814902e-06
1.1819313004278235e-06 2.128852509814902e-06
1.1819313004278235e-06 2.128852509814902e-06
1.1819313004278235e-06 2.128852509814902e-06
1.1186003486939264e-06 2.128940789891817e-06
1.1186003486939264e-06 2.128940789891817e-06
1.1186003486939264e-06 2.128940789891817e-06
1.1186003486939264e-06 2.128940789891817e-06
1.1186003486939264e-06 2.128940789891817e-06
1.1186003486939264e-06 2.128940789891817e-06
1.1186003486939264e-06 2.128940789891817e-06
1.1186003486939264e-06 2.128940789891817e-06
1.1186003486939264e-06 2.128940789891817e-06
1.1186003486939264e-06 2.128940789891817e-06
1.1186003486939264e-06 2.128940789891817e-06
1.1186003486939264e-06 2.128940789891817e-06
1.1186003486939264e-06 2.128940789891817e-06
1.1186003486939264e-06 2.128940789891817e-06
1.1186003486939264e-06 2.128940789891817e-06
1.1186003486939264e-06 2.128940789891817e-06
1.1186003486939264e-06 2.128940789891817e-06
1.1186003486939264e-06 2.128940789891817e-06
1.1186003486939264e-06 2.128940789891817e-06
1.1186003486939264e-06 2.128940789891817e-06
1.1186003486939264e-06 2.128940789891817e-06
1.1186003486939264e-06 2.128940789891817e-06
1.1186003486939264e-06 2.128940789891817e-06
1.1186003486939264e-06 2.128940789891817e-06
9.438727305975109e-07 2.1288523704951245e-06
9.438727305975109e-07 2.1288523704951245e-06
9.438727305975109e-07 2.1288523704951245e-06
9.438727305975109e-07 2.1288523704951245e-06
2.4199335812342026e-06 2.1288560618963335e-06
2.4199335812342026e-06 2.1288560618963335e-06
2.4199335812342026e-06 2.1288560618963335e-06
2.4199335812342026e-06 2.1288560618963335e-06
2.4199335812342026e-06 2.1288560618963335e-06
2.4199335812342026e-06 2.1288560618963335e-06
2.4199335812342026e-06 2.1288560618963335e-06
2.4199335812342026e-06 2.1288560618963335e-06
2.4199335812342026e-06 2.1288560618963335e-06
2.4199335812342026e-06 2.1288560618963335e-06
2.4199335812342026e-06 2.1288560618963335e-06
2.4199335812342026e-06 2.1288560618963335e-06
2.4199335812342026e-06 2.1288560618963335e-06
2.4199335812342026e-06 2.1288560618963335e-06
2.4199335812342026e-06 2.1288560618963335e-06
2.4199335812342026e-06 2.1288560618963335e-06
1.2650397446124522e-06 2.1288853301673487e-06
1.2650397446124522e-06 2.1288853301673487e-06
2.101383172741197e-06 2.1289154738044274e-06
2.101383172741197e-06 2.1289154738044274e-06
2.101383172741197e-06 2.1289154738044274e-06
2.101383172741197e-06 2.1289154738044274e-06
2.101383172741197e-06 2.1289154738044274e-06
2.101383172741197e-06 2.1289154738044274e-06
2.101383172741197e-06 2.1289154738044274e-06
2.101383172741197e-06 2.1289154738044274e-06
2.101383172741197e-06 2.1289154738044274e-06
2.101383172741197e-06 2.1289154738044274e-06
2.101383172741197e-06 2.1289154738044274e-06
2.101383172741197e-06 2.1289154738044274e-06
2.101383172741197e-06 2.1289154738044274e-06
2.101383172741197e-06 2.1289154738044274e-06
2.101383172741197e-06 2.1289154738044274e-06
2.101383172741197e-06 2.1289154738044274e-06
7.537933396359028e-06 2.128323365670551e-06
7.537933396359028e-06 2.128323365670551e-06
7.537933396359028e-06 2.128323365670551e-06
7.537933396359028e-06 2.128323365670551e-06
7.537933396359028e-06 2.128323365670551e-06
7.537933396359028e-06 2.128323365670551e-06
7.537933396359028e-06 2.128323365670551e-06
7.537933396359028e-06 2.128323365670551e-06
1.010203067074038e-06 2.128845570437582e-06
1.010203067074038e-06 2.128845570437582e-06
1.010203067074038e-06 2.128845570437582e-06
1.010203067074038e-06 2.128845570437582e-06
1.010203067074038e-06 2.128845570437582e-06
1.010203067074038e-06 2.128845570437582e-06
1.010203067074038e-06 2.128845570437582e-06
1.010203067074038e-06 2.128845570437582e-06
1.010203067074038e-06 2.128845570437582e-06
1.010203067074038e-06 2.128845570437582e-06
1.010203067074038e-06 2.128845570437582e-06
1.010203067074038e-06 2.128845570437582e-06
1.010203067074038e-06 2.128845570437582e-06
1.010203067074038e-06 2.128845570437582e-06
1.010203067074038e-06 2.128845570437582e-06
1.010203067074038e-06 2.128845570437582e-06
1.010203067074038e-06 2.128845570437582e-06
1.010203067074038e-06 2.128845570437582e-06
1.010203067074038e-06 2.128845570437582e-06
1.010203067074038e-06 2.128845570437582e-06
1.010203067074038e-06 2.128845570437582e-06
1.010203067074038e-06 2.128845570437582e-06
1.010203067074038e-06 2.128845570437582e-06
1.010203067074038e-06 2.128845570437582e-06
1.010203067074038e-06 2.128845570437582e-06
1.010203067074038e-06 2.128845570437582e-06
1.010203067074038e-06 2.128845570437582e-06
1.010203067074038e-06 2.128845570437582e-06
1.010203067074038e-06 2.128845570437582e-06
1.010203067074038e-06 2.128845570437582e-06
1.010203067074038e-06 2.128845570437582e-06
1.010203067074038e-06 2.128845570437582e-06
1.010203067074038e-06 2.128845570437582e-06
1.010203067074038e-06 2.128845570437582e-06
1.010203067074038e-06 2.128845570437582e-06
1.010203067074038e-06 2.128845570437582e-06
1.010203067074038e-06 2.128845570437582e-06
1.010203067074038e-06 2.128845570437582e-06
1.010203067074038e-06 2.128845570437582e-06
1.010203067074038e-06 2.128845570437582e-06
1.010203067074038e-06 2.128845570437582e-06
1.010203067074038e-06 2.128845570437582e-06
9.917894027993624e-07 2.128855750361586e-06
9.917894027993624e-07 2.128855750361586e-06
9.917894027993624e-07 2.128855750361586e-06
9.917894027993624e-07 2.128855750361586e-06
9.917894027993624e-07 2.128855750361586e-06
9.917894027993624e-07 2.128855750361586e-06
9.917894027993624e-07 2.128855750361586e-06
9.917894027993624e-07 2.128855750361586e-06
9.917894027993624e-07 2.128855750361586e-06
9.917894027993624e-07 2.128855750361586e-06
9.917894027993624e-07 2.128855750361586e-06
9.917894027993624e-07 2.128855750361586e-06
2.3968787087947457e-06 2.128834571254654e-06
2.3968787087947457e-06 2.128834571254654e-06
2.3968787087947457e-06 2.128834571254654e-06
2.3968787087947457e-06 2.128834571254654e-06
2.3968787087947457e-06 2.128834571254654e-06
2.3968787087947457e-06 2.128834571254654e-06
2.3968787087947457e-06 2.128834571254654e-06
2.3968787087947457e-06 2.128834571254654e-06
2.3968787087947457e-06 2.128834571254654e-06
2.3968787087947457e-06 2.128834571254654e-06
2.3968787087947457e-06 2.128834571254654e-06
2.3968787087947457e-06 2.128834571254654e-06
2.3968787087947457e-06 2.128834571254654e-06
2.3968787087947457e-06 2.128834571254654e-06
2.3968787087947457e-06 2.128834571254654e-06
2.3968787087947457e-06 2.128834571254654e-06
8.988661485577518e-07 2.1288535974592005e-06
8.988661485577518e-07 2.1288535974592005e-06
8.988661485577518e-07 2.1288535974592005e-06
8.988661485577518e-07 2.1288535974592005e-06
1.213165559318181e-06 2.128834641110975e-06
1.213165559318181e-06 2.128834641110975e-06
1.5297591277133995e-06 2.1288482635936254e-06
1.5297591277133995e-06 2.1288482635936254e-06
1.5297591277133995e-06 2.1288482635936254e-06
1.5297591277133995e-06 2.1288482635936254e-06
1.5297591277133995e-06 2.1288482635936254e-06
1.5297591277133995e-06 2.1288482635936254e-06
1.5297591277133995e-06 2.1288482635936254e-06
1.5297591277133995e-06 2.1288482635936254e-06
1.5297591277133995e-06 2.1288482635936254e-06
1.5297591277133995e-06 2.1288482635936254e-06
1.5297591277133995e-06 2.1288482635936254e-06
1.5297591277133995e-06 2.1288482635936254e-06
1.5297591277133995e-06 2.1288482635936254e-06
1.5297591277133995e-06 2.1288482635936254e-06
1.5297591277133995e-06 2.1288482635936254e-06
1.5297591277133995e-06 2.1288482635936254e-06
1.5297591277133995e-06 2.1288482635936254e-06
1.5297591277133995e-06 2.1288482635936254e-06
1.5297591277133995e-06 2.1288482635936254e-06
1.5297591277133995e-06 2.1288482635936254e-06
1.5297591277133995e-06 2.1288482635936254e-06
1.5297591277133995e-06 2.1288482635936254e-06
1.5297591277133995e-06 2.1288482635936254e-06
1.5297591277133995e-06 2.1288482635936254e-06
1.5297591277133995e-06 2.1288482635936254e-06
1.9366047260465316e-06 2.1284983062683032e-06
1.9366047260465316e-06 2.1284983062683032e-06
1.9366047260465316e-06 2.1284983062683032e-06
1.9366047260465316e-06 2.1284983062683032e-06
1.9366047260465316e-06 2.1284983062683032e-06
2.3865065348426543e-06 2.1288540335146675e-06
2.3865065348426543e-06 2.1288540335146675e-06
2.3865065348426543e-06 2.1288540335146675e-06
2.3865065348426543e-06 2.1288540335146675e-06
2.3865065348426543e-06 2.1288540335146675e-06
2.3865065348426543e-06 2.1288540335146675e-06
2.3865065348426543e-06 2.1288540335146675e-06
2.3865065348426543e-06 2.1288540335146675e-06
2.3865065348426543e-06 2.1288540335146675e-06
2.3865065348426543e-06 2.1288540335146675e-06
2.3865065348426543e-06 2.1288540335146675e-06
2.3865065348426543e-06 2.1288540335146675e-06
2.3865065348426543e-06 2.1288540335146675e-06
2.3865065348426543e-06 2.1288540335146675e-06
2.3865065348426543e-06 2.1288540335146675e-06
2.3865065348426543e-06 2.1288540335146675e-06
2.3865065348426543e-06 2.1288540335146675e-06
2.3865065348426543e-06 2.1288540335146675e-06
2.3865065348426543e-06 2.1288540335146675e-06
2.3865065348426543e-06 2.1288540335146675e-06
2.3865065348426543e-06 2.1288540335146675e-06
2.3865065348426543e-06 2.1288540335146675e-06
2.3865065348426543e-06 2.1288540335146675e-06
2.3865065348426543e-06 2.1288540335146675e-06
2.3865065348426543e-06 2.1288540335146675e-06
2.3865065348426543e-06 2.1288540335146675e-06
2.3865065348426543e-06 2.1288540335146675e-06
2.3865065348426543e-06 2.1288540335146675e-06
2.3865065348426543e-06 2.1288540335146675e-06
2.3865065348426543e-06 2.1288540335146675e-06
4.62933512612577e-06 2.12881886785663e-06
4.62933512612577e-06 2.12881886785663e-06
4.62933512612577e-06 2.12881886785663e-06
4.62933512612577e-06 2.12881886785663e-06
4.62933512612577e-06 2.12881886785663e-06
4.62933512612577e-06 2.12881886785663e-06
4.62933512612577e-06 2.12881886785663e-06
4.62933512612577e-06 2.12881886785663e-06
4.62933512612577e-06 2.12881886785663e-06
4.62933512612577e-06 2.12881886785663e-06
4.62933512612577e-06 2.12881886785663e-06
4.62933512612577e-06 2.12881886785663e-06
4.62933512612577e-06 2.12881886785663e-06
4.62933512612577e-06 2.12881886785663e-06
4.62933512612577e-06 2.12881886785663e-06
4.62933512612577e-06 2.12881886785663e-06
1.23436486924738e-06 2.1288592967454146e-06
1.23436486924738e-06 2.1288592967454146e-06
1.23436486924738e-06 2.1288592967454146e-06
1.23436486924738e-06 2.1288592967454146e-06
1.23436486924738e-06 2.1288592967454146e-06
1.23436486924738e-06 2.1288592967454146e-06
1.23436486924738e-06 2.1288592967454146e-06
1.23436486924738e-06 2.1288592967454146e-06
1.23436486924738e-06 2.1288592967454146e-06
1.23436486924738e-06 2.1288592967454146e-06
1.23436486924738e-06 2.1288592967454146e-06
1.23436486924738e-06 2.1288592967454146e-06
1.23436486924738e-06 2.1288592967454146e-06
1.23436486924738e-06 2.1288592967454146e-06
1.23436486924738e-06 2.1288592967454146e-06
1.23436486924738e-06 2.1288592967454146e-06
1.23436486924738e-06 2.1288592967454146e-06
1.23436486924738e-06 2.1288592967454146e-06
1.23436486924738e-06 2.1288592967454146e-06
1.23436486924738e-06 2.1288592967454146e-06
1.23436486924738e-06 2.1288592967454146e-06
1.23436486924738e-06 2.1288592967454146e-06
1.23436486924738e-06 2.1288592967454146e-06
1.23436486924738e-06 2.1288592967454146e-06
1.23436486924738e-06 2.1288592967454146e-06
1.23436486924738e-06 2.1288592967454146e-06
1.23436486924738e-06 2.1288592967454146e-06
1.23436486924738e-06 2.1288592967454146e-06
1.23436486924738e-06 2.1288592967454146e-06
1.23436486924738e-06 2.1288592967454146e-06
1.23436486924738e-06 2.1288592967454146e-06
1.23436486924738e-06 2.1288592967454146e-06
1.23436486924738e-06 2.1288592967454146e-06
1.23436486924738e-06 2.1288592967454146e-06
1.23436486924738e-06 2.1288592967454146e-06
1.23436486924738e-06 2.1288592967454146e-06
1.23436486924738e-06 2.1288592967454146e-06
1.23436486924738e-06 2.1288592967454146e-06
1.23436486924738e-06 2.1288592967454146e-06
1.23436486924738e-06 2.1288592967454146e-06
1.23436486924738e-06 2.1288592967454146e-06
1.23436486924738e-06 2.1288592967454146e-06
1.0007281650108871e-06 2.1289444312248453e-06
1.4113696806072617e-06 2.128634122102211e-06
1.4113696806072617e-06 2.128634122102211e-06
3.6362446632398843e-06 2.1290031981657227e-06
3.6362446632398843e-06 2.1290031981657227e-06
3.6362446632398843e-06 2.1290031981657227e-06
3.6362446632398843e-06 2.1290031981657227e-06
3.6362446632398843e-06 2.1290031981657227e-06
3.6362446632398843e-06 2.1290031981657227e-06
3.6362446632398843e-06 2.1290031981657227e-06
3.6362446632398843e-06 2.1290031981657227e-06
3.6362446632398843e-06 2.1290031981657227e-06
3.6362446632398843e-06 2.1290031981657227e-06
3.6362446632398843e-06 2.1290031981657227e-06
3.6362446632398843e-06 2.1290031981657227e-06
3.6362446632398843e-06 2.1290031981657227e-06
3.6362446632398843e-06 2.1290031981657227e-06
3.6362446632398843e-06 2.1290031981657227e-06
3.6362446632398843e-06 2.1290031981657227e-06
1.3298990817239585e-06 2.128869876125619e-06
1.3298990817239585e-06 2.128869876125619e-06
1.3298990817239585e-06 2.128869876125619e-06
1.3298990817239585e-06 2.128869876125619e-06
1.140773049397744e-06 2.128849885111837e-06
1.140773049397744e-06 2.128849885111837e-06
1.140773049397744e-06 2.128849885111837e-06
1.140773049397744e-06 2.128849885111837e-06
1.140773049397744e-06 2.128849885111837e-06
1.140773049397744e-06 2.128849885111837e-06
1.140773049397744e-06 2.128849885111837e-06
1.140773049397744e-06 2.128849885111837e-06
1.140773049397744e-06 2.128849885111837e-06
1.140773049397744e-06 2.128849885111837e-06
1.140773049397744e-06 2.128849885111837e-06
1.140773049397744e-06 2.128849885111837e-06
1.140773049397744e-06 2.128849885111837e-06
1.140773049397744e-06 2.128849885111837e-06
1.140773049397744e-06 2.128849885111837e-06
1.140773049397744e-06 2.128849885111837e-06
1.140773049397744e-06 2.128849885111837e-06
1.140773049397744e-06 2.128849885111837e-06
1.140773049397744e-06 2.128849885111837e-06
1.140773049397744e-06 2.128849885111837e-06
1.140773049397744e-06 2.128849885111837e-06
1.7001391583294314e-06 2.1290120904073075e-06
1.7001391583294314e-06 2.1290120904073075e-06
1.7001391583294314e-06 2.1290120904073075e-06
1.7001391583294314e-06 2.1290120904073075e-06
1.240134234080558e-06 2.1288738436993114e-06
1.240134234080558e-06 2.1288738436993114e-06
1.240134234080558e-06 2.1288738436993114e-06
1.240134234080558e-06 2.1288738436993114e-06
1.240134234080558e-06 2.1288738436993114e-06
1.240134234080558e-06 2.1288738436993114e-06
1.240134234080558e-06 2.1288738436993114e-06
1.240134234080558e-06 2.1288738436993114e-06
1.240134234080558e-06 2.1288738436993114e-06
1.240134234080558e-06 2.1288738436993114e-06
1.240134234080558e-06 2.1288738436993114e-06
1.240134234080558e-06 2.1288738436993114e-06
1.240134234080558e-06 2.1288738436993114e-06
1.240134234080558e-06 2.1288738436993114e-06
1.240134234080558e-06 2.1288738436993114e-06
1.240134234080558e-06 2.1288738436993114e-06
1.240134234080558e-06 2.1288738436993114e-06
1.240134234080558e-06 2.1288738436993114e-06
1.240134234080558e-06 2.1288738436993114e-06
1.240134234080558e-06 2.1288738436993114e-06
1.240134234080558e-06 2.1288738436993114e-06
1.240134234080558e-06 2.1288738436993114e-06
1.240134234080558e-06 2.1288738436993114e-06
1.240134234080558e-06 2.1288738436993114e-06
1.207541132926004e-06 2.1290023433157197e-06
1.207541132926004e-06 2.1290023433157197e-06
1.207541132926004e-06 2.1290023433157197e-06
1.207541132926004e-06 2.1290023433157197e-06
1.207541132926004e-06 2.1290023433157197e-06
1.207541132926004e-06 2.1290023433157197e-06
1.0951888116722457e-06 2.1288566103239986e-06
1.0951888116722457e-06 2.1288566103239986e-06
1.0951888116722457e-06 2.1288566103239986e-06
1.0951888116722457e-06 2.1288566103239986e-06
1.0951888116722457e-06 2.1288566103239986e-06
1.0951888116722457e-06 2.1288566103239986e-06
1.0951888116722457e-06 2.1288566103239986e-06
1.0951888116722457e-06 2.1288566103239986e-06
1.0951888116722457e-06 2.1288566103239986e-06
1.0951888116722457e-06 2.1288566103239986e-06
1.0951888116722457e-06 2.1288566103239986e-06
1.0951888116722457e-06 2.1288566103239986e-06
1.0951888116722457e-06 2.1288566103239986e-06
1.0951888116722457e-06 2.1288566103239986e-06
1.0951888116722457e-06 2.1288566103239986e-06
1.0951888116722457e-06 2.1288566103239986e-06
1.0951888116722457e-06 2.1288566103239986e-06
1.0951888116722457e-06 2.1288566103239986e-06
1.0951888116722457e-06 2.1288566103239986e-06
1.0951888116722457e-06 2.1288566103239986e-06
1.0951888116722457e-06 2.1288566103239986e-06
1.0951888116722457e-06 2.1288566103239986e-06
1.0951888116722457e-06 2.1288566103239986e-06
1.0951888116722457e-06 2.1288566103239986e-06
1.0951888116722457e-06 2.1288566103239986e-06
1.0951888116722457e-06 2.1288566103239986e-06
1.0951888116722457e-06 2.1288566103239986e-06
1.0951888116722457e-06 2.1288566103239986e-06
1.0951888116722457e-06 2.1288566103239986e-06
1.0951888116722457e-06 2.1288566103239986e-06
1.0951888116722457e-06 2.1288566103239986e-06
1.0951888116722457e-06 2.1288566103239986e-06
1.0951888116722457e-06 2.1288566103239986e-06
1.0951888116722457e-06 2.1288566103239986e-06
1.0951888116722457e-06 2.1288566103239986e-06
1.0951888116722457e-06 2.1288566103239986e-06
1.0951888116722457e-06 2.1288566103239986e-06
1.0951888116722457e-06 2.1288566103239986e-06
1.0951888116722457e-06 2.1288566103239986e-06
1.0951888116722457e-06 2.1288566103239986e-06
1.0951888116722457e-06 2.1288566103239986e-06
1.0951888116722457e-06 2.1288566103239986e-06
2.3935188702047703e-06 2.1291100177983314e-06
2.3935188702047703e-06 2.1291100177983314e-06
2.3935188702047703e-06 2.1291100177983314e-06
2.3935188702047703e-06 2.1291100177983314e-06
2.3935188702047703e-06 2.1291100177983314e-06
2.3935188702047703e-06 2.1291100177983314e-06
2.3935188702047703e-06 2.1291100177983314e-06
2.3935188702047703e-06 2.1291100177983314e-06
2.3935188702047703e-06 2.1291100177983314e-06
2.3935188702047703e-06 2.1291100177983314e-06
8.020947854553055e-07 2.1290120904073075e-06
9.136983911611569e-07 2.12882917062615e-06
9.136983911611569e-07 2.12882917062615e-06
9.136983911611569e-07 2.12882917062615e-06
9.136983911611569e-07 2.12882917062615e-06
4.2277492006058866e-07 2.128850053573831e-06
4.2277492006058866e-07 2.128850053573831e-06
4.2277492006058866e-07 2.128850053573831e-06
4.2277492006058866e-07 2.128850053573831e-06
4.2277492006058866e-07 2.128850053573831e-06
4.2277492006058866e-07 2.128850053573831e-06
4.2277492006058866e-07 2.128850053573831e-06
4.2277492006058866e-07 2.128850053573831e-06
1.8043667691591241e-06 2.1289711844028124e-06
2.768920946474244e-07 2.1288677238115867e-06
2.768920946474244e-07 2.1288677238115867e-06
2.768920946474244e-07 2.1288677238115867e-06
2.768920946474244e-07 2.1288677238115867e-06
2.768920946474244e-07 2.1288677238115867e-06
1.0044352960047057e-06 2.1288548240616183e-06
1.0044352960047057e-06 2.1288548240616183e-06
1.0044352960047057e-06 2.1288548240616183e-06
1.0044352960047057e-06 2.1288548240616183e-06
1.0044352960047057e-06 2.1288548240616183e-06
1.0044352960047057e-06 2.1288548240616183e-06
1.0044352960047057e-06 2.1288548240616183e-06
1.0044352960047057e-06 2.1288548240616183e-06
1.0044352960047057e-06 2.1288548240616183e-06
1.0044352960047057e-06 2.1288548240616183e-06
1.200240953058567e-06 2.1295037744904618e-06
1.200240953058567e-06 2.1295037744904618e-06
1.200240953058567e-06 2.1295037744904618e-06
1.200240953058567e-06 2.1295037744904618e-06
1.200240953058567e-06 2.1295037744904618e-06
1.200240953058567e-06 2.1295037744904618e-06
1.200240953058567e-06 2.1295037744904618e-06
1.200240953058567e-06 2.1295037744904618e-06
1.200240953058567e-06 2.1295037744904618e-06
1.200240953058567e-06 2.1295037744904618e-06
1.7350384230492531e-06 2.1288682802746163e-06
7.181134916942556e-06 2.1291867350279603e-06
7.181134916942556e-06 2.1291867350279603e-06
7.181134916942556e-06 2.1291867350279603e-06
7.181134916942556e-06 2.1291867350279603e-06
7.181134916942556e-06 2.1291867350279603e-06
7.181134916942556e-06 2.1291867350279603e-06
7.181134916942556e-06 2.1291867350279603e-06
7.181134916942556e-06 2.1291867350279603e-06
7.181134916942556e-06 2.1291867350279603e-06
7.181134916942556e-06 2.1291867350279603e-06
7.181134916942556e-06 2.1291867350279603e-06
7.181134916942556e-06 2.1291867350279603e-06
7.181134916942556e-06 2.1291867350279603e-06
7.181134916942556e-06 2.1291867350279603e-06
7.181134916942556e-06 2.1291867350279603e-06
7.181134916942556e-06 2.1291867350279603e-06
7.181134916942556e-06 2.1291867350279603e-06
7.181134916942556e-06 2.1291867350279603e-06
7.181134916942556e-06 2.1291867350279603e-06
7.181134916942556e-06 2.1291867350279603e-06
7.181134916942556e-06 2.1291867350279603e-06
7.181134916942556e-06 2.1291867350279603e-06
7.181134916942556e-06 2.1291867350279603e-06
7.181134916942556e-06 2.1291867350279603e-06
7.181134916942556e-06 2.1291867350279603e-06
7.181134916942556e-06 2.1291867350279603e-06
7.181134916942556e-06 2.1291867350279603e-06
7.181134916942556e-06 2.1291867350279603e-06
7.181134916942556e-06 2.1291867350279603e-06
7.181134916942556e-06 2.1291867350279603e-06
7.181134916942556e-06 2.1291867350279603e-06
7.181134916942556e-06 2.1291867350279603e-06
1.2948409906961579e-06 2.128855492630656e-06
1.2948409906961579e-06 2.128855492630656e-06
1.2948409906961579e-06 2.128855492630656e-06
1.2948409906961579e-06 2.128855492630656e-06
1.2948409906961579e-06 2.128855492630656e-06
1.2948409906961579e-06 2.128855492630656e-06
1.2948409906961579e-06 2.128855492630656e-06
1.2948409906961579e-06 2.128855492630656e-06
1.2948409906961579e-06 2.128855492630656e-06
1.2948409906961579e-06 2.128855492630656e-06
2.3368450911797167e-06 2.1287825095899354e-06
2.3368450911797167e-06 2.1287825095899354e-06
2.3368450911797167e-06 2.1287825095899354e-06
2.3368450911797167e-06 2.1287825095899354e-06
2.3368450911797167e-06 2.1287825095899354e-06
2.3368450911797167e-06 2.1287825095899354e-06
2.3368450911797167e-06 2.1287825095899354e-06
2.3368450911797167e-06 2.1287825095899354e-06
2.3368450911797167e-06 2.1287825095899354e-06
2.3368450911797167e-06 2.1287825095899354e-06
2.3368450911797167e-06 2.1287825095899354e-06
2.3368450911797167e-06 2.1287825095899354e-06
2.3368450911797167e-06 2.1287825095899354e-06
2.3368450911797167e-06 2.1287825095899354e-06
2.3368450911797167e-06 2.1287825095899354e-06
2.3368450911797167e-06 2.1287825095899354e-06
2.3368450911797167e-06 2.1287825095899354e-06
2.3368450911797167e-06 2.1287825095899354e-06
2.3368450911797167e-06 2.1287825095899354e-06
2.3368450911797167e-06 2.1287825095899354e-06
2.3368450911797167e-06 2.1287825095899354e-06
2.3368450911797167e-06 2.1287825095899354e-06
2.3368450911797167e-06 2.1287825095899354e-06
2.3368450911797167e-06 2.1287825095899354e-06
2.3368450911797167e-06 2.1287825095899354e-06
2.3368450911797167e-06 2.1287825095899354e-06
2.3368450911797167e-06 2.1287825095899354e-06
2.3368450911797167e-06 2.1287825095899354e-06
2.3368450911797167e-06 2.1287825095899354e-06
2.3368450911797167e-06 2.1287825095899354e-06
2.3368450911797167e-06 2.1287825095899354e-06
2.3368450911797167e-06 2.1287825095899354e-06
2.3368450911797167e-06 2.1287825095899354e-06
2.3368450911797167e-06 2.1287825095899354e-06
2.3368450911797167e-06 2.1287825095899354e-06
2.3368450911797167e-06 2.1287825095899354e-06
2.3368450911797167e-06 2.1287825095899354e-06
2.3368450911797167e-06 2.1287825095899354e-06
2.3368450911797167e-06 2.1287825095899354e-06
2.3368450911797167e-06 2.1287825095899354e-06
2.3368450911797167e-06 2.1287825095899354e-06
2.3368450911797167e-06 2.1287825095899354e-06
2.3368450911797167e-06 2.1287825095899354e-06
2.3368450911797167e-06 2.1287825095899354e-06
2.3368450911797167e-06 2.1287825095899354e-06
2.3368450911797167e-06 2.1287825095899354e-06
2.3368450911797167e-06 2.1287825095899354e-06
2.3368450911797167e-06 2.1287825095899354e-06
2.3368450911797167e-06 2.1287825095899354e-06
2.3368450911797167e-06 2.1287825095899354e-06
2.3368450911797167e-06 2.1287825095899354e-06
2.3368450911797167e-06 2.1287825095899354e-06
2.3368450911797167e-06 2.1287825095899354e-06
2.3368450911797167e-06 2.1287825095899354e-06
2.3368450911797167e-06 2.1287825095899354e-06
2.3368450911797167e-06 2.1287825095899354e-06
2.3368450911797167e-06 2.1287825095899354e-06
2.3368450911797167e-06 2.1287825095899354e-06
2.3368450911797167e-06 2.1287825095899354e-06
2.3368450911797167e-06 2.1287825095899354e-06
2.3368450911797167e-06 2.1287825095899354e-06
2.3368450911797167e-06 2.1287825095899354e-06
2.3368450911797167e-06 2.1287825095899354e-06
2.3368450911797167e-06 2.1287825095899354e-06
2.3368450911797167e-06 2.1287825095899354e-06
2.3368450911797167e-06 2.1287825095899354e-06
2.3368450911797167e-06 2.1287825095899354e-06
2.3368450911797167e-06 2.1287825095899354e-06
2.3368450911797167e-06 2.1287825095899354e-06
2.3368450911797167e-06 2.1287825095899354e-06
2.3368450911797167e-06 2.1287825095899354e-06
2.3368450911797167e-06 2.1287825095899354e-06
2.3368450911797167e-06 2.1287825095899354e-06
2.3368450911797167e-06 2.1287825095899354e-06
2.3368450911797167e-06 2.1287825095899354e-06
2.3368450911797167e-06 2.1287825095899354e-06
2.3368450911797167e-06 2.1287825095899354e-06
2.3368450911797167e-06 2.1287825095899354e-06
2.3368450911797167e-06 2.1287825095899354e-06
2.3368450911797167e-06 2.1287825095899354e-06
2.3368450911797167e-06 2.1287825095899354e-06
2.3368450911797167e-06 2.1287825095899354e-06
2.3368450911797167e-06 2.1287825095899354e-06
2.3368450911797167e-06 2.1287825095899354e-06
5.500493324894824e-07 2.1288556679581724e-06
5.500493324894824e-07 2.1288556679581724e-06
7.745766049584043e-07 2.128965576907431e-06
7.745766049584043e-07 2.128965576907431e-06
7.745766049584043e-07 2.128965576907431e-06
7.745766049584043e-07 2.128965576907431e-06
7.745766049584043e-07 2.128965576907431e-06
7.745766049584043e-07 2.128965576907431e-06
7.745766049584043e-07 2.128965576907431e-06
7.745766049584043e-07 2.128965576907431e-06
7.745766049584043e-07 2.128965576907431e-06
7.745766049584043e-07 2.128965576907431e-06
7.745766049584043e-07 2.128965576907431e-06
7.745766049584043e-07 2.128965576907431e-06
7.745766049584043e-07 2.128965576907431e-06
7.745766049584043e-07 2.128965576907431e-06
7.745766049584043e-07 2.128965576907431e-06
7.745766049584043e-07 2.128965576907431e-06
7.745766049584043e-07 2.128965576907431e-06
7.745766049584043e-07 2.128965576907431e-06
7.745766049584043e-07 2.128965576907431e-06
7.745766049584043e-07 2.128965576907431e-06
7.745766049584043e-07 2.128965576907431e-06
7.745766049584043e-07 2.128965576907431e-06
7.745766049584043e-07 2.128965576907431e-06
7.745766049584043e-07 2.128965576907431e-06
7.745766049584043e-07 2.128965576907431e-06
7.745766049584043e-07 2.128965576907431e-06
7.745766049584043e-07 2.128965576907431e-06
7.745766049584043e-07 2.128965576907431e-06
7.745766049584043e-07 2.128965576907431e-06
7.745766049584043e-07 2.128965576907431e-06
7.745766049584043e-07 2.128965576907431e-06
7.745766049584043e-07 2.128965576907431e-06
7.745766049584043e-07 2.128965576907431e-06
7.745766049584043e-07 2.128965576907431e-06
7.745766049584043e-07 2.128965576907431e-06
7.745766049584043e-07 2.128965576907431e-06
7.745766049584043e-07 2.128965576907431e-06
7.745766049584043e-07 2.128965576907431e-06
7.745766049584043e-07 2.128965576907431e-06
7.745766049584043e-07 2.128965576907431e-06
7.745766049584043e-07 2.128965576907431e-06
7.745766049584043e-07 2.128965576907431e-06
4.6648401652996193e-07 2.1288570337672424e-06
4.6648401652996193e-07 2.1288570337672424e-06
4.6648401652996193e-07 2.1288570337672424e-06
4.6648401652996193e-07 2.1288570337672424e-06
4.6648401652996193e-07 2.1288570337672424e-06
4.6648401652996193e-07 2.1288570337672424e-06
4.6648401652996193e-07 2.1288570337672424e-06
4.6648401652996193e-07 2.1288570337672424e-06
4.6648401652996193e-07 2.1288570337672424e-06
4.6648401652996193e-07 2.1288570337672424e-06
4.6648401652996193e-07 2.1288570337672424e-06
4.6648401652996193e-07 2.1288570337672424e-06
4.6648401652996193e-07 2.1288570337672424e-06
4.6648401652996193e-07 2.1288570337672424e-06
4.6648401652996193e-07 2.1288570337672424e-06
4.6648401652996193e-07 2.1288570337672424e-06
4.6648401652996193e-07 2.1288570337672424e-06
4.6648401652996193e-07 2.1288570337672424e-06
4.6648401652996193e-07 2.1288570337672424e-06
4.6648401652996193e-07 2.1288570337672424e-06
4.6648401652996193e-07 2.1288570337672424e-06
4.6648401652996193e-07 2.1288570337672424e-06
4.6648401652996193e-07 2.1288570337672424e-06
4.6648401652996193e-07 2.1288570337672424e-06
4.6648401652996193e-07 2.1288570337672424e-06
4.6648401652996193e-07 2.1288570337672424e-06
4.6648401652996193e-07 2.1288570337672424e-06
4.6648401652996193e-07 2.1288570337672424e-06
4.6648401652996193e-07 2.1288570337672424e-06
4.6648401652996193e-07 2.1288570337672424e-06
4.6648401652996193e-07 2.1288570337672424e-06
4.6648401652996193e-07 2.1288570337672424e-06
4.6648401652996193e-07 2.1288570337672424e-06
4.6648401652996193e-07 2.1288570337672424e-06
4.6648401652996193e-07 2.1288570337672424e-06
4.6648401652996193e-07 2.1288570337672424e-06
4.6648401652996193e-07 2.1288570337672424e-06
4.6648401652996193e-07 2.1288570337672424e-06
4.6648401652996193e-07 2.1288570337672424e-06
4.6648401652996193e-07 2.1288570337672424e-06
4.6648401652996193e-07 2.1288570337672424e-06
4.6648401652996193e-07 2.1288570337672424e-06
4.6648401652996193e-07 2.1288570337672424e-06
4.6648401652996193e-07 2.1288570337672424e-06
4.6648401652996193e-07 2.1288570337672424e-06
4.6648401652996193e-07 2.1288570337672424e-06
4.6648401652996193e-07 2.1288570337672424e-06
4.6648401652996193e-07 2.1288570337672424e-06
4.6648401652996193e-07 2.1288570337672424e-06
4.6648401652996193e-07 2.1288570337672424e-06
4.6648401652996193e-07 2.1288570337672424e-06
4.6648401652996193e-07 2.1288570337672424e-06
4.6648401652996193e-07 2.1288570337672424e-06
4.6648401652996193e-07 2.1288570337672424e-06
4.6648401652996193e-07 2.1288570337672424e-06
4.6648401652996193e-07 2.1288570337672424e-06
4.6648401652996193e-07 2.1288570337672424e-06
4.6648401652996193e-07 2.1288570337672424e-06
4.6648401652996193e-07 2.1288570337672424e-06
4.6648401652996193e-07 2.1288570337672424e-06
4.6648401652996193e-07 2.1288570337672424e-06
4.6648401652996193e-07 2.1288570337672424e-06
4.6648401652996193e-07 2.1288570337672424e-06
4.6648401652996193e-07 2.1288570337672424e-06
4.6648401652996193e-07 2.1288570337672424e-06
4.6648401652996193e-07 2.1288570337672424e-06
4.6648401652996193e-07 2.1288570337672424e-06
4.6648401652996193e-07 2.1288570337672424e-06
4.6648401652996193e-07 2.1288570337672424e-06
4.6648401652996193e-07 2.1288570337672424e-06
4.6648401652996193e-07 2.1288570337672424e-06
4.6648401652996193e-07 2.1288570337672424e-06
4.6648401652996193e-07 2.1288570337672424e-06
4.6648401652996193e-07 2.1288570337672424e-06
4.6648401652996193e-07 2.1288570337672424e-06
4.6648401652996193e-07 2.1288570337672424e-06
4.6648401652996193e-07 2.1288570337672424e-06
4.6648401652996193e-07 2.1288570337672424e-06
4.6648401652996193e-07 2.1288570337672424e-06
4.6648401652996193e-07 2.1288570337672424e-06
4.6648401652996193e-07 2.1288570337672424e-06
4.6648401652996193e-07 2.1288570337672424e-06
4.6648401652996193e-07 2.1288570337672424e-06
4.6648401652996193e-07 2.1288570337672424e-06
1.0725964556114327e-06 2.1288427581704533e-06
1.0725964556114327e-06 2.1288427581704533e-06
1.0725964556114327e-06 2.1288427581704533e-06
1.0725964556114327e-06 2.1288427581704533e-06
1.0725964556114327e-06 2.1288427581704533e-06
1.0725964556114327e-06 2.1288427581704533e-06
1.0725964556114327e-06 2.1288427581704533e-06
1.0725964556114327e-06 2.1288427581704533e-06
1.0725964556114327e-06 2.1288427581704533e-06
1.0725964556114327e-06 2.1288427581704533e-06
1.0725964556114327e-06 2.1288427581704533e-06
1.0725964556114327e-06 2.1288427581704533e-06
1.0725964556114327e-06 2.1288427581704533e-06
1.0725964556114327e-06 2.1288427581704533e-06
1.0725964556114327e-06 2.1288427581704533e-06
1.0725964556114327e-06 2.1288427581704533e-06
1.0725964556114327e-06 2.1288427581704533e-06
1.0725964556114327e-06 2.1288427581704533e-06
1.0725964556114327e-06 2.1288427581704533e-06
1.0725964556114327e-06 2.1288427581704533e-06
1.0725964556114327e-06 2.1288427581704533e-06
1.7923840514799308e-06 2.1289674696632153e-06
1.7923840514799308e-06 2.1289674696632153e-06
1.7923840514799308e-06 2.1289674696632153e-06
1.7923840514799308e-06 2.1289674696632153e-06
1.7923840514799308e-06 2.1289674696632153e-06
1.7923840514799308e-06 2.1289674696632153e-06
1.7923840514799308e-06 2.1289674696632153e-06
1.7923840514799308e-06 2.1289674696632153e-06
1.7923840514799308e-06 2.1289674696632153e-06
1.7923840514799308e-06 2.1289674696632153e-06
1.7923840514799308e-06 2.1289674696632153e-06
1.7923840514799308e-06 2.1289674696632153e-06
1.7923840514799308e-06 2.1289674696632153e-06
1.7923840514799308e-06 2.1289674696632153e-06
1.7923840514799308e-06 2.1289674696632153e-06
1.7923840514799308e-06 2.1289674696632153e-06
1.7923840514799308e-06 2.1289674696632153e-06
1.7923840514799308e-06 2.1289674696632153e-06
1.7923840514799308e-06 2.1289674696632153e-06
1.7923840514799308e-06 2.1289674696632153e-06
1.7923840514799308e-06 2.1289674696632153e-06
1.7923840514799308e-06 2.1289674696632153e-06
1.7923840514799308e-06 2.1289674696632153e-06
1.7923840514799308e-06 2.1289674696632153e-06
1.7923840514799308e-06 2.1289674696632153e-06
1.5831051427237894e-06 2.128714960604184e-06
1.5831051427237894e-06 2.128714960604184e-06
4.2277492006058866e-07 2.1288736592252535e-06
4.2277492006058866e-07 2.1288736592252535e-06
4.2277492006058866e-07 2.1288736592252535e-06
4.2277492006058866e-07 2.1288736592252535e-06
4.2277492006058866e-07 2.1288736592252535e-06
4.2277492006058866e-07 2.1288736592252535e-06
4.2277492006058866e-07 2.1288736592252535e-06
4.2277492006058866e-07 2.1288736592252535e-06
4.2277492006058866e-07 2.1288736592252535e-06
4.2277492006058866e-07 2.1288736592252535e-06
2.82527073779252e-06 2.1282949068613003e-06
2.82527073779252e-06 2.1282949068613003e-06
6.716820819996201e-07 2.128882607512049e-06
6.716820819996201e-07 2.128882607512049e-06
6.716820819996201e-07 2.128882607512049e-06
6.716820819996201e-07 2.128882607512049e-06
6.716820819996201e-07 2.128882607512049e-06
6.716820819996201e-07 2.128882607512049e-06
6.716820819996201e-07 2.128882607512049e-06
6.716820819996201e-07 2.128882607512049e-06
6.716820819996201e-07 2.128882607512049e-06
6.716820819996201e-07 2.128882607512049e-06
6.716820819996201e-07 2.128882607512049e-06
6.716820819996201e-07 2.128882607512049e-06
6.716820819996201e-07 2.128882607512049e-06
6.716820819996201e-07 2.128882607512049e-06
6.716820819996201e-07 2.128882607512049e-06
6.716820819996201e-07 2.128882607512049e-06
6.716820819996201e-07 2.128882607512049e-06
6.716820819996201e-07 2.128882607512049e-06
6.716820819996201e-07 2.128882607512049e-06
6.716820819996201e-07 2.128882607512049e-06
6.716820819996201e-07 2.128882607512049e-06
5.088984543088797e-07 2.128956036402552e-06
5.088984543088797e-07 2.128956036402552e-06
5.088984543088797e-07 2.128956036402552e-06
2.6456409267619232e-06 2.128815704209986e-06
2.6456409267619232e-06 2.128815704209986e-06
2.6456409267619232e-06 2.128815704209986e-06
2.6456409267619232e-06 2.128815704209986e-06
2.6456409267619232e-06 2.128815704209986e-06
2.82527073779252e-06 2.1292155666922582e-06
2.82527073779252e-06 2.1292155666922582e-06
2.82527073779252e-06 2.1292155666922582e-06
2.234024699003083e-06 2.128944813058941e-06
2.234024699003083e-06 2.128944813058941e-06
2.234024699003083e-06 2.128944813058941e-06
2.234024699003083e-06 2.128944813058941e-06
2.234024699003083e-06 2.128944813058941e-06
2.0135383841871517e-06 2.1289024328152696e-06
2.0135383841871517e-06 2.1289024328152696e-06
2.0135383841871517e-06 2.1289024328152696e-06
2.0135383841871517e-06 2.1289024328152696e-06
2.0135383841871517e-06 2.1289024328152696e-06
2.0135383841871517e-06 2.1289024328152696e-06
2.0135383841871517e-06 2.1289024328152696e-06
2.0135383841871517e-06 2.1289024328152696e-06
1.0614309564261937e-06 2.128863676375208e-06
1.0614309564261937e-06 2.128863676375208e-06
1.0614309564261937e-06 2.128863676375208e-06
1.0614309564261937e-06 2.128863676375208e-06
1.0614309564261937e-06 2.128863676375208e-06
1.0614309564261937e-06 2.128863676375208e-06
1.0614309564261937e-06 2.128863676375208e-06
1.0614309564261937e-06 2.128863676375208e-06
1.0614309564261937e-06 2.128863676375208e-06
1.0614309564261937e-06 2.128863676375208e-06
1.0614309564261937e-06 2.128863676375208e-06
1.0614309564261937e-06 2.128863676375208e-06
1.0614309564261937e-06 2.128863676375208e-06
1.0614309564261937e-06 2.128863676375208e-06
1.0614309564261937e-06 2.128863676375208e-06
1.0614309564261937e-06 2.128863676375208e-06
1.0614309564261937e-06 2.128863676375208e-06
1.0614309564261937e-06 2.128863676375208e-06
1.200240953058567e-06 2.128399758949351e-06
1.200240953058567e-06 2.128399758949351e-06
1.200240953058567e-06 2.128399758949351e-06
1.200240953058567e-06 2.128399758949351e-06
1.200240953058567e-06 2.128399758949351e-06
1.200240953058567e-06 2.128399758949351e-06
1.200240953058567e-06 2.128399758949351e-06
1.200240953058567e-06 2.128399758949351e-06
1.200240953058567e-06 2.128399758949351e-06
1.200240953058567e-06 2.128399758949351e-06
1.200240953058567e-06 2.128399758949351e-06
1.200240953058567e-06 2.128399758949351e-06
1.200240953058567e-06 2.128399758949351e-06
1.200240953058567e-06 2.128399758949351e-06
1.200240953058567e-06 2.128399758949351e-06
1.933538217264473e-06 2.1288666047114624e-06
1.933538217264473e-06 2.1288666047114624e-06
1.933538217264473e-06 2.1288666047114624e-06
1.933538217264473e-06 2.1288666047114624e-06
1.933538217264473e-06 2.1288666047114624e-06
1.933538217264473e-06 2.1288666047114624e-06
1.933538217264473e-06 2.1288666047114624e-06
1.933538217264473e-06 2.1288666047114624e-06
1.7923840514799308e-06 2.128905639045257e-06
1.7923840514799308e-06 2.128905639045257e-06
1.7923840514799308e-06 2.128905639045257e-06
1.7923840514799308e-06 2.128905639045257e-06
1.7923840514799308e-06 2.128905639045257e-06
1.7923840514799308e-06 2.128905639045257e-06
1.7923840514799308e-06 2.128905639045257e-06
1.7923840514799308e-06 2.128905639045257e-06
1.7923840514799308e-06 2.128905639045257e-06
1.7923840514799308e-06 2.128905639045257e-06
1.7923840514799308e-06 2.128905639045257e-06
1.7923840514799308e-06 2.128905639045257e-06
1.7923840514799308e-06 2.128905639045257e-06
1.7923840514799308e-06 2.128905639045257e-06
1.7923840514799308e-06 2.128905639045257e-06
1.7923840514799308e-06 2.128905639045257e-06
1.7923840514799308e-06 2.128905639045257e-06
1.7923840514799308e-06 2.128905639045257e-06
1.7923840514799308e-06 2.128905639045257e-06
1.7923840514799308e-06 2.128905639045257e-06
1.5806509955933014e-06 2.128898398502409e-06
1.5806509955933014e-06 2.128898398502409e-06
1.5806509955933014e-06 2.128898398502409e-06
1.5806509955933014e-06 2.128898398502409e-06
1.5806509955933014e-06 2.128898398502409e-06
1.5806509955933014e-06 2.128898398502409e-06
1.5806509955933014e-06 2.128898398502409e-06
1.5806509955933014e-06 2.128898398502409e-06
1.5806509955933014e-06 2.128898398502409e-06
1.5806509955933014e-06 2.128898398502409e-06
1.5806509955933014e-06 2.128898398502409e-06
1.5806509955933014e-06 2.128898398502409e-06
1.5806509955933014e-06 2.128898398502409e-06
1.5806509955933014e-06 2.128898398502409e-06
1.5806509955933014e-06 2.128898398502409e-06
1.5806509955933014e-06 2.128898398502409e-06
1.5806509955933014e-06 2.128898398502409e-06
1.5806509955933014e-06 2.128898398502409e-06
1.5806509955933014e-06 2.128898398502409e-06
1.5806509955933014e-06 2.128898398502409e-06
1.5806509955933014e-06 2.128898398502409e-06
1.5806509955933014e-06 2.128898398502409e-06
1.5806509955933014e-06 2.128898398502409e-06
1.5806509955933014e-06 2.128898398502409e-06
1.5806509955933014e-06 2.128898398502409e-06
1.5806509955933014e-06 2.128898398502409e-06
1.5806509955933014e-06 2.128898398502409e-06
1.5806509955933014e-06 2.128898398502409e-06
1.5806509955933014e-06 2.128898398502409e-06
1.5806509955933014e-06 2.128898398502409e-06
1.5806509955933014e-06 2.128898398502409e-06
1.5806509955933014e-06 2.128898398502409e-06
1.5806509955933014e-06 2.128898398502409e-06
1.5806509955933014e-06 2.128898398502409e-06
1.5806509955933014e-06 2.128898398502409e-06
1.5806509955933014e-06 2.128898398502409e-06
1.5806509955933014e-06 2.128898398502409e-06
1.5806509955933014e-06 2.128898398502409e-06
1.5806509955933014e-06 2.128898398502409e-06
1.5806509955933014e-06 2.128898398502409e-06
1.5806509955933014e-06 2.128898398502409e-06
1.5806509955933014e-06 2.128898398502409e-06
7.751315697139214e-07 2.1288216265251136e-06
7.751315697139214e-07 2.1288216265251136e-06
7.751315697139214e-07 2.1288216265251136e-06
7.751315697139214e-07 2.1288216265251136e-06
7.751315697139214e-07 2.1288216265251136e-06
7.751315697139214e-07 2.1288216265251136e-06
1.2950095040727602e-06 2.12897078793934e-06
1.2950095040727602e-06 2.12897078793934e-06
1.2950095040727602e-06 2.12897078793934e-06
1.2950095040727602e-06 2.12897078793934e-06
1.2950095040727602e-06 2.12897078793934e-06
1.2950095040727602e-06 2.12897078793934e-06
1.2950095040727602e-06 2.12897078793934e-06
1.2950095040727602e-06 2.12897078793934e-06
1.2950095040727602e-06 2.12897078793934e-06
1.2950095040727602e-06 2.12897078793934e-06
1.2950095040727602e-06 2.12897078793934e-06
1.2950095040727602e-06 2.12897078793934e-06
1.2950095040727602e-06 2.12897078793934e-06
1.2950095040727602e-06 2.12897078793934e-06
1.2950095040727602e-06 2.12897078793934e-06
9.059584536926427e-07 2.1288305593004323e-06
9.059584536926427e-07 2.1288305593004323e-06
9.463451986184418e-07 2.128849632599052e-06
9.463451986184418e-07 2.128849632599052e-06
7.745766049584043e-07 2.1288260418966007e-06
7.745766049584043e-07 2.1288260418966007e-06
7.745766049584043e-07 2.1288260418966007e-06
7.745766049584043e-07 2.1288260418966007e-06
7.745766049584043e-07 2.1288260418966007e-06
7.745766049584043e-07 2.1288260418966007e-06
7.745766049584043e-07 2.1288260418966007e-06
7.745766049584043e-07 2.1288260418966007e-06
7.745766049584043e-07 2.1288260418966007e-06
7.745766049584043e-07 2.1288260418966007e-06
7.745766049584043e-07 2.1288260418966007e-06
7.745766049584043e-07 2.1288260418966007e-06
7.745766049584043e-07 2.1288260418966007e-06
7.745766049584043e-07 2.1288260418966007e-06
7.745766049584043e-07 2.1288260418966007e-06
7.745766049584043e-07 2.1288260418966007e-06
7.745766049584043e-07 2.1288260418966007e-06
7.745766049584043e-07 2.1288260418966007e-06
7.745766049584043e-07 2.1288260418966007e-06
7.745766049584043e-07 2.1288260418966007e-06
7.745766049584043e-07 2.1288260418966007e-06
7.745766049584043e-07 2.1288260418966007e-06
7.745766049584043e-07 2.1288260418966007e-06
7.745766049584043e-07 2.1288260418966007e-06
7.745766049584043e-07 2.1288260418966007e-06
7.745766049584043e-07 2.1288260418966007e-06
7.745766049584043e-07 2.1288260418966007e-06
7.745766049584043e-07 2.1288260418966007e-06
7.745766049584043e-07 2.1288260418966007e-06
7.745766049584043e-07 2.1288260418966007e-06
7.745766049584043e-07 2.1288260418966007e-06
7.745766049584043e-07 2.1288260418966007e-06
7.745766049584043e-07 2.1288260418966007e-06
7.745766049584043e-07 2.1288260418966007e-06
7.745766049584043e-07 2.1288260418966007e-06
7.745766049584043e-07 2.1288260418966007e-06
7.745766049584043e-07 2.1288260418966007e-06
7.745766049584043e-07 2.1288260418966007e-06
7.745766049584043e-07 2.1288260418966007e-06
7.745766049584043e-07 2.1288260418966007e-06
7.745766049584043e-07 2.1288260418966007e-06
7.745766049584043e-07 2.1288260418966007e-06
7.745766049584043e-07 2.1288260418966007e-06
7.745766049584043e-07 2.1288260418966007e-06
7.745766049584043e-07 2.1288260418966007e-06
7.745766049584043e-07 2.1288260418966007e-06
7.745766049584043e-07 2.1288260418966007e-06
7.745766049584043e-07 2.1288260418966007e-06
7.745766049584043e-07 2.1288260418966007e-06
7.745766049584043e-07 2.1288260418966007e-06
7.745766049584043e-07 2.1288260418966007e-06
7.745766049584043e-07 2.1288260418966007e-06
7.745766049584043e-07 2.1288260418966007e-06
7.745766049584043e-07 2.1288260418966007e-06
7.745766049584043e-07 2.1288260418966007e-06
7.745766049584043e-07 2.1288260418966007e-06
7.745766049584043e-07 2.1288260418966007e-06
7.745766049584043e-07 2.1288260418966007e-06
7.745766049584043e-07 2.1288260418966007e-06
7.745766049584043e-07 2.1288260418966007e-06
7.745766049584043e-07 2.1288260418966007e-06
7.745766049584043e-07 2.1288260418966007e-06
7.745766049584043e-07 2.1288260418966007e-06
4.916671976572929e-06 2.128881996023204e-06
4.916671976572929e-06 2.128881996023204e-06
4.916671976572929e-06 2.128881996023204e-06
4.916671976572929e-06 2.128881996023204e-06
4.916671976572929e-06 2.128881996023204e-06
4.916671976572929e-06 2.128881996023204e-06
4.916671976572929e-06 2.128881996023204e-06
4.916671976572929e-06 2.128881996023204e-06
4.916671976572929e-06 2.128881996023204e-06
4.916671976572929e-06 2.128881996023204e-06
3.193312362886926e-07 2.1288844950809944e-06
3.193312362886926e-07 2.1288844950809944e-06
3.193312362886926e-07 2.1288844950809944e-06
3.193312362886926e-07 2.1288844950809944e-06
3.193312362886926e-07 2.1288844950809944e-06
3.193312362886926e-07 2.1288844950809944e-06
3.193312362886926e-07 2.1288844950809944e-06
3.193312362886926e-07 2.1288844950809944e-06
3.193312362886926e-07 2.1288844950809944e-06
3.193312362886926e-07 2.1288844950809944e-06
3.193312362886926e-07 2.1288844950809944e-06
3.193312362886926e-07 2.1288844950809944e-06
3.193312362886926e-07 2.1288844950809944e-06
3.193312362886926e-07 2.1288844950809944e-06
3.193312362886926e-07 2.1288844950809944e-06
2.1276791498438956e-06 2.128743841089348e-06
2.1276791498438956e-06 2.128743841089348e-06
2.1276791498438956e-06 2.128743841089348e-06
2.1276791498438956e-06 2.128743841089348e-06
2.1276791498438956e-06 2.128743841089348e-06
2.1276791498438956e-06 2.128743841089348e-06
2.1276791498438956e-06 2.128743841089348e-06
2.1276791498438956e-06 2.128743841089348e-06
2.1276791498438956e-06 2.128743841089348e-06
2.1276791498438956e-06 2.128743841089348e-06
2.1276791498438956e-06 2.128743841089348e-06
2.1276791498438956e-06 2.128743841089348e-06
2.1276791498438956e-06 2.128743841089348e-06
2.1276791498438956e-06 2.128743841089348e-06
2.1276791498438956e-06 2.128743841089348e-06
2.1276791498438956e-06 2.128743841089348e-06
2.1276791498438956e-06 2.128743841089348e-06
2.1276791498438956e-06 2.128743841089348e-06
2.1276791498438956e-06 2.128743841089348e-06
2.1276791498438956e-06 2.128743841089348e-06
2.1276791498438956e-06 2.128743841089348e-06
2.1276791498438956e-06 2.128743841089348e-06
2.1276791498438956e-06 2.128743841089348e-06
2.1276791498438956e-06 2.128743841089348e-06
2.1276791498438956e-06 2.128743841089348e-06
2.1276791498438956e-06 2.128743841089348e-06
2.1276791498438956e-06 2.128743841089348e-06
2.1276791498438956e-06 2.128743841089348e-06
2.1276791498438956e-06 2.128743841089348e-06
2.1276791498438956e-06 2.128743841089348e-06
2.1276791498438956e-06 2.128743841089348e-06
2.1276791498438956e-06 2.128743841089348e-06
2.1276791498438956e-06 2.128743841089348e-06
2.1276791498438956e-06 2.128743841089348e-06
2.1276791498438956e-06 2.128743841089348e-06
2.1276791498438956e-06 2.128743841089348e-06
2.1276791498438956e-06 2.128743841089348e-06
2.1276791498438956e-06 2.128743841089348e-06
2.1276791498438956e-06 2.128743841089348e-06
2.1276791498438956e-06 2.128743841089348e-06
2.1276791498438956e-06 2.12877919423874e-06
2.1276791498438956e-06 2.12877919423874e-06
2.1276791498438956e-06 2.12877919423874e-06
2.1276791498438956e-06 2.12877919423874e-06
2.1276791498438956e-06 2.12877919423874e-06
2.1276791498438956e-06 2.12877919423874e-06
2.1276791498438956e-06 2.12877919423874e-06
2.1276791498438956e-06 2.12877919423874e-06
2.1276791498438956e-06 2.12877919423874e-06
2.1276791498438956e-06 2.12877919423874e-06
2.1276791498438956e-06 2.12877919423874e-06
2.1276791498438956e-06 2.12877919423874e-06
2.1276791498438956e-06 2.12877919423874e-06
2.1276791498438956e-06 2.12877919423874e-06
2.1276791498438956e-06 2.12877919423874e-06
2.1276791498438956e-06 2.12877919423874e-06
2.1276791498438956e-06 2.12877919423874e-06
2.1276791498438956e-06 2.12877919423874e-06
2.1276791498438956e-06 2.12877919423874e-06
2.1276791498438956e-06 2.12877919423874e-06
2.1276791498438956e-06 2.12877919423874e-06
2.1276791498438956e-06 2.12877919423874e-06
2.1276791498438956e-06 2.12877919423874e-06
2.1276791498438956e-06 2.12877919423874e-06
2.1276791498438956e-06 2.12877919423874e-06
2.1276791498438956e-06 2.12877919423874e-06
2.1276791498438956e-06 2.12877919423874e-06
2.1276791498438956e-06 2.12877919423874e-06
2.1276791498438956e-06 2.12877919423874e-06
2.1276791498438956e-06 2.12877919423874e-06
2.1276791498438956e-06 2.12877919423874e-06
2.1276791498438956e-06 2.12877919423874e-06
2.2716961641304696e-06 2.128882735514507e-06
2.2716961641304696e-06 2.128882735514507e-06
2.2716961641304696e-06 2.128882735514507e-06
2.2716961641304696e-06 2.128882735514507e-06
2.2716961641304696e-06 2.128882735514507e-06
2.2716961641304696e-06 2.128882735514507e-06
2.2716961641304696e-06 2.128882735514507e-06
2.2716961641304696e-06 2.128882735514507e-06
2.2716961641304696e-06 2.128882735514507e-06
2.2716961641304696e-06 2.128882735514507e-06
2.2716961641304696e-06 2.128882735514507e-06
2.2716961641304696e-06 2.128882735514507e-06
2.2716961641304696e-06 2.128882735514507e-06
2.2716961641304696e-06 2.128882735514507e-06
2.2716961641304696e-06 2.128882735514507e-06
2.2716961641304696e-06 2.128882735514507e-06
2.2716961641304696e-06 2.128882735514507e-06
2.2716961641304696e-06 2.128882735514507e-06
2.2716961641304696e-06 2.128882735514507e-06
2.2716961641304696e-06 2.128882735514507e-06
2.2716961641304696e-06 2.128882735514507e-06
9.391496248278591e-07 2.128839844335449e-06
9.391496248278591e-07 2.128839844335449e-06
1.8930730837478028e-06 2.1288766828617666e-06
1.8930730837478028e-06 2.1288766828617666e-06
1.8930730837478028e-06 2.1288766828617666e-06
1.8930730837478028e-06 2.1288766828617666e-06
1.8930730837478028e-06 2.1288766828617666e-06
1.8930730837478028e-06 2.1288766828617666e-06
1.8930730837478028e-06 2.1288766828617666e-06
1.8930730837478028e-06 2.1288766828617666e-06
1.8930730837478028e-06 2.1288766828617666e-06
1.8930730837478028e-06 2.1288766828617666e-06
1.8930730837478028e-06 2.1288766828617666e-06
1.8930730837478028e-06 2.1288766828617666e-06
1.8930730837478028e-06 2.1288766828617666e-06
1.8930730837478028e-06 2.1288766828617666e-06
1.8930730837478028e-06 2.1288766828617666e-06
1.8930730837478028e-06 2.1288766828617666e-06
1.8930730837478028e-06 2.1288766828617666e-06
1.8930730837478028e-06 2.1288766828617666e-06
1.8930730837478028e-06 2.1288766828617666e-06
1.8930730837478028e-06 2.1288766828617666e-06
1.8930730837478028e-06 2.1288766828617666e-06
1.8930730837478028e-06 2.1288766828617666e-06
1.8930730837478028e-06 2.1288766828617666e-06
1.8930730837478028e-06 2.1288766828617666e-06
1.8930730837478028e-06 2.1288766828617666e-06
1.8930730837478028e-06 2.1288766828617666e-06
1.8930730837478028e-06 2.1288766828617666e-06
1.8930730837478028e-06 2.1288766828617666e-06
1.8930730837478028e-06 2.1288766828617666e-06
1.8930730837478028e-06 2.1288766828617666e-06
1.8930730837478028e-06 2.1288766828617666e-06
1.8930730837478028e-06 2.1288766828617666e-06
1.8930730837478028e-06 2.1288766828617666e-06
1.8930730837478028e-06 2.1288766828617666e-06
1.8930730837478028e-06 2.1288766828617666e-06
1.8930730837478028e-06 2.1288766828617666e-06
1.8930730837478028e-06 2.1288766828617666e-06
1.8930730837478028e-06 2.1288766828617666e-06
1.8930730837478028e-06 2.1288766828617666e-06
1.8930730837478028e-06 2.1288766828617666e-06
1.8930730837478028e-06 2.1288766828617666e-06
1.8930730837478028e-06 2.1288766828617666e-06
5.087801046843348e-07 2.1289135746475727e-06
5.087801046843348e-07 2.1289135746475727e-06
6.943760820389507e-06 2.1292557789751602e-06
6.943760820389507e-06 2.1292557789751602e-06
6.943760820389507e-06 2.1292557789751602e-06
6.943760820389507e-06 2.1292557789751602e-06
6.943760820389507e-06 2.1292557789751602e-06
6.943760820389507e-06 2.1292557789751602e-06
6.943760820389507e-06 2.1292557789751602e-06
6.943760820389507e-06 2.1292557789751602e-06
6.943760820389507e-06 2.1292557789751602e-06
6.943760820389507e-06 2.1292557789751602e-06
6.943760820389507e-06 2.1292557789751602e-06
6.943760820389507e-06 2.1292557789751602e-06
6.943760820389507e-06 2.1292557789751602e-06
6.943760820389507e-06 2.1292557789751602e-06
6.943760820389507e-06 2.1292557789751602e-06
6.943760820389507e-06 2.1292557789751602e-06
6.943760820389507e-06 2.1292557789751602e-06
6.943760820389507e-06 2.1292557789751602e-06
6.943760820389507e-06 2.1292557789751602e-06
6.943760820389507e-06 2.1292557789751602e-06
8.923758261456543e-07 2.128568040943064e-06
8.923758261456543e-07 2.128568040943064e-06
1.1186003486939264e-06 2.1291528537778463e-06
1.1186003486939264e-06 2.1291528537778463e-06
1.1186003486939264e-06 2.1291528537778463e-06
1.1186003486939264e-06 2.1291528537778463e-06
1.1186003486939264e-06 2.1291528537778463e-06
1.1186003486939264e-06 2.1291528537778463e-06
1.1186003486939264e-06 2.1291528537778463e-06
1.1186003486939264e-06 2.1291528537778463e-06
1.1186003486939264e-06 2.1291528537778463e-06
1.1186003486939264e-06 2.1291528537778463e-06
1.1186003486939264e-06 2.1291528537778463e-06
1.1186003486939264e-06 2.1291528537778463e-06
1.1186003486939264e-06 2.1291528537778463e-06
1.1186003486939264e-06 2.1291528537778463e-06
1.1186003486939264e-06 2.1291528537778463e-06
1.1186003486939264e-06 2.1291528537778463e-06
4.6648401652996193e-07 2.1288517341568244e-06
4.6648401652996193e-07 2.1288517341568244e-06
4.6648401652996193e-07 2.1288517341568244e-06
4.6648401652996193e-07 2.1288517341568244e-06
4.6648401652996193e-07 2.1288517341568244e-06
4.6648401652996193e-07 2.1288517341568244e-06
4.6648401652996193e-07 2.1288517341568244e-06
4.6648401652996193e-07 2.1288517341568244e-06
4.6648401652996193e-07 2.1288517341568244e-06
4.6648401652996193e-07 2.1288517341568244e-06
4.6648401652996193e-07 2.1288517341568244e-06
4.6648401652996193e-07 2.1288517341568244e-06
4.6648401652996193e-07 2.1288517341568244e-06
4.6648401652996193e-07 2.1288517341568244e-06
4.6648401652996193e-07 2.1288517341568244e-06
4.6648401652996193e-07 2.1288517341568244e-06
4.6648401652996193e-07 2.1288517341568244e-06
4.6648401652996193e-07 2.1288517341568244e-06
4.6648401652996193e-07 2.1288517341568244e-06
4.6648401652996193e-07 2.1288517341568244e-06
4.6648401652996193e-07 2.1288517341568244e-06
4.6648401652996193e-07 2.1288517341568244e-06
4.6648401652996193e-07 2.1288517341568244e-06
4.6648401652996193e-07 2.1288517341568244e-06
4.6648401652996193e-07 2.1288517341568244e-06
4.6648401652996193e-07 2.1288517341568244e-06
4.6648401652996193e-07 2.1288517341568244e-06
4.6648401652996193e-07 2.1288517341568244e-06
4.6648401652996193e-07 2.1288517341568244e-06
4.6648401652996193e-07 2.1288517341568244e-06
4.6648401652996193e-07 2.1288517341568244e-06
4.6648401652996193e-07 2.1288517341568244e-06
4.6648401652996193e-07 2.1288517341568244e-06
4.6648401652996193e-07 2.1288517341568244e-06
4.6648401652996193e-07 2.1288517341568244e-06
4.6648401652996193e-07 2.1288517341568244e-06
4.6648401652996193e-07 2.1288517341568244e-06
4.6648401652996193e-07 2.1288517341568244e-06
4.6648401652996193e-07 2.1288517341568244e-06
4.6648401652996193e-07 2.1288517341568244e-06
4.6648401652996193e-07 2.1288517341568244e-06
4.6648401652996193e-07 2.1288517341568244e-06
4.6648401652996193e-07 2.1288517341568244e-06
4.6648401652996193e-07 2.1288517341568244e-06
4.6648401652996193e-07 2.1288517341568244e-06
4.6648401652996193e-07 2.1288517341568244e-06
4.6648401652996193e-07 2.1288517341568244e-06
4.6648401652996193e-07 2.1288517341568244e-06
4.6648401652996193e-07 2.1288517341568244e-06
4.6648401652996193e-07 2.1288517341568244e-06
4.6648401652996193e-07 2.1288517341568244e-06
4.6648401652996193e-07 2.1288517341568244e-06
4.6648401652996193e-07 2.1288517341568244e-06
4.6648401652996193e-07 2.1288517341568244e-06
4.6648401652996193e-07 2.1288517341568244e-06
4.6648401652996193e-07 2.1288517341568244e-06
4.6648401652996193e-07 2.1288517341568244e-06
4.6648401652996193e-07 2.1288517341568244e-06
4.6648401652996193e-07 2.1288517341568244e-06
4.6648401652996193e-07 2.1288517341568244e-06
4.6648401652996193e-07 2.1288517341568244e-06
4.6648401652996193e-07 2.1288517341568244e-06
4.6648401652996193e-07 2.1288517341568244e-06
4.6648401652996193e-07 2.1288517341568244e-06
4.6648401652996193e-07 2.1288517341568244e-06
4.6648401652996193e-07 2.1288517341568244e-06
4.6648401652996193e-07 2.1288517341568244e-06
4.6648401652996193e-07 2.1288517341568244e-06
4.6648401652996193e-07 2.1288517341568244e-06
4.6648401652996193e-07 2.1288517341568244e-06
4.6648401652996193e-07 2.1288517341568244e-06
4.6648401652996193e-07 2.1288517341568244e-06
4.6648401652996193e-07 2.1288517341568244e-06
4.6648401652996193e-07 2.1288517341568244e-06
4.6648401652996193e-07 2.1288517341568244e-06
4.6648401652996193e-07 2.1288517341568244e-06
4.6648401652996193e-07 2.1288517341568244e-06
4.6648401652996193e-07 2.1288517341568244e-06
4.6648401652996193e-07 2.1288517341568244e-06
4.6648401652996193e-07 2.1288517341568244e-06
4.6648401652996193e-07 2.1288517341568244e-06
4.6648401652996193e-07 2.1288517341568244e-06
4.6648401652996193e-07 2.1288517341568244e-06
4.6648401652996193e-07 2.1288517341568244e-06
4.6648401652996193e-07 2.1288517341568244e-06
4.6648401652996193e-07 2.1288517341568244e-06
4.6648401652996193e-07 2.1288517341568244e-06
4.6648401652996193e-07 2.1288517341568244e-06
4.6648401652996193e-07 2.1288517341568244e-06
4.6648401652996193e-07 2.1288517341568244e-06
4.6648401652996193e-07 2.1288517341568244e-06
4.6648401652996193e-07 2.1288517341568244e-06
4.6648401652996193e-07 2.1288517341568244e-06
4.6648401652996193e-07 2.1288517341568244e-06
4.6648401652996193e-07 2.1288517341568244e-06
4.6648401652996193e-07 2.1288517341568244e-06
4.6648401652996193e-07 2.1288517341568244e-06
4.6648401652996193e-07 2.1288517341568244e-06
4.6648401652996193e-07 2.1288517341568244e-06
4.6648401652996193e-07 2.1288517341568244e-06
4.6648401652996193e-07 2.1288517341568244e-06
4.6648401652996193e-07 2.1288517341568244e-06
4.6648401652996193e-07 2.1288517341568244e-06
4.6648401652996193e-07 2.1288517341568244e-06
4.6648401652996193e-07 2.1288517341568244e-06
7.354650109636671e-07 2.1287722993693973e-06
7.354650109636671e-07 2.1287722993693973e-06
7.354650109636671e-07 2.1287722993693973e-06
2.941332283426992e-06 2.1288784751904414e-06
2.941332283426992e-06 2.1288784751904414e-06
2.941332283426992e-06 2.1288784751904414e-06
2.941332283426992e-06 2.1288784751904414e-06
2.941332283426992e-06 2.1288784751904414e-06
2.941332283426992e-06 2.1288784751904414e-06
2.941332283426992e-06 2.1288784751904414e-06
2.941332283426992e-06 2.1288784751904414e-06
9.925124814792583e-07 2.128860471167518e-06
9.925124814792583e-07 2.128860471167518e-06
9.925124814792583e-07 2.128860471167518e-06
9.925124814792583e-07 2.128860471167518e-06
9.925124814792583e-07 2.128860471167518e-06
9.925124814792583e-07 2.128860471167518e-06
9.925124814792583e-07 2.128860471167518e-06
9.925124814792583e-07 2.128860471167518e-06
9.925124814792583e-07 2.128860471167518e-06
9.925124814792583e-07 2.128860471167518e-06
9.925124814792583e-07 2.128860471167518e-06
9.925124814792583e-07 2.128860471167518e-06
9.925124814792583e-07 2.128860471167518e-06
9.925124814792583e-07 2.128860471167518e-06
9.925124814792583e-07 2.128860471167518e-06
9.925124814792583e-07 2.128860471167518e-06
9.925124814792583e-07 2.128860471167518e-06
9.925124814792583e-07 2.128860471167518e-06
9.925124814792583e-07 2.128860471167518e-06
9.925124814792583e-07 2.128860471167518e-06
9.925124814792583e-07 2.128860471167518e-06
9.925124814792583e-07 2.128860471167518e-06
9.925124814792583e-07 2.128860471167518e-06
9.925124814792583e-07 2.128860471167518e-06
9.925124814792583e-07 2.128860471167518e-06
9.925124814792583e-07 2.128860471167518e-06
9.925124814792583e-07 2.128860471167518e-06
9.925124814792583e-07 2.128860471167518e-06
9.925124814792583e-07 2.128860471167518e-06
9.925124814792583e-07 2.128860471167518e-06
9.925124814792583e-07 2.128860471167518e-06
9.925124814792583e-07 2.128860471167518e-06
9.925124814792583e-07 2.128860471167518e-06
9.925124814792583e-07 2.128860471167518e-06
9.925124814792583e-07 2.128860471167518e-06
9.925124814792583e-07 2.128860471167518e-06
9.925124814792583e-07 2.128860471167518e-06
9.925124814792583e-07 2.128860471167518e-06
9.925124814792583e-07 2.128860471167518e-06
9.925124814792583e-07 2.128860471167518e-06
9.925124814792583e-07 2.128860471167518e-06
9.925124814792583e-07 2.128860471167518e-06
2.1463567109973815e-06 2.1289020930270732e-06
2.1463567109973815e-06 2.1289020930270732e-06
2.1463567109973815e-06 2.1289020930270732e-06
2.1463567109973815e-06 2.1289020930270732e-06
2.1463567109973815e-06 2.1289020930270732e-06
2.1463567109973815e-06 2.1289020930270732e-06
2.1463567109973815e-06 2.1289020930270732e-06
2.1463567109973815e-06 2.1289020930270732e-06
2.1463567109973815e-06 2.1289020930270732e-06
2.1463567109973815e-06 2.1289020930270732e-06
1.0972077203588376e-06 2.128861115605905e-06
1.0972077203588376e-06 2.128861115605905e-06
1.0972077203588376e-06 2.128861115605905e-06
1.0972077203588376e-06 2.128861115605905e-06
1.0972077203588376e-06 2.128861115605905e-06
1.0972077203588376e-06 2.128861115605905e-06
8.988474823359948e-07 2.1288491928318854e-06
8.988474823359948e-07 2.1288491928318854e-06
8.988474823359948e-07 2.1288491928318854e-06
8.988474823359948e-07 2.1288491928318854e-06
8.988474823359948e-07 2.1288491928318854e-06
8.988474823359948e-07 2.1288491928318854e-06
9.467329072139797e-07 2.128836925320186e-06
9.467329072139797e-07 2.128836925320186e-06
9.467329072139797e-07 2.128836925320186e-06
9.467329072139797e-07 2.128836925320186e-06
7.751315697139214e-07 2.128837646420118e-06
7.751315697139214e-07 2.128837646420118e-06
7.751315697139214e-07 2.128837646420118e-06
7.751315697139214e-07 2.128837646420118e-06
1.4376375866912314e-06 2.1288778792878844e-06
1.4376375866912314e-06 2.1288778792878844e-06