1.1867186449284954e-06 4.327336586503034e-06
1.1246446907461222e-06 4.32733883543651e-06
1.5271848937917582e-06 4.327336750000662e-06
1.221712121039455e-06 4.327336469423774e-06
1.487605646663742e-06 4.327338975477848e-06
1.412344685813638e-06 4.327338977309816e-06
1.1418680312457228e-06 4.327335708524624e-06
8.839738938251046e-07 4.327336855770128e-06
1.1867186449284954e-06 4.327336935962086e-06
1.1867186449284954e-06 4.327336935962086e-06
1.5044787709509597e-06 4.3273386680229505e-06
1.0585865100736558e-06 4.327336877744059e-06
1.4341742517743391e-06 4.327337500396872e-06
1.0213894253497335e-06 4.327336965399237e-06
1.2171680646574858e-06 4.3273378300222815e-06
1.632355564205301e-06 4.327340684288006e-06
1.3409168281590641e-06 4.3273355451670964e-06
1.9600090914531287e-06 4.327335035940234e-06
1.0585865100736558e-06 4.327336877744059e-06
1.4341742517743391e-06 4.327335904990816e-06
2.129997027641089e-06 4.327336894364138e-06
2.2316907675256303e-06 4.327335215712734e-06
1.9785976720816273e-06 4.327336452191678e-06
9.593421393630605e-07 4.327339378286481e-06
1.0362519210938954e-06 4.327334323815145e-06
9.963766326726679e-07 4.327335470695609e-06
1.2364007112075668e-06 4.327338493428388e-06
1.1867186449284954e-06 4.327336187024543e-06
1.1867186449284954e-06 4.327336187024543e-06
1.0213894253497335e-06 4.3273378654456466e-06
1.6264217295177048e-06 4.3273383335012835e-06
1.4785640990796872e-06 4.327336723002427e-06
1.5044787709509597e-06 4.327338419594776e-06
1.5002646910280349e-06 4.327336178187777e-06
1.9785976720816273e-06 4.327337153112378e-06
1.2364007112075668e-06 4.3273380547726705e-06
2.242046217652442e-06 4.327335524122219e-06
2.242046217652442e-06 4.327335524122219e-06
3.401298900357725e-06 4.327331546969627e-06
3.401298900357725e-06 4.327331546969627e-06
9.869372217189326e-07 4.327335315073014e-06
1.2039364608213943e-06 4.327335531079321e-06
1.6899762352316747e-06 4.327335725959577e-06
1.6899762352316747e-06 4.327335725959577e-06
1.6899762352316747e-06 4.327335725959577e-06
1.6899762352316747e-06 4.327335725959577e-06
1.6899762352316747e-06 4.327335725959577e-06
1.6899762352316747e-06 4.327335725959577e-06
1.6899762352316747e-06 4.327335725959577e-06
1.9785976720816273e-06 4.327337153112378e-06