1.8228753607362564e-06 1.9776041345321526e-06
1.8228753607362564e-06 1.9776041345321526e-06
1.8228753607362564e-06 1.9776041345321526e-06
1.8228753607362564e-06 1.9776041345321526e-06
1.8228753607362564e-06 1.9776041345321526e-06
1.8228753607362564e-06 1.9776041345321526e-06
1.8228753607362564e-06 1.9776041345321526e-06
1.8228753607362564e-06 1.9776041345321526e-06
1.8228753607362564e-06 1.9776041345321526e-06
1.8228753607362564e-06 1.9776041345321526e-06
1.8228753607362564e-06 1.9776041345321526e-06
1.8228753607362564e-06 1.9776041345321526e-06
1.8228753607362564e-06 1.9776041345321526e-06
1.941295962208904e-06 1.9776179629481023e-06
1.941295962208904e-06 1.9776179629481023e-06
1.941295962208904e-06 1.9776179629481023e-06
1.941295962208904e-06 1.9776179629481023e-06
1.941295962208904e-06 1.9776179629481023e-06
1.941295962208904e-06 1.9776179629481023e-06
1.941295962208904e-06 1.9776179629481023e-06
1.8685115898288126e-06 1.9776055140865276e-06
1.8685115898288126e-06 1.9776055140865276e-06
1.8685115898288126e-06 1.9776055140865276e-06
1.8685115898288126e-06 1.9776055140865276e-06
1.8685115898288126e-06 1.9776055140865276e-06
1.8685115898288126e-06 1.9776055140865276e-06
1.8685115898288126e-06 1.9776055140865276e-06
1.8773608925383053e-06 1.9776061475840456e-06
1.8773608925383053e-06 1.9776061475840456e-06
1.8773608925383053e-06 1.9776061475840456e-06
1.8773608925383053e-06 1.9776061475840456e-06
1.8773608925383053e-06 1.9776061475840456e-06
1.8773608925383053e-06 1.9776061475840456e-06
1.8773608925383053e-06 1.9776061475840456e-06
1.7977093180894525e-06 1.9775935883081078e-06
1.7977093180894525e-06 1.9775935883081078e-06
1.7977093180894525e-06 1.9775935883081078e-06
1.7977093180894525e-06 1.9775935883081078e-06
1.7977093180894525e-06 1.9775935883081078e-06
1.7977093180894525e-06 1.9775935883081078e-06
1.7977093180894525e-06 1.9775935883081078e-06
1.7977093180894525e-06 1.9775935883081078e-06
1.7977093180894525e-06 1.9775935883081078e-06
1.821692675595821e-06 1.977602444818581e-06
1.821692675595821e-06 1.977602444818581e-06
1.821692675595821e-06 1.977602444818581e-06
1.821692675595821e-06 1.977602444818581e-06
1.821692675595821e-06 1.977602444818581e-06
1.821692675595821e-06 1.977602444818581e-06
1.821692675595821e-06 1.977602444818581e-06
1.821692675595821e-06 1.977602444818581e-06
1.821692675595821e-06 1.977602444818581e-06
1.821692675595821e-06 1.977602444818581e-06
1.821692675595821e-06 1.977602444818581e-06
1.821692675595821e-06 1.977602444818581e-06
1.821692675595821e-06 1.977602444818581e-06
1.8249382152277406e-06 1.977598183635626e-06
1.8249382152277406e-06 1.977598183635626e-06
1.8249382152277406e-06 1.977598183635626e-06
1.8249382152277406e-06 1.977598183635626e-06
1.8249382152277406e-06 1.977598183635626e-06
1.8249382152277406e-06 1.977598183635626e-06
1.8249382152277406e-06 1.977598183635626e-06
1.8249382152277406e-06 1.977598183635626e-06
1.8249382152277406e-06 1.977598183635626e-06
1.8249382152277406e-06 1.977598183635626e-06
1.8249382152277406e-06 1.977598183635626e-06
1.8249382152277406e-06 1.977598183635626e-06
1.8249382152277406e-06 1.977598183635626e-06
1.8760882399512133e-06 1.9775989367137615e-06
1.8760882399512133e-06 1.9775989367137615e-06
1.8760882399512133e-06 1.9775989367137615e-06
1.8760882399512133e-06 1.9775989367137615e-06
1.8760882399512133e-06 1.9775989367137615e-06
1.8760882399512133e-06 1.9775989367137615e-06
1.8760882399512133e-06 1.9775989367137615e-06
1.8482020640016056e-06 1.9775984555745246e-06
1.8482020640016056e-06 1.9775984555745246e-06
1.8482020640016056e-06 1.9775984555745246e-06
1.8482020640016056e-06 1.9775984555745246e-06
1.8482020640016056e-06 1.9775984555745246e-06
1.8482020640016056e-06 1.9775984555745246e-06
1.8482020640016056e-06 1.9775984555745246e-06
1.8482020640016056e-06 1.9775984555745246e-06
1.8482020640016056e-06 1.9775984555745246e-06
1.8482020640016056e-06 1.9775984555745246e-06
1.8482020640016056e-06 1.9775984555745246e-06
1.8482020640016056e-06 1.9775984555745246e-06
1.8482020640016056e-06 1.9775984555745246e-06
1.8722879468499118e-06 1.977595700811675e-06
1.8722879468499118e-06 1.977595700811675e-06
1.8722879468499118e-06 1.977595700811675e-06
1.8722879468499118e-06 1.977595700811675e-06
1.8722879468499118e-06 1.977595700811675e-06
1.8722879468499118e-06 1.977595700811675e-06
1.8722879468499118e-06 1.977595700811675e-06
1.8784299002584835e-06 1.977600987721516e-06
1.8784299002584835e-06 1.977600987721516e-06
1.8784299002584835e-06 1.977600987721516e-06
1.8784299002584835e-06 1.977600987721516e-06
1.8784299002584835e-06 1.977600987721516e-06
1.8784299002584835e-06 1.977600987721516e-06
1.8784299002584835e-06 1.977600987721516e-06
1.8816237202872985e-06 1.9776051209143016e-06
1.8816237202872985e-06 1.9776051209143016e-06
1.8816237202872985e-06 1.9776051209143016e-06
1.8816237202872985e-06 1.9776051209143016e-06
1.8816237202872985e-06 1.9776051209143016e-06
1.8816237202872985e-06 1.9776051209143016e-06
1.8816237202872985e-06 1.9776051209143016e-06
1.8268796897670097e-06 1.9776070001671534e-06
1.8268796897670097e-06 1.9776070001671534e-06
1.8268796897670097e-06 1.9776070001671534e-06
1.8268796897670097e-06 1.9776070001671534e-06
1.8268796897670097e-06 1.9776070001671534e-06
1.8268796897670097e-06 1.9776070001671534e-06
1.8268796897670097e-06 1.9776070001671534e-06
1.8268796897670097e-06 1.9776070001671534e-06
1.8268796897670097e-06 1.9776070001671534e-06
1.8268796897670097e-06 1.9776070001671534e-06
1.8268796897670097e-06 1.9776070001671534e-06
1.8268796897670097e-06 1.9776070001671534e-06
1.8268796897670097e-06 1.9776070001671534e-06
1.8763881768131563e-06 1.977600836678924e-06
1.8763881768131563e-06 1.977600836678924e-06
1.8763881768131563e-06 1.977600836678924e-06
1.8763881768131563e-06 1.977600836678924e-06
1.8763881768131563e-06 1.977600836678924e-06
1.8763881768131563e-06 1.977600836678924e-06
1.8763881768131563e-06 1.977600836678924e-06
1.8659772977564366e-06 1.9776028904254554e-06
1.8659772977564366e-06 1.9776028904254554e-06
1.8659772977564366e-06 1.9776028904254554e-06
1.8659772977564366e-06 1.9776028904254554e-06
1.8659772977564366e-06 1.9776028904254554e-06
1.8659772977564366e-06 1.9776028904254554e-06
1.8659772977564366e-06 1.9776028904254554e-06
1.8129722958486409e-06 1.9775978537339414e-06
1.8129722958486409e-06 1.9775978537339414e-06
1.8129722958486409e-06 1.9775978537339414e-06
1.8129722958486409e-06 1.9775978537339414e-06
1.8129722958486409e-06 1.9775978537339414e-06
1.8129722958486409e-06 1.9775978537339414e-06
1.8129722958486409e-06 1.9775978537339414e-06
1.8129722958486409e-06 1.9775978537339414e-06
1.8129722958486409e-06 1.9775978537339414e-06
1.8129722958486409e-06 1.9775978537339414e-06
1.8129722958486409e-06 1.9775978537339414e-06
1.8129722958486409e-06 1.9775978537339414e-06
1.8129722958486409e-06 1.9775978537339414e-06
1.8220883071298098e-06 1.9775972387829967e-06
1.8220883071298098e-06 1.9775972387829967e-06
1.8220883071298098e-06 1.9775972387829967e-06
1.8220883071298098e-06 1.9775972387829967e-06
1.8220883071298098e-06 1.9775972387829967e-06
1.8220883071298098e-06 1.9775972387829967e-06
1.8220883071298098e-06 1.9775972387829967e-06
1.8220883071298098e-06 1.9775972387829967e-06
1.8220883071298098e-06 1.9775972387829967e-06
1.8220883071298098e-06 1.9775972387829967e-06
1.8220883071298098e-06 1.9775972387829967e-06
1.8220883071298098e-06 1.9775972387829967e-06
1.8220883071298098e-06 1.9775972387829967e-06
1.8658940147468337e-06 1.977596501018202e-06
1.8658940147468337e-06 1.977596501018202e-06
1.8658940147468337e-06 1.977596501018202e-06
1.8658940147468337e-06 1.977596501018202e-06
1.8658940147468337e-06 1.977596501018202e-06
1.8658940147468337e-06 1.977596501018202e-06
1.8658940147468337e-06 1.977596501018202e-06
1.8004834135081114e-06 1.9776059324224114e-06
1.8004834135081114e-06 1.9776059324224114e-06
1.8004834135081114e-06 1.9776059324224114e-06
1.8004834135081114e-06 1.9776059324224114e-06
1.8004834135081114e-06 1.9776059324224114e-06
1.8004834135081114e-06 1.9776059324224114e-06
1.8004834135081114e-06 1.9776059324224114e-06
1.8004834135081114e-06 1.9776059324224114e-06
1.8004834135081114e-06 1.9776059324224114e-06
1.8004834135081114e-06 1.9776059324224114e-06
1.8004834135081114e-06 1.9776059324224114e-06
1.8004834135081114e-06 1.9776059324224114e-06
1.8004834135081114e-06 1.9776059324224114e-06
1.8004834135081114e-06 1.9776059324224114e-06
1.8004834135081114e-06 1.9776059324224114e-06
1.8004834135081114e-06 1.9776059324224114e-06
1.8004834135081114e-06 1.9776059324224114e-06
1.8004834135081114e-06 1.9776059324224114e-06
1.8174951286938221e-06 1.977604413602922e-06
1.8174951286938221e-06 1.977604413602922e-06
1.8174951286938221e-06 1.977604413602922e-06
1.8174951286938221e-06 1.977604413602922e-06
1.8174951286938221e-06 1.977604413602922e-06
1.8174951286938221e-06 1.977604413602922e-06
1.8174951286938221e-06 1.977604413602922e-06
1.8174951286938221e-06 1.977604413602922e-06
1.8174951286938221e-06 1.977604413602922e-06
1.8174951286938221e-06 1.977604413602922e-06
1.8174951286938221e-06 1.977604413602922e-06
1.8174951286938221e-06 1.977604413602922e-06
1.8174951286938221e-06 1.977604413602922e-06
1.926553968244737e-06 1.977652928774423e-06
1.926553968244737e-06 1.977652928774423e-06
1.926553968244737e-06 1.977652928774423e-06
1.926553968244737e-06 1.977652928774423e-06
1.926553968244737e-06 1.977652928774423e-06
1.926553968244737e-06 1.977652928774423e-06
1.926553968244737e-06 1.977652928774423e-06
1.926553968244737e-06 1.977652928774423e-06
1.926553968244737e-06 1.977652928774423e-06
1.926553968244737e-06 1.977652928774423e-06
1.926553968244737e-06 1.977652928774423e-06
1.926553968244737e-06 1.977652928774423e-06
1.926553968244737e-06 1.977652928774423e-06
1.926553968244737e-06 1.977652928774423e-06
1.926553968244737e-06 1.977652928774423e-06
1.926553968244737e-06 1.977652928774423e-06
1.926553968244737e-06 1.977652928774423e-06
1.926553968244737e-06 1.977652928774423e-06
1.926553968244737e-06 1.977652928774423e-06
1.926553968244737e-06 1.977652928774423e-06
1.926553968244737e-06 1.977652928774423e-06
1.926553968244737e-06 1.977652928774423e-06
1.926553968244737e-06 1.977652928774423e-06
1.926553968244737e-06 1.977652928774423e-06
1.926553968244737e-06 1.977652928774423e-06
1.926553968244737e-06 1.977652928774423e-06
1.8147496720476267e-06 1.9776118928600974e-06
1.8147496720476267e-06 1.9776118928600974e-06
1.8147496720476267e-06 1.9776118928600974e-06
1.8147496720476267e-06 1.9776118928600974e-06
1.8147496720476267e-06 1.9776118928600974e-06
1.8147496720476267e-06 1.9776118928600974e-06
1.8147496720476267e-06 1.9776118928600974e-06
1.8147496720476267e-06 1.9776118928600974e-06
1.8147496720476267e-06 1.9776118928600974e-06
1.8147496720476267e-06 1.9776118928600974e-06
1.8147496720476267e-06 1.9776118928600974e-06
1.8147496720476267e-06 1.9776118928600974e-06
1.8147496720476267e-06 1.9776118928600974e-06
1.9125676802995293e-06 1.977598924796452e-06
1.9125676802995293e-06 1.977598924796452e-06
1.9125676802995293e-06 1.977598924796452e-06
1.9125676802995293e-06 1.977598924796452e-06
1.9125676802995293e-06 1.977598924796452e-06
1.9125676802995293e-06 1.977598924796452e-06
1.9125676802995293e-06 1.977598924796452e-06
1.8729685522522409e-06 1.977605199253533e-06
1.8729685522522409e-06 1.977605199253533e-06
1.8729685522522409e-06 1.977605199253533e-06
1.8729685522522409e-06 1.977605199253533e-06
1.8729685522522409e-06 1.977605199253533e-06
1.8729685522522409e-06 1.977605199253533e-06
1.8729685522522409e-06 1.977605199253533e-06
1.9272151586266816e-06 1.9776436221264146e-06
1.9272151586266816e-06 1.9776436221264146e-06
1.9272151586266816e-06 1.9776436221264146e-06
1.9272151586266816e-06 1.9776436221264146e-06
1.9272151586266816e-06 1.9776436221264146e-06
1.9272151586266816e-06 1.9776436221264146e-06
1.9272151586266816e-06 1.9776436221264146e-06
1.9272151586266816e-06 1.9776436221264146e-06
1.9272151586266816e-06 1.9776436221264146e-06
1.9272151586266816e-06 1.9776436221264146e-06
1.9272151586266816e-06 1.9776436221264146e-06
1.9272151586266816e-06 1.9776436221264146e-06
1.9272151586266816e-06 1.9776436221264146e-06
1.7964357192262306e-06 1.9776112410240756e-06
1.7964357192262306e-06 1.9776112410240756e-06
1.7964357192262306e-06 1.9776112410240756e-06
1.7964357192262306e-06 1.9776112410240756e-06
1.7964357192262306e-06 1.9776112410240756e-06
1.7964357192262306e-06 1.9776112410240756e-06
1.7964357192262306e-06 1.9776112410240756e-06
1.7964357192262306e-06 1.9776112410240756e-06
1.7964357192262306e-06 1.9776112410240756e-06
1.829921519989108e-06 1.9776167212429586e-06
1.829921519989108e-06 1.9776167212429586e-06
1.829921519989108e-06 1.9776167212429586e-06
1.829921519989108e-06 1.9776167212429586e-06
1.829921519989108e-06 1.9776167212429586e-06
1.829921519989108e-06 1.9776167212429586e-06
1.829921519989108e-06 1.9776167212429586e-06
1.829921519989108e-06 1.9776167212429586e-06
1.829921519989108e-06 1.9776167212429586e-06
1.829921519989108e-06 1.9776167212429586e-06
1.829921519989108e-06 1.9776167212429586e-06
1.829921519989108e-06 1.9776167212429586e-06
1.829921519989108e-06 1.9776167212429586e-06
1.829921519989108e-06 1.9776167212429586e-06
1.829921519989108e-06 1.9776167212429586e-06
1.829921519989108e-06 1.9776167212429586e-06
1.829921519989108e-06 1.9776167212429586e-06
1.829921519989108e-06 1.9776167212429586e-06
1.8134843421102282e-06 1.9775929717971596e-06
1.8134843421102282e-06 1.9775929717971596e-06
1.8134843421102282e-06 1.9775929717971596e-06
1.8134843421102282e-06 1.9775929717971596e-06
1.8134843421102282e-06 1.9775929717971596e-06
1.8134843421102282e-06 1.9775929717971596e-06
1.8134843421102282e-06 1.9775929717971596e-06
1.8134843421102282e-06 1.9775929717971596e-06
1.8134843421102282e-06 1.9775929717971596e-06
1.8134843421102282e-06 1.9775929717971596e-06
1.8134843421102282e-06 1.9775929717971596e-06
1.8134843421102282e-06 1.9775929717971596e-06
1.8134843421102282e-06 1.9775929717971596e-06
1.8228977972977864e-06 1.977604833678127e-06
1.8228977972977864e-06 1.977604833678127e-06
1.8228977972977864e-06 1.977604833678127e-06
1.8228977972977864e-06 1.977604833678127e-06
1.8228977972977864e-06 1.977604833678127e-06
1.8228977972977864e-06 1.977604833678127e-06
1.8228977972977864e-06 1.977604833678127e-06
1.8228977972977864e-06 1.977604833678127e-06
1.8228977972977864e-06 1.977604833678127e-06
1.8228977972977864e-06 1.977604833678127e-06
1.8228977972977864e-06 1.977604833678127e-06
1.8228977972977864e-06 1.977604833678127e-06
1.8228977972977864e-06 1.977604833678127e-06
1.881694982189194e-06 1.9776020874345618e-06
1.881694982189194e-06 1.9776020874345618e-06
1.881694982189194e-06 1.9776020874345618e-06
1.881694982189194e-06 1.9776020874345618e-06
1.881694982189194e-06 1.9776020874345618e-06
1.881694982189194e-06 1.9776020874345618e-06
1.881694982189194e-06 1.9776020874345618e-06
1.816953108150267e-06 1.977599559903508e-06
1.816953108150267e-06 1.977599559903508e-06
1.816953108150267e-06 1.977599559903508e-06
1.816953108150267e-06 1.977599559903508e-06
1.816953108150267e-06 1.977599559903508e-06
1.816953108150267e-06 1.977599559903508e-06
1.816953108150267e-06 1.977599559903508e-06
1.816953108150267e-06 1.977599559903508e-06
1.816953108150267e-06 1.977599559903508e-06
1.816953108150267e-06 1.977599559903508e-06
1.816953108150267e-06 1.977599559903508e-06
1.816953108150267e-06 1.977599559903508e-06
1.816953108150267e-06 1.977599559903508e-06
1.828158364866324e-06 1.977602139343856e-06
1.828158364866324e-06 1.977602139343856e-06
1.828158364866324e-06 1.977602139343856e-06
1.828158364866324e-06 1.977602139343856e-06
1.828158364866324e-06 1.977602139343856e-06
1.828158364866324e-06 1.977602139343856e-06
1.828158364866324e-06 1.977602139343856e-06
1.828158364866324e-06 1.977602139343856e-06
1.828158364866324e-06 1.977602139343856e-06
1.828158364866324e-06 1.977602139343856e-06
1.828158364866324e-06 1.977602139343856e-06
1.828158364866324e-06 1.977602139343856e-06
1.828158364866324e-06 1.977602139343856e-06
1.8255376524688244e-06 1.9775990090179025e-06
1.8255376524688244e-06 1.9775990090179025e-06
1.8255376524688244e-06 1.9775990090179025e-06
1.8255376524688244e-06 1.9775990090179025e-06
1.8255376524688244e-06 1.9775990090179025e-06
1.8255376524688244e-06 1.9775990090179025e-06
1.8255376524688244e-06 1.9775990090179025e-06
1.8255376524688244e-06 1.9775990090179025e-06
1.8255376524688244e-06 1.9775990090179025e-06
1.8255376524688244e-06 1.9775990090179025e-06
1.8255376524688244e-06 1.9775990090179025e-06
1.8255376524688244e-06 1.9775990090179025e-06
1.8255376524688244e-06 1.9775990090179025e-06
1.8264513549879705e-06 1.977602140193416e-06
1.8264513549879705e-06 1.977602140193416e-06
1.8264513549879705e-06 1.977602140193416e-06
1.8264513549879705e-06 1.977602140193416e-06
1.8264513549879705e-06 1.977602140193416e-06
1.8264513549879705e-06 1.977602140193416e-06
1.8264513549879705e-06 1.977602140193416e-06
1.8264513549879705e-06 1.977602140193416e-06
1.8264513549879705e-06 1.977602140193416e-06
1.8264513549879705e-06 1.977602140193416e-06
1.8264513549879705e-06 1.977602140193416e-06
1.8264513549879705e-06 1.977602140193416e-06
1.8264513549879705e-06 1.977602140193416e-06
1.9522179494585433e-06 1.9776447748783904e-06
1.9522179494585433e-06 1.9776447748783904e-06
1.9522179494585433e-06 1.9776447748783904e-06
1.9522179494585433e-06 1.9776447748783904e-06
1.9522179494585433e-06 1.9776447748783904e-06
1.9522179494585433e-06 1.9776447748783904e-06
1.9522179494585433e-06 1.9776447748783904e-06
1.8820368422872934e-06 1.9776034936308064e-06
1.8820368422872934e-06 1.9776034936308064e-06
1.8820368422872934e-06 1.9776034936308064e-06
1.8820368422872934e-06 1.9776034936308064e-06
1.8820368422872934e-06 1.9776034936308064e-06
1.8820368422872934e-06 1.9776034936308064e-06
1.8820368422872934e-06 1.9776034936308064e-06
1.9503881342554363e-06 1.9775730435806327e-06
1.9503881342554363e-06 1.9775730435806327e-06
1.9503881342554363e-06 1.9775730435806327e-06
1.9503881342554363e-06 1.9775730435806327e-06
1.9503881342554363e-06 1.9775730435806327e-06
1.9503881342554363e-06 1.9775730435806327e-06
1.9503881342554363e-06 1.9775730435806327e-06
1.9503881342554363e-06 1.9775730435806327e-06
1.9503881342554363e-06 1.9775730435806327e-06
1.9503881342554363e-06 1.9775730435806327e-06
1.9503881342554363e-06 1.9775730435806327e-06
1.9503881342554363e-06 1.9775730435806327e-06
1.9503881342554363e-06 1.9775730435806327e-06
1.9503881342554363e-06 1.9775730435806327e-06
1.8722835300485983e-06 1.9775967697901127e-06
1.8722835300485983e-06 1.9775967697901127e-06
1.8722835300485983e-06 1.9775967697901127e-06
1.8722835300485983e-06 1.9775967697901127e-06
1.8722835300485983e-06 1.9775967697901127e-06
1.8722835300485983e-06 1.9775967697901127e-06
1.8722835300485983e-06 1.9775967697901127e-06
1.944815194158934e-06 1.9775753549770166e-06
1.944815194158934e-06 1.9775753549770166e-06
1.944815194158934e-06 1.9775753549770166e-06
1.944815194158934e-06 1.9775753549770166e-06
1.944815194158934e-06 1.9775753549770166e-06
1.944815194158934e-06 1.9775753549770166e-06
1.944815194158934e-06 1.9775753549770166e-06
1.8224866700812913e-06 1.9776047872525603e-06
1.8224866700812913e-06 1.9776047872525603e-06
1.8224866700812913e-06 1.9776047872525603e-06
1.8224866700812913e-06 1.9776047872525603e-06
1.8224866700812913e-06 1.9776047872525603e-06
1.8224866700812913e-06 1.9776047872525603e-06
1.8224866700812913e-06 1.9776047872525603e-06
1.8224866700812913e-06 1.9776047872525603e-06
1.8224866700812913e-06 1.9776047872525603e-06
1.8224866700812913e-06 1.9776047872525603e-06
1.8224866700812913e-06 1.9776047872525603e-06
1.8224866700812913e-06 1.9776047872525603e-06
1.8224866700812913e-06 1.9776047872525603e-06
1.8814234094978373e-06 1.9775973021656035e-06
1.8814234094978373e-06 1.9775973021656035e-06
1.8814234094978373e-06 1.9775973021656035e-06
1.8814234094978373e-06 1.9775973021656035e-06
1.8814234094978373e-06 1.9775973021656035e-06
1.8814234094978373e-06 1.9775973021656035e-06
1.8814234094978373e-06 1.9775973021656035e-06
1.8771711068603055e-06 1.977607268258561e-06
1.8771711068603055e-06 1.977607268258561e-06
1.8771711068603055e-06 1.977607268258561e-06
1.8771711068603055e-06 1.977607268258561e-06
1.8771711068603055e-06 1.977607268258561e-06
1.8771711068603055e-06 1.977607268258561e-06
1.8771711068603055e-06 1.977607268258561e-06
1.8278126123822062e-06 1.9776096807437384e-06
1.8278126123822062e-06 1.9776096807437384e-06
1.8278126123822062e-06 1.9776096807437384e-06
1.8278126123822062e-06 1.9776096807437384e-06
1.8278126123822062e-06 1.9776096807437384e-06
1.8278126123822062e-06 1.9776096807437384e-06
1.8278126123822062e-06 1.9776096807437384e-06
1.8278126123822062e-06 1.9776096807437384e-06
1.8278126123822062e-06 1.9776096807437384e-06
1.8278126123822062e-06 1.9776096807437384e-06
1.8278126123822062e-06 1.9776096807437384e-06
1.8278126123822062e-06 1.9776096807437384e-06
1.8278126123822062e-06 1.9776096807437384e-06
1.8822445768435174e-06 1.9775944810077564e-06
1.8822445768435174e-06 1.9775944810077564e-06
1.8822445768435174e-06 1.9775944810077564e-06
1.8822445768435174e-06 1.9775944810077564e-06
1.8822445768435174e-06 1.9775944810077564e-06
1.8822445768435174e-06 1.9775944810077564e-06
1.8822445768435174e-06 1.9775944810077564e-06
1.8628946008687156e-06 1.9776208198856023e-06
1.8628946008687156e-06 1.9776208198856023e-06
1.8628946008687156e-06 1.9776208198856023e-06
1.8628946008687156e-06 1.9776208198856023e-06
1.8628946008687156e-06 1.9776208198856023e-06
1.8628946008687156e-06 1.9776208198856023e-06
1.8628946008687156e-06 1.9776208198856023e-06
1.8768770346274938e-06 1.97759933715382e-06
1.8768770346274938e-06 1.97759933715382e-06
1.8768770346274938e-06 1.97759933715382e-06
1.8768770346274938e-06 1.97759933715382e-06
1.8768770346274938e-06 1.97759933715382e-06
1.8768770346274938e-06 1.97759933715382e-06
1.8768770346274938e-06 1.97759933715382e-06
1.7991759014583196e-06 1.9775996513501245e-06
1.7991759014583196e-06 1.9775996513501245e-06
1.7991759014583196e-06 1.9775996513501245e-06
1.7991759014583196e-06 1.9775996513501245e-06
1.7991759014583196e-06 1.9775996513501245e-06
1.7991759014583196e-06 1.9775996513501245e-06
1.7991759014583196e-06 1.9775996513501245e-06
1.7991759014583196e-06 1.9775996513501245e-06
1.7991759014583196e-06 1.9775996513501245e-06
1.8280519612966856e-06 1.977608612936212e-06
1.8280519612966856e-06 1.977608612936212e-06
1.8280519612966856e-06 1.977608612936212e-06
1.8280519612966856e-06 1.977608612936212e-06
1.8280519612966856e-06 1.977608612936212e-06
1.8280519612966856e-06 1.977608612936212e-06
1.8280519612966856e-06 1.977608612936212e-06
1.8280519612966856e-06 1.977608612936212e-06
1.8280519612966856e-06 1.977608612936212e-06
1.8280519612966856e-06 1.977608612936212e-06
1.8280519612966856e-06 1.977608612936212e-06
1.8280519612966856e-06 1.977608612936212e-06
1.8280519612966856e-06 1.977608612936212e-06
1.8443896328128646e-06 1.977584490573575e-06
1.8443896328128646e-06 1.977584490573575e-06
1.8443896328128646e-06 1.977584490573575e-06
1.8443896328128646e-06 1.977584490573575e-06
1.8443896328128646e-06 1.977584490573575e-06
1.8443896328128646e-06 1.977584490573575e-06
1.8443896328128646e-06 1.977584490573575e-06
1.8443896328128646e-06 1.977584490573575e-06
1.8443896328128646e-06 1.977584490573575e-06
1.8443896328128646e-06 1.977584490573575e-06
1.8443896328128646e-06 1.977584490573575e-06
1.8443896328128646e-06 1.977584490573575e-06
1.8443896328128646e-06 1.977584490573575e-06
1.8443896328128646e-06 1.977584490573575e-06
1.8443896328128646e-06 1.977584490573575e-06
1.8443896328128646e-06 1.977584490573575e-06
1.8443896328128646e-06 1.977584490573575e-06
1.8443896328128646e-06 1.977584490573575e-06
1.8443896328128646e-06 1.977584490573575e-06
1.8443896328128646e-06 1.977584490573575e-06
1.8443896328128646e-06 1.977584490573575e-06
1.8443896328128646e-06 1.977584490573575e-06
1.8443896328128646e-06 1.977584490573575e-06
1.8443896328128646e-06 1.977584490573575e-06
1.8443896328128646e-06 1.977584490573575e-06
1.8443896328128646e-06 1.977584490573575e-06
1.8786363564495467e-06 1.9775988487819253e-06
1.8786363564495467e-06 1.9775988487819253e-06
1.8786363564495467e-06 1.9775988487819253e-06
1.8786363564495467e-06 1.9775988487819253e-06
1.8786363564495467e-06 1.9775988487819253e-06
1.8786363564495467e-06 1.9775988487819253e-06
1.8786363564495467e-06 1.9775988487819253e-06
1.920385722246903e-06 1.9775482581505314e-06
1.920385722246903e-06 1.9775482581505314e-06
1.920385722246903e-06 1.9775482581505314e-06
1.920385722246903e-06 1.9775482581505314e-06
1.920385722246903e-06 1.9775482581505314e-06
1.920385722246903e-06 1.9775482581505314e-06
1.920385722246903e-06 1.9775482581505314e-06
1.920385722246903e-06 1.9775482581505314e-06
1.920385722246903e-06 1.9775482581505314e-06
1.920385722246903e-06 1.9775482581505314e-06
1.920385722246903e-06 1.9775482581505314e-06
1.920385722246903e-06 1.9775482581505314e-06
1.920385722246903e-06 1.9775482581505314e-06
1.8320894391425786e-06 1.977567054224634e-06
1.8320894391425786e-06 1.977567054224634e-06
1.8320894391425786e-06 1.977567054224634e-06
1.8320894391425786e-06 1.977567054224634e-06
1.8320894391425786e-06 1.977567054224634e-06
1.8320894391425786e-06 1.977567054224634e-06
1.8320894391425786e-06 1.977567054224634e-06
1.8320894391425786e-06 1.977567054224634e-06
1.8320894391425786e-06 1.977567054224634e-06
1.8320894391425786e-06 1.977567054224634e-06
1.8320894391425786e-06 1.977567054224634e-06
1.8320894391425786e-06 1.977567054224634e-06
1.8320894391425786e-06 1.977567054224634e-06
1.8227722904247335e-06 1.977596036223912e-06
1.8227722904247335e-06 1.977596036223912e-06
1.8227722904247335e-06 1.977596036223912e-06
1.8227722904247335e-06 1.977596036223912e-06
1.8227722904247335e-06 1.977596036223912e-06
1.8227722904247335e-06 1.977596036223912e-06
1.8227722904247335e-06 1.977596036223912e-06
1.8227722904247335e-06 1.977596036223912e-06
1.8227722904247335e-06 1.977596036223912e-06
1.8227722904247335e-06 1.977596036223912e-06
1.8227722904247335e-06 1.977596036223912e-06
1.8227722904247335e-06 1.977596036223912e-06
1.8227722904247335e-06 1.977596036223912e-06
1.872344799885021e-06 1.9776008051675175e-06
1.872344799885021e-06 1.9776008051675175e-06
1.872344799885021e-06 1.9776008051675175e-06
1.872344799885021e-06 1.9776008051675175e-06
1.872344799885021e-06 1.9776008051675175e-06
1.872344799885021e-06 1.9776008051675175e-06
1.872344799885021e-06 1.9776008051675175e-06
1.8108101485439788e-06 1.977606755038893e-06
1.8108101485439788e-06 1.977606755038893e-06
1.8108101485439788e-06 1.977606755038893e-06
1.8108101485439788e-06 1.977606755038893e-06
1.8108101485439788e-06 1.977606755038893e-06
1.8108101485439788e-06 1.977606755038893e-06
1.8108101485439788e-06 1.977606755038893e-06
1.8108101485439788e-06 1.977606755038893e-06
1.8108101485439788e-06 1.977606755038893e-06
1.8108101485439788e-06 1.977606755038893e-06
1.8108101485439788e-06 1.977606755038893e-06
1.8108101485439788e-06 1.977606755038893e-06
1.8108101485439788e-06 1.977606755038893e-06
1.8273937184798441e-06 1.977608857160933e-06
1.8273937184798441e-06 1.977608857160933e-06
1.8273937184798441e-06 1.977608857160933e-06
1.8273937184798441e-06 1.977608857160933e-06
1.8273937184798441e-06 1.977608857160933e-06
1.8273937184798441e-06 1.977608857160933e-06
1.8273937184798441e-06 1.977608857160933e-06
1.8273937184798441e-06 1.977608857160933e-06
1.8273937184798441e-06 1.977608857160933e-06
1.8273937184798441e-06 1.977608857160933e-06
1.8273937184798441e-06 1.977608857160933e-06
1.8273937184798441e-06 1.977608857160933e-06
1.8273937184798441e-06 1.977608857160933e-06
1.880822952747071e-06 1.9776066809799146e-06
1.880822952747071e-06 1.9776066809799146e-06
1.880822952747071e-06 1.9776066809799146e-06
1.880822952747071e-06 1.9776066809799146e-06
1.880822952747071e-06 1.9776066809799146e-06
1.880822952747071e-06 1.9776066809799146e-06
1.880822952747071e-06 1.9776066809799146e-06
1.881279632962145e-06 1.977601677580634e-06
1.881279632962145e-06 1.977601677580634e-06
1.881279632962145e-06 1.977601677580634e-06
1.881279632962145e-06 1.977601677580634e-06
1.881279632962145e-06 1.977601677580634e-06
1.881279632962145e-06 1.977601677580634e-06
1.881279632962145e-06 1.977601677580634e-06
1.876991152867617e-06 1.9775975226191527e-06
1.876991152867617e-06 1.9775975226191527e-06
1.876991152867617e-06 1.9775975226191527e-06
1.876991152867617e-06 1.9775975226191527e-06
1.876991152867617e-06 1.9775975226191527e-06
1.876991152867617e-06 1.9775975226191527e-06
1.876991152867617e-06 1.9775975226191527e-06
1.8180757581007348e-06 1.9775995666930765e-06
1.8180757581007348e-06 1.9775995666930765e-06
1.8180757581007348e-06 1.9775995666930765e-06
1.8180757581007348e-06 1.9775995666930765e-06
1.8180757581007348e-06 1.9775995666930765e-06
1.8180757581007348e-06 1.9775995666930765e-06
1.8180757581007348e-06 1.9775995666930765e-06
1.8180757581007348e-06 1.9775995666930765e-06
1.8180757581007348e-06 1.9775995666930765e-06
1.8180757581007348e-06 1.9775995666930765e-06
1.8180757581007348e-06 1.9775995666930765e-06
1.8180757581007348e-06 1.9775995666930765e-06
1.8180757581007348e-06 1.9775995666930765e-06
1.872897820454298e-06 1.9775990335072776e-06
1.872897820454298e-06 1.9775990335072776e-06
1.872897820454298e-06 1.9775990335072776e-06
1.872897820454298e-06 1.9775990335072776e-06
1.872897820454298e-06 1.9775990335072776e-06
1.872897820454298e-06 1.9775990335072776e-06
1.872897820454298e-06 1.9775990335072776e-06
1.830982205275748e-06 1.9776039557431295e-06
1.830982205275748e-06 1.9776039557431295e-06
1.830982205275748e-06 1.9776039557431295e-06
1.830982205275748e-06 1.9776039557431295e-06
1.830982205275748e-06 1.9776039557431295e-06
1.830982205275748e-06 1.9776039557431295e-06
1.830982205275748e-06 1.9776039557431295e-06
1.830982205275748e-06 1.9776039557431295e-06
1.830982205275748e-06 1.9776039557431295e-06
1.830982205275748e-06 1.9776039557431295e-06
1.830982205275748e-06 1.9776039557431295e-06
1.830982205275748e-06 1.9776039557431295e-06
1.830982205275748e-06 1.9776039557431295e-06
1.830982205275748e-06 1.9776039557431295e-06
1.830982205275748e-06 1.9776039557431295e-06
1.830982205275748e-06 1.9776039557431295e-06
1.830982205275748e-06 1.9776039557431295e-06
1.830982205275748e-06 1.9776039557431295e-06
1.830982205275748e-06 1.9776039557431295e-06
1.830982205275748e-06 1.9776039557431295e-06
1.830982205275748e-06 1.9776039557431295e-06
1.830982205275748e-06 1.9776039557431295e-06
1.830982205275748e-06 1.9776039557431295e-06
1.830982205275748e-06 1.9776039557431295e-06
1.830982205275748e-06 1.9776039557431295e-06
1.830982205275748e-06 1.9776039557431295e-06
1.8996835735193043e-06 1.977693503165178e-06
1.8996835735193043e-06 1.977693503165178e-06
1.8996835735193043e-06 1.977693503165178e-06
1.8996835735193043e-06 1.977693503165178e-06
1.8996835735193043e-06 1.977693503165178e-06
1.8996835735193043e-06 1.977693503165178e-06
1.8996835735193043e-06 1.977693503165178e-06
1.8996835735193043e-06 1.977693503165178e-06
1.8996835735193043e-06 1.977693503165178e-06
1.8996835735193043e-06 1.977693503165178e-06
1.8996835735193043e-06 1.977693503165178e-06
1.8996835735193043e-06 1.977693503165178e-06
1.8996835735193043e-06 1.977693503165178e-06
1.8975700526488578e-06 1.9776191867274042e-06
1.8975700526488578e-06 1.9776191867274042e-06
1.8975700526488578e-06 1.9776191867274042e-06
1.8975700526488578e-06 1.9776191867274042e-06
1.8975700526488578e-06 1.9776191867274042e-06
1.8975700526488578e-06 1.9776191867274042e-06
1.8975700526488578e-06 1.9776191867274042e-06
1.9112367543355188e-06 1.9776213949260525e-06
1.9112367543355188e-06 1.9776213949260525e-06
1.9112367543355188e-06 1.9776213949260525e-06
1.9112367543355188e-06 1.9776213949260525e-06
1.9112367543355188e-06 1.9776213949260525e-06
1.9112367543355188e-06 1.9776213949260525e-06
1.9112367543355188e-06 1.9776213949260525e-06
1.921065076639741e-06 1.977576450365579e-06
1.921065076639741e-06 1.977576450365579e-06
1.921065076639741e-06 1.977576450365579e-06
1.921065076639741e-06 1.977576450365579e-06
1.921065076639741e-06 1.977576450365579e-06
1.921065076639741e-06 1.977576450365579e-06
1.921065076639741e-06 1.977576450365579e-06
1.921065076639741e-06 1.977576450365579e-06
1.921065076639741e-06 1.977576450365579e-06
1.921065076639741e-06 1.977576450365579e-06
1.921065076639741e-06 1.977576450365579e-06
1.921065076639741e-06 1.977576450365579e-06
1.921065076639741e-06 1.977576450365579e-06
1.8507386700481494e-06 1.9776247226294107e-06
1.8507386700481494e-06 1.9776247226294107e-06
1.8507386700481494e-06 1.9776247226294107e-06
1.8507386700481494e-06 1.9776247226294107e-06
1.8507386700481494e-06 1.9776247226294107e-06
1.8507386700481494e-06 1.9776247226294107e-06
1.8507386700481494e-06 1.9776247226294107e-06
1.8507386700481494e-06 1.9776247226294107e-06
1.8507386700481494e-06 1.9776247226294107e-06
1.8507386700481494e-06 1.9776247226294107e-06
1.8507386700481494e-06 1.9776247226294107e-06
1.8507386700481494e-06 1.9776247226294107e-06
1.8507386700481494e-06 1.9776247226294107e-06
1.897756451818941e-06 1.9776027137168435e-06
1.897756451818941e-06 1.9776027137168435e-06
1.897756451818941e-06 1.9776027137168435e-06
1.897756451818941e-06 1.9776027137168435e-06
1.897756451818941e-06 1.9776027137168435e-06
1.897756451818941e-06 1.9776027137168435e-06
1.897756451818941e-06 1.9776027137168435e-06
1.8647606462866867e-06 1.9776007391448843e-06
1.8647606462866867e-06 1.9776007391448843e-06
1.8647606462866867e-06 1.9776007391448843e-06
1.8647606462866867e-06 1.9776007391448843e-06
1.8647606462866867e-06 1.9776007391448843e-06
1.8647606462866867e-06 1.9776007391448843e-06
1.8647606462866867e-06 1.9776007391448843e-06
1.8947416506781618e-06 1.9775988647327983e-06
1.8947416506781618e-06 1.9775988647327983e-06
1.8947416506781618e-06 1.9775988647327983e-06
1.8947416506781618e-06 1.9775988647327983e-06
1.8947416506781618e-06 1.9775988647327983e-06
1.8947416506781618e-06 1.9775988647327983e-06
1.8947416506781618e-06 1.9775988647327983e-06
1.8947416506781618e-06 1.9775988647327983e-06
1.8947416506781618e-06 1.9775988647327983e-06
1.8947416506781618e-06 1.9775988647327983e-06
1.8947416506781618e-06 1.9775988647327983e-06
1.8947416506781618e-06 1.9775988647327983e-06
1.8947416506781618e-06 1.9775988647327983e-06
1.8947416506781618e-06 1.9775988647327983e-06
1.8132472535893148e-06 1.97761240211985e-06
1.8132472535893148e-06 1.97761240211985e-06
1.8132472535893148e-06 1.97761240211985e-06
1.8132472535893148e-06 1.97761240211985e-06
1.8132472535893148e-06 1.97761240211985e-06
1.8132472535893148e-06 1.97761240211985e-06
1.8132472535893148e-06 1.97761240211985e-06
1.8132472535893148e-06 1.97761240211985e-06
1.8132472535893148e-06 1.97761240211985e-06
1.8132472535893148e-06 1.97761240211985e-06
1.8132472535893148e-06 1.97761240211985e-06
1.8132472535893148e-06 1.97761240211985e-06
1.8132472535893148e-06 1.97761240211985e-06
1.8850329223741867e-06 1.9775875375769293e-06
1.8850329223741867e-06 1.9775875375769293e-06
1.8850329223741867e-06 1.9775875375769293e-06
1.8850329223741867e-06 1.9775875375769293e-06
1.8850329223741867e-06 1.9775875375769293e-06
1.8850329223741867e-06 1.9775875375769293e-06
1.8850329223741867e-06 1.9775875375769293e-06
1.8168948737535348e-06 1.9775977568370446e-06
1.8168948737535348e-06 1.9775977568370446e-06
1.8168948737535348e-06 1.9775977568370446e-06
1.8168948737535348e-06 1.9775977568370446e-06
1.8168948737535348e-06 1.9775977568370446e-06
1.8168948737535348e-06 1.9775977568370446e-06
1.8168948737535348e-06 1.9775977568370446e-06
1.8168948737535348e-06 1.9775977568370446e-06
1.8168948737535348e-06 1.9775977568370446e-06
1.8168948737535348e-06 1.9775977568370446e-06
1.8168948737535348e-06 1.9775977568370446e-06
1.8168948737535348e-06 1.9775977568370446e-06
1.8168948737535348e-06 1.9775977568370446e-06
1.8170113732647903e-06 1.977606945307552e-06
1.8170113732647903e-06 1.977606945307552e-06
1.8170113732647903e-06 1.977606945307552e-06
1.8170113732647903e-06 1.977606945307552e-06
1.8170113732647903e-06 1.977606945307552e-06
1.8170113732647903e-06 1.977606945307552e-06
1.8170113732647903e-06 1.977606945307552e-06
1.8170113732647903e-06 1.977606945307552e-06
1.8170113732647903e-06 1.977606945307552e-06
1.8170113732647903e-06 1.977606945307552e-06
1.8170113732647903e-06 1.977606945307552e-06
1.8170113732647903e-06 1.977606945307552e-06
1.8170113732647903e-06 1.977606945307552e-06
1.8845231682263589e-06 1.977616179965728e-06
1.8845231682263589e-06 1.977616179965728e-06
1.8845231682263589e-06 1.977616179965728e-06
1.8845231682263589e-06 1.977616179965728e-06
1.8845231682263589e-06 1.977616179965728e-06
1.8845231682263589e-06 1.977616179965728e-06
1.8845231682263589e-06 1.977616179965728e-06
1.8743028767179913e-06 1.977578036578457e-06
1.8743028767179913e-06 1.977578036578457e-06
1.8743028767179913e-06 1.977578036578457e-06
1.8743028767179913e-06 1.977578036578457e-06
1.8743028767179913e-06 1.977578036578457e-06
1.8743028767179913e-06 1.977578036578457e-06
1.8743028767179913e-06 1.977578036578457e-06
1.8743028767179913e-06 1.977578036578457e-06
1.8743028767179913e-06 1.977578036578457e-06
1.8743028767179913e-06 1.977578036578457e-06
1.8743028767179913e-06 1.977578036578457e-06
1.8743028767179913e-06 1.977578036578457e-06
1.8743028767179913e-06 1.977578036578457e-06
1.8273197576034928e-06 1.977600878959831e-06
1.8273197576034928e-06 1.977600878959831e-06
1.8273197576034928e-06 1.977600878959831e-06
1.8273197576034928e-06 1.977600878959831e-06
1.8273197576034928e-06 1.977600878959831e-06
1.8273197576034928e-06 1.977600878959831e-06
1.8273197576034928e-06 1.977600878959831e-06
1.8273197576034928e-06 1.977600878959831e-06
1.8273197576034928e-06 1.977600878959831e-06
1.8273197576034928e-06 1.977600878959831e-06
1.8273197576034928e-06 1.977600878959831e-06
1.8273197576034928e-06 1.977600878959831e-06
1.8273197576034928e-06 1.977600878959831e-06
1.8806801669614852e-06 1.9776037308321405e-06
1.8806801669614852e-06 1.9776037308321405e-06
1.8806801669614852e-06 1.9776037308321405e-06
1.8806801669614852e-06 1.9776037308321405e-06
1.8806801669614852e-06 1.9776037308321405e-06
1.8806801669614852e-06 1.9776037308321405e-06
1.8806801669614852e-06 1.9776037308321405e-06
1.828192809749187e-06 1.9776028085489595e-06
1.828192809749187e-06 1.9776028085489595e-06
1.828192809749187e-06 1.9776028085489595e-06
1.828192809749187e-06 1.9776028085489595e-06
1.828192809749187e-06 1.9776028085489595e-06
1.828192809749187e-06 1.9776028085489595e-06
1.828192809749187e-06 1.9776028085489595e-06
1.828192809749187e-06 1.9776028085489595e-06
1.828192809749187e-06 1.9776028085489595e-06
1.828192809749187e-06 1.9776028085489595e-06
1.828192809749187e-06 1.9776028085489595e-06
1.828192809749187e-06 1.9776028085489595e-06
1.828192809749187e-06 1.9776028085489595e-06
1.8809363302330528e-06 1.977596153673691e-06
1.8809363302330528e-06 1.977596153673691e-06
1.8809363302330528e-06 1.977596153673691e-06
1.8809363302330528e-06 1.977596153673691e-06
1.8809363302330528e-06 1.977596153673691e-06
1.8809363302330528e-06 1.977596153673691e-06
1.8809363302330528e-06 1.977596153673691e-06
1.872785602760663e-06 1.9775955128029366e-06
1.872785602760663e-06 1.9775955128029366e-06
1.872785602760663e-06 1.9775955128029366e-06
1.872785602760663e-06 1.9775955128029366e-06
1.872785602760663e-06 1.9775955128029366e-06
1.872785602760663e-06 1.9775955128029366e-06
1.872785602760663e-06 1.9775955128029366e-06
1.9133652026592626e-06 1.9775215013267926e-06
1.9133652026592626e-06 1.9775215013267926e-06
1.9133652026592626e-06 1.9775215013267926e-06
1.9133652026592626e-06 1.9775215013267926e-06
1.9133652026592626e-06 1.9775215013267926e-06
1.9133652026592626e-06 1.9775215013267926e-06
1.9133652026592626e-06 1.9775215013267926e-06
1.8653252972785012e-06 1.9776294661865775e-06
1.8653252972785012e-06 1.9776294661865775e-06
1.8653252972785012e-06 1.9776294661865775e-06
1.8653252972785012e-06 1.9776294661865775e-06
1.8653252972785012e-06 1.9776294661865775e-06
1.8653252972785012e-06 1.9776294661865775e-06
1.8653252972785012e-06 1.9776294661865775e-06
1.8653252972785012e-06 1.9776294661865775e-06
1.8653252972785012e-06 1.9776294661865775e-06
1.8653252972785012e-06 1.9776294661865775e-06
1.8653252972785012e-06 1.9776294661865775e-06
1.8653252972785012e-06 1.9776294661865775e-06
1.8653252972785012e-06 1.9776294661865775e-06
1.8296946696083633e-06 1.977610712247566e-06
1.8296946696083633e-06 1.977610712247566e-06
1.8296946696083633e-06 1.977610712247566e-06
1.8296946696083633e-06 1.977610712247566e-06
1.8296946696083633e-06 1.977610712247566e-06
1.8296946696083633e-06 1.977610712247566e-06
1.8296946696083633e-06 1.977610712247566e-06
1.8296946696083633e-06 1.977610712247566e-06
1.8296946696083633e-06 1.977610712247566e-06
1.8296946696083633e-06 1.977610712247566e-06
1.8296946696083633e-06 1.977610712247566e-06
1.8296946696083633e-06 1.977610712247566e-06
1.8296946696083633e-06 1.977610712247566e-06
1.8174742785515311e-06 1.9775916933997557e-06
1.8174742785515311e-06 1.9775916933997557e-06
1.8174742785515311e-06 1.9775916933997557e-06
1.8174742785515311e-06 1.9775916933997557e-06
1.8174742785515311e-06 1.9775916933997557e-06
1.8174742785515311e-06 1.9775916933997557e-06
1.8174742785515311e-06 1.9775916933997557e-06
1.8174742785515311e-06 1.9775916933997557e-06
1.8174742785515311e-06 1.9775916933997557e-06
1.8174742785515311e-06 1.9775916933997557e-06
1.8174742785515311e-06 1.9775916933997557e-06
1.8174742785515311e-06 1.9775916933997557e-06
1.8174742785515311e-06 1.9775916933997557e-06
1.8818744405526947e-06 1.9775988039922202e-06
1.8818744405526947e-06 1.9775988039922202e-06
1.8818744405526947e-06 1.9775988039922202e-06
1.8818744405526947e-06 1.9775988039922202e-06
1.8818744405526947e-06 1.9775988039922202e-06
1.8818744405526947e-06 1.9775988039922202e-06
1.8818744405526947e-06 1.9775988039922202e-06
1.826904843386987e-06 1.9775922375574523e-06
1.826904843386987e-06 1.9775922375574523e-06
1.826904843386987e-06 1.9775922375574523e-06
1.826904843386987e-06 1.9775922375574523e-06
1.826904843386987e-06 1.9775922375574523e-06
1.826904843386987e-06 1.9775922375574523e-06
1.826904843386987e-06 1.9775922375574523e-06
1.826904843386987e-06 1.9775922375574523e-06
1.826904843386987e-06 1.9775922375574523e-06
1.826904843386987e-06 1.9775922375574523e-06
1.826904843386987e-06 1.9775922375574523e-06
1.826904843386987e-06 1.9775922375574523e-06
1.826904843386987e-06 1.9775922375574523e-06
1.7315489680118255e-06 1.977706421161147e-06
1.7315489680118255e-06 1.977706421161147e-06
1.7315489680118255e-06 1.977706421161147e-06
1.7315489680118255e-06 1.977706421161147e-06
1.7315489680118255e-06 1.977706421161147e-06
1.7315489680118255e-06 1.977706421161147e-06
1.7315489680118255e-06 1.977706421161147e-06
1.827884205095283e-06 1.977601085624726e-06
1.827884205095283e-06 1.977601085624726e-06
1.827884205095283e-06 1.977601085624726e-06
1.827884205095283e-06 1.977601085624726e-06
1.827884205095283e-06 1.977601085624726e-06
1.827884205095283e-06 1.977601085624726e-06
1.827884205095283e-06 1.977601085624726e-06
1.827884205095283e-06 1.977601085624726e-06
1.827884205095283e-06 1.977601085624726e-06
1.827884205095283e-06 1.977601085624726e-06
1.827884205095283e-06 1.977601085624726e-06
1.827884205095283e-06 1.977601085624726e-06
1.827884205095283e-06 1.977601085624726e-06
1.8802596452826639e-06 1.977602592467973e-06
1.8802596452826639e-06 1.977602592467973e-06
1.8802596452826639e-06 1.977602592467973e-06
1.8802596452826639e-06 1.977602592467973e-06
1.8802596452826639e-06 1.977602592467973e-06
1.8802596452826639e-06 1.977602592467973e-06
1.8802596452826639e-06 1.977602592467973e-06
1.8844648954862e-06 1.9776020968554066e-06
1.8844648954862e-06 1.9776020968554066e-06
1.8844648954862e-06 1.9776020968554066e-06
1.8844648954862e-06 1.9776020968554066e-06
1.8844648954862e-06 1.9776020968554066e-06
1.8844648954862e-06 1.9776020968554066e-06
1.8844648954862e-06 1.9776020968554066e-06
1.8844648954862e-06 1.9776020968554066e-06
1.8844648954862e-06 1.9776020968554066e-06
1.8844648954862e-06 1.9776020968554066e-06
1.8844648954862e-06 1.9776020968554066e-06
1.8844648954862e-06 1.9776020968554066e-06
1.8844648954862e-06 1.9776020968554066e-06
1.8844648954862e-06 1.9776020968554066e-06
1.877548991156148e-06 1.9775898893027677e-06
1.877548991156148e-06 1.9775898893027677e-06
1.877548991156148e-06 1.9775898893027677e-06
1.877548991156148e-06 1.9775898893027677e-06
1.877548991156148e-06 1.9775898893027677e-06
1.877548991156148e-06 1.9775898893027677e-06
1.877548991156148e-06 1.9775898893027677e-06
1.9065498175220423e-06 1.9775889507431023e-06
1.9065498175220423e-06 1.9775889507431023e-06
1.9065498175220423e-06 1.9775889507431023e-06
1.9065498175220423e-06 1.9775889507431023e-06
1.9065498175220423e-06 1.9775889507431023e-06
1.9065498175220423e-06 1.9775889507431023e-06
1.9065498175220423e-06 1.9775889507431023e-06
1.8062223210641025e-06 1.9775833136389206e-06
1.8062223210641025e-06 1.9775833136389206e-06
1.8062223210641025e-06 1.9775833136389206e-06
1.8062223210641025e-06 1.9775833136389206e-06
1.8062223210641025e-06 1.9775833136389206e-06
1.8062223210641025e-06 1.9775833136389206e-06
1.8062223210641025e-06 1.9775833136389206e-06
1.8062223210641025e-06 1.9775833136389206e-06
1.8062223210641025e-06 1.9775833136389206e-06
1.8292234205873782e-06 1.9776159532505376e-06
1.8292234205873782e-06 1.9776159532505376e-06
1.8292234205873782e-06 1.9776159532505376e-06
1.8292234205873782e-06 1.9776159532505376e-06
1.8292234205873782e-06 1.9776159532505376e-06
1.8292234205873782e-06 1.9776159532505376e-06
1.8292234205873782e-06 1.9776159532505376e-06
1.8292234205873782e-06 1.9776159532505376e-06
1.8292234205873782e-06 1.9776159532505376e-06
1.8292234205873782e-06 1.9776159532505376e-06
1.8292234205873782e-06 1.9776159532505376e-06
1.8292234205873782e-06 1.9776159532505376e-06
1.8292234205873782e-06 1.9776159532505376e-06
1.873386530804579e-06 1.9776350620422587e-06
1.873386530804579e-06 1.9776350620422587e-06
1.873386530804579e-06 1.9776350620422587e-06
1.873386530804579e-06 1.9776350620422587e-06
1.873386530804579e-06 1.9776350620422587e-06
1.873386530804579e-06 1.9776350620422587e-06
1.873386530804579e-06 1.9776350620422587e-06
1.873386530804579e-06 1.9776350620422587e-06
1.873386530804579e-06 1.9776350620422587e-06
1.873386530804579e-06 1.9776350620422587e-06
1.873386530804579e-06 1.9776350620422587e-06
1.873386530804579e-06 1.9776350620422587e-06
1.873386530804579e-06 1.9776350620422587e-06
1.8700122226026057e-06 1.9775969649787423e-06
1.8700122226026057e-06 1.9775969649787423e-06
1.8700122226026057e-06 1.9775969649787423e-06
1.8700122226026057e-06 1.9775969649787423e-06
1.8700122226026057e-06 1.9775969649787423e-06
1.8700122226026057e-06 1.9775969649787423e-06
1.8700122226026057e-06 1.9775969649787423e-06
1.8276808926258788e-06 1.9775927646158217e-06
1.8276808926258788e-06 1.9775927646158217e-06
1.8276808926258788e-06 1.9775927646158217e-06
1.8276808926258788e-06 1.9775927646158217e-06
1.8276808926258788e-06 1.9775927646158217e-06
1.8276808926258788e-06 1.9775927646158217e-06
1.8276808926258788e-06 1.9775927646158217e-06
1.8276808926258788e-06 1.9775927646158217e-06
1.8276808926258788e-06 1.9775927646158217e-06
1.8276808926258788e-06 1.9775927646158217e-06
1.8276808926258788e-06 1.9775927646158217e-06
1.8276808926258788e-06 1.9775927646158217e-06
1.8276808926258788e-06 1.9775927646158217e-06
1.8215791709423317e-06 1.9775975227027363e-06
1.8215791709423317e-06 1.9775975227027363e-06
1.8215791709423317e-06 1.9775975227027363e-06
1.8215791709423317e-06 1.9775975227027363e-06
1.8215791709423317e-06 1.9775975227027363e-06
1.8215791709423317e-06 1.9775975227027363e-06
1.8215791709423317e-06 1.9775975227027363e-06
1.8215791709423317e-06 1.9775975227027363e-06
1.8215791709423317e-06 1.9775975227027363e-06
1.8215791709423317e-06 1.9775975227027363e-06
1.8215791709423317e-06 1.9775975227027363e-06
1.8215791709423317e-06 1.9775975227027363e-06
1.8215791709423317e-06 1.9775975227027363e-06
1.6988341247963684e-06 1.9768167339835157e-06
1.6988341247963684e-06 1.9768167339835157e-06
1.6988341247963684e-06 1.9768167339835157e-06
1.6988341247963684e-06 1.9768167339835157e-06
1.6988341247963684e-06 1.9768167339835157e-06
1.6988341247963684e-06 1.9768167339835157e-06
1.6988341247963684e-06 1.9768167339835157e-06
1.6988341247963684e-06 1.9768167339835157e-06
1.6988341247963684e-06 1.9768167339835157e-06
1.6988341247963684e-06 1.9768167339835157e-06
1.6988341247963684e-06 1.9768167339835157e-06
1.6988341247963684e-06 1.9768167339835157e-06
1.6988341247963684e-06 1.9768167339835157e-06