5.919858874237275e-06 9.69388703558206e-07
5.855860534173808e-06 9.693442100544588e-07
5.919435889956714e-06 9.69388703558206e-07
2.96107664746902e-06 9.693442100544588e-07
7.178367630227927e-06 9.693442100544588e-07
5.919922771893564e-06 9.69388703558206e-07
1.1437179328930228e-06 9.69343396991516e-07
5.919854476394986e-06 9.69388703558206e-07
5.919922771893564e-06 9.69388703558206e-07
1.2337819364454248e-06 9.693442100544588e-07
2.7522827813013324e-06 9.693442100544588e-07
1.3459439306677362e-06 9.693442100544588e-07
4.112606454818083e-06 9.693442100544588e-07
2.1081191368526926e-06 9.694155078735087e-07
4.935127745781699e-06 9.693442100544588e-07
5.9199734591088865e-06 9.69388703558206e-07
5.91978849587322e-06 9.69388703558206e-07
1.9311369440015346e-06 9.693442100544588e-07
3.9069761320771785e-06 9.693442100544588e-07
1.1195428682560336e-06 9.693442100544588e-07
1.0175193657361538e-06 9.693442100544588e-07
6.2638159850306185e-06 9.693442100544588e-07
5.124940351388688e-06 9.693442100544588e-07
3.0739990619911433e-06 9.693442100544588e-07
5.919949210939775e-06 9.69388703558206e-07
2.9409918252478153e-06 9.693442100544588e-07
5.919733344003839e-06 9.69388703558206e-07
5.919911751522791e-06 9.69388703558206e-07
5.552018714004412e-06 9.693442100544588e-07
5.919964646044265e-06 9.69388703558206e-07
5.9198610817041245e-06 9.69388703558206e-07
5.720261705337879e-06 9.693442100544588e-07
5.552018714004412e-06 9.693442100544588e-07
5.047289740004011e-06 9.693442100544588e-07
4.037831792003208e-06 9.693442100544588e-07
3.4700116962527575e-06 9.693442100544588e-07
2.4686016554411e-06 9.693699226779357e-07
5.287636870480392e-06 9.693442100544588e-07
5.919867687052596e-06 9.69388703558206e-07
5.44315560196511e-06 9.693442100544588e-07
1.0166059586475427e-06 9.693442100544588e-07
6.031822800399855e-06 9.693442100544588e-07
1.14387184460516e-06 9.69343396991516e-07
5.919942605269907e-06 9.69388703558206e-07
5.919964646044265e-06 9.69388703558206e-07
5.919854476394986e-06 9.69388703558206e-07
5.919916166331917e-06 9.69388703558206e-07
3.509336649235031e-06 9.693442100544588e-07
2.4675638728908497e-06 9.693442100544588e-07
5.9199205644955485e-06 9.69388703558206e-07