1.7740260706936916e-06 2.6562672694108847e-06
8.636473555117974e-06 2.65454043102879e-06
3.0481671371004615e-06 2.65454043102879e-06
1.0068362445214528e-06 2.6562672593506676e-06
1.7945919075569817e-06 2.65454043102879e-06
1.1688460450535604e-06 2.65454043102879e-06
3.0659320052530893e-06 2.65454043102879e-06
1.3459439306677362e-06 2.65454043102879e-06
1.2337819364454248e-06 2.65454043102879e-06
2.115054748192157e-06 2.65454043102879e-06
3.506538135160681e-06 2.65454043102879e-06
2.96107664746902e-06 2.65454043102879e-06
3.1725821222882352e-06 2.65454043102879e-06
1.0530826357952582e-05 2.65454043102879e-06
1.5862910611441176e-06 2.65454043102879e-06
4.112606454818083e-06 2.65454043102879e-06
3.7013458093362747e-06 2.65454043102879e-06
6.5801703277089324e-06 2.65454043102879e-06
2.97010737936574e-06 2.65454043102879e-06
2.9610766474690197e-07 2.65454043102879e-06
9.655684720007673e-07 2.65454043102879e-06
1.7766459884814118e-06 2.65454043102879e-06
7.937188573889665e-06 2.6563602684244478e-06
1.5285581213193537e-06 2.6563329936421116e-06
2.547322087317814e-06 2.65454043102879e-06
2.96107664746902e-06 2.65454043102879e-06
2.2529931013351236e-06 2.65454043102879e-06
5.405139912046623e-06 2.65454043102879e-06
4.19663380972228e-06 2.65454043102879e-06
9.90911476515223e-07 2.65454043102879e-06
6.640182610740613e-06 2.65454043102879e-06
1.3293052946896399e-06 2.6562857459965645e-06
4.4416149712035295e-06 2.65454043102879e-06
1.7011643949023708e-06 2.65454043102879e-06
7.391475419250318e-06 2.65454043102879e-06
1.5584613934047473e-06 2.65454043102879e-06
5.041908496631163e-06 2.65454043102879e-06
2.018915896001604e-06 2.65454043102879e-06
2.776009357002206e-06 2.65454043102879e-06
7.08083546133896e-07 2.65454043102879e-06
1.570267919112359e-06 2.65454043102879e-06
1.0575273740960785e-06 2.65454043102879e-06
1.3459439306677362e-06 2.65454043102879e-06
9.8702554915634e-07 2.65454043102879e-06
4.230109496384314e-06 2.65454043102879e-06
1.48053832373451e-06 2.65454043102879e-06
3.2386775831692403e-06 2.65454043102879e-06
1.0734913869338198e-06 2.656264405237459e-06
1.5315913693805274e-06 2.65454043102879e-06
1.1486935270353956e-06 2.65454043102879e-06