0.41025204577079705 0.48738494533972776
0.7440946054630485 0.7202815355089639
0.686591743724388 0.7090090511793767
0.5842670331961685 0.5965437856653489
0.6688510917160645 0.693302467691077
0.8175423516044885 0.8397213581449976
0.7919888339000072 0.835283003612812
0.555739009434163 0.5554241117971719
0.051345336323442424 0.03787707928186317
0.46547402732800847 0.5153640259237352
0.766431060822053 0.7409200968523002
0.08113295063341235 0.06795831436145994
0.7192474797550606 0.7471669851104482
0.7176091609680123 0.7090728817814695
0.7829333991497763 0.7990570092384158
0.43953752601097035 0.4624016476806087
0.6030502517053409 0.6187866228079507
0.615654667931931 0.5618752579820168
0.573437107707758 0.6355485389175181
0.35496623361149293 0.342183091699043
0.6853406639233692 0.741303080464857
0.06940939671570276 0.06304761337378775
0.08113295063341235 0.06795831436145994
0.020119405779648252 0.027085452154708357
0.3928220360259918 0.42296710170768137
0.5847010812903994 0.5349429992723311
0.6794937807716694 0.6554679421439422
0.7362221645382707 0.7476903960476091
0.569390247535075 0.5125214364438695
0.44635888968795345 0.4212862291859045
0.7053579407396691 0.721090056468806
0.598450192981187 0.6580126554807083
0.7026217355966247 0.7122218581513806
0.55874755847947 0.5125214364438695
0.4726400762562926 0.5053511321421125
0.4638867730226343 0.4944190776903535
0.08380106980089108 0.0783754686230037
0.4290352642799695 0.4561930577837164
0.7625161172270284 0.7721673042634587
0.6723702855781137 0.7186559828423341
0.4646655063681664 0.4561930577837164
0.1728660365877011 0.17451712149516801
0.7265156576466933 0.7203581322314753
0.7265156576466933 0.7203581322314753
0.7120005787307923 0.7315838074528611
0.6012672502202155 0.5507176687361967
0.7703247275497134 0.734537036643021
0.6072758375638838 0.618897262518245
0.7157197751460657 0.7341540530304642
0.7157197751460657 0.7341540530304642