0.052743176603494805 0.0548045527955502
0.03726121819500503 0.03638225849503765
0.0008402018911114526 0.001128155559689722
0.009037781786121604 0.00848384844146425
0.0678387028064698 0.06597050901472931
0.00013224838430490735 0.0001263167544278269
7.414537346350565e-07 0.0001263167544278269
0.00033601335155961423 0.0001263167544278269
0.016443084663231713 0.016667812549711104
0.01643937739455854 0.016667812549711104
0.008459110848681426 0.008782047652557476
0.01643728784312457 0.016667812549711104
0.0009156953622742948 0.001128155559689722
9.436683895355264e-07 0.0001263167544278269
1.8873367790710528e-06 0.0001263167544278269
0.0028492718924325883 0.003845111662932436
0.0003674240279541539 0.0001263167544278269
0.014226340211327796 0.014447900068213743
0.0013917760647949677 0.0014263547707829482
1.2132879294028197e-06 0.0001263167544278269
0.017521158393391086 0.016800330553555877
3.3028393633743425e-06 0.0001263167544278269
7.347132461383742e-06 0.0001263167544278269
0.0009092918982024466 0.0001263167544278269
0.01705148115494226 0.01650213134246265
0.016438838155478804 0.016667812549711104
0.005614826917736382 0.005965669343988698
2.291766088871993e-06 0.0001263167544278269
1.8873367790710528e-06 0.0001263167544278269
0.0005770532202009744 0.0007968605500777852
0.052733335490289655 0.0548045527955502
0.05273380732448442 0.0548045527955502
1.0110732745023498e-06 0.0001263167544278269
0.05273293106097985 0.0548045527955502
0.06783984868951423 0.06597050901472931
0.005610984839293273 0.005965669343988698
0.000999951468482824 0.0009293785539225599
2.831005168606579e-06 0.0001263167544278269
0.0003356763271347801 0.0001263167544278269
0.0003132979053257948 0.0001263167544278269
2.4872402552757802e-05 0.0001263167544278269
0.016437355248009534 0.016667812549711104
0.01248419355447528 0.012857481807421547
0.0006495134715403095 0.0001263167544278269
0.05273367251471449 0.0548045527955502
0.0001304284524108031 0.0001263167544278269
0.01643890556036377 0.016667812549711104
1.0110732745023498e-06 0.0001263167544278269
7.414537346350565e-07 0.0001263167544278269
5.264321515908901e-05 0.0001263167544278269