3.9611074765127096e-07 3.9549188044731873e-07
5.119641589319558e-07 3.9549184559153835e-07
5.595293703412332e-07 3.9549190766236117e-07
5.02354972529787e-07 3.95492037745851e-07
4.972725491597905e-07 3.9549192669396637e-07
4.375107774318947e-07 3.954918262167707e-07
4.1219802200235054e-07 3.9549190246878416e-07
4.164195666167083e-07 3.954919436164137e-07
5.024515884194573e-07 3.9549175015451887e-07
5.59663328914267e-07 3.9549178525213505e-07
4.689695407659783e-07 3.954918007310193e-07
4.0689242797251424e-07 3.954918365558165e-07
4.828614077035588e-07 3.954917006826585e-07
4.1549008440399725e-07 3.954918496639383e-07
3.807310241742682e-07 3.9549187987641884e-07
4.071294220398854e-07 3.954918555330594e-07
3.5927448228906293e-07 3.9549186324563313e-07
5.347030227938347e-07 3.954918868353043e-07
3.6332711293349406e-07 3.9549183160167855e-07
4.692641475760744e-07 3.9549178338174686e-07
4.855006907649468e-07 3.95491826445503e-07
4.158526717947948e-07 3.954918522054924e-07
4.540162514364743e-07 3.954919137330799e-07
4.685219444686053e-07 3.954918463518931e-07
4.2985417589280423e-07 3.9549183707609415e-07
4.977751002919182e-07 3.95491890097031e-07
4.495296662524528e-07 3.9549193257555706e-07
4.365496450413389e-07 3.954919047264242e-07
4.049499883342548e-07 3.9549183401374066e-07
4.808494641521472e-07 3.9549180441991535e-07
4.0633271877228327e-07 3.9549187475238985e-07
5.493535706772909e-07 3.9549192967223776e-07
3.796604714567978e-07 3.954918185744919e-07
5.175389121034221e-07 3.954917911857793e-07
5.179212141993617e-07 3.954918506531579e-07
4.6781624207406307e-07 3.9549184017620324e-07
5.237601266165606e-07 3.954919413412111e-07
5.237369551495651e-07 3.9549176897653995e-07
4.869153693111018e-07 3.954917546017361e-07
4.768422199283044e-07 3.9549183309821377e-07
5.592794819425785e-07 3.954919090840905e-07
4.6389062566513156e-07 3.9549188930431874e-07
5.231830353781604e-07 3.9549186695795805e-07
4.618379223539504e-07 3.9549191662285e-07
5.989866161390309e-07 3.954917084789814e-07
3.542010841926973e-07 3.9549187712861257e-07
3.700323071778348e-07 3.954918526626241e-07
4.122967284646016e-07 3.9549190729289985e-07
3.807598816507603e-07 3.9549187779621646e-07
3.807598816507603e-07 3.9549187779621646e-07