8.191300172195083e-07 2.659614864654395e-06
8.191300172195083e-07 2.659614864654395e-06
8.191300172195083e-07 2.659614864654395e-06
8.191300172195083e-07 2.659614864654395e-06
8.191300172195083e-07 2.659614864654395e-06
8.191300172195083e-07 2.659614864654395e-06
8.191300172195083e-07 2.659614864654395e-06
8.191300172195083e-07 2.659614864654395e-06
8.191300172195083e-07 2.659614864654395e-06
8.191300172195083e-07 2.659614864654395e-06
8.191300172195083e-07 2.659614864654395e-06
8.191300172195083e-07 2.659614864654395e-06
8.191300172195083e-07 2.659614864654395e-06
8.191300172195083e-07 2.659614864654395e-06
8.191300172195083e-07 2.659614864654395e-06
5.248287684646644e-07 2.6597438614778417e-06
5.248287684646644e-07 2.6597438614778417e-06
5.248287684646644e-07 2.6597438614778417e-06
5.248287684646644e-07 2.6597438614778417e-06
5.248287684646644e-07 2.6597438614778417e-06
6.256615086513667e-07 2.659622530404397e-06
6.256615086513667e-07 2.659622530404397e-06
5.68295518398976e-07 2.659687833595357e-06
8.232410186690195e-07 2.6595513152751235e-06
8.232410186690195e-07 2.6595513152751235e-06
8.232410186690195e-07 2.6595513152751235e-06
8.232410186690195e-07 2.6595513152751235e-06
8.13384721676098e-07 2.659624574780015e-06
8.13384721676098e-07 2.659624574780015e-06
8.13384721676098e-07 2.659624574780015e-06
8.13384721676098e-07 2.659624574780015e-06
4.695031675774055e-07 2.659661350441114e-06
4.695031675774055e-07 2.659661350441114e-06
4.695031675774055e-07 2.659661350441114e-06
1.4562773445940129e-06 2.6596221790757925e-06
1.4562773445940129e-06 2.6596221790757925e-06
1.4562773445940129e-06 2.6596221790757925e-06
1.4562773445940129e-06 2.6596221790757925e-06
1.4562773445940129e-06 2.6596221790757925e-06
1.4562773445940129e-06 2.6596221790757925e-06
1.4562773445940129e-06 2.6596221790757925e-06
8.933274508803777e-07 2.659706915665819e-06
8.933274508803777e-07 2.659706915665819e-06
8.933274508803777e-07 2.659706915665819e-06
8.933274508803777e-07 2.659706915665819e-06
8.933274508803777e-07 2.659706915665819e-06
7.583895508526474e-07 2.659658696216888e-06
7.583895508526474e-07 2.659658696216888e-06
7.583895508526474e-07 2.659658696216888e-06
7.583895508526474e-07 2.659658696216888e-06