0.3331957453564058 0.010527067788537863
0.3331957453564058 0.010527067788537863
0.3331957453564058 0.010527067788537863
0.3331957453564058 0.010527067788537863
0.3331957453564058 0.010527067788537863
0.3331957453564058 0.010527067788537863
0.3331957453564058 0.010527067788537863
0.3331957453564058 0.010527067788537863
0.3331957453564058 0.010527067788537863
0.3331957453564058 0.010527067788537863
0.3331957453564058 0.010527067788537863
0.3331957453564058 0.010527067788537863
0.3331957453564058 0.010527067788537863
0.3331957453564058 0.010527067788537863
0.3331957453564058 0.010527067788537863
0.3331957453564058 0.010527067788537863
0.3331957453564058 0.010527067788537863
0.3331957453564058 0.010527067788537863
0.3331957453564058 0.010527067788537863
0.3331957453564058 0.010527067788537863
0.3331957453564058 0.010527067788537863
0.3331957453564058 0.010527067788537863
0.3331957453564058 0.010527067788537863
0.3331957453564058 0.010527067788537863
0.3331957453564058 0.010527067788537863
0.3331957453564058 0.010527067788537863
0.3331957453564058 0.010527067788537863
0.3331957453564058 0.010527067788537863
0.3331957453564058 0.010527067788537863
0.3331957453564058 0.010527067788537863
0.3331957453564058 0.010527067788537863
0.3331957453564058 0.010527067788537863
0.3331957453564058 0.010527067788537863
0.3331957453564058 0.010527067788537863
0.3331957453564058 0.010527067788537863
0.3331957453564058 0.010527067788537863
0.3331957453564058 0.010527067788537863
0.3331957453564058 0.010527067788537863
0.3331957453564058 0.010527067788537863
0.3331957453564058 0.010527067788537863
0.3331957453564058 0.010527067788537863
0.0003968883949833307 0.010527067788537863
0.0003968883949833307 0.010527067788537863
0.3331957453564058 0.010527067788537863
0.3331957453564058 0.010527067788537863
0.3331957453564058 0.010527067788537863
0.3331957453564058 0.010527067788537863
0.3331957453564058 0.010527067788537863
0.3331957453564058 0.010527067788537863
0.3331957453564058 0.010527067788537863