0.0007923764654259081 9.006902405016151e-06
0.0007923764654259081 9.006902405016151e-06
0.00048273532697653876 8.972260472689167e-06
0.00048273532697653876 8.972260472689167e-06
0.00048273532697653876 8.972260472689167e-06
0.00048273532697653876 8.972260472689167e-06
0.00048273532697653876 8.972260472689167e-06
0.00048273532697653876 8.972260472689167e-06
0.0008576476395853361 8.96359998960742e-06
0.0008576476395853361 8.96359998960742e-06
0.0008576476395853361 8.96359998960742e-06
0.0008576476395853361 8.96359998960742e-06
0.0008576476395853361 8.96359998960742e-06
0.0008576476395853361 8.96359998960742e-06
0.0008576476395853361 8.96359998960742e-06
0.0008576476395853361 8.96359998960742e-06
0.003314886504369214 9.006902405016151e-06
0.003314886504369214 9.006902405016151e-06
0.003314886504369214 9.006902405016151e-06
0.003314886504369214 9.006902405016151e-06
0.003314886504369214 9.006902405016151e-06
0.003314886504369214 9.006902405016151e-06
0.003314886504369214 9.006902405016151e-06
0.003314886504369214 9.006902405016151e-06
0.003314886504369214 9.006902405016151e-06
0.003314886504369214 9.006902405016151e-06
0.003314886504369214 9.006902405016151e-06
0.003314886504369214 9.006902405016151e-06
0.003314886504369214 9.006902405016151e-06
0.003314886504369214 9.006902405016151e-06
0.003314886504369214 9.006902405016151e-06
0.005145712627850381 9.006902405016151e-06
0.002735079534164987 8.957413930263317e-06
0.002735079534164987 8.957413930263317e-06
0.002735079534164987 8.957413930263317e-06
0.002735079534164987 8.957413930263317e-06
0.002735079534164987 8.957413930263317e-06
0.002735079534164987 8.957413930263317e-06
0.002735079534164987 8.957413930263317e-06
7.448015450301817e-05 9.006902405016151e-06
7.448015450301817e-05 9.006902405016151e-06
0.0007923764654259081 9.006902405016151e-06
0.0030484207609100438 9.006902405016151e-06
0.0030484207609100438 9.006902405016151e-06
0.0030484207609100438 9.006902405016151e-06
0.0030484207609100438 9.006902405016151e-06
0.0038405200908773356 9.006902405016151e-06
0.0038405200908773356 9.006902405016151e-06
0.0038405200908773356 9.006902405016151e-06
0.0038405200908773356 9.006902405016151e-06