4.334457054111998e-06 4.91151857230374e-06
4.334457054111998e-06 4.91151857230374e-06
4.334457054111998e-06 4.91151857230374e-06
5.421572731568158e-06 4.911525124974211e-06
5.421572731568158e-06 4.911525124974211e-06
5.421572731568158e-06 4.911525124974211e-06
5.421572731568158e-06 4.911525124974211e-06
5.421572731568158e-06 4.911525124974211e-06
5.421572731568158e-06 4.911525124974211e-06
5.421572731568158e-06 4.911525124974211e-06
5.421572731568158e-06 4.911525124974211e-06
5.421572731568158e-06 4.911525124974211e-06
5.421572731568158e-06 4.911525124974211e-06
5.421572731568158e-06 4.911525124974211e-06
5.421572731568158e-06 4.911525124974211e-06
5.421572731568158e-06 4.911525124974211e-06
5.421572731568158e-06 4.911525124974211e-06
5.421572731568158e-06 4.911525124974211e-06
5.421572731568158e-06 4.911525124974211e-06
5.421572731568158e-06 4.911525124974211e-06
5.421572731568158e-06 4.911525124974211e-06
5.421572731568158e-06 4.911525124974211e-06
5.421572731568158e-06 4.911525124974211e-06
5.421572731568158e-06 4.911525124974211e-06
5.421572731568158e-06 4.911525124974211e-06
5.421572731568158e-06 4.911525124974211e-06
5.421572731568158e-06 4.911525124974211e-06
5.421572731568158e-06 4.911525124974211e-06
5.421572731568158e-06 4.911525124974211e-06
5.421572731568158e-06 4.911525124974211e-06
5.421572731568158e-06 4.911525124974211e-06
5.421572731568158e-06 4.911525124974211e-06
5.421572731568158e-06 4.911525124974211e-06
2.569638100825216e-06 4.911520264774165e-06
2.569638100825216e-06 4.911520264774165e-06
2.569638100825216e-06 4.911520264774165e-06
2.569638100825216e-06 4.911520264774165e-06
2.569638100825216e-06 4.911520264774165e-06
2.569638100825216e-06 4.911520264774165e-06
2.569638100825216e-06 4.911520264774165e-06
2.569638100825216e-06 4.911520264774165e-06
2.569638100825216e-06 4.911520264774165e-06
2.569638100825216e-06 4.911520264774165e-06
2.569638100825216e-06 4.911520264774165e-06
2.569638100825216e-06 4.911520264774165e-06
2.569638100825216e-06 4.911520264774165e-06
2.569638100825216e-06 4.911520264774165e-06
2.569638100825216e-06 4.911520264774165e-06
2.569638100825216e-06 4.911520264774165e-06
5.319456916932772e-06 4.911519651398571e-06