1.977601683334553e-06 1.977601683334553e-06
1.977601683334553e-06 1.977601683334553e-06
1.977601683334553e-06 1.977601683334553e-06
1.977601683334553e-06 1.977601683334553e-06
1.977601683334553e-06 1.977601683334553e-06
1.977601683334553e-06 1.977601683334553e-06
1.977601683334553e-06 1.977601683334553e-06
1.669757535106327e-06 1.977594631348148e-06
1.669757535106327e-06 1.977594631348148e-06
1.669757535106327e-06 1.977594631348148e-06
1.669757535106327e-06 1.977594631348148e-06
1.669757535106327e-06 1.977594631348148e-06
1.669757535106327e-06 1.977594631348148e-06
1.669757535106327e-06 1.977594631348148e-06
1.669757535106327e-06 1.977594631348148e-06
1.669757535106327e-06 1.977594631348148e-06
1.669757535106327e-06 1.977594631348148e-06
1.669757535106327e-06 1.977594631348148e-06
1.669757535106327e-06 1.977594631348148e-06
1.9186407573983804e-06 1.9775996608323394e-06
1.9186407573983804e-06 1.9775996608323394e-06
1.9186407573983804e-06 1.9775996608323394e-06
1.9186407573983804e-06 1.9775996608323394e-06
1.9186407573983804e-06 1.9775996608323394e-06
1.9186407573983804e-06 1.9775996608323394e-06
1.9186407573983804e-06 1.9775996608323394e-06
1.9186407573983804e-06 1.9775996608323394e-06
1.9186407573983804e-06 1.9775996608323394e-06
1.9186407573983804e-06 1.9775996608323394e-06
1.9186407573983804e-06 1.9775996608323394e-06
1.9186407573983804e-06 1.9775996608323394e-06
1.9186407573983804e-06 1.9775996608323394e-06
1.9186407573983804e-06 1.9775996608323394e-06
1.9186407573983804e-06 1.9775996608323394e-06
1.9186407573983804e-06 1.9775996608323394e-06
1.9186407573983804e-06 1.9775996608323394e-06
1.9186407573983804e-06 1.9775996608323394e-06
1.9186407573983804e-06 1.9775996608323394e-06
1.9186407573983804e-06 1.9775996608323394e-06
1.9186407573983804e-06 1.9775996608323394e-06
1.9186407573983804e-06 1.9775996608323394e-06
1.9186407573983804e-06 1.9775996608323394e-06
1.9186407573983804e-06 1.9775996608323394e-06
1.977601683334553e-06 1.977601683334553e-06
1.977601683334553e-06 1.977601683334553e-06
1.977601683334553e-06 1.977601683334553e-06
1.977601683334553e-06 1.977601683334553e-06
1.977601683334553e-06 1.977601683334553e-06
1.977601683334553e-06 1.977601683334553e-06
1.977601683334553e-06 1.977601683334553e-06