0.2 0.000158052789631737
0.2 0.000158052789631737
0.2 0.000158052789631737
0.2 0.000158052789631737
0.2 0.000158052789631737
0.2 0.000158052789631737
0.2 0.000158052789631737
0.2 0.000158052789631737
0.2 0.000158052789631737
0.25 0.000158052789631737
0.25 0.000158052789631737
0.2 0.000158052789631737
0.2 0.000158052789631737
2.977271509298019e-06 1.414847408706971e-06
2.977271509298019e-06 1.414847408706971e-06
0.00012127127361137086 1.395879920825691e-06
0.00012127127361137086 1.395879920825691e-06
0.00012127127361137086 1.395879920825691e-06
0.00012127127361137086 1.395879920825691e-06
0.00012127127361137086 1.395879920825691e-06
0.00012127127361137086 1.395879920825691e-06
0.00012355621584526593 1.414847408706971e-06
0.00012355621584526593 1.414847408706971e-06
0.00012355621584526593 1.414847408706971e-06
0.00012355621584526593 1.414847408706971e-06
0.00012355621584526593 1.414847408706971e-06
0.00012355621584526593 1.414847408706971e-06
1.4886357546490095e-06 1.414847408706971e-06
5.9547469009264095e-06 1.414847408706971e-06
0.25 0.000158052789631737
0.25 0.000158052789631737
0.00012353948053881074 1.414847408706971e-06
0.00012353948053881074 1.414847408706971e-06
0.00012353948053881074 1.414847408706971e-06
0.00012353948053881074 1.414847408706971e-06
0.00012353948053881074 1.414847408706971e-06
0.00012353948053881074 1.414847408706971e-06
2.977258213138938e-06 1.414847408706971e-06
2.977258213138938e-06 1.414847408706971e-06
0.2 0.000158052789631737
5.844398728258837e-06 1.395879920825691e-06
1.4886357546490095e-06 1.414847408706971e-06
1.4886357546490095e-06 1.414847408706971e-06
1.4886357546490095e-06 1.414847408706971e-06
1.4886357546490095e-06 1.414847408706971e-06
1.4886357546490095e-06 1.414847408706971e-06
1.4886357546490095e-06 1.414847408706971e-06
1.4886357546490095e-06 1.414847408706971e-06
1.4886357546490095e-06 1.414847408706971e-06
1.4886357546490095e-06 1.414847408706971e-06
0.2 0.000158052789631737
0.2 0.000158052789631737
0.2 0.000158052789631737
2.9221993641294186e-06 1.395879920825691e-06
2.9221993641294186e-06 1.395879920825691e-06
1.4886357546490095e-06 1.414847408706971e-06
1.4886357546490095e-06 1.414847408706971e-06
1.4886357546490095e-06 1.414847408706971e-06
1.4886357546490095e-06 1.414847408706971e-06
1.4886357546490095e-06 1.414847408706971e-06
1.4886357546490095e-06 1.414847408706971e-06
1.4886357546490095e-06 1.414847408706971e-06
1.4886357546490095e-06 1.414847408706971e-06
1.4886357546490095e-06 1.414847408706971e-06
1.4886357546490095e-06 1.414847408706971e-06
1.4886357546490095e-06 1.414847408706971e-06
1.4886357546490095e-06 1.414847408706971e-06
1.4886357546490095e-06 1.414847408706971e-06
1.4886357546490095e-06 1.414847408706971e-06
1.4886357546490095e-06 1.414847408706971e-06
1.4886357546490095e-06 1.414847408706971e-06
1.4886357546490095e-06 1.414847408706971e-06
1.4886357546490095e-06 1.414847408706971e-06
1.4886357546490095e-06 1.414847408706971e-06
1.4886357546490095e-06 1.414847408706971e-06
1.4886357546490095e-06 1.414847408706971e-06
1.4886978062549128e-06 1.414847408706971e-06
1.4886978062549128e-06 1.414847408706971e-06
1.4886978062549128e-06 1.414847408706971e-06
1.4886978062549128e-06 1.414847408706971e-06
1.4886978062549128e-06 1.414847408706971e-06
1.4886978062549128e-06 1.414847408706971e-06
1.4886978062549128e-06 1.414847408706971e-06
1.4886978062549128e-06 1.414847408706971e-06
1.4886978062549128e-06 1.414847408706971e-06
0.16666666666666666 0.000158052789631737
1.4886978062549128e-06 1.414847408706971e-06
1.4886978062549128e-06 1.414847408706971e-06
1.4886978062549128e-06 1.414847408706971e-06
1.4886978062549128e-06 1.414847408706971e-06
1.4886978062549128e-06 1.414847408706971e-06
1.4886978062549128e-06 1.414847408706971e-06
1.4886978062549128e-06 1.414847408706971e-06
1.4886978062549128e-06 1.414847408706971e-06
1.4886978062549128e-06 1.414847408706971e-06
1.4886978062549128e-06 1.414847408706971e-06
1.4886978062549128e-06 1.414847408706971e-06
1.4886978062549128e-06 1.414847408706971e-06
1.4886978062549128e-06 1.414847408706971e-06
1.4886978062549128e-06 1.414847408706971e-06
1.4886978062549128e-06 1.414847408706971e-06
1.4886978062549128e-06 1.414847408706971e-06
1.4886978062549128e-06 1.414847408706971e-06
1.4886978062549128e-06 1.414847408706971e-06
1.4886978062549128e-06 1.414847408706971e-06
1.4886978062549128e-06 1.414847408706971e-06
1.4886978062549128e-06 1.414847408706971e-06
2.9773956125098256e-06 1.414847408706971e-06
2.9773956125098256e-06 1.414847408706971e-06
1.4886867252316024e-06 1.414847408706971e-06
1.4886867252316024e-06 1.414847408706971e-06
1.4886867252316024e-06 1.414847408706971e-06
1.4886867252316024e-06 1.414847408706971e-06
1.4886867252316024e-06 1.414847408706971e-06
1.4886867252316024e-06 1.414847408706971e-06
1.4886867252316024e-06 1.414847408706971e-06
0.00012356099819422301 1.414847408706971e-06
0.00012356099819422301 1.414847408706971e-06
0.00012356099819422301 1.414847408706971e-06
0.00012356099819422301 1.414847408706971e-06
0.00012356099819422301 1.414847408706971e-06
0.00012356099819422301 1.414847408706971e-06
0.2 0.000158052789631737
0.2 0.000158052789631737
0.2 0.000158052789631737
0.2 0.000158052789631737
0.2 0.000158052789631737
0.2 0.000158052789631737
0.2 0.000158052789631737
0.25 0.000158052789631737
0.25 0.000158052789631737
0.25 0.000158052789631737
0.25 0.000158052789631737
0.25 0.000158052789631737
0.25 0.000158052789631737
0.25 0.000158052789631737
1.4610996820647093e-06 1.395879920825691e-06
1.4610996820647093e-06 1.395879920825691e-06
1.4610996820647093e-06 1.395879920825691e-06
1.4610996820647093e-06 1.395879920825691e-06
1.4610996820647093e-06 1.395879920825691e-06
1.4610996820647093e-06 1.395879920825691e-06
1.4610996820647093e-06 1.395879920825691e-06
1.4610996820647093e-06 1.395879920825691e-06
1.4610996820647093e-06 1.395879920825691e-06
0.25 0.000158052789631737
0.25 0.000158052789631737
0.25 0.000158052789631737
0.25 0.000158052789631737
0.25 0.000158052789631737
0.25 0.000158052789631737
0.25 0.000158052789631737
0.25 0.000158052789631737
0.25 0.000158052789631737
0.16666666666666666 0.000158052789631737
0.16666666666666666 0.000158052789631737
0.16666666666666666 0.000158052789631737
0.16666666666666666 0.000158052789631737
0.16666666666666666 0.000158052789631737
0.16666666666666666 0.000158052789631737
5.954543018596038e-06 1.414847408706971e-06
0.16666666666666666 0.000158052789631737
1.4886867252316024e-06 1.414847408706971e-06
1.4886867252316024e-06 1.414847408706971e-06
1.4884274763712138e-06 1.414847408706971e-06
1.4884274763712138e-06 1.414847408706971e-06
1.4884274763712138e-06 1.414847408706971e-06
1.4884274763712138e-06 1.414847408706971e-06
1.4884274763712138e-06 1.414847408706971e-06
1.4884274763712138e-06 1.414847408706971e-06
1.4884274763712138e-06 1.414847408706971e-06
1.488629106569469e-06 1.414847408706971e-06
1.488629106569469e-06 1.414847408706971e-06
1.488629106569469e-06 1.414847408706971e-06
1.488629106569469e-06 1.414847408706971e-06
1.488629106569469e-06 1.414847408706971e-06
1.488629106569469e-06 1.414847408706971e-06
1.488629106569469e-06 1.414847408706971e-06
2.9773734504632047e-06 1.414847408706971e-06
2.9773734504632047e-06 1.414847408706971e-06
0.00012355676763586777 1.414847408706971e-06
0.00012355676763586777 1.414847408706971e-06
0.00012355676763586777 1.414847408706971e-06
0.00012355676763586777 1.414847408706971e-06
0.00012355676763586777 1.414847408706971e-06
0.00012355676763586777 1.414847408706971e-06
1.4886357546490095e-06 1.414847408706971e-06
1.4886357546490095e-06 1.414847408706971e-06
1.4886357546490095e-06 1.414847408706971e-06
1.4886357546490095e-06 1.414847408706971e-06
1.4886357546490095e-06 1.414847408706971e-06
1.4886357546490095e-06 1.414847408706971e-06
1.4886357546490095e-06 1.414847408706971e-06
0.2 0.000158052789631737
0.2 0.000158052789631737
0.2 0.000158052789631737
0.2 0.000158052789631737
0.2 0.000158052789631737
0.2 0.000158052789631737
0.2 0.000158052789631737
0.2 0.000158052789631737
0.2 0.000158052789631737
1.4886357546490095e-06 1.414847408706971e-06
1.4886357546490095e-06 1.414847408706971e-06
0.2 0.000158052789631737
5.954791225019651e-06 1.414847408706971e-06
0.25 0.000158052789631737
0.25 0.000158052789631737
0.25 0.000158052789631737
0.25 0.000158052789631737
0.25 0.000158052789631737
0.25 0.000158052789631737
0.25 0.000158052789631737
0.25 0.000158052789631737
0.25 0.000158052789631737
0.25 0.000158052789631737
0.25 0.000158052789631737
0.25 0.000158052789631737
0.25 0.000158052789631737
0.25 0.000158052789631737
0.25 0.000158052789631737
0.25 0.000158052789631737
0.25 0.000158052789631737
0.25 0.000158052789631737
0.25 0.000158052789631737
0.25 0.000158052789631737
0.25 0.000158052789631737
1.4886978062549128e-06 1.414847408706971e-06
1.4886978062549128e-06 1.414847408706971e-06
1.4886978062549128e-06 1.414847408706971e-06
1.4886978062549128e-06 1.414847408706971e-06
1.4886978062549128e-06 1.414847408706971e-06
1.4886978062549128e-06 1.414847408706971e-06
1.4886978062549128e-06 1.414847408706971e-06
0.16666666666666666 0.000158052789631737
0.16666666666666666 0.000158052789631737
0.16666666666666666 0.000158052789631737
0.16666666666666666 0.000158052789631737
0.16666666666666666 0.000158052789631737
0.16666666666666666 0.000158052789631737
0.16666666666666666 0.000158052789631737
0.16666666666666666 0.000158052789631737
0.16666666666666666 0.000158052789631737
0.16666666666666666 0.000158052789631737
0.16666666666666666 0.000158052789631737
0.16666666666666666 0.000158052789631737
0.16666666666666666 0.000158052789631737
0.16666666666666666 0.000158052789631737
0.16666666666666666 0.000158052789631737
0.16666666666666666 0.000158052789631737
0.16666666666666666 0.000158052789631737
0.16666666666666666 0.000158052789631737
0.16666666666666666 0.000158052789631737
0.16666666666666666 0.000158052789631737
0.16666666666666666 0.000158052789631737
0.2 0.000158052789631737
0.2 0.000158052789631737
0.2 0.000158052789631737
0.2 0.000158052789631737
0.2 0.000158052789631737
0.2 0.000158052789631737
0.2 0.000158052789631737
0.2 0.000158052789631737
0.2 0.000158052789631737
0.2 0.000158052789631737
0.2 0.000158052789631737
0.2 0.000158052789631737
0.2 0.000158052789631737
0.2 0.000158052789631737
0.2 0.000158052789631737
0.2 0.000158052789631737
0.2 0.000158052789631737
0.2 0.000158052789631737
0.2 0.000158052789631737
0.2 0.000158052789631737
0.2 0.000158052789631737
1.4610996820647093e-06 1.395879920825691e-06
1.4610996820647093e-06 1.395879920825691e-06
1.4610996820647093e-06 1.395879920825691e-06
1.4610996820647093e-06 1.395879920825691e-06
1.4610996820647093e-06 1.395879920825691e-06
1.4610996820647093e-06 1.395879920825691e-06
1.4610996820647093e-06 1.395879920825691e-06
1.4610996820647093e-06 1.395879920825691e-06
1.4610996820647093e-06 1.395879920825691e-06
1.4610996820647093e-06 1.395879920825691e-06
1.4610996820647093e-06 1.395879920825691e-06
1.4610996820647093e-06 1.395879920825691e-06
1.4610996820647093e-06 1.395879920825691e-06
1.4610996820647093e-06 1.395879920825691e-06
1.4610996820647093e-06 1.395879920825691e-06
1.4610996820647093e-06 1.395879920825691e-06
1.4610996820647093e-06 1.395879920825691e-06
1.4610996820647093e-06 1.395879920825691e-06
1.4610996820647093e-06 1.395879920825691e-06
1.4610996820647093e-06 1.395879920825691e-06
1.4610996820647093e-06 1.395879920825691e-06
1.4886357546490095e-06 1.414847408706971e-06
1.4886357546490095e-06 1.414847408706971e-06
1.4886357546490095e-06 1.414847408706971e-06
1.4886357546490095e-06 1.414847408706971e-06
1.4886357546490095e-06 1.414847408706971e-06
1.4886357546490095e-06 1.414847408706971e-06
1.4886357546490095e-06 1.414847408706971e-06
1.4886357546490095e-06 1.414847408706971e-06
1.4886357546490095e-06 1.414847408706971e-06
1.4886357546490095e-06 1.414847408706971e-06
1.4886357546490095e-06 1.414847408706971e-06
1.4886357546490095e-06 1.414847408706971e-06
1.4886357546490095e-06 1.414847408706971e-06
1.4886357546490095e-06 1.414847408706971e-06
1.4886357546490095e-06 1.414847408706971e-06
1.4886357546490095e-06 1.414847408706971e-06
1.4886357546490095e-06 1.414847408706971e-06
1.4886357546490095e-06 1.414847408706971e-06
1.4886357546490095e-06 1.414847408706971e-06
1.4886357546490095e-06 1.414847408706971e-06
1.4886357546490095e-06 1.414847408706971e-06
0.2 0.000158052789631737
0.2 0.000158052789631737
0.2 0.000158052789631737
0.2 0.000158052789631737
0.2 0.000158052789631737
0.2 0.000158052789631737
0.2 0.000158052789631737
0.2 0.000158052789631737
1.4884274763712138e-06 1.414847408706971e-06
1.4884274763712138e-06 1.414847408706971e-06
1.4886978062549128e-06 1.414847408706971e-06
1.4886978062549128e-06 1.414847408706971e-06
5.953709905484855e-06 1.414847408706971e-06
2.977271509298019e-06 1.414847408706971e-06
2.977271509298019e-06 1.414847408706971e-06
1.4610996820647093e-06 1.395879920825691e-06
0.16666666666666666 0.000158052789631737
0.16666666666666666 0.000158052789631737
1.4884274763712138e-06 1.414847408706971e-06
0.0013472093414453696 1.414847408706971e-06
0.16666666666666666 0.000158052789631737
0.16666666666666666 0.000158052789631737
1.4886357546490095e-06 1.414847408706971e-06
1.4886357546490095e-06 1.414847408706971e-06
1.4886357546490095e-06 1.414847408706971e-06
1.4886357546490095e-06 1.414847408706971e-06
1.4886357546490095e-06 1.414847408706971e-06
1.4886357546490095e-06 1.414847408706971e-06
1.4886357546490095e-06 1.414847408706971e-06
1.4886357546490095e-06 1.414847408706971e-06
1.4886357546490095e-06 1.414847408706971e-06
1.4886357546490095e-06 1.414847408706971e-06
1.4886357546490095e-06 1.414847408706971e-06
0.2 0.000158052789631737
0.2 0.000158052789631737
0.25 0.000158052789631737
0.25 0.000158052789631737
0.25 0.000158052789631737
0.25 0.000158052789631737
0.25 0.000158052789631737
0.25 0.000158052789631737
0.2 0.000158052789631737
0.16666666666666666 0.000158052789631737
0.16666666666666666 0.000158052789631737
0.16666666666666666 0.000158052789631737
0.16666666666666666 0.000158052789631737
0.16666666666666666 0.000158052789631737
0.16666666666666666 0.000158052789631737
0.16666666666666666 0.000158052789631737
0.16666666666666666 0.000158052789631737
0.16666666666666666 0.000158052789631737
1.4884274763712138e-06 1.414847408706971e-06
1.4884274763712138e-06 1.414847408706971e-06
1.4884274763712138e-06 1.414847408706971e-06
1.4884274763712138e-06 1.414847408706971e-06
1.4884274763712138e-06 1.414847408706971e-06
1.4884274763712138e-06 1.414847408706971e-06
1.4884274763712138e-06 1.414847408706971e-06
1.4884274763712138e-06 1.414847408706971e-06
1.4884274763712138e-06 1.414847408706971e-06
0.001347271514660696 1.414847408706971e-06
5.954543018596038e-06 1.414847408706971e-06
0.00012356191791915776 1.414847408706971e-06
0.00012356191791915776 1.414847408706971e-06
0.00012356191791915776 1.414847408706971e-06
0.00012356191791915776 1.414847408706971e-06
0.00012356191791915776 1.414847408706971e-06
0.00012356191791915776 1.414847408706971e-06
0.001322295212268562 1.395879920825691e-06
1.4886867252316024e-06 1.414847408706971e-06
1.4610996820647093e-06 1.395879920825691e-06
1.4610996820647093e-06 1.395879920825691e-06
1.4886867252316024e-06 1.414847408706971e-06
1.4886867252316024e-06 1.414847408706971e-06
1.4886867252316024e-06 1.414847408706971e-06
1.4886867252316024e-06 1.414847408706971e-06
1.4886867252316024e-06 1.414847408706971e-06
1.4886867252316024e-06 1.414847408706971e-06
1.4886867252316024e-06 1.414847408706971e-06
1.4886867252316024e-06 1.414847408706971e-06
1.4886867252316024e-06 1.414847408706971e-06
1.488629106569469e-06 1.414847408706971e-06
1.488629106569469e-06 1.414847408706971e-06
1.488629106569469e-06 1.414847408706971e-06
1.488629106569469e-06 1.414847408706971e-06
1.488629106569469e-06 1.414847408706971e-06
1.488629106569469e-06 1.414847408706971e-06
1.488629106569469e-06 1.414847408706971e-06
1.488629106569469e-06 1.414847408706971e-06
1.488629106569469e-06 1.414847408706971e-06
1.488629106569469e-06 1.414847408706971e-06
1.488629106569469e-06 1.414847408706971e-06
1.488629106569469e-06 1.414847408706971e-06
1.488629106569469e-06 1.414847408706971e-06
1.488629106569469e-06 1.414847408706971e-06
1.488629106569469e-06 1.414847408706971e-06
1.488629106569469e-06 1.414847408706971e-06
1.488629106569469e-06 1.414847408706971e-06
1.488629106569469e-06 1.414847408706971e-06
1.488629106569469e-06 1.414847408706971e-06
1.488629106569469e-06 1.414847408706971e-06
1.488629106569469e-06 1.414847408706971e-06
1.488629106569469e-06 1.414847408706971e-06
1.488629106569469e-06 1.414847408706971e-06
1.488629106569469e-06 1.414847408706971e-06
1.488629106569469e-06 1.414847408706971e-06
1.488629106569469e-06 1.414847408706971e-06
1.488629106569469e-06 1.414847408706971e-06
1.488629106569469e-06 1.414847408706971e-06
1.488629106569469e-06 1.414847408706971e-06
1.488629106569469e-06 1.414847408706971e-06
0.2 0.000158052789631737
0.2 0.000158052789631737
0.16666666666666666 0.000158052789631737
0.16666666666666666 0.000158052789631737
0.16666666666666666 0.000158052789631737
0.16666666666666666 0.000158052789631737
0.16666666666666666 0.000158052789631737
0.16666666666666666 0.000158052789631737
0.16666666666666666 0.000158052789631737
1.4886978062549128e-06 1.414847408706971e-06
0.25 0.000158052789631737
1.4884274763712138e-06 1.414847408706971e-06
1.4884274763712138e-06 1.414847408706971e-06
1.4884274763712138e-06 1.414847408706971e-06
1.4884274763712138e-06 1.414847408706971e-06
1.4884274763712138e-06 1.414847408706971e-06
1.4884274763712138e-06 1.414847408706971e-06
1.4884274763712138e-06 1.414847408706971e-06
1.4884274763712138e-06 1.414847408706971e-06
1.4884274763712138e-06 1.414847408706971e-06
1.4884274763712138e-06 1.414847408706971e-06
1.4884274763712138e-06 1.414847408706971e-06
1.4884274763712138e-06 1.414847408706971e-06
1.4884274763712138e-06 1.414847408706971e-06
1.4884274763712138e-06 1.414847408706971e-06
1.4884274763712138e-06 1.414847408706971e-06
1.4884274763712138e-06 1.414847408706971e-06
1.4884274763712138e-06 1.414847408706971e-06
1.4884274763712138e-06 1.414847408706971e-06
1.4884274763712138e-06 1.414847408706971e-06
1.4884274763712138e-06 1.414847408706971e-06
1.4884274763712138e-06 1.414847408706971e-06
0.2 0.000158052789631737
0.2 0.000158052789631737
0.2 0.000158052789631737
0.2 0.000158052789631737
0.2 0.000158052789631737
0.2 0.000158052789631737
0.16666666666666666 0.000158052789631737
0.00012355676763586777 1.414847408706971e-06
0.00012355676763586777 1.414847408706971e-06
0.00012355676763586777 1.414847408706971e-06
0.00012355676763586777 1.414847408706971e-06
0.00012355676763586777 1.414847408706971e-06
0.00012355676763586777 1.414847408706971e-06
1.4886867252316024e-06 1.414847408706971e-06
1.4886867252316024e-06 1.414847408706971e-06
1.4886867252316024e-06 1.414847408706971e-06
1.4886867252316024e-06 1.414847408706971e-06
1.4886867252316024e-06 1.414847408706971e-06
1.4886867252316024e-06 1.414847408706971e-06
1.4886867252316024e-06 1.414847408706971e-06
1.4886867252316024e-06 1.414847408706971e-06
1.4886867252316024e-06 1.414847408706971e-06
1.4886867252316024e-06 1.414847408706971e-06
1.4886867252316024e-06 1.414847408706971e-06
1.4886867252316024e-06 1.414847408706971e-06
1.4886867252316024e-06 1.414847408706971e-06
1.4886867252316024e-06 1.414847408706971e-06
1.4886867252316024e-06 1.414847408706971e-06
1.4886867252316024e-06 1.414847408706971e-06
1.4886867252316024e-06 1.414847408706971e-06
1.4886867252316024e-06 1.414847408706971e-06
1.4886867252316024e-06 1.414847408706971e-06
1.4886867252316024e-06 1.414847408706971e-06
1.4886867252316024e-06 1.414847408706971e-06
0.2 0.000158052789631737
0.2 0.000158052789631737
0.2 0.000158052789631737
0.2 0.000158052789631737
0.2 0.000158052789631737
0.2 0.000158052789631737
0.2 0.000158052789631737
1.4883831693631207e-06 1.414847408706971e-06
1.4883831693631207e-06 1.414847408706971e-06
1.4883831693631207e-06 1.414847408706971e-06
1.4883831693631207e-06 1.414847408706971e-06
1.4883831693631207e-06 1.414847408706971e-06
1.4883831693631207e-06 1.414847408706971e-06
1.4883831693631207e-06 1.414847408706971e-06
1.4883831693631207e-06 1.414847408706971e-06
1.4883831693631207e-06 1.414847408706971e-06
1.4883831693631207e-06 1.414847408706971e-06
1.4883831693631207e-06 1.414847408706971e-06
1.4883831693631207e-06 1.414847408706971e-06
1.4883831693631207e-06 1.414847408706971e-06
1.4883831693631207e-06 1.414847408706971e-06
1.4883831693631207e-06 1.414847408706971e-06
1.4883831693631207e-06 1.414847408706971e-06
1.4883831693631207e-06 1.414847408706971e-06
1.4883831693631207e-06 1.414847408706971e-06
1.4883831693631207e-06 1.414847408706971e-06
1.4883831693631207e-06 1.414847408706971e-06
1.4883831693631207e-06 1.414847408706971e-06
0.0013472153579573536 1.414847408706971e-06
1.4886357546490095e-06 1.414847408706971e-06
5.954516426277876e-06 1.414847408706971e-06
0.25 0.000158052789631737
0.25 0.000158052789631737
0.0013472153579573536 1.414847408706971e-06
2.9768549527424277e-06 1.414847408706971e-06
2.9768549527424277e-06 1.414847408706971e-06
1.488629106569469e-06 1.414847408706971e-06
0.2 0.000158052789631737
0.2 0.000158052789631737
0.2 0.000158052789631737
0.2 0.000158052789631737
0.2 0.000158052789631737
0.2 0.000158052789631737
0.2 0.000158052789631737
0.2 0.000158052789631737
0.2 0.000158052789631737
0.2 0.000158052789631737
0.2 0.000158052789631737
0.2 0.000158052789631737
0.2 0.000158052789631737
0.2 0.000158052789631737
0.2 0.000158052789631737
0.2 0.000158052789631737
0.2 0.000158052789631737
0.2 0.000158052789631737
0.2 0.000158052789631737
0.2 0.000158052789631737
0.2 0.000158052789631737
0.0013472614863346002 1.414847408706971e-06
1.4886357546490095e-06 1.414847408706971e-06
1.4886357546490095e-06 1.414847408706971e-06
1.4886357546490095e-06 1.414847408706971e-06
1.4886357546490095e-06 1.414847408706971e-06
1.4886357546490095e-06 1.414847408706971e-06
1.4886357546490095e-06 1.414847408706971e-06
1.4886357546490095e-06 1.414847408706971e-06
1.4610996820647093e-06 1.395879920825691e-06
1.4610996820647093e-06 1.395879920825691e-06
1.4610996820647093e-06 1.395879920825691e-06
1.4610996820647093e-06 1.395879920825691e-06
1.4610996820647093e-06 1.395879920825691e-06
1.4610996820647093e-06 1.395879920825691e-06
1.4610996820647093e-06 1.395879920825691e-06
1.488629106569469e-06 1.414847408706971e-06
1.488629106569469e-06 1.414847408706971e-06
0.0013470268661159486 1.414847408706971e-06