0.04159627569713656 0.03906858385426197
0.04159627569713656 0.03906858385426197
0.04159627569713656 0.03906858385426197
0.04159627569713656 0.03906858385426197
0.04159627569713656 0.03906858385426197
0.04159627569713656 0.03906858385426197
0.04159627569713656 0.03906858385426197
0.028259935233215742 0.028834410652050876
0.028259935233215742 0.028834410652050876
0.028259935233215742 0.028834410652050876
0.028259935233215742 0.028834410652050876
0.028259935233215742 0.028834410652050876
0.028259935233215742 0.028834410652050876
0.028259935233215742 0.028834410652050876
0.028259935233215742 0.028834410652050876
0.028259935233215742 0.028834410652050876
0.028259935233215742 0.028834410652050876
0.3610386515572539 0.3599322544543122
0.3610386515572539 0.3599322544543122
0.3610386515572539 0.3599322544543122
0.3610386515572539 0.3599322544543122
0.3610386515572539 0.3599322544543122
0.3610386515572539 0.3599322544543122
0.3610386515572539 0.3599322544543122
0.3610386515572539 0.3599322544543122
0.3610386515572539 0.3599322544543122
0.3610386515572539 0.3599322544543122
0.3610386515572539 0.3599322544543122
0.3610386515572539 0.3599322544543122
0.3610386515572539 0.3599322544543122
0.013766133184678953 0.013634216607020515
0.04423035187683247 0.04356651361506743
0.009957573926475657 0.01036608977986953
0.009957573926475657 0.01036608977986953
0.009957573926475657 0.01036608977986953
0.009957573926475657 0.01036608977986953
0.0682774673719239 0.0652987059409269
0.005336238334957467 0.0056000714902743436
0.005336238334957467 0.0056000714902743436
0.005336238334957467 0.0056000714902743436
0.005336238334957467 0.0056000714902743436
0.005336238334957467 0.0056000714902743436
0.005336238334957467 0.0056000714902743436
0.005336238334957467 0.0056000714902743436
0.020144938020485368 0.021366230207194133
0.020144938020485368 0.021366230207194133
0.020144938020485368 0.021366230207194133
0.020144938020485368 0.021366230207194133
0.020144938020485368 0.021366230207194133
0.020144938020485368 0.021366230207194133