0.005743205168427754 0.008849709903518677
0.03200633853618428 0.008849566079241908
0.03200633853618428 0.008849566079241908
0.03200633853618428 0.008849566079241908
9.387236654113498e-07 0.008849558385771221
0.013160370359606145 0.008849511881311571
0.0013750450859680158 0.008849636046886508
0.00665534218250749 0.008849558385771221
0.00665534218250749 0.008849558385771221
0.00665534218250749 0.008849558385771221
7.614963097888827e-07 0.008849709903518677
0.01960239508710391 0.008849511881311571
0.01960239508710391 0.008849511881311571
0.01960239508710391 0.008849511881311571
0.01960239508710391 0.008849511881311571
0.01960239508710391 0.008849511881311571
0.01960239508710391 0.008849511881311571
0.01960239508710391 0.008849511881311571
0.01960239508710391 0.008849511881311571
0.01960239508710391 0.008849511881311571
0.01960239508710391 0.008849511881311571
2.462032383111935e-06 0.008849636046886508
0.030593875742078155 0.008849709903518677
0.030593875742078155 0.008849709903518677
0.030593875742078155 0.008849709903518677
0.030593875742078155 0.008849709903518677
0.030593875742078155 0.008849709903518677
0.03714822619987916 0.008849566079241908
0.13058373556787392 0.008849636046886508
0.13058373556787392 0.008849636046886508
0.13058373556787392 0.008849636046886508
0.13058373556787392 0.008849636046886508
0.13058373556787392 0.008849636046886508
0.031139107099886994 0.008849709903518677
0.031139107099886994 0.008849709903518677
0.031139107099886994 0.008849709903518677
0.025111066655012587 0.008849558385771221
0.5346640735178997 0.008849709903518677
0.5346640735178997 0.008849709903518677
0.5346640735178997 0.008849709903518677
0.5346640735178997 0.008849709903518677
0.5346640735178997 0.008849709903518677
0.5346640735178997 0.008849709903518677
0.5346640735178997 0.008849709903518677
0.5346640735178997 0.008849709903518677
0.021772834783241615 0.008849566079241908
0.021772834783241615 0.008849566079241908
0.021772834783241615 0.008849566079241908
0.021772834783241615 0.008849566079241908
0.021772834783241615 0.008849566079241908
0.002244383981369047 0.008849558385771221
0.014544151508686317 0.008849470347041307
1.2310161915559676e-06 0.008849636046886508
0.02284728174277182 0.008849470347041307
0.02284728174277182 0.008849470347041307
0.02284728174277182 0.008849470347041307
4.340825091010824e-07 0.008849470347041307
0.0006670707673750612 0.008849709903518677
0.006659042730865154 0.008849470347041307
0.006659042730865154 0.008849470347041307
0.006659042730865154 0.008849470347041307
6.258157769408998e-07 0.008849558385771221
0.12703837007226823 0.008849470347041307
0.12703837007226823 0.008849470347041307
0.12703837007226823 0.008849470347041307
0.12703837007226823 0.008849470347041307
0.12703837007226823 0.008849470347041307
0.30712647892870093 0.008849511881311571
0.30712647892870093 0.008849511881311571
0.30712647892870093 0.008849511881311571
0.30712647892870093 0.008849511881311571
0.30712647892870093 0.008849511881311571
0.30712647892870093 0.008849511881311571
0.30712647892870093 0.008849511881311571
0.30712647892870093 0.008849511881311571
0.05863051032941954 0.008849511881311571
0.05863051032941954 0.008849511881311571
0.05863051032941954 0.008849511881311571
0.001579343346502143 0.008849709903518677
0.15064703253600334 0.008849470347041307
0.15064703253600334 0.008849470347041307
0.15064703253600334 0.008849470347041307
0.15064703253600334 0.008849470347041307
0.15064703253600334 0.008849470347041307
0.15064703253600334 0.008849470347041307
0.15064703253600334 0.008849470347041307
0.15064703253600334 0.008849470347041307
0.06224770497709201 0.008849558385771221
0.06224770497709201 0.008849558385771221
0.06224770497709201 0.008849558385771221
0.06224770497709201 0.008849558385771221
0.06224770497709201 0.008849558385771221
0.06401128359527915 0.008849511881311571
0.06401128359527915 0.008849511881311571
0.06401128359527915 0.008849511881311571
0.06401128359527915 0.008849511881311571
0.06401128359527915 0.008849511881311571
0.008038355046131446 0.008849709903518677
0.00032920319714977553 0.008849511881311571
0.0016481901512033499 0.008849558385771221
0.0033491635989694015 0.008849470347041307
0.23208941322052518 0.008849558385771221
0.23208941322052518 0.008849558385771221
0.23208941322052518 0.008849558385771221
0.23208941322052518 0.008849558385771221
0.23208941322052518 0.008849558385771221
0.23208941322052518 0.008849558385771221
0.23208941322052518 0.008849558385771221
0.23208941322052518 0.008849558385771221
0.018779897044960484 0.008849558385771221
0.018779897044960484 0.008849558385771221
0.018779897044960484 0.008849558385771221
0.018779897044960484 0.008849558385771221
0.018779897044960484 0.008849558385771221
0.018779897044960484 0.008849558385771221
0.018779897044960484 0.008849558385771221
0.018779897044960484 0.008849558385771221
0.018779897044960484 0.008849558385771221
0.018779897044960484 0.008849558385771221
0.03819572722192241 0.008849558385771221
0.03819572722192241 0.008849558385771221
0.03819572722192241 0.008849558385771221
0.03819572722192241 0.008849558385771221
0.03819572722192241 0.008849558385771221
0.07910242155098114 0.008849470347041307
0.07910242155098114 0.008849470347041307
0.07910242155098114 0.008849470347041307
0.07910242155098114 0.008849470347041307
0.07910242155098114 0.008849470347041307
0.01529554755134226 0.008849511881311571
0.01529554755134226 0.008849511881311571
0.01529554755134226 0.008849511881311571
0.03955442516620227 0.008849511881311571
0.03955442516620227 0.008849511881311571
0.03955442516620227 0.008849511881311571
0.03955442516620227 0.008849511881311571
0.03955442516620227 0.008849511881311571
0.06394043235108766 0.008849558385771221
0.06394043235108766 0.008849558385771221
0.06394043235108766 0.008849558385771221
0.005082055237665807 0.008849566079241908
0.005082055237665807 0.008849566079241908
0.005082055237665807 0.008849566079241908
0.005082055237665807 0.008849566079241908
0.005082055237665807 0.008849566079241908
0.005082055237665807 0.008849566079241908
0.005082055237665807 0.008849566079241908
0.005082055237665807 0.008849566079241908
0.005082055237665807 0.008849566079241908
0.005082055237665807 0.008849566079241908
0.6478081439333775 0.008849566079241908
0.6478081439333775 0.008849566079241908
0.6478081439333775 0.008849566079241908
0.6478081439333775 0.008849566079241908
0.6478081439333775 0.008849566079241908
0.6478081439333775 0.008849566079241908
0.6478081439333775 0.008849566079241908
0.6478081439333775 0.008849566079241908
0.1728949930878441 0.008849636046886508
0.1728949930878441 0.008849636046886508
0.1728949930878441 0.008849636046886508
7.614963097888827e-07 0.008849709903518677
0.0002546027185854561 0.008849558385771221
0.000804901599446849 0.008849709903518677
0.0019862545373334783 0.008849511881311571
0.048142558201162956 0.008849709903518677
0.048142558201162956 0.008849709903518677
0.048142558201162956 0.008849709903518677
0.00728475207632397 0.008849566079241908
0.0009816835672709228 0.008849566079241908
0.0037602397350881265 0.008849470347041307
0.007155780823086131 0.008849709903518677
0.007155780823086131 0.008849709903518677
0.007155780823086131 0.008849709903518677
0.007155780823086131 0.008849709903518677
0.007155780823086131 0.008849709903518677
0.007155780823086131 0.008849709903518677
0.007155780823086131 0.008849709903518677
0.007155780823086131 0.008849709903518677
0.007155780823086131 0.008849709903518677
0.007155780823086131 0.008849709903518677
2.170412545505412e-07 0.008849470347041307
0.00013787381345426835 0.008849636046886508
0.00013787381345426835 0.008849636046886508
0.00013787381345426835 0.008849636046886508
0.026095264941991846 0.008849566079241908
0.026095264941991846 0.008849566079241908
0.026095264941991846 0.008849566079241908
0.0327980567287145 0.008849511881311571
0.009103742107159269 0.008849558385771221
0.009103742107159269 0.008849558385771221
0.009103742107159269 0.008849558385771221
0.039075673386770336 0.008849470347041307
0.039075673386770336 0.008849470347041307
0.039075673386770336 0.008849470347041307
0.039075673386770336 0.008849470347041307
0.039075673386770336 0.008849470347041307
0.039075673386770336 0.008849470347041307
0.039075673386770336 0.008849470347041307
0.039075673386770336 0.008849470347041307
0.039075673386770336 0.008849470347041307
0.039075673386770336 0.008849470347041307
0.007816952816380394 0.008849636046886508
0.005196357001199272 0.008849558385771221
0.003611729467302682 0.008849511881311571
0.04552913384469746 0.008849636046886508
0.10166470319584113 0.008849636046886508
0.10166470319584113 0.008849636046886508
0.10166470319584113 0.008849636046886508
0.10166470319584113 0.008849636046886508
0.10166470319584113 0.008849636046886508
0.0001021743438991453 0.008849636046886508
0.0001021743438991453 0.008849636046886508
0.0001021743438991453 0.008849636046886508
0.0001021743438991453 0.008849636046886508
0.0001021743438991453 0.008849636046886508
0.0001021743438991453 0.008849636046886508
0.0001021743438991453 0.008849636046886508
0.0001021743438991453 0.008849636046886508
0.012673583083816376 0.008849709903518677
0.012673583083816376 0.008849709903518677
0.012673583083816376 0.008849709903518677
0.07337930740387633 0.008849709903518677
0.02336861483620222 0.008849470347041307
0.02336861483620222 0.008849470347041307
0.02336861483620222 0.008849470347041307
0.0012371334883826688 0.008849558385771221
0.0034160699315678097 0.008849636046886508
1.0430262949014997e-07 0.008849558385771221
0.0010537498599719082 0.008849636046886508
0.00034777755609948077 0.008849511881311571
0.0039803412112664905 0.008849709903518677
0.0039803412112664905 0.008849709903518677
0.0039803412112664905 0.008849709903518677
0.0039803412112664905 0.008849709903518677
0.0039803412112664905 0.008849709903518677
1.085206272752706e-06 0.008849470347041307
0.00022715348386139508 0.008849511881311571
1.1286145236628142e-05 0.008849470347041307
0.00565600156112024 0.008849511881311571
2.141514325966014e-05 0.008849511881311571
0.025015728111593 0.008849511881311571
0.025015728111593 0.008849511881311571
0.025015728111593 0.008849511881311571
0.021889929918248216 0.008849636046886508
0.06973214318687934 0.008849636046886508
0.06973214318687934 0.008849636046886508
0.06973214318687934 0.008849636046886508
0.0647644996512347 0.008849709903518677
0.0647644996512347 0.008849709903518677
0.0647644996512347 0.008849709903518677
0.0008887936903034085 0.008849636046886508
0.0008887936903034085 0.008849636046886508
0.0008887936903034085 0.008849636046886508
3.084145671602019e-07 0.008849566079241908
0.005438606644512201 0.008849709903518677
0.0016994445829630299 0.008849511881311571
0.0084046347711399 0.008849709903518677
0.011885513770046378 0.008849511881311571
0.011885513770046378 0.008849511881311571
0.011885513770046378 0.008849511881311571
0.009912057054068666 0.008849470347041307
0.04046460804055282 0.008849566079241908
0.04046460804055282 0.008849566079241908
0.04046460804055282 0.008849566079241908
2.170412545505412e-07 0.008849470347041307
0.09542913288329105 0.008849470347041307
0.09542913288329105 0.008849470347041307
0.09542913288329105 0.008849470347041307
0.0060405964519651325 0.008849636046886508
0.035189725440016285 0.008849558385771221
0.035189725440016285 0.008849558385771221
0.035189725440016285 0.008849558385771221
0.03958209462329058 0.008849636046886508
0.03958209462329058 0.008849636046886508
0.03958209462329058 0.008849636046886508
0.03958209462329058 0.008849636046886508
0.03958209462329058 0.008849636046886508
0.03958209462329058 0.008849636046886508
0.03958209462329058 0.008849636046886508
0.03958209462329058 0.008849636046886508
0.03958209462329058 0.008849636046886508
0.03958209462329058 0.008849636046886508
0.0021866906395967027 0.008849470347041307
3.0775404788899187e-05 0.008849636046886508
2.0443315380069395e-05 0.008849558385771221