2.802902138109649e-06 8.390224976657547e-06
6.868910530054303e-07 8.390251234012843e-06
2.803297366915913e-06 8.390224976657547e-06
2.193231081526111e-07 8.390251234012843e-06
9.640576182532356e-08 8.390251234012843e-06
8.020217801083647e-06 8.390251234012843e-06
2.8033813750790087e-06 8.390224976657547e-06
2.8033808727608518e-06 8.390224976657547e-06
2.6993613311090594e-07 8.390251234012843e-06
3.992805302265484e-06 8.390251234012843e-06
2.5306512479147435e-06 8.390251234012843e-06
2.277586123123269e-06 8.390251234012843e-06
1.518390748748846e-06 8.390251234012843e-06
1.8347221547381889e-06 8.390251234012843e-06
9.18532675169055e-07 8.390251234012843e-06
2.8921728547597067e-07 8.390251234012843e-06
6.186036383791595e-07 8.390251234012843e-06
2.8033713665141065e-06 8.390224976657547e-06
6.9508554276058285e-06 8.390251234012843e-06
2.8027859046446173e-06 8.390224976657547e-06
2.8033874406233446e-06 8.390224976657547e-06
6.748403327772649e-07 8.390251234012843e-06
2.802781036475045e-06 8.390224976657547e-06
2.803369972979248e-06 8.390224976657547e-06
2.8258938935047966e-06 8.390251234012843e-06
2.6993613311090594e-07 8.390251234012843e-06
4.330225468654116e-06 8.390251234012843e-06
4.723882329440854e-06 8.390251234012843e-06
4.0490419966635893e-07 8.390251234012843e-06
4.9769474542323286e-06 8.390251234012843e-06
5.904852911801067e-07 8.390251234012843e-06
2.803378051470217e-06 8.390224976657547e-06
2.803386281130033e-06 8.390224976657547e-06
2.8034132136365212e-06 8.390224976657547e-06
2.8033835769534934e-06 8.390224976657547e-06
2.7546660826714287e-06 8.390224815051143e-06
3.306717630608598e-06 8.390251234012843e-06
1.978299057730612e-06 8.390251234012843e-06
2.8036137848463114e-06 8.390224976657547e-06
2.8033850461664457e-06 8.390224976657547e-06
4.47081720464938e-06 8.390251234012843e-06
6.748403327772649e-07 8.390251234012843e-06
2.80340842062986e-06 8.390224976657547e-06
2.803401467805292e-06 8.390224976657547e-06
6.1647576345598796e-06 8.390251234012843e-06
5.4951284240434425e-06 8.390251234012843e-06
2.8032466734012055e-06 8.390224976657547e-06
2.8032355835227143e-06 8.390224976657547e-06
2.8033214771106663e-06 8.390224976657547e-06
6.627896125490994e-08 8.390251234012843e-06