3.1504122818576857e-07 2.399606201934798e-07
3.1504122818576857e-07 2.399606201934798e-07
3.004832135950163e-07 2.399604250085575e-07
2.822322943069537e-07 2.399602201267029e-07
3.951054395883195e-07 2.3996161153554596e-07
3.065124429935028e-07 2.3996046598482507e-07
3.828880997056897e-07 2.399553501562728e-07
3.300201070315347e-07 2.399597331324234e-07
3.300201070315347e-07 2.399597331324234e-07
3.300201070315347e-07 2.399597331324234e-07
3.300201070315347e-07 2.399597331324234e-07
3.200724894023023e-07 2.3996069968871686e-07
3.174493110948928e-07 2.399606150602517e-07
3.174493110948928e-07 2.399606150602517e-07
3.174493110948928e-07 2.399606150602517e-07
3.174493110948928e-07 2.399606150602517e-07
3.119302885409417e-07 2.399553501562728e-07
3.2368201793565425e-07 2.3996046598482507e-07
3.2368201793565425e-07 2.3996046598482507e-07
3.2368201793565425e-07 2.3996046598482507e-07
3.2368201793565425e-07 2.3996046598482507e-07
3.2368201793565425e-07 2.3996046598482507e-07
3.2368201793565425e-07 2.3996046598482507e-07
3.2368201793565425e-07 2.3996046598482507e-07
3.0773139806286774e-07 2.3996069968871686e-07
2.7802629286713103e-07 2.3996073532454497e-07
2.7802629286713103e-07 2.3996073532454497e-07
2.7802629286713103e-07 2.3996073532454497e-07
3.414305508057415e-07 2.399598375775336e-07
3.244586299406039e-07 2.399604506187288e-07
3.244586299406039e-07 2.399604506187288e-07
3.244586299406039e-07 2.399604506187288e-07
3.244586299406039e-07 2.399604506187288e-07
3.244586299406039e-07 2.399604506187288e-07
3.114623543360471e-07 2.399597331324234e-07
2.960759090429772e-07 2.3996054034511774e-07
2.960759090429772e-07 2.3996054034511774e-07
3.2759460599066434e-07 2.3996026149419606e-07
3.236573816209225e-07 2.3996041325479784e-07
3.236573816209225e-07 2.3996041325479784e-07
3.236573816209225e-07 2.3996041325479784e-07
3.236573816209225e-07 2.3996041325479784e-07
3.1635483167972213e-07 2.399604916245885e-07
3.1635483167972213e-07 2.399604916245885e-07
3.1635483167972213e-07 2.399604916245885e-07
3.1635483167972213e-07 2.399604916245885e-07
3.1635483167972213e-07 2.399604916245885e-07
3.1635483167972213e-07 2.399604916245885e-07
3.1635483167972213e-07 2.399604916245885e-07
3.149177270352382e-07 2.3996024376530234e-07