9.650269313880378e-06 2.6602238908795374e-06
9.195544581812716e-05 2.6602238908795374e-06
9.195544581812716e-05 2.6602238908795374e-06
1.879005914784308e-05 2.6602238908795374e-06
1.879005914784308e-05 2.6602238908795374e-06
1.1384644177370855e-05 2.6602238908795374e-06
1.4148897239713075e-05 2.6602238908795374e-06
1.9452113538449976e-05 2.6602238908795374e-06
3.713585311885905e-05 2.6602238908795374e-06
1.961686151443368e-05 2.6602238908795374e-06
9.195544581812716e-05 2.6602238908795374e-06
2.0970002897499654e-05 2.6602238908795374e-06
9.368171563430995e-07 2.6602238908795374e-06
1.3962341709217189e-05 2.6602238908795374e-06
2.8605392802808085e-06 2.660122361271639e-06
1.747330677120587e-05 2.6602238908795374e-06
6.135275204425257e-05 2.6602238908795374e-06
1.3136492259732452e-05 2.6602238908795374e-06
2.9595703047767956e-06 2.6602238908795374e-06
2.9595703047767956e-06 2.6602238908795374e-06
9.195544581812716e-05 2.6602238908795374e-06
9.195544581812716e-05 2.6602238908795374e-06
7.736636066428967e-06 2.6602238908795374e-06
1.8965941787754335e-05 2.6602238908795374e-06
6.666621010541453e-06 2.6602238908795374e-06
8.571701546614951e-06 2.6602238908795374e-06
9.195544581812716e-05 2.6602238908795374e-06
9.195544581812716e-05 2.6602238908795374e-06
1.9452113538449976e-05 2.6602238908795374e-06
1.9452113538449976e-05 2.6602238908795374e-06
4.0893647779695976e-05 2.6602238908795374e-06
1.0898001244880414e-05 2.6602238908795374e-06
4.1556788013961314e-05 2.6602238908795374e-06
9.195544581812716e-05 2.6602238908795374e-06
4.1556788013961314e-05 2.6602238908795374e-06
4.7525050122349376e-05 2.6602238908795374e-06
1.3791619444602244e-06 2.6601209724425286e-06
1.503117864334771e-05 2.6602238908795374e-06
9.195544581812716e-05 2.6602238908795374e-06
1.0484885023870897e-05 2.6602238908795374e-06
5.268280749996868e-06 2.6602238908795374e-06
6.0787854807656177e-05 2.6602238908795374e-06
6.0787854807656177e-05 2.6602238908795374e-06
6.0787854807656177e-05 2.6602238908795374e-06
2.298886145453179e-05 2.6602238908795374e-06
1.7307124658346294e-06 2.660121087848597e-06
1.7307124658346294e-06 2.660121087848597e-06