0.00011990937568611153 1.0507238488269512e-05
6.693627666461529e-06 1.0507238488269512e-05
9.790679273331788e-06 1.0507238488269512e-05
1.3648163972691386e-05 1.0507238488269512e-05
8.092296134080356e-05 1.0507238488269512e-05
1.6484306939793318e-05 1.0507238488269512e-05
0.00012607997186678282 1.0507238488269512e-05
1.7768798389647342e-05 1.0507238488269512e-05
6.0142744107609556e-05 1.0507238488269512e-05
3.030448346507458e-05 1.0507238488269512e-05
1.5485258034351297e-05 1.0507238488269512e-05
2.2700611240321436e-05 1.0507238488269512e-05
7.99526057459617e-05 1.0507238488269512e-05
2.2784760520887342e-05 1.0507238488269512e-05
2.549001921599209e-05 1.0507238488269512e-05
2.3807122853086414e-06 1.0507238488269512e-05
3.13748930066196e-05 1.0507238488269512e-05
2.1898071954418314e-05 1.0507238488269512e-05
2.5278260677230626e-05 1.0507238488269512e-05
2.551142740682299e-05 1.0507238488269512e-05
4.046148067040178e-05 1.0507238488269512e-05
1.0664847065593556e-05 1.0507238488269512e-05
5.733003718921125e-05 1.0507238488269512e-05
6.556258441963251e-06 1.0507238488269512e-05
1.6484306939793318e-05 1.0507238488269512e-05
1.919990351004026e-05 1.0507238488269512e-05
1.2607045711530242e-05 1.0507238488269512e-05
2.1763896155475373e-05 1.0507238488269512e-05
7.417938122906993e-05 1.0507238488269512e-05
2.6269528226230768e-06 1.0507238488269512e-05
1.3948259718286653e-05 1.0507238488269512e-05
3.795205861657497e-05 1.0507238488269512e-05
2.705757452238802e-05 1.0507238488269512e-05
2.4097059599261503e-05 1.0507238488269512e-05
1.3824277711264197e-05 1.0507238488269512e-05
6.732720884500564e-07 1.0507238488269512e-05
4.325881760563943e-05 1.0507238488269512e-05
9.088908334874956e-06 1.0507238488269512e-05
4.995244527210096e-05 1.0507238488269512e-05
3.971219399132026e-05 1.0507238488269512e-05
5.7570193176096355e-05 1.0507238488269512e-05
9.36608348851893e-07 1.0507238488269512e-05
1.8140624861973507e-05 1.0507238488269512e-05
3.483350516974507e-05 1.0507238488269512e-05
7.81398965327865e-06 1.0507238488269512e-05
1.4726720902441616e-05 1.0507238488269512e-05
1.608146463921186e-05 1.0507238488269512e-05
6.519110262726087e-06 1.0507238488269512e-05
1.2595698978411811e-05 1.0508088405101502e-05
7.208191565070912e-06 1.0507238488269512e-05