0.11760297283922594 0.16247458952494495
0.09412795000767063 0.23353427666891577
0.09412795000767063 0.23353427666891577
0.11274916933535767 0.15701098271149908
0.007262815127161784 0.03364758081697292
0.007262815127161784 0.03364758081697292
0.007262815127161784 0.03364758081697292
0.007262815127161784 0.03364758081697292
0.007262815127161784 0.03364758081697292
0.007262815127161784 0.03364758081697292
0.05847984883803133 0.1585767537015013
0.09412795000767063 0.2421959844355881
0.03201467375282479 0.04517440230378689
0.12527081663147152 0.170303444474956
0.09412795000767063 0.22487247271875613
0.04530223015842863 0.17366823141169946
0.05847984883803133 0.1873937112350489
0.08298095711226393 0.10034313459099656
0.03201467375282479 0.04517440230378689
0.09412795000767063 0.23353427666891577
0.09412795000767063 0.22487247271875613
0.09412795000767063 0.22487247271875613
0.05076045069658486 0.10810533438429824
0.1112512077039126 0.1991204020085036
0.1112512077039126 0.20778220595866323
0.08008968148357258 0.12163104110449423
0.09412795000767063 0.23353427666891577
0.12527081663147152 0.14455137376470345
0.04446023991047241 0.2162107649520838
0.04446023991047241 0.2162107649520838
0.04446023991047241 0.2162107649520838
0.04446023991047241 0.2162107649520838
0.04446023991047241 0.2162107649520838
0.04446023991047241 0.2162107649520838
0.04446023991047241 0.2162107649520838
0.04446023991047241 0.2162107649520838
0.04446023991047241 0.2162107649520838
0.04446023991047241 0.2162107649520838
0.04446023991047241 0.2162107649520838
0.04446023991047241 0.2162107649520838
0.04446023991047241 0.2162107649520838
0.04446023991047241 0.2162107649520838
0.04446023991047241 0.2162107649520838
0.04446023991047241 0.2162107649520838
0.04446023991047241 0.2162107649520838
0.04446023991047241 0.2162107649520838
0.04446023991047241 0.2162107649520838
0.04446023991047241 0.2162107649520838
0.04446023991047241 0.2162107649520838
0.1112512077039126 0.1991204020085036