1.8844503850171135e-07 5.885995333582899e-07
2.0937780317515044e-07 5.885995333582899e-07
1.0782238049408146e-07 5.885995333582899e-07
2.1219242784389343e-07 5.885995333582899e-07
1.8844503850171135e-07 5.885995333582899e-07
2.507933494922043e-07 5.885995333582899e-07
2.507933494922043e-07 5.885995333582899e-07
2.507933494922043e-07 5.885995333582899e-07
2.507933494922043e-07 5.885995333582899e-07
1.0782238049408146e-07 5.885995333582899e-07
2.8448017750745646e-07 5.885995333582899e-07
2.507933494922043e-07 5.885995333582899e-07
1.2354270863274716e-08 5.885995333582899e-07
5.210877549842525e-07 5.885995333582899e-07
2.1219242784389343e-07 5.885995333582899e-07
2.1219242784389343e-07 5.885995333582899e-07
4.0366789378024937e-07 5.885995333582899e-07
2.507933494922043e-07 5.885995333582899e-07
2.0073186326276763e-07 5.885995333582899e-07
4.7528379482790377e-07 5.885995333582899e-07
4.7528379482790377e-07 5.885995333582899e-07
4.7528379482790377e-07 5.885995333582899e-07
4.7528379482790377e-07 5.885995333582899e-07
4.7528379482790377e-07 5.885995333582899e-07
4.7528379482790377e-07 5.885995333582899e-07
5.309561409603433e-07 5.885995333582899e-07
5.309561409603433e-07 5.885995333582899e-07
5.309561409603433e-07 5.885995333582899e-07
5.309561409603433e-07 5.885995333582899e-07
5.309561409603433e-07 5.885995333582899e-07
5.309561409603433e-07 5.885995333582899e-07
5.309561409603433e-07 5.885995333582899e-07
5.309561409603433e-07 5.885995333582899e-07
5.309561409603433e-07 5.885995333582899e-07
5.309561409603433e-07 5.885995333582899e-07
5.309561409603433e-07 5.885995333582899e-07
5.309561409603433e-07 5.885995333582899e-07
5.309561409603433e-07 5.885995333582899e-07
5.309561409603433e-07 5.885995333582899e-07
5.309561409603433e-07 5.885995333582899e-07
5.309561409603433e-07 5.885995333582899e-07
5.309561409603433e-07 5.885995333582899e-07
5.309561409603433e-07 5.885995333582899e-07
5.309561409603433e-07 5.885995333582899e-07
5.309561409603433e-07 5.885995333582899e-07
5.309561409603433e-07 5.885995333582899e-07
4.0366789378024937e-07 5.885995333582899e-07
3.3785682205963445e-07 5.885995333582899e-07
2.507933494922043e-07 5.885995333582899e-07
2.507933494922043e-07 5.885995333582899e-07