3.6170340692363774e-07 1.5700509106323294e-06
1.134413032441736e-06 1.5699077306277606e-06
2.4047400036332185e-07 1.569886011784289e-06
1.7998031494675424e-05 1.5732187373005234e-06
1.3313358720215649e-05 1.5692055737391198e-06
7.892800492918121e-07 1.5636011744441298e-06
2.3561043907852293e-07 1.5724759725671392e-06
4.97280062645063e-07 1.5700520788385552e-06
4.97280062645063e-07 1.5700520788385552e-06
8.57747228911566e-06 1.569911855375478e-06
4.66494198449816e-07 1.5700495820787077e-06
1.1327800714790064e-05 1.5702172315741957e-06
2.4047400036332185e-07 1.569538330643082e-06
5.399153413811038e-07 1.5700485091272653e-06
1.1327800714790064e-05 1.5702172315741957e-06
4.330786860737635e-07 1.5700515238313802e-06
2.5052159412815726e-07 1.5732187373005234e-06
4.97280062645063e-07 1.5700501386437925e-06
2.673019131596447e-07 1.5702172315741957e-06
2.425754494748106e-07 1.5692055737391198e-06
2.673019131596447e-07 1.5705512471807603e-06
6.925311504085386e-07 1.5700529285817885e-06
4.97280062645063e-07 1.5700519001637791e-06
2.367333517115883e-05 1.5709113265320194e-06
2.367333517115883e-05 1.5709113265320194e-06
2.367333517115883e-05 1.5709113265320194e-06
2.367333517115883e-05 1.5709113265320194e-06
2.367333517115883e-05 1.5709113265320194e-06
2.367333517115883e-05 1.5709113265320194e-06
2.367333517115883e-05 1.5709113265320194e-06
2.367333517115883e-05 1.5709113265320194e-06
2.367333517115883e-05 1.5709113265320194e-06
2.367333517115883e-05 1.5709113265320194e-06
2.367333517115883e-05 1.5709113265320194e-06
2.367333517115883e-05 1.5709113265320194e-06
2.367333517115883e-05 1.5709113265320194e-06
2.367333517115883e-05 1.5709113265320194e-06
2.367333517115883e-05 1.5709113265320194e-06
2.367333517115883e-05 1.5709113265320194e-06
2.367333517115883e-05 1.5709113265320194e-06
2.367333517115883e-05 1.5709113265320194e-06
2.367333517115883e-05 1.5709113265320194e-06
2.367333517115883e-05 1.5709113265320194e-06
2.367333517115883e-05 1.5709113265320194e-06
4.6477801773179053e-07 1.5700516243813061e-06
1.1327800714790064e-05 1.5705512471807603e-06
1.1327800714790064e-05 1.5705512471807603e-06
2.673019131596447e-07 1.5702172315741957e-06
2.288085936528496e-07 1.5636011744441298e-06
9.554438975286419e-06 1.5697639871331423e-06
5.26094662732084e-07 1.5700528605702195e-06
5.26094662732084e-07 1.5700528605702195e-06
5.26094662732084e-07 1.5700528605702195e-06
5.26094662732084e-07 1.5700528605702195e-06
5.26094662732084e-07 1.5700528605702195e-06
5.26094662732084e-07 1.5700528605702195e-06
6.877361732715283e-07 1.5700501833378046e-06
6.877361732715283e-07 1.5700501833378046e-06
6.877361732715283e-07 1.5700501833378046e-06
6.877361732715283e-07 1.5700501833378046e-06
6.877361732715283e-07 1.5700501833378046e-06
6.877361732715283e-07 1.5700501833378046e-06
6.877361732715283e-07 1.5700501833378046e-06
6.877361732715283e-07 1.5700501833378046e-06
6.877361732715283e-07 1.5700501833378046e-06
6.877361732715283e-07 1.5700501833378046e-06
6.877361732715283e-07 1.5700501833378046e-06
6.877361732715283e-07 1.5700501833378046e-06
6.877361732715283e-07 1.5700501833378046e-06
6.877361732715283e-07 1.5700501833378046e-06
6.877361732715283e-07 1.5700501833378046e-06
6.877361732715283e-07 1.5700501833378046e-06
6.877361732715283e-07 1.5700501833378046e-06
6.877361732715283e-07 1.5700501833378046e-06
6.877361732715283e-07 1.5700501833378046e-06
6.877361732715283e-07 1.5700501833378046e-06
6.877361732715283e-07 1.5700501833378046e-06
9.658384663572032e-06 1.569886011784289e-06
9.160100564818344e-06 1.5724759725671392e-06
4.330786860737635e-07 1.5700529106611953e-06
5.631169303413217e-07 1.570051035439944e-06
2.760709967264756e-07 1.570912025367699e-06
2.673019131596447e-07 1.5702172315741957e-06
4.97280062645063e-07 1.5700501386437925e-06
9.658384663572032e-06 1.569538330643082e-06
1.2849486153022809e-05 1.5726141556122375e-06
2.323334099689838e-05 1.5663136709103325e-06
4.97280062645063e-07 1.5700520788385552e-06
2.706929902967391e-07 1.570912025367699e-06
7.016306773981079e-07 1.563272703364806e-06
7.016306773981079e-07 1.563272703364806e-06
7.016306773981079e-07 1.563272703364806e-06
7.016306773981079e-07 1.563272703364806e-06
7.016306773981079e-07 1.563272703364806e-06
7.016306773981079e-07 1.563272703364806e-06
4.803843302126471e-07 1.5700483801655113e-06
3.4335500761818923e-07 1.5636011744441298e-06
3.4335500761818923e-07 1.5636011744441298e-06
2.5052159412815726e-07 1.5718880210070964e-06
2.673019131596447e-07 1.5702172315741957e-06
3.6170340692363774e-07 1.5700509106323294e-06
9.658384663572032e-06 1.569886011784289e-06
1.134413032441736e-06 1.5705512471807603e-06
1.134413032441736e-06 1.5705512471807603e-06
1.1327800714790064e-05 1.5699077306277606e-06
3.314567622954414e-07 1.5700508817903961e-06
4.5644104040892516e-07 1.5700500113382063e-06
2.4047400036332185e-07 1.569886011784289e-06
4.66494198449816e-07 1.5700495820787077e-06
1.1327800714790064e-05 1.5702172315741957e-06
2.5072048471175254e-07 1.5709113265320194e-06
2.5072048471175254e-07 1.5709113265320194e-06
2.5072048471175254e-07 1.5709113265320194e-06
2.5072048471175254e-07 1.5709113265320194e-06
2.5072048471175254e-07 1.5709113265320194e-06
2.5072048471175254e-07 1.5709113265320194e-06
2.5072048471175254e-07 1.5709113265320194e-06
2.5072048471175254e-07 1.5709113265320194e-06
2.5072048471175254e-07 1.5709113265320194e-06
2.5072048471175254e-07 1.5709113265320194e-06
2.5072048471175254e-07 1.5709113265320194e-06
2.5072048471175254e-07 1.5709113265320194e-06
2.5072048471175254e-07 1.5709113265320194e-06
2.5072048471175254e-07 1.5709113265320194e-06
2.5072048471175254e-07 1.5709113265320194e-06
2.5072048471175254e-07 1.5709113265320194e-06
2.5072048471175254e-07 1.5709113265320194e-06
2.5072048471175254e-07 1.5709113265320194e-06
2.5072048471175254e-07 1.5709113265320194e-06
2.5072048471175254e-07 1.5709113265320194e-06
2.5072048471175254e-07 1.5709113265320194e-06
2.288085936528496e-07 1.5636011744441298e-06
1.1327800714790064e-05 1.5705512471807603e-06
8.57747228911566e-06 1.570786339171246e-06
4.97280062645063e-07 1.5700501386437925e-06
2.0725685148164393e-07 1.5726141556122375e-06
2.457533676826864e-07 1.5697639871331423e-06
4.66494198449816e-07 1.5700509317661172e-06
1.7998031494675424e-05 1.5718880210070964e-06
2.673019131596447e-07 1.5705512471807603e-06
2.673019131596447e-07 1.5705512471807603e-06
2.415278819914091e-07 1.569911855375478e-06
2.415278819914091e-07 1.570786339171246e-06
5.631169303413217e-07 1.570052846322197e-06
1.3566831458446115e-06 1.5709113265320194e-06
1.3566831458446115e-06 1.5709113265320194e-06
1.3566831458446115e-06 1.5709113265320194e-06
1.3566831458446115e-06 1.5709113265320194e-06
1.3566831458446115e-06 1.5709113265320194e-06
1.3566831458446115e-06 1.5709113265320194e-06
1.3566831458446115e-06 1.5709113265320194e-06
1.3566831458446115e-06 1.5709113265320194e-06
1.3566831458446115e-06 1.5709113265320194e-06
1.3566831458446115e-06 1.5709113265320194e-06
1.3566831458446115e-06 1.5709113265320194e-06
1.3566831458446115e-06 1.5709113265320194e-06
1.3566831458446115e-06 1.5709113265320194e-06
1.3566831458446115e-06 1.5709113265320194e-06
1.3566831458446115e-06 1.5709113265320194e-06
1.3566831458446115e-06 1.5709113265320194e-06
1.3566831458446115e-06 1.5709113265320194e-06
1.3566831458446115e-06 1.5709113265320194e-06
1.3566831458446115e-06 1.5709113265320194e-06
1.3566831458446115e-06 1.5709113265320194e-06
1.3566831458446115e-06 1.5709113265320194e-06
4.97280062645063e-07 1.5700501386437925e-06
1.1327800714790064e-05 1.5702172315741957e-06
2.673019131596447e-07 1.5699077306277606e-06
2.460605771894983e-07 1.5663136709103325e-06