0.018533181342722055 0.03882680287991969
0.018533181342722055 0.058152907940615506
0.018533181342722055 0.03882680287991969
8.277153533251974e-08 0.00017456516801628413
8.277153533251974e-08 0.00017456516801628413
2.7590511777506582e-08 0.00017456516801628413
2.7590511777506582e-08 0.00017456516801628413
0.018533181342722055 0.03882680287991969
0.018533181342722055 0.03882680287991969
8.277153533251974e-08 0.00017456516801628413
8.277153533251974e-08 0.00017456516801628413
0.018533153752210277 0.09680511806200713
0.018533153752210277 0.09680511806200713
0.018533153752210277 0.09680511806200713
0.018533153752210277 0.09680511806200713
0.018533153752210277 0.09680511806200713
0.018533153752210277 0.09680511806200713
0.018533153752210277 0.09680511806200713
0.018533153752210277 0.09680511806200713
0.018533153752210277 0.09680511806200713
0.018533153752210277 0.09680511806200713
0.018533153752210277 0.09680511806200713
0.018533153752210277 0.09680511806200713
0.018533153752210277 0.09680511806200713
0.018533153752210277 0.09680511806200713
0.018533153752210277 0.09680511806200713
0.018533153752210277 0.09680511806200713
0.018533153752210277 0.09680511806200713
0.018533153752210277 0.09680511806200713
0.018533153752210277 0.09680511806200713
0.018533153752210277 0.09680511806200713
0.018533153752210277 0.09680511806200713
0.018533153752210277 0.09680511806200713
0.018533153752210277 0.09680511806200713
0.018533153752210277 0.09680511806200713
0.018533153752210277 0.09680511806200713
0.018533153752210277 0.09680511806200713
0.018533153752210277 0.09680511806200713
0.018533153752210277 0.09680511806200713
0.018533153752210277 0.09680511806200713
0.018533153752210277 0.09680511806200713
0.018533153752210277 0.09680511806200713
0.018533153752210277 0.09680511806200713
0.018533153752210277 0.09680511806200713
0.018533153752210277 0.09680511806200713
0.018533153752210277 0.09680511806200713
0.018533153752210277 0.09680511806200713
0.018533181342722055 0.03882680287991969
0.018533181342722055 0.019500697819223877
0.018533181342722055 0.019500697819223877