2.5104319166235444e-06 1.0437813298406067e-06
2.5104319166235444e-06 1.0437813298406067e-06
2.5104319166235444e-06 1.0437813298406067e-06
3.449426992686065e-06 1.043799527790485e-06
3.449426992686065e-06 1.043799527790485e-06
3.449426992686065e-06 1.043799527790485e-06
3.449426992686065e-06 1.043799527790485e-06
2.51042595410869e-06 1.04378145376054e-06
2.51042595410869e-06 1.04378145376054e-06
2.51042595410869e-06 1.04378145376054e-06
2.51042595410869e-06 1.04378145376054e-06
2.51042595410869e-06 1.04378145376054e-06
2.51042595410869e-06 1.04378145376054e-06
2.51042595410869e-06 1.04378145376054e-06
2.51042595410869e-06 1.04378145376054e-06
2.51042595410869e-06 1.04378145376054e-06
2.51042595410869e-06 1.04378145376054e-06
2.51042595410869e-06 1.04378145376054e-06
2.51042595410869e-06 1.04378145376054e-06
2.51042595410869e-06 1.04378145376054e-06
2.51042595410869e-06 1.04378145376054e-06
2.51042595410869e-06 1.04378145376054e-06
2.51042595410869e-06 1.04378145376054e-06
2.51042595410869e-06 1.04378145376054e-06
2.51042595410869e-06 1.04378145376054e-06
2.51042595410869e-06 1.04378145376054e-06
2.51042595410869e-06 1.04378145376054e-06
2.51042595410869e-06 1.04378145376054e-06
2.51042595410869e-06 1.04378145376054e-06
2.51042595410869e-06 1.04378145376054e-06
2.51042595410869e-06 1.04378145376054e-06
2.51042595410869e-06 1.04378145376054e-06
2.51042595410869e-06 1.04378145376054e-06
2.51042595410869e-06 1.04378145376054e-06
2.51042595410869e-06 1.04378145376054e-06
2.51042595410869e-06 1.04378145376054e-06
2.51042595410869e-06 1.04378145376054e-06
2.51042595410869e-06 1.04378145376054e-06
2.51042595410869e-06 1.04378145376054e-06
2.51042595410869e-06 1.04378145376054e-06
2.51042595410869e-06 1.04378145376054e-06
2.51042595410869e-06 1.04378145376054e-06
2.51042595410869e-06 1.04378145376054e-06
2.5104319166235444e-06 1.0437813298406067e-06
2.5104319166235444e-06 1.043781486298746e-06
2.5104319166235444e-06 1.043781486298746e-06
6.515584319518123e-06 1.043799527790485e-06
6.515584319518123e-06 1.043799527790485e-06
2.5104319166235444e-06 1.0437814592161374e-06
2.5104319166235444e-06 1.0437813298406067e-06