0.1689034977742907 0.1768685308161653
0.07386402547365413 0.08330387739860283
0.4080043300898103 0.4503516512848719
0.595465268958972 0.5634484204339257
0.3491790085011041 0.3784669028533836
0.4953175848560097 0.4740042950392701
0.307100835011715 0.3114859946130016
0.307100835011715 0.3114859946130016
0.307100835011715 0.3114859946130016
0.09299663245194706 0.08635172408214768
0.22050625112903183 0.25119185317598336
0.3996657391754495 0.40249121714348884
0.4266082805553084 0.41171119433367576
0.383752591717827 0.43310226938766705
0.5136778666623527 0.4982395866193215
0.3231434672533588 0.31666012839282487
0.1911054535944329 0.19638709816577826
0.31736801449474644 0.33301255348577624
0.054755482039294354 0.06836735931926459
0.054755482039294354 0.06836735931926459
0.05475575165883422 0.0684166996950603
0.2726231689462999 0.26113670249910353
0.2939325492797114 0.30444730690522603
0.0788732194999636 0.10321918990113052
0.49024085113496346 0.5095429139940629
0.2534747892249247 0.29322661791945387
0.30250321521301293 0.2898259066631077
0.4368464085329192 0.4516994119597835
0.595465268958972 0.5634484204339257
0.5835840795054099 0.5764478569290874
0.39291574658998685 0.3798534887420361
0.40161758242943385 0.47808606525332104
0.42763162151887474 0.5254504668462333
0.5993814253706594 0.588299455638149
0.0003941163624010159 0.00010589307428287943
0.05592711374978768 0.0684166996950603
0.32540557519284535 0.33306715144259935
0.3890256084638966 0.42348487299571574
0.40858428172006483 0.44311384954690436
0.054980479545313606 0.0684166996950603
0.307100835011715 0.3114859946130016
0.307100835011715 0.3114859946130016
0.307100835011715 0.3114859946130016
0.4876602551140086 0.4766593060532283
0.6538015681072439 0.6938240274149148
0.05480387874670053 0.0684166996950603
0.5836227699093809 0.6004947518556565
0.49344136988295817 0.4834792649092865
0.4005735481661827 0.4129899324063814
0.05492648823245518 0.0684166996950603