7.454348800118291e-06 1.0437815757988872e-06
3.895676734850278e-06 1.0437814373504012e-06
3.9472460793206164e-06 1.043781389397037e-06
5.512759777372634e-06 1.0437815447126387e-06
7.454306914869663e-06 1.0437813461268086e-06
7.454306914869663e-06 1.0437813461268086e-06
7.454306914869663e-06 1.0437813461268086e-06
7.454306914869663e-06 1.0437813461268086e-06
7.454306914869663e-06 1.0437813461268086e-06
7.454306914869663e-06 1.0437813461268086e-06
7.454306914869663e-06 1.0437813461268086e-06
7.454306914869663e-06 1.0437813461268086e-06
7.454306914869663e-06 1.0437813461268086e-06
7.454306914869663e-06 1.0437813461268086e-06
7.454306914869663e-06 1.0437813461268086e-06
7.454306914869663e-06 1.0437813461268086e-06
7.454306914869663e-06 1.0437813461268086e-06
7.454306914869663e-06 1.0437813461268086e-06
7.454306914869663e-06 1.0437813461268086e-06
7.454306914869663e-06 1.0437813461268086e-06
7.454306914869663e-06 1.0437813461268086e-06
7.454306914869663e-06 1.0437813461268086e-06
7.454306914869663e-06 1.0437813461268086e-06
7.454306914869663e-06 1.0437813461268086e-06
7.454306914869663e-06 1.0437813461268086e-06
7.454306914869663e-06 1.0437813461268086e-06
7.454306914869663e-06 1.0437813461268086e-06
7.454306914869663e-06 1.0437813461268086e-06
7.454306914869663e-06 1.0437813461268086e-06
7.454306914869663e-06 1.0437813461268086e-06
7.454306914869663e-06 1.0437813461268086e-06
7.454306914869663e-06 1.0437813461268086e-06
7.454306914869663e-06 1.0437813461268086e-06
7.454306914869663e-06 1.0437813461268086e-06
7.454306914869663e-06 1.0437813461268086e-06
7.454306914869663e-06 1.0437813461268086e-06
7.454306914869663e-06 1.0437813461268086e-06
7.454306914869663e-06 1.0437813461268086e-06
7.454306914869663e-06 1.0437813461268086e-06
7.454306914869663e-06 1.0437813461268086e-06
1.7181454998300027e-05 1.0437748089285636e-06
1.7181454998300027e-05 1.0437748089285636e-06
4.0939869469416025e-06 1.0437813485331814e-06
4.0939869469416025e-06 1.0437813485331814e-06
9.664132731064581e-06 1.043741345482749e-06
9.664132731064581e-06 1.043741345482749e-06
1.558363340972972e-05 1.0437850732650144e-06
1.558363340972972e-05 1.0437850732650144e-06
1.558363340972972e-05 1.0437850732650144e-06
1.558363340972972e-05 1.0437850732650144e-06
1.558363340972972e-05 1.0437850732650144e-06
1.558363340972972e-05 1.0437850732650144e-06
1.1472516231524555e-05 1.0437871453799363e-06
1.1472516231524555e-05 1.0437871453799363e-06
3.9472460793206164e-06 1.0437813965145244e-06
4.3577350341494975e-06 1.043781407607603e-06
4.3577350341494975e-06 1.043781407607603e-06
4.3577350341494975e-06 1.043781407607603e-06
6.804121629600299e-06 1.0437850732650144e-06
6.804121629600299e-06 1.0437850732650144e-06
6.804121629600299e-06 1.0437850732650144e-06
6.804121629600299e-06 1.0437850732650144e-06
6.804121629600299e-06 1.0437850732650144e-06
6.804121629600299e-06 1.0437850732650144e-06
3.8778938753915466e-06 1.0437814907184439e-06
3.558959177825677e-05 1.0438183122167386e-06
3.558959177825677e-05 1.0438183122167386e-06
6.804121629600299e-06 1.0437850732650144e-06
6.804121629600299e-06 1.0437850732650144e-06
6.804121629600299e-06 1.0437850732650144e-06
6.804121629600299e-06 1.0437850732650144e-06
6.804121629600299e-06 1.0437850732650144e-06
6.804121629600299e-06 1.0437850732650144e-06
3.9472460793206164e-06 1.043781389397037e-06
5.512759777372634e-06 1.0437812372287214e-06
3.8778938753915466e-06 1.0437813198539417e-06
4.3577350341494975e-06 1.043781422151367e-06
4.3577350341494975e-06 1.043781422151367e-06
4.3577350341494975e-06 1.043781422151367e-06
5.512759777372634e-06 1.0437812372287214e-06
5.989576386288606e-06 1.043786417384245e-06
5.989576386288606e-06 1.043786417384245e-06
4.194802084708866e-06 1.0437814052941587e-06
4.194802084708866e-06 1.0437814052941587e-06
4.3577350341494975e-06 1.043781422151367e-06
4.3577350341494975e-06 1.043781422151367e-06
4.3577350341494975e-06 1.043781422151367e-06
3.9472460793206164e-06 1.043781368172023e-06
3.9472460793206164e-06 1.043781368172023e-06
3.9472460793206164e-06 1.043781389397037e-06
4.151963591356187e-06 1.0437814024618514e-06
3.9472460793206164e-06 1.043781389397037e-06
3.8778938753915466e-06 1.0437813198539417e-06
7.454348800118291e-06 1.0437815763221153e-06
4.194787586803466e-06 1.0437813972141124e-06
4.194787586803466e-06 1.0437813972141124e-06
4.194787586803466e-06 1.0437813972141124e-06
4.194787586803466e-06 1.0437813972141124e-06
4.194787586803466e-06 1.0437813972141124e-06
4.194787586803466e-06 1.0437813972141124e-06
4.194787586803466e-06 1.0437813972141124e-06
4.194787586803466e-06 1.0437813972141124e-06
4.194787586803466e-06 1.0437813972141124e-06
4.194787586803466e-06 1.0437813972141124e-06
4.194787586803466e-06 1.0437813972141124e-06
4.194787586803466e-06 1.0437813972141124e-06
4.194787586803466e-06 1.0437813972141124e-06
4.194787586803466e-06 1.0437813972141124e-06
4.194787586803466e-06 1.0437813972141124e-06
4.194787586803466e-06 1.0437813972141124e-06
4.194787586803466e-06 1.0437813972141124e-06
4.194787586803466e-06 1.0437813972141124e-06
4.194787586803466e-06 1.0437813972141124e-06
4.194787586803466e-06 1.0437813972141124e-06
4.194787586803466e-06 1.0437813972141124e-06
4.194787586803466e-06 1.0437813972141124e-06
4.194787586803466e-06 1.0437813972141124e-06
4.194787586803466e-06 1.0437813972141124e-06
4.194787586803466e-06 1.0437813972141124e-06
4.194787586803466e-06 1.0437813972141124e-06
4.194787586803466e-06 1.0437813972141124e-06
4.194787586803466e-06 1.0437813972141124e-06
4.194787586803466e-06 1.0437813972141124e-06
4.194787586803466e-06 1.0437813972141124e-06
4.194787586803466e-06 1.0437813972141124e-06
4.194787586803466e-06 1.0437813972141124e-06
4.194787586803466e-06 1.0437813972141124e-06
4.194787586803466e-06 1.0437813972141124e-06
4.194787586803466e-06 1.0437813972141124e-06
4.194787586803466e-06 1.0437813972141124e-06
1.393336409601563e-05 1.04378223455393e-06
1.393336409601563e-05 1.04378223455393e-06
4.151963591356187e-06 1.0437813637135701e-06
4.3577350341494975e-06 1.043781422151367e-06
4.3577350341494975e-06 1.043781422151367e-06
4.3577350341494975e-06 1.043781422151367e-06
4.0939869469416025e-06 1.0437813751493935e-06
3.895676734850278e-06 1.0437814373504012e-06
3.644161500606786e-06 1.0437813864062498e-06
3.644161500606786e-06 1.0437813864062498e-06
3.644161500606786e-06 1.0437813864062498e-06
3.644161500606786e-06 1.0437813864062498e-06
3.644161500606786e-06 1.0437813864062498e-06
3.644161500606786e-06 1.0437813864062498e-06
3.644161500606786e-06 1.0437813864062498e-06
3.644161500606786e-06 1.0437813864062498e-06
3.644161500606786e-06 1.0437813864062498e-06
3.644161500606786e-06 1.0437813864062498e-06
3.644161500606786e-06 1.0437813864062498e-06
3.644161500606786e-06 1.0437813864062498e-06
3.644161500606786e-06 1.0437813864062498e-06
3.644161500606786e-06 1.0437813864062498e-06
3.644161500606786e-06 1.0437813864062498e-06
3.644161500606786e-06 1.0437813864062498e-06
3.644161500606786e-06 1.0437813864062498e-06
3.644161500606786e-06 1.0437813864062498e-06
3.644161500606786e-06 1.0437813864062498e-06
3.644161500606786e-06 1.0437813864062498e-06
3.644161500606786e-06 1.0437813864062498e-06
3.644161500606786e-06 1.0437813864062498e-06
3.644161500606786e-06 1.0437813864062498e-06
3.644161500606786e-06 1.0437813864062498e-06
3.644161500606786e-06 1.0437813864062498e-06
3.644161500606786e-06 1.0437813864062498e-06
3.644161500606786e-06 1.0437813864062498e-06
3.644161500606786e-06 1.0437813864062498e-06
3.644161500606786e-06 1.0437813864062498e-06
3.644161500606786e-06 1.0437813864062498e-06
3.644161500606786e-06 1.0437813864062498e-06
3.644161500606786e-06 1.0437813864062498e-06
3.644161500606786e-06 1.0437813864062498e-06
3.644161500606786e-06 1.0437813864062498e-06
3.644161500606786e-06 1.0437813864062498e-06
3.644161500606786e-06 1.0437813864062498e-06
4.194802084708866e-06 1.0437814497926958e-06
3.895676734850278e-06 1.0437814373504012e-06
5.512759777372634e-06 1.0437812372287214e-06
4.093967463482596e-06 1.0437813912343296e-06
4.093967463482596e-06 1.0437813912343296e-06
4.093967463482596e-06 1.0437813912343296e-06
4.093967463482596e-06 1.0437813912343296e-06
4.093967463482596e-06 1.0437813912343296e-06
4.093967463482596e-06 1.0437813912343296e-06
4.093967463482596e-06 1.0437813912343296e-06
4.093967463482596e-06 1.0437813912343296e-06
4.093967463482596e-06 1.0437813912343296e-06
4.093967463482596e-06 1.0437813912343296e-06
4.093967463482596e-06 1.0437813912343296e-06
4.093967463482596e-06 1.0437813912343296e-06
4.093967463482596e-06 1.0437813912343296e-06
4.093967463482596e-06 1.0437813912343296e-06
4.093967463482596e-06 1.0437813912343296e-06
4.093967463482596e-06 1.0437813912343296e-06
4.093967463482596e-06 1.0437813912343296e-06
4.093967463482596e-06 1.0437813912343296e-06
4.093967463482596e-06 1.0437813912343296e-06
4.093967463482596e-06 1.0437813912343296e-06
4.093967463482596e-06 1.0437813912343296e-06
4.093967463482596e-06 1.0437813912343296e-06
4.093967463482596e-06 1.0437813912343296e-06
4.093967463482596e-06 1.0437813912343296e-06
4.093967463482596e-06 1.0437813912343296e-06
4.093967463482596e-06 1.0437813912343296e-06
4.093967463482596e-06 1.0437813912343296e-06
4.093967463482596e-06 1.0437813912343296e-06
4.093967463482596e-06 1.0437813912343296e-06
4.093967463482596e-06 1.0437813912343296e-06
4.093967463482596e-06 1.0437813912343296e-06
4.093967463482596e-06 1.0437813912343296e-06
4.093967463482596e-06 1.0437813912343296e-06
4.093967463482596e-06 1.0437813912343296e-06
4.093967463482596e-06 1.0437813912343296e-06
4.093967463482596e-06 1.0437813912343296e-06
4.867128098222539e-06 1.0437871453799363e-06
4.867128098222539e-06 1.0437871453799363e-06
4.3577350341494975e-06 1.043781422151367e-06
4.3577350341494975e-06 1.043781422151367e-06
4.3577350341494975e-06 1.043781422151367e-06
3.8778938753915466e-06 1.0437813198539417e-06
7.454348800118291e-06 1.0437815757988872e-06
7.454348800118291e-06 1.0437815742385714e-06
7.454348800118291e-06 1.0437815742385714e-06
6.23121743527558e-06 1.0437782045866654e-06
6.23121743527558e-06 1.0437782045866654e-06
4.194802084708866e-06 1.0437814497926958e-06
3.8956654551251885e-06 1.043781413134638e-06
3.8956654551251885e-06 1.043781413134638e-06
3.8956654551251885e-06 1.043781413134638e-06
3.8956654551251885e-06 1.043781413134638e-06
3.8956654551251885e-06 1.043781413134638e-06
3.8956654551251885e-06 1.043781413134638e-06
3.8956654551251885e-06 1.043781413134638e-06
3.8956654551251885e-06 1.043781413134638e-06
3.8956654551251885e-06 1.043781413134638e-06
3.8956654551251885e-06 1.043781413134638e-06
3.8956654551251885e-06 1.043781413134638e-06
3.8956654551251885e-06 1.043781413134638e-06
3.8956654551251885e-06 1.043781413134638e-06
3.8956654551251885e-06 1.043781413134638e-06
3.8956654551251885e-06 1.043781413134638e-06
3.8956654551251885e-06 1.043781413134638e-06
3.8956654551251885e-06 1.043781413134638e-06
3.8956654551251885e-06 1.043781413134638e-06
3.8956654551251885e-06 1.043781413134638e-06
3.8956654551251885e-06 1.043781413134638e-06
3.8956654551251885e-06 1.043781413134638e-06
3.8956654551251885e-06 1.043781413134638e-06
3.8956654551251885e-06 1.043781413134638e-06
3.8956654551251885e-06 1.043781413134638e-06
3.8956654551251885e-06 1.043781413134638e-06
3.8956654551251885e-06 1.043781413134638e-06
3.8956654551251885e-06 1.043781413134638e-06
3.8956654551251885e-06 1.043781413134638e-06
3.8956654551251885e-06 1.043781413134638e-06
3.8956654551251885e-06 1.043781413134638e-06
3.8956654551251885e-06 1.043781413134638e-06
3.8956654551251885e-06 1.043781413134638e-06
3.8956654551251885e-06 1.043781413134638e-06
3.8956654551251885e-06 1.043781413134638e-06
3.8956654551251885e-06 1.043781413134638e-06
3.8956654551251885e-06 1.043781413134638e-06
3.895676734850278e-06 1.04378147742093e-06
3.895676734850278e-06 1.04378147742093e-06
4.151963591356187e-06 1.0437813637135701e-06
6.620196042919677e-06 1.043779419525919e-06
6.620196042919677e-06 1.043779419525919e-06
7.454348800118291e-06 1.0437815757988872e-06
7.454348800118291e-06 1.0437815757988872e-06
3.947228490012165e-06 1.0437814022239184e-06
3.947228490012165e-06 1.0437814022239184e-06
3.947228490012165e-06 1.0437814022239184e-06
3.947228490012165e-06 1.0437814022239184e-06
3.947228490012165e-06 1.0437814022239184e-06
3.947228490012165e-06 1.0437814022239184e-06
3.947228490012165e-06 1.0437814022239184e-06
3.947228490012165e-06 1.0437814022239184e-06
3.947228490012165e-06 1.0437814022239184e-06
3.947228490012165e-06 1.0437814022239184e-06
3.947228490012165e-06 1.0437814022239184e-06
3.947228490012165e-06 1.0437814022239184e-06
3.947228490012165e-06 1.0437814022239184e-06
3.947228490012165e-06 1.0437814022239184e-06
3.947228490012165e-06 1.0437814022239184e-06
3.947228490012165e-06 1.0437814022239184e-06
3.947228490012165e-06 1.0437814022239184e-06
3.947228490012165e-06 1.0437814022239184e-06
3.947228490012165e-06 1.0437814022239184e-06
3.947228490012165e-06 1.0437814022239184e-06
3.947228490012165e-06 1.0437814022239184e-06
3.947228490012165e-06 1.0437814022239184e-06
3.947228490012165e-06 1.0437814022239184e-06
3.947228490012165e-06 1.0437814022239184e-06
3.947228490012165e-06 1.0437814022239184e-06
3.947228490012165e-06 1.0437814022239184e-06
3.947228490012165e-06 1.0437814022239184e-06
3.947228490012165e-06 1.0437814022239184e-06
3.947228490012165e-06 1.0437814022239184e-06
3.947228490012165e-06 1.0437814022239184e-06
3.947228490012165e-06 1.0437814022239184e-06
3.947228490012165e-06 1.0437814022239184e-06
3.947228490012165e-06 1.0437814022239184e-06
3.947228490012165e-06 1.0437814022239184e-06
3.947228490012165e-06 1.0437814022239184e-06
3.947228490012165e-06 1.0437814022239184e-06
6.23121743527558e-06 1.0437782045866654e-06
6.23121743527558e-06 1.0437782045866654e-06
3.8778938753915466e-06 1.043781295930436e-06
3.8778938753915466e-06 1.043781295930436e-06
3.895676734850278e-06 1.0437814373504012e-06
4.3577183220299375e-06 1.0437813959411153e-06
4.3577183220299375e-06 1.0437813959411153e-06
4.3577183220299375e-06 1.0437813959411153e-06
4.3577183220299375e-06 1.0437813959411153e-06
4.3577183220299375e-06 1.0437813959411153e-06
4.3577183220299375e-06 1.0437813959411153e-06
4.3577183220299375e-06 1.0437813959411153e-06
4.3577183220299375e-06 1.0437813959411153e-06
4.3577183220299375e-06 1.0437813959411153e-06
4.3577183220299375e-06 1.0437813959411153e-06
4.3577183220299375e-06 1.0437813959411153e-06
4.3577183220299375e-06 1.0437813959411153e-06
4.3577183220299375e-06 1.0437813959411153e-06
4.3577183220299375e-06 1.0437813959411153e-06
4.3577183220299375e-06 1.0437813959411153e-06
4.3577183220299375e-06 1.0437813959411153e-06
4.3577183220299375e-06 1.0437813959411153e-06
4.3577183220299375e-06 1.0437813959411153e-06
4.3577183220299375e-06 1.0437813959411153e-06
4.3577183220299375e-06 1.0437813959411153e-06
4.3577183220299375e-06 1.0437813959411153e-06
4.3577183220299375e-06 1.0437813959411153e-06
4.3577183220299375e-06 1.0437813959411153e-06
4.3577183220299375e-06 1.0437813959411153e-06
4.3577183220299375e-06 1.0437813959411153e-06
4.3577183220299375e-06 1.0437813959411153e-06
4.3577183220299375e-06 1.0437813959411153e-06
4.3577183220299375e-06 1.0437813959411153e-06
4.3577183220299375e-06 1.0437813959411153e-06
4.3577183220299375e-06 1.0437813959411153e-06
4.3577183220299375e-06 1.0437813959411153e-06
4.3577183220299375e-06 1.0437813959411153e-06
4.3577183220299375e-06 1.0437813959411153e-06
4.3577183220299375e-06 1.0437813959411153e-06
4.3577183220299375e-06 1.0437813959411153e-06
4.3577183220299375e-06 1.0437813959411153e-06
4.3577183220299375e-06 1.0437813959411153e-06
4.3577183220299375e-06 1.0437813959411153e-06
4.3577183220299375e-06 1.0437813959411153e-06
4.3577183220299375e-06 1.0437813959411153e-06
4.3577183220299375e-06 1.0437813959411153e-06
4.3577183220299375e-06 1.0437813959411153e-06
4.3577183220299375e-06 1.0437813959411153e-06
4.3577183220299375e-06 1.0437813959411153e-06
4.3577183220299375e-06 1.0437813959411153e-06
4.3577183220299375e-06 1.0437813959411153e-06
4.3577183220299375e-06 1.0437813959411153e-06
4.3577183220299375e-06 1.0437813959411153e-06
4.3577183220299375e-06 1.0437813959411153e-06
4.3577183220299375e-06 1.0437813959411153e-06
4.3577183220299375e-06 1.0437813959411153e-06
4.3577183220299375e-06 1.0437813959411153e-06
4.3577183220299375e-06 1.0437813959411153e-06
4.3577183220299375e-06 1.0437813959411153e-06
4.3577183220299375e-06 1.0437813959411153e-06
4.3577183220299375e-06 1.0437813959411153e-06
4.3577183220299375e-06 1.0437813959411153e-06
4.3577183220299375e-06 1.0437813959411153e-06
4.3577183220299375e-06 1.0437813959411153e-06
4.3577183220299375e-06 1.0437813959411153e-06
4.3577183220299375e-06 1.0437813959411153e-06
4.3577183220299375e-06 1.0437813959411153e-06
4.3577183220299375e-06 1.0437813959411153e-06
4.3577183220299375e-06 1.0437813959411153e-06
4.3577183220299375e-06 1.0437813959411153e-06
4.3577183220299375e-06 1.0437813959411153e-06
4.3577183220299375e-06 1.0437813959411153e-06
4.3577183220299375e-06 1.0437813959411153e-06
4.3577183220299375e-06 1.0437813959411153e-06
4.3577183220299375e-06 1.0437813959411153e-06
4.3577183220299375e-06 1.0437813959411153e-06
4.3577183220299375e-06 1.0437813959411153e-06
4.3577183220299375e-06 1.0437813959411153e-06
4.3577183220299375e-06 1.0437813959411153e-06
4.3577183220299375e-06 1.0437813959411153e-06
4.3577183220299375e-06 1.0437813959411153e-06
4.3577183220299375e-06 1.0437813959411153e-06
4.3577183220299375e-06 1.0437813959411153e-06
4.3577183220299375e-06 1.0437813959411153e-06
4.3577183220299375e-06 1.0437813959411153e-06
4.3577183220299375e-06 1.0437813959411153e-06
4.3577183220299375e-06 1.0437813959411153e-06
4.3577183220299375e-06 1.0437813959411153e-06
4.3577183220299375e-06 1.0437813959411153e-06
4.3577183220299375e-06 1.0437813959411153e-06
4.3577183220299375e-06 1.0437813959411153e-06
4.3577183220299375e-06 1.0437813959411153e-06
4.3577183220299375e-06 1.0437813959411153e-06
4.3577183220299375e-06 1.0437813959411153e-06
4.3577183220299375e-06 1.0437813959411153e-06
4.3577183220299375e-06 1.0437813959411153e-06
4.3577183220299375e-06 1.0437813959411153e-06
4.3577183220299375e-06 1.0437813959411153e-06
4.3577183220299375e-06 1.0437813959411153e-06
4.3577183220299375e-06 1.0437813959411153e-06
4.3577183220299375e-06 1.0437813959411153e-06
4.3577183220299375e-06 1.0437813959411153e-06
4.3577183220299375e-06 1.0437813959411153e-06
4.3577183220299375e-06 1.0437813959411153e-06
4.3577183220299375e-06 1.0437813959411153e-06
4.3577183220299375e-06 1.0437813959411153e-06
4.3577183220299375e-06 1.0437813959411153e-06
4.3577183220299375e-06 1.0437813959411153e-06
4.3577183220299375e-06 1.0437813959411153e-06
4.3577183220299375e-06 1.0437813959411153e-06
4.3577183220299375e-06 1.0437813959411153e-06
4.3577183220299375e-06 1.0437813959411153e-06
4.3577183220299375e-06 1.0437813959411153e-06
1.3545657365914232e-05 1.043786417384245e-06
1.3545657365914232e-05 1.043786417384245e-06
1.4461127255450875e-05 1.0437782045866654e-06
1.4461127255450875e-05 1.0437782045866654e-06
6.05600465611137e-06 1.04378223455393e-06
6.05600465611137e-06 1.04378223455393e-06
4.194802084708866e-06 1.043781398568873e-06
7.454348800118291e-06 1.0437815757988872e-06
3.8778938753915466e-06 1.0437813198539417e-06
4.151963591356187e-06 1.0437813637135701e-06
1.3992489075212062e-05 1.0438183122167386e-06
1.3992489075212062e-05 1.0438183122167386e-06
6.620196042919677e-06 1.043779419525919e-06
6.620196042919677e-06 1.043779419525919e-06
1.3992489075212062e-05 1.0438183122167386e-06
1.3992489075212062e-05 1.0438183122167386e-06
5.512759777372634e-06 1.0437812372287214e-06
4.3577350341494975e-06 1.043781422151367e-06
4.3577350341494975e-06 1.043781422151367e-06
4.3577350341494975e-06 1.043781422151367e-06
7.103870816604819e-06 1.0437748089285636e-06
7.103870816604819e-06 1.0437748089285636e-06
4.0939869469416025e-06 1.0437813840747376e-06
5.989576386288606e-06 1.043786417384245e-06
5.989576386288606e-06 1.043786417384245e-06
4.194802084708866e-06 1.0437814497926958e-06
3.895676734850278e-06 1.0437814239133558e-06
5.512734534267864e-06 1.043781346414652e-06
5.512734534267864e-06 1.043781346414652e-06
5.512734534267864e-06 1.043781346414652e-06
5.512734534267864e-06 1.043781346414652e-06
5.512734534267864e-06 1.043781346414652e-06
5.512734534267864e-06 1.043781346414652e-06
5.512734534267864e-06 1.043781346414652e-06
5.512734534267864e-06 1.043781346414652e-06
5.512734534267864e-06 1.043781346414652e-06
5.512734534267864e-06 1.043781346414652e-06
5.512734534267864e-06 1.043781346414652e-06
5.512734534267864e-06 1.043781346414652e-06
5.512734534267864e-06 1.043781346414652e-06
5.512734534267864e-06 1.043781346414652e-06
5.512734534267864e-06 1.043781346414652e-06
5.512734534267864e-06 1.043781346414652e-06
5.512734534267864e-06 1.043781346414652e-06
5.512734534267864e-06 1.043781346414652e-06
5.512734534267864e-06 1.043781346414652e-06
5.512734534267864e-06 1.043781346414652e-06
5.512734534267864e-06 1.043781346414652e-06
5.512734534267864e-06 1.043781346414652e-06
5.512734534267864e-06 1.043781346414652e-06
5.512734534267864e-06 1.043781346414652e-06
5.512734534267864e-06 1.043781346414652e-06
5.512734534267864e-06 1.043781346414652e-06
5.512734534267864e-06 1.043781346414652e-06
5.512734534267864e-06 1.043781346414652e-06
5.512734534267864e-06 1.043781346414652e-06
5.512734534267864e-06 1.043781346414652e-06
5.512734534267864e-06 1.043781346414652e-06
5.512734534267864e-06 1.043781346414652e-06
5.512734534267864e-06 1.043781346414652e-06
5.512734534267864e-06 1.043781346414652e-06
5.512734534267864e-06 1.043781346414652e-06
5.512734534267864e-06 1.043781346414652e-06
5.512759777372634e-06 1.0437814246919366e-06
5.512759777372634e-06 1.0437814246919366e-06
4.151963591356187e-06 1.0437814482375988e-06
4.151963591356187e-06 1.0437814482375988e-06
4.151949606859959e-06 1.043781393240655e-06
4.151949606859959e-06 1.043781393240655e-06
4.151949606859959e-06 1.043781393240655e-06
4.151949606859959e-06 1.043781393240655e-06
4.151949606859959e-06 1.043781393240655e-06
4.151949606859959e-06 1.043781393240655e-06
4.151949606859959e-06 1.043781393240655e-06
4.151949606859959e-06 1.043781393240655e-06
4.151949606859959e-06 1.043781393240655e-06
4.151949606859959e-06 1.043781393240655e-06
4.151949606859959e-06 1.043781393240655e-06
4.151949606859959e-06 1.043781393240655e-06
4.151949606859959e-06 1.043781393240655e-06
4.151949606859959e-06 1.043781393240655e-06
4.151949606859959e-06 1.043781393240655e-06
4.151949606859959e-06 1.043781393240655e-06
4.151949606859959e-06 1.043781393240655e-06
4.151949606859959e-06 1.043781393240655e-06
4.151949606859959e-06 1.043781393240655e-06
4.151949606859959e-06 1.043781393240655e-06
4.151949606859959e-06 1.043781393240655e-06
4.151949606859959e-06 1.043781393240655e-06
4.151949606859959e-06 1.043781393240655e-06
4.151949606859959e-06 1.043781393240655e-06
4.151949606859959e-06 1.043781393240655e-06
4.151949606859959e-06 1.043781393240655e-06
4.151949606859959e-06 1.043781393240655e-06
4.151949606859959e-06 1.043781393240655e-06
4.151949606859959e-06 1.043781393240655e-06
4.151949606859959e-06 1.043781393240655e-06
4.151949606859959e-06 1.043781393240655e-06
4.151949606859959e-06 1.043781393240655e-06
4.151949606859959e-06 1.043781393240655e-06
4.151949606859959e-06 1.043781393240655e-06
4.151949606859959e-06 1.043781393240655e-06
4.151949606859959e-06 1.043781393240655e-06
3.895676734850278e-06 1.0437814373504012e-06
2.246910859972515e-05 1.043741345482749e-06
2.246910859972515e-05 1.043741345482749e-06
6.05600465611137e-06 1.04378223455393e-06
6.05600465611137e-06 1.04378223455393e-06
3.8778781200145e-06 1.0437814321343458e-06
3.8778781200145e-06 1.0437814321343458e-06
3.8778781200145e-06 1.0437814321343458e-06
3.8778781200145e-06 1.0437814321343458e-06
3.8778781200145e-06 1.0437814321343458e-06
3.8778781200145e-06 1.0437814321343458e-06
3.8778781200145e-06 1.0437814321343458e-06
3.8778781200145e-06 1.0437814321343458e-06
3.8778781200145e-06 1.0437814321343458e-06
3.8778781200145e-06 1.0437814321343458e-06
3.8778781200145e-06 1.0437814321343458e-06
3.8778781200145e-06 1.0437814321343458e-06
3.8778781200145e-06 1.0437814321343458e-06
3.8778781200145e-06 1.0437814321343458e-06
3.8778781200145e-06 1.0437814321343458e-06
3.8778781200145e-06 1.0437814321343458e-06
3.8778781200145e-06 1.0437814321343458e-06
3.8778781200145e-06 1.0437814321343458e-06
3.8778781200145e-06 1.0437814321343458e-06
3.8778781200145e-06 1.0437814321343458e-06
3.8778781200145e-06 1.0437814321343458e-06
3.8778781200145e-06 1.0437814321343458e-06
3.8778781200145e-06 1.0437814321343458e-06
3.8778781200145e-06 1.0437814321343458e-06
3.8778781200145e-06 1.0437814321343458e-06
3.8778781200145e-06 1.0437814321343458e-06
3.8778781200145e-06 1.0437814321343458e-06
3.8778781200145e-06 1.0437814321343458e-06
3.8778781200145e-06 1.0437814321343458e-06
3.8778781200145e-06 1.0437814321343458e-06
3.8778781200145e-06 1.0437814321343458e-06
3.8778781200145e-06 1.0437814321343458e-06
3.8778781200145e-06 1.0437814321343458e-06
3.8778781200145e-06 1.0437814321343458e-06
3.8778781200145e-06 1.0437814321343458e-06
3.8778781200145e-06 1.0437814321343458e-06
4.0939869469416025e-06 1.0437813751493935e-06
4.194802084708866e-06 1.0437814497926958e-06
4.151963591356187e-06 1.0437813637135701e-06
4.867128098222539e-06 1.0437871453799363e-06
4.867128098222539e-06 1.0437871453799363e-06
1.5762371530761135e-05 1.043779419525919e-06
1.5762371530761135e-05 1.043779419525919e-06
4.0939869469416025e-06 1.0437813751493935e-06
5.512759777372634e-06 1.0437812372287214e-06
4.151963591356187e-06 1.0437813637135701e-06
4.194802084708866e-06 1.0437814497926958e-06
3.9472460793206164e-06 1.043781389397037e-06
3.8778938753915466e-06 1.0437813198539417e-06
4.0939869469416025e-06 1.0437813751493935e-06
4.3577350341494975e-06 1.0437814655222338e-06
4.3577350341494975e-06 1.0437814655222338e-06
4.3577350341494975e-06 1.0437814655222338e-06
4.3577350341494975e-06 1.0437814655222338e-06
4.3577350341494975e-06 1.0437814655222338e-06
4.3577350341494975e-06 1.0437814655222338e-06
7.103870816604819e-06 1.0437748089285636e-06
7.103870816604819e-06 1.0437748089285636e-06
9.664132731064581e-06 1.043741345482749e-06
9.664132731064581e-06 1.043741345482749e-06
4.0939869469416025e-06 1.0437813751493935e-06