3.627266788677799e-06 2.404763333490535e-07
3.627266788677799e-06 2.404763333490535e-07
3.627266788677799e-06 2.404763333490535e-07
3.627266788677799e-06 2.404763333490535e-07
3.627266788677799e-06 2.404763333490535e-07
3.627266788677799e-06 2.404763333490535e-07
3.627266788677799e-06 2.404763333490535e-07
3.627266788677799e-06 2.404763333490535e-07
3.627266788677799e-06 2.404763333490535e-07
3.627266788677799e-06 2.404763333490535e-07
3.627266788677799e-06 2.404763333490535e-07
3.627266788677799e-06 2.404763333490535e-07
3.627266788677799e-06 2.404763333490535e-07
3.817248193447718e-07 2.399553501562728e-07
3.993173738023899e-07 2.404763333490535e-07
3.993173738023899e-07 2.404763333490535e-07
3.993173738023899e-07 2.404763333490535e-07
3.993173738023899e-07 2.404763333490535e-07
3.993173738023899e-07 2.404763333490535e-07
3.993173738023899e-07 2.404763333490535e-07
3.993173738023899e-07 2.404763333490535e-07
3.993173738023899e-07 2.404763333490535e-07
3.993173738023899e-07 2.404763333490535e-07
3.993173738023899e-07 2.404763333490535e-07
3.993173738023899e-07 2.404763333490535e-07
3.993173738023899e-07 2.404763333490535e-07
3.993173738023899e-07 2.404763333490535e-07
3.993173738023899e-07 2.404763333490535e-07
3.993173738023899e-07 2.404763333490535e-07
3.993173738023899e-07 2.404763333490535e-07
3.993173738023899e-07 2.404763333490535e-07
3.993173738023899e-07 2.404763333490535e-07
3.993173738023899e-07 2.404763333490535e-07
3.175719213069482e-07 2.404763333490535e-07
3.175719213069482e-07 2.404763333490535e-07
3.175719213069482e-07 2.404763333490535e-07
3.175719213069482e-07 2.404763333490535e-07
3.175719213069482e-07 2.404763333490535e-07
3.175719213069482e-07 2.404763333490535e-07
3.175719213069482e-07 2.404763333490535e-07
3.175719213069482e-07 2.404763333490535e-07
3.175719213069482e-07 2.404763333490535e-07
3.175719213069482e-07 2.404763333490535e-07
3.175719213069482e-07 2.404763333490535e-07
3.175719213069482e-07 2.404763333490535e-07
3.175719213069482e-07 2.404763333490535e-07
3.175719213069482e-07 2.404763333490535e-07
3.175719213069482e-07 2.404763333490535e-07
3.175719213069482e-07 2.404763333490535e-07
3.175719213069482e-07 2.404763333490535e-07