1.5642597922662995e-05 1.531088757215256e-05
1.5642597922662995e-05 1.531088757215256e-05
1.1220435554867368e-06 1.1153967131489658e-06
2.2382881572173602e-05 2.2388393856624726e-05
2.9758007879920487e-06 3.003273568189326e-06
4.48982157449063e-06 4.331085499958855e-06
2.8149190710767065e-05 2.818489289740699e-05
2.8149190710767065e-05 2.818489289740699e-05
9.198836531155539e-07 9.188609065114159e-07
1.7002291908949327e-06 1.6936866137784794e-06
3.1194434912811553e-06 3.176105522929894e-06
3.1194434912811553e-06 3.176105522929894e-06
3.1194434912811553e-06 3.176105522929894e-06
3.1194434912811553e-06 3.176105522929894e-06
3.1194434912811553e-06 3.176105522929894e-06
3.1194434912811553e-06 3.176105522929894e-06
3.1194434912811553e-06 3.176105522929894e-06
3.4533487122462652e-06 3.4334292404567835e-06
3.4533487122462652e-06 3.4334292404567835e-06
1.1131618025206435e-06 1.1107643058111857e-06
1.899584181022774e-06 1.9003711424841272e-06
1.4681032546381052e-06 1.465472013880951e-06
1.6940682201272245e-06 1.6797180761181043e-06
3.0641009927687216e-06 3.0802497466494583e-06
1.6480437720425855e-06 1.6375429650335451e-06
5.17651930841702e-06 5.1771088953085035e-06
2.0701704992423174e-06 2.0708392697392397e-06
2.0701704992423174e-06 2.0708392697392397e-06
2.7562788031134927e-06 2.7652649538615543e-06
1.3601056530071256e-06 1.3705144774296824e-06
7.219382598400185e-06 6.979974453293501e-06
7.219382598400185e-06 6.979974453293501e-06
7.219382598400185e-06 6.979974453293501e-06
1.1247063110645233e-06 1.1176006455261328e-06
1.6217075282906878e-06 1.6243549280491985e-06
4.7500748136783155e-06 4.7030936950325926e-06
3.445566933583252e-06 3.457778792059557e-06
3.445566933583252e-06 3.457778792059557e-06
3.445566933583252e-06 3.457778792059557e-06
3.445566933583252e-06 3.457778792059557e-06
1.0685016401500176e-06 1.0581551488242308e-06
1.0685016401500176e-06 1.0581551488242308e-06
1.0685016401500176e-06 1.0581551488242308e-06
2.4105969843431728e-06 2.4380372824661236e-06
2.4105969843431728e-06 2.4380372824661236e-06
1.8106200106102333e-06 1.8129736393632836e-06
2.0597916314785596e-06 2.0701190732490933e-06
2.0597916314785596e-06 2.0701190732490933e-06
2.0597916314785596e-06 2.0701190732490933e-06
3.8999734801803345e-06 3.896857963424091e-06