1.7013049071425874e-06 2.6142856899852198e-06
2.7736388921864375e-06 2.6142909634406596e-06
5.177459265414683e-06 2.6142909634406596e-06
2.2488963990700843e-06 2.6142909634406596e-06
1.701428346417879e-06 2.6142856899852198e-06
2.139664288258109e-06 2.6142909634406596e-06
2.4180441624189453e-06 2.6142909634406596e-06
2.5692655001305946e-06 2.6142909634406596e-06
2.2773035114793905e-06 2.6142909634406596e-06
2.446491740800345e-06 2.6142909634406596e-06
2.21891111374915e-06 2.6142909634406596e-06
1.4721621812374168e-06 2.6142909634406596e-06
4.068003708540108e-06 2.6142909634406596e-06
2.302120280514743e-06 2.6142909634406596e-06
2.21891111374915e-06 2.6142909634406596e-06
3.1406126533064892e-06 2.6142909634406596e-06
1.7258197551382278e-06 2.6142909634406596e-06
2.064103361627116e-06 2.6142909634406596e-06
1.4053103720411282e-06 2.6142909634406596e-06
2.8028350910515576e-06 2.6142909634406596e-06
2.346925216465447e-06 2.6142909634406596e-06
2.66269333649898e-06 2.6142909634406596e-06
2.0399666690919603e-06 2.6142909634406596e-06
2.102126318288668e-06 2.6142909634406596e-06
2.2788816843910187e-06 2.6142909634406596e-06
2.21891111374915e-06 2.6142909634406596e-06
1.9811706372760267e-06 2.6142909634406596e-06
3.0257878823852045e-06 2.6142909634406596e-06
1.7434301608029034e-06 2.6142909634406596e-06
4.715186116716943e-06 2.6142909634406596e-06
3.6981851895819163e-06 2.6142909634406596e-06
2.7736388921864375e-06 2.6142909634406596e-06
2.7594151029957378e-06 2.6142909634406596e-06
2.3940883069398722e-06 2.6142909634406596e-06
2.0437339205584275e-06 2.6142909634406596e-06
3.7444125044516906e-06 2.6142909634406596e-06
2.2788816843910187e-06 2.6142909634406596e-06
1.701426367965005e-06 2.6142856899852198e-06
2.0689846871444776e-06 2.6142909634406596e-06
2.66269333649898e-06 2.6142909634406596e-06
4.160458338279656e-06 2.6142909634406596e-06
2.4130658362022003e-06 2.6142909634406596e-06
2.1357019469835567e-06 2.6142909634406596e-06
4.100161840623429e-06 2.6142909634406596e-06
2.1289552577863465e-06 2.6142909634406596e-06
3.538263667870266e-06 2.6142909634406596e-06
1.7014327527477255e-06 2.6142856899852198e-06
1.90536932593677e-06 2.6142909634406596e-06
4.1208349255341355e-06 2.6142909634406596e-06
2.1313225171537887e-06 2.6142909634406596e-06