2.665741513008515e-06 1.003713054197046e-06
1.939181368306271e-05 1.003717507487305e-06
4.762747536960626e-06 1.003717507487305e-06
6.528668282682846e-06 1.003713054197046e-06
1.3745517722527544e-05 1.003717507487305e-06
4.497509455674379e-06 1.003713054197046e-06
3.161645848459409e-06 1.003717507487305e-06
4.283921834105246e-06 1.003717507487305e-06
1.4663915178333188e-05 1.003717507487305e-06
3.6343076448387175e-06 1.0037117302598837e-06
4.850487981461188e-06 1.003717507487305e-06
1.3483538105154664e-05 1.003717507487305e-06
4.666146019616003e-06 1.003717507487305e-06
4.546638233385876e-06 1.003717507487305e-06
4.5279728817904e-06 1.003713054197046e-06
6.566253029189626e-06 1.003713054197046e-06
4.851045532441886e-06 1.003713054197046e-06
4.455968420061623e-06 1.003713054197046e-06
4.695804380204265e-06 1.003717507487305e-06
9.82738533655691e-06 1.003713054197046e-06
1.3787623575561159e-05 1.003713054197046e-06
3.64242084879507e-06 1.003717507487305e-06
3.387946196519275e-06 1.003713054197046e-06
4.770913215460251e-06 1.003717507487305e-06
3.962091663332191e-06 1.003713054197046e-06
3.634299458313466e-06 1.0037117302598837e-06
4.473532261434735e-06 1.003713054197046e-06
1.2355470055391174e-05 1.003713054197046e-06
1.6197220322953452e-05 1.003717507487305e-06
3.1252705792663403e-06 1.003713054197046e-06
1.517805588701071e-05 1.003713054197046e-06
6.855362224374005e-06 1.003717507487305e-06
3.269657148502192e-06 1.003713054197046e-06
3.382150851577064e-06 1.003717507487305e-06
4.311533434700348e-06 1.003713054197046e-06
6.115469851828174e-06 1.003713054197046e-06
3.3717245132016334e-06 1.0037117506999032e-06
3.634009555747148e-06 1.0037117302598837e-06
3.830722576351681e-06 1.003713054197046e-06
5.005162213957443e-06 1.003713054197046e-06
9.320122668318153e-06 1.003713054197046e-06
4.822718012101677e-06 1.003717507487305e-06
1.3491605232898409e-05 1.003713054197046e-06
4.683786966563307e-06 1.003717507487305e-06
3.371453153006465e-06 1.0037117506999032e-06
4.552897503158053e-06 1.003713054197046e-06
7.152309886149513e-06 1.003717507487305e-06
4.374590596450993e-06 1.003713054197046e-06
4.338706093217896e-06 1.003713054197046e-06
4.257540739951359e-06 1.003713054197046e-06
4.334391655834957e-06 1.003713054197046e-06
4.5808878622626055e-06 1.003717507487305e-06
1.5165247401030109e-05 1.003713054197046e-06
4.17142915806324e-06 1.003717507487305e-06
3.1718134568449738e-06 1.003717507487305e-06
1.1385320871644227e-06 1.003713054197046e-06
1.0511497494745532e-05 1.003713054197046e-06
4.845981330025937e-06 1.003713054197046e-06
5.287662002021437e-06 1.003717507487305e-06
3.6342482163227236e-06 1.0037117302598837e-06
1.302366854507383e-05 1.003713054197046e-06
4.3467956633109065e-06 1.003713054197046e-06
3.4996893506767504e-06 1.003717507487305e-06
6.528186837413037e-06 1.003717507487305e-06
1.4397529175958623e-05 1.003717507487305e-06
2.8769688256453002e-06 1.003717507487305e-06
5.212090958548491e-06 1.003717507487305e-06
4.68934502037225e-06 1.003717507487305e-06
4.896771263727039e-06 1.003717507487305e-06
4.373760896954274e-06 1.003713054197046e-06
3.3576868309508287e-06 1.003717507487305e-06
1.0188023662244615e-05 1.003717507487305e-06
4.2165098661573976e-06 1.003717507487305e-06
4.680290012370505e-06 1.003713054197046e-06
3.3716736581360337e-06 1.0037117506999032e-06
4.035283011792761e-06 1.003713054197046e-06
4.216553584813439e-06 1.003713054197046e-06
4.683786966563307e-06 1.003717507487305e-06
1.0136828143515832e-05 1.003717507487305e-06
4.92454123308655e-06 1.003717507487305e-06
4.2396088595785185e-06 1.003713054197046e-06
3.371717568582234e-06 1.0037117506999032e-06
1.1359460244115372e-05 1.003717507487305e-06
4.985223758723999e-06 1.003717507487305e-06
4.435020376462028e-06 1.003713054197046e-06
3.0029701969999683e-06 1.003713054197046e-06
4.535221690426966e-06 1.003717507487305e-06
5.2376871477340395e-06 1.003717507487305e-06
4.419601794148e-06 1.003713054197046e-06
3.0294853797592464e-06 1.003713054197046e-06
1.7975795181916e-05 1.003713054197046e-06
4.7334743498864984e-06 1.003717507487305e-06
1.6168678965556177e-05 1.003717507487305e-06
3.90516505897397e-06 1.003713054197046e-06
5.0695621841862166e-06 1.003717507487305e-06
4.761900155229533e-06 1.003717507487305e-06
1.1797094390873585e-06 1.003717507487305e-06
4.3355680998717435e-06 1.003717507487305e-06
4.686198070768764e-06 1.003713054197046e-06
2.9587602615185435e-06 1.003713054197046e-06