0.05273414434890925 0.0548045527955502
0.0032074614511462874 0.0030830320334975314
0.052733335490289655 0.0548045527955502
1.8199318941042295e-06 0.0001263167544278269
3.3028393633743425e-06 0.0001263167544278269
1.2132879294028197e-06 0.0001263167544278269
9.436683895355264e-07 0.0001263167544278269
0.0006458062028671342 0.0001263167544278269
0.0009063260832639063 0.0001263167544278269
0.00017538751068367427 0.0001263167544278269
2.089551433971523e-06 0.0001263167544278269
1.8199318941042295e-06 0.0001263167544278269
0.002158237011752716 0.002486633611311079
0.052733605109829516 0.0548045527955502
0.05273320068051972 0.0548045527955502
0.0014492724316716682 0.0016582949799537872
2.4265758588056394e-06 0.0001263167544278269
2.0221465490046996e-06 0.0001263167544278269
4.4756843617970684e-05 0.0001263167544278269
4.718341947677632e-07 0.0001263167544278269
1.0110732745023498e-06 0.0001263167544278269
3.909483328075752e-06 0.0001263167544278269
0.0006466824663717029 0.0001263167544278269
1.0515162054824438e-05 0.0001263167544278269
3.3702442483411657e-06 0.0001263167544278269
1.523350400250207e-05 0.0001263167544278269
1.0919591364625376e-05 0.0001263167544278269
4.044293098009399e-07 0.0001263167544278269
0.05273394213425436 0.0548045527955502
0.003214134534758003 0.0030830320334975314
4.5565702237572564e-05 0.0001263167544278269
1.2132879294028197e-06 0.0001263167544278269
1.4155025843032896e-06 0.0001263167544278269
2.763600283639756e-06 0.0001263167544278269
0.0005072891642603122 0.0001263167544278269
0.052732998465864815 0.0548045527955502
0.002078699247491864 0.0024203746093886917
0.0678380961625051 0.06597050901472931
5.392390797345865e-07 0.0001263167544278269
1.1458830444359965e-06 0.0001263167544278269
9.97592297508985e-06 0.0001263167544278269
0.0009080786102730437 0.0001263167544278269
0.037260813765695226 0.03638225849503765
3.3702442483411657e-06 0.0001263167544278269
6.066439647014098e-07 0.0001263167544278269
0.0005107942182785871 0.0001263167544278269
1.7525270091374063e-06 0.0001263167544278269
0.03726034193150046 0.03638225849503765
6.740488496682332e-07 0.0001263167544278269
2.965814938540226e-06 0.0001263167544278269