1.2735560505191486e-05 1.484317951787094e-05
1.2735560505191486e-05 1.484317951787094e-05
1.2735560505191486e-05 1.484317951787094e-05
1.2735560505191486e-05 1.484317951787094e-05
9.375894929159374e-06 1.4843179590977614e-05
9.375894929159374e-06 1.4843179590977614e-05
9.375894929159374e-06 1.4843179590977614e-05
1.2545616807455312e-05 1.4843175237022721e-05
1.2545616807455312e-05 1.4843175237022721e-05
1.2545616807455312e-05 1.4843175237022721e-05
1.2545616807455312e-05 1.4843175237022721e-05
1.2545616807455312e-05 1.4843175237022721e-05
1.2545616807455312e-05 1.4843175237022721e-05
1.1799067557044187e-05 1.4843193250243006e-05
9.388478422371529e-06 1.4843176457887668e-05
1.131584708586067e-05 1.4843186530247726e-05
1.2022531821075992e-05 1.4843171798214387e-05
1.2022531821075992e-05 1.4843171798214387e-05
1.2562990687769382e-05 1.4843190769042026e-05
1.3084509998444638e-05 1.4843175237022721e-05
1.3084509998444638e-05 1.4843175237022721e-05
1.3084509998444638e-05 1.4843175237022721e-05
1.3084509998444638e-05 1.4843175237022721e-05
1.3084509998444638e-05 1.4843175237022721e-05
1.3366300142693884e-05 1.4843184418141745e-05
1.3366300142693884e-05 1.4843184418141745e-05
1.3366300142693884e-05 1.4843184418141745e-05
1.3745219756692198e-05 1.484317565455646e-05
1.3745219756692198e-05 1.484317565455646e-05
1.3745219756692198e-05 1.484317565455646e-05
1.3745219756692198e-05 1.484317565455646e-05
1.3745219756692198e-05 1.484317565455646e-05
1.3745219756692198e-05 1.484317565455646e-05
1.2805511932574194e-05 1.484318473103782e-05
1.2805511932574194e-05 1.484318473103782e-05
1.2805511932574194e-05 1.484318473103782e-05
1.2805511932574194e-05 1.484318473103782e-05
1.3837708922222512e-05 1.4843198995814398e-05
1.2498623263895035e-05 1.4843184418141745e-05
1.2498623263895035e-05 1.4843184418141745e-05
1.2054202903543778e-05 1.4843184963188435e-05
1.2054202903543778e-05 1.4843184963188435e-05
1.2054202903543778e-05 1.4843184963188435e-05
1.0360377230424524e-05 1.484316662239547e-05
1.0360377230424524e-05 1.484316662239547e-05
1.3477201908158543e-05 1.4843184418141745e-05
1.3477201908158543e-05 1.4843184418141745e-05
1.3477201908158543e-05 1.4843184418141745e-05
1.289758210080763e-05 1.4843190582726287e-05
1.289758210080763e-05 1.4843190582726287e-05