1.4866654587038958e-05 4.911554566544796e-06
1.4901401812825436e-05 4.911554566544796e-06
9.953949400118387e-06 4.911507161897902e-06
1.4992029196201739e-05 4.911554566544796e-06
1.4920035256870243e-05 4.911554566544796e-06
1.4892945352674608e-05 4.911554566544796e-06
5.656467048215703e-06 4.911518443525449e-06
5.6557075363738474e-06 4.911518443525449e-06
1.4929361937585451e-05 4.911554566544796e-06
1.4946811010278862e-05 4.911554566544796e-06
1.4919623249184843e-05 4.911554566544796e-06
9.945809718099064e-06 4.911507161897902e-06
5.6548924985114465e-06 4.911518443525449e-06
1.4900386602549649e-05 4.911554566544796e-06
1.4890327934664583e-05 4.911554566544796e-06
1.4944599465914642e-05 4.911554566544796e-06
5.661854860411442e-06 4.911518443525449e-06
1.489518764122846e-05 4.911554566544796e-06
5.6565917244592175e-06 4.911518443525449e-06
1.4902760433175705e-05 4.911554566544796e-06
5.656040082450425e-06 4.911518443525449e-06
5.655511190292656e-06 4.911518443525449e-06
5.655565347319475e-06 4.911518443525449e-06
6.702640749870007e-06 4.911517794892492e-06
5.656173059726572e-06 4.911518443525449e-06
5.65543094289442e-06 4.911518443525449e-06
1.4831611224613521e-05 4.911554566544796e-06
1.4898746302096807e-05 4.911554566544796e-06
5.655560789480161e-06 4.911518443525449e-06
1.491386034191575e-05 4.911554566544796e-06
1.4895830051184091e-05 4.911554566544796e-06
1.4897905106426594e-05 4.911554566544796e-06
1.4933546893784801e-05 4.911554566544796e-06
5.6560615536819874e-06 4.911518443525449e-06
5.655483526738502e-06 4.911518443525449e-06
1.4894545371048711e-05 4.911554566544796e-06
5.65558704154363e-06 4.911518443525449e-06
5.656962783395004e-06 4.911518443525449e-06
1.507891587980066e-05 4.911554566544796e-06
5.655398644968267e-06 4.911518443525449e-06
5.65608780843552e-06 4.911518443525449e-06
5.660630992494022e-06 4.911518443525449e-06
5.655545304947338e-06 4.911518443525449e-06
1.485456505129339e-05 4.911554566544796e-06
1.4913969076015166e-05 4.911554566544796e-06
1.487457134331967e-05 4.911554566544796e-06
5.657290475981666e-06 4.911518443525449e-06
5.6563057692513575e-06 4.911518443525449e-06
1.4903322103740959e-05 4.911554566544796e-06
1.4859212683892812e-05 4.911554566544796e-06