1.8924667492935713e-06 1.977601590380549e-06
1.8924667492935713e-06 1.977601590380549e-06
1.8924667492935713e-06 1.977601590380549e-06
1.8924667492935713e-06 1.977601590380549e-06
1.8615864051012291e-06 1.977601641093213e-06
1.8615864051012291e-06 1.977601641093213e-06
1.8615864051012291e-06 1.977601641093213e-06
1.8615864051012291e-06 1.977601641093213e-06
1.8615864051012291e-06 1.977601641093213e-06
1.8615864051012291e-06 1.977601641093213e-06
1.8615864051012291e-06 1.977601641093213e-06
1.8615864051012291e-06 1.977601641093213e-06
1.8615864051012291e-06 1.977601641093213e-06
1.8615864051012291e-06 1.977601641093213e-06
1.8615864051012291e-06 1.977601641093213e-06
1.8615864051012291e-06 1.977601641093213e-06
1.8615864051012291e-06 1.977601641093213e-06
1.8615864051012291e-06 1.977601641093213e-06
1.8615864051012291e-06 1.977601641093213e-06
1.8615864051012291e-06 1.977601641093213e-06
1.8615864051012291e-06 1.977601641093213e-06
1.8615864051012291e-06 1.977601641093213e-06
1.8615864051012291e-06 1.977601641093213e-06
1.8615864051012291e-06 1.977601641093213e-06
1.8615864051012291e-06 1.977601641093213e-06
1.8615864051012291e-06 1.977601641093213e-06
1.8615864051012291e-06 1.977601641093213e-06
1.8615864051012291e-06 1.977601641093213e-06
1.8615864051012291e-06 1.977601641093213e-06
1.8615864051012291e-06 1.977601641093213e-06
1.8615864051012291e-06 1.977601641093213e-06
1.8615864051012291e-06 1.977601641093213e-06
1.8615864051012291e-06 1.977601641093213e-06
1.8615864051012291e-06 1.977601641093213e-06
1.8615864051012291e-06 1.977601641093213e-06
1.8615864051012291e-06 1.977601641093213e-06
1.8615864051012291e-06 1.977601641093213e-06
1.8615864051012291e-06 1.977601641093213e-06
1.8615864051012291e-06 1.977601641093213e-06
1.8615864051012291e-06 1.977601641093213e-06
1.8615864051012291e-06 1.977601641093213e-06
1.8615864051012291e-06 1.977601641093213e-06
1.8615864051012291e-06 1.977601641093213e-06
1.8615864051012291e-06 1.977601641093213e-06
1.8615864051012291e-06 1.977601641093213e-06
1.8615864051012291e-06 1.977601641093213e-06
1.8615864051012291e-06 1.977601641093213e-06
1.8615864051012291e-06 1.977601641093213e-06
1.8615864051012291e-06 1.977601641093213e-06
1.8615864051012291e-06 1.977601641093213e-06