0.011165147360559515 0.014810673159105187
0.12057042057952023 0.3181814566465261
0.12057042057952023 0.2958494768032829
0.06142377990417722 0.06875210640265521
0.05014721226876754 0.0807795644565953
0.12057042057952023 0.2846834531792188
0.12057042057952023 0.2846834531792188
0.029806372727444304 0.07345710218310941
0.12057042057952023 0.3181814566465261
0.04100576176956697 0.0612307997185172
0.1294203449512393 0.21434092851577138
0.01809207776906008 0.04999851709253073
0.15783029067682594 0.2478389319830787
0.03892409670713656 0.03743303324678546
0.05014721226876754 0.07855965197509794
0.029806372727444304 0.07518003844774639
0.18215293898779433 0.24588405550927087
0.019858355374730716 0.045492365722728655
0.06783782654296522 0.3293474802705902
0.06783782654296522 0.3293474802705902
0.06783782654296522 0.3293474802705902
0.06783782654296522 0.3293474802705902
0.06783782654296522 0.3293474802705902
0.04100576176956697 0.07180042492039483
0.04100576176956697 0.056857166352559906
0.15783029067682594 0.2885932061268344
0.02964965636989644 0.029588250519691665
0.12057042057952023 0.307015433022462
0.019858355374730716 0.03860055325929581
0.03725987009730569 0.18140616026724687
0.03725987009730569 0.18140616026724687
0.12057042057952023 0.2958494768032829
0.12057042057952023 0.2958494768032829
0.1307513218097942 0.1538722084266891
0.15783029067682594 0.2662612262835912
0.12057042057952023 0.2958494768032829
0.04894208033044571 0.08684303828867086
0.05415281496280598 0.07650535329596407
0.019858355374730716 0.03860055325929581
0.029806372727444304 0.07862591097702033
0.029806372727444304 0.07862591097702033
0.12057042057952023 0.2958494768032829
0.03886740919887946 0.03992593551239845
0.014224183255008857 0.07173416591847244
0.014224183255008857 0.07173416591847244
0.05014721226876754 0.0807795644565953
0.029806372727444304 0.07690297471238336
0.05273259403655502 0.27351742955515473
0.05273259403655502 0.27351742955515473
0.05273259403655502 0.27351742955515473