9.64685111943074e-07 2.6601211090166086e-06
1.1915288299350643e-06 2.660121233752002e-06
1.062532951364175e-06 2.660121068495953e-06
1.0686219366198432e-06 2.6601210779604065e-06
1.0686219366198432e-06 2.6601210779604065e-06
1.0686219366198432e-06 2.6601210779604065e-06
1.2333521163523965e-06 2.6601210923437794e-06
1.3791619444602244e-06 2.6601211339016404e-06
1.3791619444602244e-06 2.6601211339016404e-06
2.546295865572962e-06 2.6601210401278434e-06
9.64685111943074e-07 2.6601211090166086e-06
9.111236706539902e-07 2.6601211077414873e-06
9.64685111943074e-07 2.6601211090166086e-06
1.7427438887974422e-06 2.660121226092802e-06
1.2333521163523965e-06 2.6601211674362745e-06
1.071585057718146e-06 2.660121129738133e-06
9.832038475521273e-07 2.6601211380495463e-06
7.37453571515871e-07 2.6601210487988455e-06
9.64685111943074e-07 2.66012109409756e-06
9.64685111943074e-07 2.66012109409756e-06
1.062532951364175e-06 2.660121101262663e-06
2.546295865572962e-06 2.6601210401278434e-06
9.64685111943074e-07 2.6601211090166086e-06
9.64685111943074e-07 2.6601211090166086e-06
1.1837850331367848e-06 2.6601210743537033e-06
1.2333521163523965e-06 2.6601210923437794e-06
9.64685111943074e-07 2.66012109048748e-06
8.838915685700805e-07 2.660121104011503e-06
8.838915685700805e-07 2.660121104011503e-06
8.838915685700805e-07 2.660121104011503e-06
8.838915685700805e-07 2.660121104011503e-06
8.838915685700805e-07 2.660121104011503e-06
2.546295865572962e-06 2.660121066395529e-06
9.832038475521273e-07 2.6601210929605405e-06
1.1088211233168953e-06 2.660121129302906e-06
1.3764086323447651e-06 2.6601209700914984e-06
1.1088211233168953e-06 2.6601211058963785e-06
9.567188291333997e-07 2.660121096194323e-06
1.1088211233168953e-06 2.6601211860974615e-06
9.64685111943074e-07 2.66012107597973e-06
1.062532951364175e-06 2.6601211028311746e-06
9.64685111943074e-07 2.66012109048748e-06
9.832038475521273e-07 2.6601210498476125e-06
9.832038475521273e-07 2.6601210498476125e-06
6.023280323532414e-07 2.660121154053126e-06
1.7461110777811564e-06 2.660121200158382e-06
9.832038475521273e-07 2.6601211852536777e-06
1.0676104670362955e-06 2.660121045311008e-06
1.609013653812689e-06 2.6601210270191483e-06
1.609013653812689e-06 2.6601210270191483e-06