4.7281905120346633e-07 4.769579242028006e-07
1.3584889255982786e-06 1.3922690086487752e-06
4.7281905120346633e-07 4.769579242028006e-07
1.3584889255982786e-06 1.3922690086487752e-06
4.7281905120346633e-07 4.769579242028006e-07
1.3584889255982786e-06 1.3922690086487752e-06
4.7281905120346633e-07 4.769579242028006e-07
1.3584889255982786e-06 1.3922690086487752e-06
4.7281905120346633e-07 4.769579242028006e-07
4.7281905120346633e-07 4.769579242028006e-07
4.7281905120346633e-07 4.769579242028006e-07
4.7281905120346633e-07 4.769579242028006e-07
1.3584889255982786e-06 1.3922690086487752e-06
1.3584889255982786e-06 1.3922690086487752e-06
1.3584889255982786e-06 1.3922690086487752e-06
5.826531343534036e-07 5.861709379965966e-07
4.7281905120346633e-07 4.769579242028006e-07
1.3584889255982786e-06 1.3922690086487752e-06
5.826531343534036e-07 5.861709379965966e-07
4.7281905120346633e-07 4.769579242028006e-07
5.826531343534036e-07 5.861709379965966e-07
5.826531343534036e-07 5.861709379965966e-07
5.826531343534036e-07 5.861709379965966e-07
4.7281905120346633e-07 4.769579242028006e-07
4.7281905120346633e-07 4.769579242028006e-07
1.3584889255982786e-06 1.3922690086487752e-06
1.3584889255982786e-06 1.3922690086487752e-06
1.3584889255982786e-06 1.3922690086487752e-06
1.3584889255982786e-06 1.3922690086487752e-06
1.3584889255982786e-06 1.3922690086487752e-06
5.826531343534036e-07 5.861709379965966e-07
5.826531343534036e-07 5.861709379965966e-07
5.826531343534036e-07 5.861709379965966e-07
1.3584889255982786e-06 1.3922690086487752e-06
1.3584889255982786e-06 1.3922690086487752e-06
4.7281905120346633e-07 4.769579242028006e-07
4.7281905120346633e-07 4.769579242028006e-07
4.7281905120346633e-07 4.769579242028006e-07
1.3584889255982786e-06 1.3922690086487752e-06
4.7281905120346633e-07 4.769579242028006e-07
4.7281905120346633e-07 4.769579242028006e-07
4.7281905120346633e-07 4.769579242028006e-07
4.7281905120346633e-07 4.769579242028006e-07
4.7281905120346633e-07 4.769579242028006e-07
4.7281905120346633e-07 4.769579242028006e-07
4.7281905120346633e-07 4.769579242028006e-07
5.826531343534036e-07 5.861709379965966e-07
4.7281905120346633e-07 4.769579242028006e-07
1.3584889255982786e-06 1.3922690086487752e-06
4.7281905120346633e-07 4.769579242028006e-07
1.3584889255982786e-06 1.3922690086487752e-06
1.3584889255982786e-06 1.3922690086487752e-06
1.3584889255982786e-06 1.3922690086487752e-06
1.3584889255982786e-06 1.3922690086487752e-06
4.7281905120346633e-07 4.769579242028006e-07
4.7281905120346633e-07 4.769579242028006e-07
4.7281905120346633e-07 4.769579242028006e-07
1.3584889255982786e-06 1.3922690086487752e-06
4.7281905120346633e-07 4.769579242028006e-07
5.826531343534036e-07 5.861709379965966e-07
5.826531343534036e-07 5.861709379965966e-07
5.826531343534036e-07 5.861709379965966e-07
1.3584889255982786e-06 1.3922690086487752e-06
1.3584889255982786e-06 1.3922690086487752e-06
1.3584889255982786e-06 1.3922690086487752e-06
1.3584889255982786e-06 1.3922690086487752e-06
4.7281905120346633e-07 4.769579242028006e-07
4.7281905120346633e-07 4.769579242028006e-07
4.7281905120346633e-07 4.769579242028006e-07
1.3584889255982786e-06 1.3922690086487752e-06
5.826531343534036e-07 5.861709379965966e-07
1.3584889255982786e-06 1.3922690086487752e-06
1.3584889255982786e-06 1.3922690086487752e-06
4.7281905120346633e-07 4.769579242028006e-07
5.826531343534036e-07 5.861709379965966e-07
5.826531343534036e-07 5.861709379965966e-07
4.7281905120346633e-07 4.769579242028006e-07
1.3584889255982786e-06 1.3922690086487752e-06
1.3584889255982786e-06 1.3922690086487752e-06
1.3584889255982786e-06 1.3922690086487752e-06
4.7281905120346633e-07 4.769579242028006e-07
5.826531343534036e-07 5.861709379965966e-07
5.826531343534036e-07 5.861709379965966e-07
5.826531343534036e-07 5.861709379965966e-07
5.826531343534036e-07 5.861709379965966e-07
5.826531343534036e-07 5.861709379965966e-07
4.7281905120346633e-07 4.769579242028006e-07
4.7281905120346633e-07 4.769579242028006e-07
4.7281905120346633e-07 4.769579242028006e-07
5.826531343534036e-07 5.861709379965966e-07
5.826531343534036e-07 5.861709379965966e-07
5.826531343534036e-07 5.861709379965966e-07
1.3584889255982786e-06 1.3922690086487752e-06
4.7281905120346633e-07 4.769579242028006e-07
1.3584889255982786e-06 1.3922690086487752e-06
1.3584889255982786e-06 1.3922690086487752e-06
4.7281905120346633e-07 4.769579242028006e-07
5.826531343534036e-07 5.861709379965966e-07
5.826531343534036e-07 5.861709379965966e-07
4.7281905120346633e-07 4.769579242028006e-07
5.826531343534036e-07 5.861709379965966e-07
5.826531343534036e-07 5.861709379965966e-07
5.826531343534036e-07 5.861709379965966e-07
1.3584889255982786e-06 1.3922690086487752e-06
1.3584889255982786e-06 1.3922690086487752e-06
5.826531343534036e-07 5.861709379965966e-07
5.826531343534036e-07 5.861709379965966e-07
5.826531343534036e-07 5.861709379965966e-07
1.3584889255982786e-06 1.3922690086487752e-06
5.826531343534036e-07 5.861709379965966e-07
4.7281905120346633e-07 4.769579242028006e-07
1.3584889255982786e-06 1.3922690086487752e-06
4.7281905120346633e-07 4.769579242028006e-07
4.7281905120346633e-07 4.769579242028006e-07
4.7281905120346633e-07 4.769579242028006e-07
1.3584889255982786e-06 1.3922690086487752e-06
4.7281905120346633e-07 4.769579242028006e-07
4.7281905120346633e-07 4.769579242028006e-07
4.7281905120346633e-07 4.769579242028006e-07
1.3584889255982786e-06 1.3922690086487752e-06
5.826531343534036e-07 5.861709379965966e-07
4.7281905120346633e-07 4.769579242028006e-07
1.3584889255982786e-06 1.3922690086487752e-06
1.3584889255982786e-06 1.3922690086487752e-06
1.3584889255982786e-06 1.3922690086487752e-06
1.3584889255982786e-06 1.3922690086487752e-06
1.3584889255982786e-06 1.3922690086487752e-06
4.7281905120346633e-07 4.769579242028006e-07
4.7281905120346633e-07 4.769579242028006e-07
1.3584889255982786e-06 1.3922690086487752e-06
1.3584889255982786e-06 1.3922690086487752e-06
1.3584889255982786e-06 1.3922690086487752e-06
1.3584889255982786e-06 1.3922690086487752e-06