1.7424512568328887e-05 1.0569852176743246e-05
1.7424512568328887e-05 1.0569852176743246e-05
1.7424512568328887e-05 1.0569852176743246e-05
8.779686107495008e-06 1.0569906259599576e-05
8.779686107495008e-06 1.0569906259599576e-05
8.779686107495008e-06 1.0569906259599576e-05
8.779686107495008e-06 1.0569906259599576e-05
8.779686107495008e-06 1.0569906259599576e-05
8.407520443587455e-06 1.0569888556163086e-05
8.407520443587455e-06 1.0569888556163086e-05
8.904020582956207e-06 1.0569905595045869e-05
8.904020582956207e-06 1.0569905595045869e-05
8.904020582956207e-06 1.0569905595045869e-05
1.041121347845891e-05 1.0569907502200096e-05
1.041121347845891e-05 1.0569907502200096e-05
1.041121347845891e-05 1.0569907502200096e-05
1.041121347845891e-05 1.0569907502200096e-05
1.041121347845891e-05 1.0569907502200096e-05
1.041121347845891e-05 1.0569907502200096e-05
1.041121347845891e-05 1.0569907502200096e-05
1.5131074483148668e-05 1.0569848220772219e-05
1.5131074483148668e-05 1.0569848220772219e-05
1.5131074483148668e-05 1.0569848220772219e-05
1.5131074483148668e-05 1.0569848220772219e-05
1.0539167422269811e-05 1.0569966278960402e-05
1.0539167422269811e-05 1.0569966278960402e-05
1.0539167422269811e-05 1.0569966278960402e-05
1.0539167422269811e-05 1.0569966278960402e-05
1.0539167422269811e-05 1.0569966278960402e-05
1.0539167422269811e-05 1.0569966278960402e-05
1.0539167422269811e-05 1.0569966278960402e-05
8.984857692888384e-06 1.0569901344597189e-05
8.984857692888384e-06 1.0569901344597189e-05
8.984857692888384e-06 1.0569901344597189e-05
8.984857692888384e-06 1.0569901344597189e-05
8.984857692888384e-06 1.0569901344597189e-05
9.849072786028034e-06 1.0569852176743246e-05
9.849072786028034e-06 1.0569852176743246e-05
9.05957461659818e-06 1.0569905751074679e-05
9.05957461659818e-06 1.0569905751074679e-05
9.05957461659818e-06 1.0569905751074679e-05
9.05957461659818e-06 1.0569905751074679e-05
9.05957461659818e-06 1.0569905751074679e-05
9.05957461659818e-06 1.0569905751074679e-05
9.05957461659818e-06 1.0569905751074679e-05
9.05957461659818e-06 1.0569905751074679e-05
9.05957461659818e-06 1.0569905751074679e-05
9.05957461659818e-06 1.0569905751074679e-05
9.05957461659818e-06 1.0569905751074679e-05
9.05957461659818e-06 1.0569905751074679e-05