8.94153245778765e-06 8.457123259946888e-06
8.94153245778765e-06 8.457123259946888e-06
8.94153245778765e-06 8.457123259946888e-06
8.94153245778765e-06 8.457123259946888e-06
8.94153245778765e-06 8.457123259946888e-06
8.94153245778765e-06 8.457123259946888e-06
8.94153245778765e-06 8.457123259946888e-06
8.94153245778765e-06 8.457123259946888e-06
8.94153245778765e-06 8.457123259946888e-06
8.94153245778765e-06 8.457123259946888e-06
8.94153245778765e-06 8.457123259946888e-06
8.94153245778765e-06 8.457123259946888e-06
8.94153245778765e-06 8.457123259946888e-06
8.94153245778765e-06 8.457123259946888e-06
8.94153245778765e-06 8.457123259946888e-06
8.94153245778765e-06 8.457123259946888e-06
8.94153245778765e-06 8.457123259946888e-06
8.94153245778765e-06 8.457123259946888e-06
8.94153245778765e-06 8.457123259946888e-06
8.94153245778765e-06 8.457123259946888e-06
8.94153245778765e-06 8.457123259946888e-06
8.94153245778765e-06 8.457123259946888e-06
8.94153245778765e-06 8.457123259946888e-06
8.94153245778765e-06 8.457123259946888e-06
8.94153245778765e-06 8.457123259946888e-06
8.94153245778765e-06 8.457123259946888e-06
8.94153245778765e-06 8.457123259946888e-06
8.94153245778765e-06 8.457123259946888e-06
8.94153245778765e-06 8.457123259946888e-06
8.94153245778765e-06 8.457123259946888e-06
8.94153245778765e-06 8.457123259946888e-06
8.94153245778765e-06 8.457123259946888e-06
8.94153245778765e-06 8.457123259946888e-06
8.94153245778765e-06 8.457123259946888e-06
8.94153245778765e-06 8.457123259946888e-06
8.468986214881601e-06 8.45787848915475e-06
8.468986214881601e-06 8.45787848915475e-06
8.468986214881601e-06 8.45787848915475e-06
8.468986214881601e-06 8.45787848915475e-06
8.468986214881601e-06 8.45787848915475e-06
8.468986214881601e-06 8.45787848915475e-06
8.468986214881601e-06 8.45787848915475e-06
8.468986214881601e-06 8.45787848915475e-06
8.468986214881601e-06 8.45787848915475e-06
8.468986214881601e-06 8.45787848915475e-06
7.723896572720887e-06 8.457167423123238e-06
7.723896572720887e-06 8.457167423123238e-06
7.723896572720887e-06 8.457167423123238e-06
7.723896572720887e-06 8.457167423123238e-06
7.723896572720887e-06 8.457167423123238e-06
7.723896572720887e-06 8.457167423123238e-06
8.581149878722209e-06 8.457789984274889e-06
8.581149878722209e-06 8.457789984274889e-06
8.581149878722209e-06 8.457789984274889e-06
8.581149878722209e-06 8.457789984274889e-06
8.581149878722209e-06 8.457789984274889e-06
8.581149878722209e-06 8.457789984274889e-06
8.581149878722209e-06 8.457789984274889e-06
8.581149878722209e-06 8.457789984274889e-06
8.581149878722209e-06 8.457789984274889e-06
8.581149878722209e-06 8.457789984274889e-06
8.581149878722209e-06 8.457789984274889e-06
8.581149878722209e-06 8.457789984274889e-06
8.581149878722209e-06 8.457789984274889e-06
8.581149878722209e-06 8.457789984274889e-06
8.581149878722209e-06 8.457789984274889e-06
8.581149878722209e-06 8.457789984274889e-06
8.581149878722209e-06 8.457789984274889e-06
8.581149878722209e-06 8.457789984274889e-06
8.581149878722209e-06 8.457789984274889e-06
8.581149878722209e-06 8.457789984274889e-06
8.581149878722209e-06 8.457789984274889e-06
8.581149878722209e-06 8.457789984274889e-06
8.581149878722209e-06 8.457789984274889e-06
8.581149878722209e-06 8.457789984274889e-06
8.581149878722209e-06 8.457789984274889e-06
8.525877361686719e-06 8.457813777037688e-06
8.525877361686719e-06 8.457813777037688e-06
8.525877361686719e-06 8.457813777037688e-06
8.525877361686719e-06 8.457813777037688e-06
8.525877361686719e-06 8.457813777037688e-06
8.525877361686719e-06 8.457813777037688e-06
8.525877361686719e-06 8.457813777037688e-06
8.525877361686719e-06 8.457813777037688e-06
8.525877361686719e-06 8.457813777037688e-06
8.525877361686719e-06 8.457813777037688e-06
8.525877361686719e-06 8.457813777037688e-06
8.525877361686719e-06 8.457813777037688e-06
8.525877361686719e-06 8.457813777037688e-06
8.525877361686719e-06 8.457813777037688e-06
8.525877361686719e-06 8.457813777037688e-06
8.525877361686719e-06 8.457813777037688e-06
8.525877361686719e-06 8.457813777037688e-06
8.525877361686719e-06 8.457813777037688e-06
8.525877361686719e-06 8.457813777037688e-06
8.525877361686719e-06 8.457813777037688e-06
8.525877361686719e-06 8.457813777037688e-06
8.525877361686719e-06 8.457813777037688e-06
8.525877361686719e-06 8.457813777037688e-06
8.525877361686719e-06 8.457813777037688e-06
8.525877361686719e-06 8.457813777037688e-06
8.525877361686719e-06 8.457813777037688e-06
8.525877361686719e-06 8.457813777037688e-06
8.525877361686719e-06 8.457813777037688e-06
8.525877361686719e-06 8.457813777037688e-06
8.525877361686719e-06 8.457813777037688e-06
8.525877361686719e-06 8.457813777037688e-06
8.525877361686719e-06 8.457813777037688e-06
8.525877361686719e-06 8.457813777037688e-06
8.525877361686719e-06 8.457813777037688e-06
8.525877361686719e-06 8.457813777037688e-06
8.525877361686719e-06 8.457813777037688e-06
8.525877361686719e-06 8.457813777037688e-06
8.525877361686719e-06 8.457813777037688e-06
8.525877361686719e-06 8.457813777037688e-06
8.525877361686719e-06 8.457813777037688e-06
8.525877361686719e-06 8.457813777037688e-06
8.525877361686719e-06 8.457813777037688e-06
8.525877361686719e-06 8.457813777037688e-06
8.525877361686719e-06 8.457813777037688e-06
8.525877361686719e-06 8.457813777037688e-06
8.56313487106978e-06 8.457191341552707e-06
8.56313487106978e-06 8.457191341552707e-06
8.56313487106978e-06 8.457191341552707e-06
8.56313487106978e-06 8.457191341552707e-06
8.56313487106978e-06 8.457191341552707e-06
8.56313487106978e-06 8.457191341552707e-06
8.56313487106978e-06 8.457191341552707e-06
8.56313487106978e-06 8.457191341552707e-06
8.56313487106978e-06 8.457191341552707e-06
8.56313487106978e-06 8.457191341552707e-06
8.56313487106978e-06 8.457191341552707e-06
8.56313487106978e-06 8.457191341552707e-06
8.56313487106978e-06 8.457191341552707e-06
8.56313487106978e-06 8.457191341552707e-06
8.453973862568684e-06 8.457272899112864e-06
8.453973862568684e-06 8.457272899112864e-06
8.453973862568684e-06 8.457272899112864e-06
8.453973862568684e-06 8.457272899112864e-06
8.453973862568684e-06 8.457272899112864e-06
8.453973862568684e-06 8.457272899112864e-06
8.453973862568684e-06 8.457272899112864e-06
8.453973862568684e-06 8.457272899112864e-06
8.453973862568684e-06 8.457272899112864e-06
8.453973862568684e-06 8.457272899112864e-06
8.453973862568684e-06 8.457272899112864e-06
8.453973862568684e-06 8.457272899112864e-06
8.453973862568684e-06 8.457272899112864e-06
8.453973862568684e-06 8.457272899112864e-06
8.453973862568684e-06 8.457272899112864e-06
8.453973862568684e-06 8.457272899112864e-06
8.453973862568684e-06 8.457272899112864e-06
8.453973862568684e-06 8.457272899112864e-06
8.453973862568684e-06 8.457272899112864e-06
8.453973862568684e-06 8.457272899112864e-06
8.453973862568684e-06 8.457272899112864e-06
8.453973862568684e-06 8.457272899112864e-06
8.453973862568684e-06 8.457272899112864e-06
8.453973862568684e-06 8.457272899112864e-06
8.453973862568684e-06 8.457272899112864e-06
8.453973862568684e-06 8.457272899112864e-06
8.453973862568684e-06 8.457272899112864e-06
8.453973862568684e-06 8.457272899112864e-06
8.509404531341141e-06 8.457907539371668e-06
8.509404531341141e-06 8.457907539371668e-06
8.509404531341141e-06 8.457907539371668e-06
8.509404531341141e-06 8.457907539371668e-06
8.509404531341141e-06 8.457907539371668e-06
8.509404531341141e-06 8.457907539371668e-06
8.509404531341141e-06 8.457907539371668e-06
8.509404531341141e-06 8.457907539371668e-06
8.509404531341141e-06 8.457907539371668e-06
8.509404531341141e-06 8.457907539371668e-06
8.509404531341141e-06 8.457907539371668e-06
8.509404531341141e-06 8.457907539371668e-06
8.509404531341141e-06 8.457907539371668e-06
8.509404531341141e-06 8.457907539371668e-06
8.509404531341141e-06 8.457907539371668e-06
8.509404531341141e-06 8.457907539371668e-06
8.509404531341141e-06 8.457907539371668e-06
8.509404531341141e-06 8.457907539371668e-06
8.509404531341141e-06 8.457907539371668e-06
8.509404531341141e-06 8.457907539371668e-06
8.757886453214648e-06 8.457889671572816e-06
8.757886453214648e-06 8.457889671572816e-06
8.757886453214648e-06 8.457889671572816e-06
8.757886453214648e-06 8.457889671572816e-06
8.757886453214648e-06 8.457889671572816e-06
8.757886453214648e-06 8.457889671572816e-06
8.757886453214648e-06 8.457889671572816e-06
8.757886453214648e-06 8.457889671572816e-06
8.757886453214648e-06 8.457889671572816e-06
8.757886453214648e-06 8.457889671572816e-06
8.757886453214648e-06 8.457889671572816e-06
8.757886453214648e-06 8.457889671572816e-06
8.757886453214648e-06 8.457889671572816e-06
8.757886453214648e-06 8.457889671572816e-06
8.757886453214648e-06 8.457889671572816e-06
8.757886453214648e-06 8.457889671572816e-06
8.757886453214648e-06 8.457889671572816e-06
8.757886453214648e-06 8.457889671572816e-06
8.757886453214648e-06 8.457889671572816e-06
8.757886453214648e-06 8.457889671572816e-06
8.095440377901496e-06 8.456714852816129e-06
8.095440377901496e-06 8.456714852816129e-06
8.095440377901496e-06 8.456714852816129e-06
8.095440377901496e-06 8.456714852816129e-06
8.095440377901496e-06 8.456714852816129e-06
8.095440377901496e-06 8.456714852816129e-06
8.095440377901496e-06 8.456714852816129e-06
8.095440377901496e-06 8.456714852816129e-06
8.095440377901496e-06 8.456714852816129e-06
8.095440377901496e-06 8.456714852816129e-06
8.095440377901496e-06 8.456714852816129e-06
8.095440377901496e-06 8.456714852816129e-06
8.483530230393072e-06 8.457777423456523e-06
8.483530230393072e-06 8.457777423456523e-06
8.483530230393072e-06 8.457777423456523e-06
8.483530230393072e-06 8.457777423456523e-06
8.483530230393072e-06 8.457777423456523e-06
8.483530230393072e-06 8.457777423456523e-06
8.483530230393072e-06 8.457777423456523e-06
8.483530230393072e-06 8.457777423456523e-06
8.483530230393072e-06 8.457777423456523e-06
8.483530230393072e-06 8.457777423456523e-06
8.483530230393072e-06 8.457777423456523e-06
8.483530230393072e-06 8.457777423456523e-06
8.483530230393072e-06 8.457777423456523e-06
8.483530230393072e-06 8.457777423456523e-06
8.483530230393072e-06 8.457777423456523e-06
8.483530230393072e-06 8.457777423456523e-06
8.483530230393072e-06 8.457777423456523e-06
8.483530230393072e-06 8.457777423456523e-06
8.483530230393072e-06 8.457777423456523e-06
8.483530230393072e-06 8.457777423456523e-06
7.208579186016994e-06 8.458348664966982e-06
7.208579186016994e-06 8.458348664966982e-06
7.208579186016994e-06 8.458348664966982e-06
7.208579186016994e-06 8.458348664966982e-06
7.208579186016994e-06 8.458348664966982e-06
7.208579186016994e-06 8.458348664966982e-06
7.208579186016994e-06 8.458348664966982e-06
7.208579186016994e-06 8.458348664966982e-06
7.208579186016994e-06 8.458348664966982e-06
7.208579186016994e-06 8.458348664966982e-06
7.208579186016994e-06 8.458348664966982e-06
7.208579186016994e-06 8.458348664966982e-06
7.208579186016994e-06 8.458348664966982e-06
7.208579186016994e-06 8.458348664966982e-06
7.208579186016994e-06 8.458348664966982e-06
7.208579186016994e-06 8.458348664966982e-06
8.399474407011029e-06 8.457897332927964e-06
8.399474407011029e-06 8.457897332927964e-06
8.399474407011029e-06 8.457897332927964e-06
8.399474407011029e-06 8.457897332927964e-06
8.399474407011029e-06 8.457897332927964e-06
8.399474407011029e-06 8.457897332927964e-06
8.360315301479339e-06 8.457896022764337e-06
8.360315301479339e-06 8.457896022764337e-06
8.360315301479339e-06 8.457896022764337e-06
8.360315301479339e-06 8.457896022764337e-06
8.360315301479339e-06 8.457896022764337e-06
8.360315301479339e-06 8.457896022764337e-06
7.374347340832937e-06 8.457568506747528e-06
7.374347340832937e-06 8.457568506747528e-06
7.374347340832937e-06 8.457568506747528e-06
7.374347340832937e-06 8.457568506747528e-06
7.374347340832937e-06 8.457568506747528e-06
7.374347340832937e-06 8.457568506747528e-06
7.374347340832937e-06 8.457568506747528e-06
7.374347340832937e-06 8.457568506747528e-06
8.116430549115344e-06 8.457731140744023e-06
8.116430549115344e-06 8.457731140744023e-06
8.116430549115344e-06 8.457731140744023e-06
8.116430549115344e-06 8.457731140744023e-06
9.167556911119709e-06 8.4570816608543e-06
9.167556911119709e-06 8.4570816608543e-06
9.167556911119709e-06 8.4570816608543e-06
9.167556911119709e-06 8.4570816608543e-06
9.167556911119709e-06 8.4570816608543e-06
9.167556911119709e-06 8.4570816608543e-06
9.167556911119709e-06 8.4570816608543e-06
9.167556911119709e-06 8.4570816608543e-06
8.489858280016907e-06 8.457782599077048e-06
8.489858280016907e-06 8.457782599077048e-06
8.489858280016907e-06 8.457782599077048e-06
8.489858280016907e-06 8.457782599077048e-06
8.489858280016907e-06 8.457782599077048e-06
8.489858280016907e-06 8.457782599077048e-06
8.489858280016907e-06 8.457782599077048e-06
8.489858280016907e-06 8.457782599077048e-06
8.489858280016907e-06 8.457782599077048e-06
8.489858280016907e-06 8.457782599077048e-06
8.489858280016907e-06 8.457782599077048e-06
8.489858280016907e-06 8.457782599077048e-06
8.489858280016907e-06 8.457782599077048e-06
8.489858280016907e-06 8.457782599077048e-06
8.489858280016907e-06 8.457782599077048e-06
8.489858280016907e-06 8.457782599077048e-06
8.489858280016907e-06 8.457782599077048e-06
8.489858280016907e-06 8.457782599077048e-06
8.489858280016907e-06 8.457782599077048e-06
8.489858280016907e-06 8.457782599077048e-06
8.489858280016907e-06 8.457782599077048e-06
8.489858280016907e-06 8.457782599077048e-06
8.489858280016907e-06 8.457782599077048e-06
8.489858280016907e-06 8.457782599077048e-06
8.489858280016907e-06 8.457782599077048e-06
8.489858280016907e-06 8.457782599077048e-06
8.489858280016907e-06 8.457782599077048e-06
8.489858280016907e-06 8.457782599077048e-06
8.489858280016907e-06 8.457782599077048e-06
8.489858280016907e-06 8.457782599077048e-06
8.489858280016907e-06 8.457782599077048e-06
8.489858280016907e-06 8.457782599077048e-06
8.489858280016907e-06 8.457782599077048e-06
8.489858280016907e-06 8.457782599077048e-06
8.489858280016907e-06 8.457782599077048e-06
8.489858280016907e-06 8.457782599077048e-06
8.489858280016907e-06 8.457782599077048e-06
8.489858280016907e-06 8.457782599077048e-06
8.489858280016907e-06 8.457782599077048e-06
8.489858280016907e-06 8.457782599077048e-06
8.489858280016907e-06 8.457782599077048e-06
8.489858280016907e-06 8.457782599077048e-06
8.489858280016907e-06 8.457782599077048e-06
8.489858280016907e-06 8.457782599077048e-06
8.489858280016907e-06 8.457782599077048e-06
8.489858280016907e-06 8.457782599077048e-06
8.489858280016907e-06 8.457782599077048e-06
8.489858280016907e-06 8.457782599077048e-06
8.590594788708805e-06 8.457604789188868e-06
8.590594788708805e-06 8.457604789188868e-06
8.590594788708805e-06 8.457604789188868e-06
8.590594788708805e-06 8.457604789188868e-06
8.590594788708805e-06 8.457604789188868e-06
8.590594788708805e-06 8.457604789188868e-06
8.590594788708805e-06 8.457604789188868e-06
8.590594788708805e-06 8.457604789188868e-06
8.590594788708805e-06 8.457604789188868e-06
8.590594788708805e-06 8.457604789188868e-06
8.590594788708805e-06 8.457604789188868e-06
8.590594788708805e-06 8.457604789188868e-06
8.590594788708805e-06 8.457604789188868e-06
8.590594788708805e-06 8.457604789188868e-06
8.590594788708805e-06 8.457604789188868e-06
9.56820078390935e-06 8.457919571662671e-06
9.56820078390935e-06 8.457919571662671e-06
9.56820078390935e-06 8.457919571662671e-06
9.56820078390935e-06 8.457919571662671e-06
9.56820078390935e-06 8.457919571662671e-06
9.56820078390935e-06 8.457919571662671e-06
9.56820078390935e-06 8.457919571662671e-06
9.56820078390935e-06 8.457919571662671e-06
9.56820078390935e-06 8.457919571662671e-06
9.56820078390935e-06 8.457919571662671e-06
9.56820078390935e-06 8.457919571662671e-06
9.56820078390935e-06 8.457919571662671e-06
9.56820078390935e-06 8.457919571662671e-06
9.56820078390935e-06 8.457919571662671e-06
9.56820078390935e-06 8.457919571662671e-06
9.56820078390935e-06 8.457919571662671e-06
9.56820078390935e-06 8.457919571662671e-06
9.56820078390935e-06 8.457919571662671e-06
8.478020172372793e-06 8.457846164699043e-06
8.478020172372793e-06 8.457846164699043e-06
8.478020172372793e-06 8.457846164699043e-06
8.478020172372793e-06 8.457846164699043e-06
8.478020172372793e-06 8.457846164699043e-06
8.478020172372793e-06 8.457846164699043e-06
8.478020172372793e-06 8.457846164699043e-06
8.478020172372793e-06 8.457846164699043e-06
8.478020172372793e-06 8.457846164699043e-06
8.478020172372793e-06 8.457846164699043e-06
8.478020172372793e-06 8.457846164699043e-06
8.478020172372793e-06 8.457846164699043e-06
8.376080978686588e-06 8.457644592759146e-06
8.376080978686588e-06 8.457644592759146e-06
8.376080978686588e-06 8.457644592759146e-06
8.376080978686588e-06 8.457644592759146e-06
8.376080978686588e-06 8.457644592759146e-06
8.376080978686588e-06 8.457644592759146e-06
8.376080978686588e-06 8.457644592759146e-06
8.376080978686588e-06 8.457644592759146e-06
8.376080978686588e-06 8.457644592759146e-06
8.376080978686588e-06 8.457644592759146e-06
8.376080978686588e-06 8.457644592759146e-06
8.376080978686588e-06 8.457644592759146e-06
8.376080978686588e-06 8.457644592759146e-06
8.376080978686588e-06 8.457644592759146e-06
8.376080978686588e-06 8.457644592759146e-06
8.376080978686588e-06 8.457644592759146e-06
8.376080978686588e-06 8.457644592759146e-06
8.376080978686588e-06 8.457644592759146e-06
8.376080978686588e-06 8.457644592759146e-06
8.376080978686588e-06 8.457644592759146e-06
8.376080978686588e-06 8.457644592759146e-06
8.376080978686588e-06 8.457644592759146e-06
8.376080978686588e-06 8.457644592759146e-06
8.376080978686588e-06 8.457644592759146e-06
8.376080978686588e-06 8.457644592759146e-06
8.376080978686588e-06 8.457644592759146e-06
8.376080978686588e-06 8.457644592759146e-06
8.376080978686588e-06 8.457644592759146e-06
8.376080978686588e-06 8.457644592759146e-06
8.376080978686588e-06 8.457644592759146e-06
8.376080978686588e-06 8.457644592759146e-06
8.376080978686588e-06 8.457644592759146e-06
8.376080978686588e-06 8.457644592759146e-06
8.376080978686588e-06 8.457644592759146e-06
8.376080978686588e-06 8.457644592759146e-06
8.376080978686588e-06 8.457644592759146e-06
8.486470245173162e-06 8.45775477801395e-06
8.486470245173162e-06 8.45775477801395e-06
8.486470245173162e-06 8.45775477801395e-06
8.486470245173162e-06 8.45775477801395e-06
8.486470245173162e-06 8.45775477801395e-06
8.486470245173162e-06 8.45775477801395e-06
8.486470245173162e-06 8.45775477801395e-06
8.486470245173162e-06 8.45775477801395e-06
8.486470245173162e-06 8.45775477801395e-06
8.486470245173162e-06 8.45775477801395e-06
8.486470245173162e-06 8.45775477801395e-06
8.486470245173162e-06 8.45775477801395e-06
8.486470245173162e-06 8.45775477801395e-06
8.486470245173162e-06 8.45775477801395e-06
8.486470245173162e-06 8.45775477801395e-06
8.486470245173162e-06 8.45775477801395e-06
8.486470245173162e-06 8.45775477801395e-06
8.486470245173162e-06 8.45775477801395e-06
8.486470245173162e-06 8.45775477801395e-06
8.486470245173162e-06 8.45775477801395e-06
8.486470245173162e-06 8.45775477801395e-06
8.486470245173162e-06 8.45775477801395e-06
8.486470245173162e-06 8.45775477801395e-06
8.486470245173162e-06 8.45775477801395e-06
8.486470245173162e-06 8.45775477801395e-06
8.477916966530288e-06 8.45780015932007e-06
8.477916966530288e-06 8.45780015932007e-06
8.477916966530288e-06 8.45780015932007e-06
8.477916966530288e-06 8.45780015932007e-06
8.477916966530288e-06 8.45780015932007e-06
8.477916966530288e-06 8.45780015932007e-06
8.477916966530288e-06 8.45780015932007e-06
8.477916966530288e-06 8.45780015932007e-06
8.477916966530288e-06 8.45780015932007e-06
8.477916966530288e-06 8.45780015932007e-06
8.477916966530288e-06 8.45780015932007e-06
8.477916966530288e-06 8.45780015932007e-06
8.477916966530288e-06 8.45780015932007e-06
8.477916966530288e-06 8.45780015932007e-06
8.477916966530288e-06 8.45780015932007e-06
8.477916966530288e-06 8.45780015932007e-06
8.477916966530288e-06 8.45780015932007e-06
8.477916966530288e-06 8.45780015932007e-06
8.477916966530288e-06 8.45780015932007e-06
8.477916966530288e-06 8.45780015932007e-06
9.279972634074545e-06 8.457759163483857e-06
9.279972634074545e-06 8.457759163483857e-06
9.279972634074545e-06 8.457759163483857e-06
9.279972634074545e-06 8.457759163483857e-06
9.279972634074545e-06 8.457759163483857e-06
9.279972634074545e-06 8.457759163483857e-06
9.279972634074545e-06 8.457759163483857e-06
9.279972634074545e-06 8.457759163483857e-06
8.990253656126999e-06 8.457993190236634e-06
8.990253656126999e-06 8.457993190236634e-06
8.990253656126999e-06 8.457993190236634e-06
8.990253656126999e-06 8.457993190236634e-06
8.990253656126999e-06 8.457993190236634e-06
8.990253656126999e-06 8.457993190236634e-06
8.990253656126999e-06 8.457993190236634e-06
8.990253656126999e-06 8.457993190236634e-06
8.990253656126999e-06 8.457993190236634e-06
8.990253656126999e-06 8.457993190236634e-06
8.990253656126999e-06 8.457993190236634e-06
8.990253656126999e-06 8.457993190236634e-06
8.990253656126999e-06 8.457993190236634e-06
8.990253656126999e-06 8.457993190236634e-06
8.990253656126999e-06 8.457993190236634e-06
8.990253656126999e-06 8.457993190236634e-06
8.990253656126999e-06 8.457993190236634e-06
8.990253656126999e-06 8.457993190236634e-06
8.990253656126999e-06 8.457993190236634e-06
8.990253656126999e-06 8.457993190236634e-06
8.990253656126999e-06 8.457993190236634e-06
8.990253656126999e-06 8.457993190236634e-06
8.990253656126999e-06 8.457993190236634e-06
8.990253656126999e-06 8.457993190236634e-06
8.990253656126999e-06 8.457993190236634e-06
8.990253656126999e-06 8.457993190236634e-06
8.990253656126999e-06 8.457993190236634e-06
8.990253656126999e-06 8.457993190236634e-06
8.550834581255703e-06 8.457757830450944e-06
8.550834581255703e-06 8.457757830450944e-06
8.550834581255703e-06 8.457757830450944e-06
8.550834581255703e-06 8.457757830450944e-06
8.550834581255703e-06 8.457757830450944e-06
8.550834581255703e-06 8.457757830450944e-06
8.550834581255703e-06 8.457757830450944e-06
8.550834581255703e-06 8.457757830450944e-06
8.550834581255703e-06 8.457757830450944e-06
8.550834581255703e-06 8.457757830450944e-06
8.550834581255703e-06 8.457757830450944e-06
8.550834581255703e-06 8.457757830450944e-06
8.550834581255703e-06 8.457757830450944e-06
8.550834581255703e-06 8.457757830450944e-06
8.550834581255703e-06 8.457757830450944e-06
8.550834581255703e-06 8.457757830450944e-06
8.550834581255703e-06 8.457757830450944e-06
8.550834581255703e-06 8.457757830450944e-06
8.550834581255703e-06 8.457757830450944e-06
8.550834581255703e-06 8.457757830450944e-06
8.437326990778188e-06 8.457920366128298e-06
8.437326990778188e-06 8.457920366128298e-06
8.437326990778188e-06 8.457920366128298e-06
8.437326990778188e-06 8.457920366128298e-06
8.437326990778188e-06 8.457920366128298e-06
8.437326990778188e-06 8.457920366128298e-06
8.437326990778188e-06 8.457920366128298e-06
8.437326990778188e-06 8.457920366128298e-06
8.437326990778188e-06 8.457920366128298e-06
8.437326990778188e-06 8.457920366128298e-06
8.437326990778188e-06 8.457920366128298e-06
8.437326990778188e-06 8.457920366128298e-06
8.47429809933781e-06 8.45794030598121e-06
8.47429809933781e-06 8.45794030598121e-06
8.47429809933781e-06 8.45794030598121e-06
8.47429809933781e-06 8.45794030598121e-06
8.47429809933781e-06 8.45794030598121e-06
8.47429809933781e-06 8.45794030598121e-06
8.47429809933781e-06 8.45794030598121e-06
8.47429809933781e-06 8.45794030598121e-06
8.47429809933781e-06 8.45794030598121e-06
8.47429809933781e-06 8.45794030598121e-06
8.47429809933781e-06 8.45794030598121e-06
8.47429809933781e-06 8.45794030598121e-06
8.47429809933781e-06 8.45794030598121e-06
8.47429809933781e-06 8.45794030598121e-06
8.47429809933781e-06 8.45794030598121e-06
8.47429809933781e-06 8.45794030598121e-06
8.47429809933781e-06 8.45794030598121e-06
8.47429809933781e-06 8.45794030598121e-06
8.47429809933781e-06 8.45794030598121e-06
8.47429809933781e-06 8.45794030598121e-06
8.47429809933781e-06 8.45794030598121e-06
8.47429809933781e-06 8.45794030598121e-06
8.47429809933781e-06 8.45794030598121e-06
8.47429809933781e-06 8.45794030598121e-06
9.648985513838081e-06 8.457458913354572e-06
9.648985513838081e-06 8.457458913354572e-06
9.648985513838081e-06 8.457458913354572e-06
9.648985513838081e-06 8.457458913354572e-06
9.648985513838081e-06 8.457458913354572e-06
9.648985513838081e-06 8.457458913354572e-06
9.648985513838081e-06 8.457458913354572e-06
9.648985513838081e-06 8.457458913354572e-06
9.648985513838081e-06 8.457458913354572e-06
9.648985513838081e-06 8.457458913354572e-06
9.648985513838081e-06 8.457458913354572e-06
9.648985513838081e-06 8.457458913354572e-06
9.648985513838081e-06 8.457458913354572e-06
9.648985513838081e-06 8.457458913354572e-06
8.592721870037999e-06 8.458432799916807e-06
8.592721870037999e-06 8.458432799916807e-06
8.592721870037999e-06 8.458432799916807e-06
8.592721870037999e-06 8.458432799916807e-06
8.592721870037999e-06 8.458432799916807e-06
8.592721870037999e-06 8.458432799916807e-06
8.592721870037999e-06 8.458432799916807e-06
8.592721870037999e-06 8.458432799916807e-06
8.592721870037999e-06 8.458432799916807e-06
8.592721870037999e-06 8.458432799916807e-06
8.592721870037999e-06 8.458432799916807e-06
8.592721870037999e-06 8.458432799916807e-06
8.592721870037999e-06 8.458432799916807e-06
8.592721870037999e-06 8.458432799916807e-06
8.592721870037999e-06 8.458432799916807e-06
8.592721870037999e-06 8.458432799916807e-06
8.592721870037999e-06 8.458432799916807e-06
8.592721870037999e-06 8.458432799916807e-06
8.592721870037999e-06 8.458432799916807e-06
8.592721870037999e-06 8.458432799916807e-06
8.592721870037999e-06 8.458432799916807e-06
8.592721870037999e-06 8.458432799916807e-06
8.592721870037999e-06 8.458432799916807e-06
8.592721870037999e-06 8.458432799916807e-06
8.592721870037999e-06 8.458432799916807e-06
8.592721870037999e-06 8.458432799916807e-06
8.592721870037999e-06 8.458432799916807e-06
8.592721870037999e-06 8.458432799916807e-06
6.491502690960281e-06 8.457522292722486e-06
6.491502690960281e-06 8.457522292722486e-06
6.491502690960281e-06 8.457522292722486e-06
6.491502690960281e-06 8.457522292722486e-06
6.491502690960281e-06 8.457522292722486e-06
6.491502690960281e-06 8.457522292722486e-06
6.491502690960281e-06 8.457522292722486e-06
6.491502690960281e-06 8.457522292722486e-06
8.456118818799456e-06 8.457790973109061e-06
8.456118818799456e-06 8.457790973109061e-06
8.456118818799456e-06 8.457790973109061e-06
8.456118818799456e-06 8.457790973109061e-06
8.456118818799456e-06 8.457790973109061e-06
8.456118818799456e-06 8.457790973109061e-06
8.456118818799456e-06 8.457790973109061e-06
8.456118818799456e-06 8.457790973109061e-06
8.456118818799456e-06 8.457790973109061e-06
8.456118818799456e-06 8.457790973109061e-06
8.456118818799456e-06 8.457790973109061e-06
8.456118818799456e-06 8.457790973109061e-06
8.456118818799456e-06 8.457790973109061e-06
8.456118818799456e-06 8.457790973109061e-06
8.456118818799456e-06 8.457790973109061e-06
8.456118818799456e-06 8.457790973109061e-06
8.456118818799456e-06 8.457790973109061e-06
8.456118818799456e-06 8.457790973109061e-06
8.456118818799456e-06 8.457790973109061e-06
8.456118818799456e-06 8.457790973109061e-06
8.654935806527057e-06 8.45874580281436e-06
8.654935806527057e-06 8.45874580281436e-06
8.654935806527057e-06 8.45874580281436e-06
8.654935806527057e-06 8.45874580281436e-06
8.654935806527057e-06 8.45874580281436e-06
8.654935806527057e-06 8.45874580281436e-06
8.654935806527057e-06 8.45874580281436e-06
8.654935806527057e-06 8.45874580281436e-06
8.654935806527057e-06 8.45874580281436e-06
8.654935806527057e-06 8.45874580281436e-06
8.654935806527057e-06 8.45874580281436e-06
8.654935806527057e-06 8.45874580281436e-06
8.654935806527057e-06 8.45874580281436e-06
8.654935806527057e-06 8.45874580281436e-06
8.450473179251607e-06 8.457860072757369e-06
8.450473179251607e-06 8.457860072757369e-06
8.450473179251607e-06 8.457860072757369e-06
8.450473179251607e-06 8.457860072757369e-06
8.450473179251607e-06 8.457860072757369e-06
8.450473179251607e-06 8.457860072757369e-06
8.450473179251607e-06 8.457860072757369e-06
8.450473179251607e-06 8.457860072757369e-06
8.450473179251607e-06 8.457860072757369e-06
8.450473179251607e-06 8.457860072757369e-06
1.100576516061993e-05 8.458571259317408e-06
1.100576516061993e-05 8.458571259317408e-06
1.100576516061993e-05 8.458571259317408e-06
1.100576516061993e-05 8.458571259317408e-06
7.738448983845084e-06 8.457710986493227e-06
7.738448983845084e-06 8.457710986493227e-06
7.738448983845084e-06 8.457710986493227e-06
7.738448983845084e-06 8.457710986493227e-06
7.738448983845084e-06 8.457710986493227e-06
7.738448983845084e-06 8.457710986493227e-06
7.738448983845084e-06 8.457710986493227e-06
7.738448983845084e-06 8.457710986493227e-06
7.738448983845084e-06 8.457710986493227e-06
7.738448983845084e-06 8.457710986493227e-06
7.738448983845084e-06 8.457710986493227e-06
7.738448983845084e-06 8.457710986493227e-06
7.738448983845084e-06 8.457710986493227e-06
7.738448983845084e-06 8.457710986493227e-06
7.738448983845084e-06 8.457710986493227e-06
7.738448983845084e-06 8.457710986493227e-06
9.464716512554407e-06 8.458437300516866e-06
9.464716512554407e-06 8.458437300516866e-06
9.464716512554407e-06 8.458437300516866e-06
9.464716512554407e-06 8.458437300516866e-06
9.464716512554407e-06 8.458437300516866e-06
9.464716512554407e-06 8.458437300516866e-06
9.464716512554407e-06 8.458437300516866e-06
9.464716512554407e-06 8.458437300516866e-06
9.464716512554407e-06 8.458437300516866e-06
9.464716512554407e-06 8.458437300516866e-06
9.464716512554407e-06 8.458437300516866e-06
9.464716512554407e-06 8.458437300516866e-06
9.464716512554407e-06 8.458437300516866e-06
9.464716512554407e-06 8.458437300516866e-06
7.805453638071093e-06 8.457280458038767e-06
7.805453638071093e-06 8.457280458038767e-06
7.805453638071093e-06 8.457280458038767e-06
7.805453638071093e-06 8.457280458038767e-06
7.805453638071093e-06 8.457280458038767e-06
7.805453638071093e-06 8.457280458038767e-06
7.805453638071093e-06 8.457280458038767e-06
7.805453638071093e-06 8.457280458038767e-06
7.805453638071093e-06 8.457280458038767e-06
7.805453638071093e-06 8.457280458038767e-06
7.805453638071093e-06 8.457280458038767e-06
7.805453638071093e-06 8.457280458038767e-06
8.564421577936658e-06 8.45781497733516e-06
8.564421577936658e-06 8.45781497733516e-06
8.564421577936658e-06 8.45781497733516e-06
8.564421577936658e-06 8.45781497733516e-06
8.564421577936658e-06 8.45781497733516e-06
8.564421577936658e-06 8.45781497733516e-06
8.564421577936658e-06 8.45781497733516e-06
8.564421577936658e-06 8.45781497733516e-06
8.564421577936658e-06 8.45781497733516e-06
8.564421577936658e-06 8.45781497733516e-06
8.564421577936658e-06 8.45781497733516e-06
8.564421577936658e-06 8.45781497733516e-06
8.564421577936658e-06 8.45781497733516e-06
8.564421577936658e-06 8.45781497733516e-06
8.564421577936658e-06 8.45781497733516e-06
8.564421577936658e-06 8.45781497733516e-06
8.564421577936658e-06 8.45781497733516e-06
8.564421577936658e-06 8.45781497733516e-06
8.564421577936658e-06 8.45781497733516e-06
8.564421577936658e-06 8.45781497733516e-06
8.564421577936658e-06 8.45781497733516e-06
8.564421577936658e-06 8.45781497733516e-06
8.564421577936658e-06 8.45781497733516e-06
8.564421577936658e-06 8.45781497733516e-06
8.564421577936658e-06 8.45781497733516e-06
8.564421577936658e-06 8.45781497733516e-06
8.564421577936658e-06 8.45781497733516e-06
8.564421577936658e-06 8.45781497733516e-06
8.564421577936658e-06 8.45781497733516e-06
8.564421577936658e-06 8.45781497733516e-06
8.564421577936658e-06 8.45781497733516e-06
8.564421577936658e-06 8.45781497733516e-06
8.564421577936658e-06 8.45781497733516e-06
8.564421577936658e-06 8.45781497733516e-06
8.564421577936658e-06 8.45781497733516e-06
8.564421577936658e-06 8.45781497733516e-06
8.564421577936658e-06 8.45781497733516e-06
8.564421577936658e-06 8.45781497733516e-06
8.564421577936658e-06 8.45781497733516e-06
8.564421577936658e-06 8.45781497733516e-06
8.564421577936658e-06 8.45781497733516e-06
8.564421577936658e-06 8.45781497733516e-06
8.564421577936658e-06 8.45781497733516e-06
8.564421577936658e-06 8.45781497733516e-06
8.564421577936658e-06 8.45781497733516e-06
8.564421577936658e-06 8.45781497733516e-06
8.564421577936658e-06 8.45781497733516e-06
8.564421577936658e-06 8.45781497733516e-06
7.434099593579986e-06 8.457946444506284e-06
7.434099593579986e-06 8.457946444506284e-06
7.434099593579986e-06 8.457946444506284e-06
7.434099593579986e-06 8.457946444506284e-06
7.434099593579986e-06 8.457946444506284e-06
7.434099593579986e-06 8.457946444506284e-06
7.434099593579986e-06 8.457946444506284e-06
7.434099593579986e-06 8.457946444506284e-06
8.576393831316616e-06 8.457305151542819e-06
8.576393831316616e-06 8.457305151542819e-06
8.576393831316616e-06 8.457305151542819e-06
8.576393831316616e-06 8.457305151542819e-06
8.576393831316616e-06 8.457305151542819e-06
8.576393831316616e-06 8.457305151542819e-06
8.576393831316616e-06 8.457305151542819e-06
8.576393831316616e-06 8.457305151542819e-06
8.576393831316616e-06 8.457305151542819e-06
8.576393831316616e-06 8.457305151542819e-06
8.576393831316616e-06 8.457305151542819e-06
8.576393831316616e-06 8.457305151542819e-06
8.576393831316616e-06 8.457305151542819e-06
8.576393831316616e-06 8.457305151542819e-06
8.576393831316616e-06 8.457305151542819e-06
8.576393831316616e-06 8.457305151542819e-06
8.576393831316616e-06 8.457305151542819e-06
8.576393831316616e-06 8.457305151542819e-06
8.576393831316616e-06 8.457305151542819e-06
8.576393831316616e-06 8.457305151542819e-06
8.576393831316616e-06 8.457305151542819e-06
8.576393831316616e-06 8.457305151542819e-06
8.576393831316616e-06 8.457305151542819e-06
8.576393831316616e-06 8.457305151542819e-06
8.576393831316616e-06 8.457305151542819e-06
8.576393831316616e-06 8.457305151542819e-06
8.576393831316616e-06 8.457305151542819e-06
8.576393831316616e-06 8.457305151542819e-06
8.156122973103349e-06 8.457835593470881e-06
8.156122973103349e-06 8.457835593470881e-06
8.156122973103349e-06 8.457835593470881e-06
8.156122973103349e-06 8.457835593470881e-06
8.156122973103349e-06 8.457835593470881e-06
8.156122973103349e-06 8.457835593470881e-06
8.156122973103349e-06 8.457835593470881e-06
8.156122973103349e-06 8.457835593470881e-06
8.156122973103349e-06 8.457835593470881e-06
8.156122973103349e-06 8.457835593470881e-06
8.156122973103349e-06 8.457835593470881e-06
8.156122973103349e-06 8.457835593470881e-06
8.156122973103349e-06 8.457835593470881e-06
8.156122973103349e-06 8.457835593470881e-06
8.156122973103349e-06 8.457835593470881e-06
8.156122973103349e-06 8.457835593470881e-06
8.156122973103349e-06 8.457835593470881e-06
8.156122973103349e-06 8.457835593470881e-06
8.156122973103349e-06 8.457835593470881e-06
8.156122973103349e-06 8.457835593470881e-06
8.156122973103349e-06 8.457835593470881e-06
8.156122973103349e-06 8.457835593470881e-06
8.156122973103349e-06 8.457835593470881e-06
8.156122973103349e-06 8.457835593470881e-06
8.156122973103349e-06 8.457835593470881e-06
8.156122973103349e-06 8.457835593470881e-06
8.156122973103349e-06 8.457835593470881e-06
8.156122973103349e-06 8.457835593470881e-06
8.156122973103349e-06 8.457835593470881e-06
8.156122973103349e-06 8.457835593470881e-06
8.156122973103349e-06 8.457835593470881e-06
8.156122973103349e-06 8.457835593470881e-06
8.156122973103349e-06 8.457835593470881e-06
8.156122973103349e-06 8.457835593470881e-06
8.156122973103349e-06 8.457835593470881e-06
8.156122973103349e-06 8.457835593470881e-06
8.475282385301944e-06 8.458283154450952e-06
8.475282385301944e-06 8.458283154450952e-06
8.475282385301944e-06 8.458283154450952e-06
8.475282385301944e-06 8.458283154450952e-06
8.475282385301944e-06 8.458283154450952e-06
8.475282385301944e-06 8.458283154450952e-06
8.475282385301944e-06 8.458283154450952e-06
8.475282385301944e-06 8.458283154450952e-06
8.475282385301944e-06 8.458283154450952e-06
8.475282385301944e-06 8.458283154450952e-06
8.475282385301944e-06 8.458283154450952e-06
8.475282385301944e-06 8.458283154450952e-06
8.475282385301944e-06 8.458283154450952e-06
8.475282385301944e-06 8.458283154450952e-06
8.475282385301944e-06 8.458283154450952e-06
8.475282385301944e-06 8.458283154450952e-06
8.475282385301944e-06 8.458283154450952e-06
8.475282385301944e-06 8.458283154450952e-06
8.475282385301944e-06 8.458283154450952e-06
8.475282385301944e-06 8.458283154450952e-06
8.475282385301944e-06 8.458283154450952e-06
8.475282385301944e-06 8.458283154450952e-06
8.475282385301944e-06 8.458283154450952e-06
8.475282385301944e-06 8.458283154450952e-06
8.475282385301944e-06 8.458283154450952e-06
8.475282385301944e-06 8.458283154450952e-06
8.475282385301944e-06 8.458283154450952e-06
8.475282385301944e-06 8.458283154450952e-06
7.687668642720765e-06 8.458129487446686e-06
7.687668642720765e-06 8.458129487446686e-06
7.687668642720765e-06 8.458129487446686e-06
7.687668642720765e-06 8.458129487446686e-06
7.687668642720765e-06 8.458129487446686e-06
7.687668642720765e-06 8.458129487446686e-06
7.687668642720765e-06 8.458129487446686e-06
7.687668642720765e-06 8.458129487446686e-06
7.687668642720765e-06 8.458129487446686e-06
7.687668642720765e-06 8.458129487446686e-06
7.687668642720765e-06 8.458129487446686e-06
7.687668642720765e-06 8.458129487446686e-06
8.709431581554302e-06 8.457818640143876e-06
8.709431581554302e-06 8.457818640143876e-06
8.709431581554302e-06 8.457818640143876e-06
8.709431581554302e-06 8.457818640143876e-06
8.709431581554302e-06 8.457818640143876e-06
8.709431581554302e-06 8.457818640143876e-06
8.709431581554302e-06 8.457818640143876e-06
8.709431581554302e-06 8.457818640143876e-06
8.709431581554302e-06 8.457818640143876e-06
8.709431581554302e-06 8.457818640143876e-06
8.221132721181403e-06 8.45759107760002e-06
8.221132721181403e-06 8.45759107760002e-06
8.221132721181403e-06 8.45759107760002e-06
8.221132721181403e-06 8.45759107760002e-06
8.221132721181403e-06 8.45759107760002e-06
8.221132721181403e-06 8.45759107760002e-06
8.221132721181403e-06 8.45759107760002e-06
8.221132721181403e-06 8.45759107760002e-06
8.221132721181403e-06 8.45759107760002e-06
1.0350735975373797e-05 8.456079291534832e-06
1.0350735975373797e-05 8.456079291534832e-06
1.0350735975373797e-05 8.456079291534832e-06
1.0350735975373797e-05 8.456079291534832e-06
1.0350735975373797e-05 8.456079291534832e-06
1.0350735975373797e-05 8.456079291534832e-06
8.997363772414683e-06 8.457096275721238e-06
8.997363772414683e-06 8.457096275721238e-06
8.997363772414683e-06 8.457096275721238e-06
8.997363772414683e-06 8.457096275721238e-06
1.1958033783757399e-05 8.458133001355834e-06
1.1958033783757399e-05 8.458133001355834e-06
1.1958033783757399e-05 8.458133001355834e-06
1.1958033783757399e-05 8.458133001355834e-06
8.515414480489443e-06 8.457799098205714e-06
8.515414480489443e-06 8.457799098205714e-06
8.515414480489443e-06 8.457799098205714e-06
8.515414480489443e-06 8.457799098205714e-06
8.515414480489443e-06 8.457799098205714e-06
8.515414480489443e-06 8.457799098205714e-06
8.515414480489443e-06 8.457799098205714e-06
8.515414480489443e-06 8.457799098205714e-06
8.515414480489443e-06 8.457799098205714e-06
8.515414480489443e-06 8.457799098205714e-06
8.515414480489443e-06 8.457799098205714e-06
8.515414480489443e-06 8.457799098205714e-06
8.436827783786433e-06 8.457845485247344e-06
8.436827783786433e-06 8.457845485247344e-06
8.436827783786433e-06 8.457845485247344e-06
8.436827783786433e-06 8.457845485247344e-06
8.436827783786433e-06 8.457845485247344e-06
8.436827783786433e-06 8.457845485247344e-06
8.436827783786433e-06 8.457845485247344e-06
8.436827783786433e-06 8.457845485247344e-06
8.436827783786433e-06 8.457845485247344e-06
8.436827783786433e-06 8.457845485247344e-06
8.436827783786433e-06 8.457845485247344e-06
8.436827783786433e-06 8.457845485247344e-06
8.436827783786433e-06 8.457845485247344e-06
8.436827783786433e-06 8.457845485247344e-06
8.436827783786433e-06 8.457845485247344e-06
7.015316151898593e-06 8.457597683528585e-06
7.015316151898593e-06 8.457597683528585e-06
7.015316151898593e-06 8.457597683528585e-06
7.015316151898593e-06 8.457597683528585e-06
7.015316151898593e-06 8.457597683528585e-06
7.015316151898593e-06 8.457597683528585e-06
7.015316151898593e-06 8.457597683528585e-06
7.015316151898593e-06 8.457597683528585e-06
7.015316151898593e-06 8.457597683528585e-06
7.015316151898593e-06 8.457597683528585e-06
7.015316151898593e-06 8.457597683528585e-06
7.015316151898593e-06 8.457597683528585e-06
7.5511769359138085e-06 8.457295920236935e-06
7.5511769359138085e-06 8.457295920236935e-06
7.5511769359138085e-06 8.457295920236935e-06
7.5511769359138085e-06 8.457295920236935e-06
7.5511769359138085e-06 8.457295920236935e-06
7.5511769359138085e-06 8.457295920236935e-06
7.5511769359138085e-06 8.457295920236935e-06
7.5511769359138085e-06 8.457295920236935e-06
9.596830359956173e-06 8.457268636064928e-06
9.596830359956173e-06 8.457268636064928e-06
9.596830359956173e-06 8.457268636064928e-06
9.596830359956173e-06 8.457268636064928e-06
9.596830359956173e-06 8.457268636064928e-06
9.596830359956173e-06 8.457268636064928e-06
9.596830359956173e-06 8.457268636064928e-06
9.596830359956173e-06 8.457268636064928e-06
9.596830359956173e-06 8.457268636064928e-06
9.596830359956173e-06 8.457268636064928e-06
9.596830359956173e-06 8.457268636064928e-06
9.596830359956173e-06 8.457268636064928e-06
9.596830359956173e-06 8.457268636064928e-06
9.596830359956173e-06 8.457268636064928e-06
9.596830359956173e-06 8.457268636064928e-06
9.596830359956173e-06 8.457268636064928e-06
9.596830359956173e-06 8.457268636064928e-06
9.596830359956173e-06 8.457268636064928e-06
9.596830359956173e-06 8.457268636064928e-06
9.596830359956173e-06 8.457268636064928e-06
9.596830359956173e-06 8.457268636064928e-06
9.596830359956173e-06 8.457268636064928e-06
9.596830359956173e-06 8.457268636064928e-06
9.596830359956173e-06 8.457268636064928e-06
9.596830359956173e-06 8.457268636064928e-06
9.596830359956173e-06 8.457268636064928e-06
9.596830359956173e-06 8.457268636064928e-06
9.596830359956173e-06 8.457268636064928e-06
1.0095503249239836e-05 8.4575680805262e-06
1.0095503249239836e-05 8.4575680805262e-06
1.0095503249239836e-05 8.4575680805262e-06
1.0095503249239836e-05 8.4575680805262e-06
1.0095503249239836e-05 8.4575680805262e-06
1.0095503249239836e-05 8.4575680805262e-06
1.0095503249239836e-05 8.4575680805262e-06
1.0095503249239836e-05 8.4575680805262e-06
1.0095503249239836e-05 8.4575680805262e-06
1.0095503249239836e-05 8.4575680805262e-06
8.399318026615026e-06 8.457714250597918e-06
8.399318026615026e-06 8.457714250597918e-06
8.399318026615026e-06 8.457714250597918e-06
8.399318026615026e-06 8.457714250597918e-06
8.399318026615026e-06 8.457714250597918e-06
8.399318026615026e-06 8.457714250597918e-06
8.581933416104414e-06 8.459145874717092e-06
8.581933416104414e-06 8.459145874717092e-06
8.581933416104414e-06 8.459145874717092e-06
8.581933416104414e-06 8.459145874717092e-06
8.581933416104414e-06 8.459145874717092e-06
8.581933416104414e-06 8.459145874717092e-06
8.581933416104414e-06 8.459145874717092e-06
8.581933416104414e-06 8.459145874717092e-06
8.581933416104414e-06 8.459145874717092e-06
8.470089506488164e-06 8.457807682551842e-06
8.470089506488164e-06 8.457807682551842e-06
8.470089506488164e-06 8.457807682551842e-06
8.470089506488164e-06 8.457807682551842e-06
8.470089506488164e-06 8.457807682551842e-06
8.470089506488164e-06 8.457807682551842e-06
8.470089506488164e-06 8.457807682551842e-06
8.470089506488164e-06 8.457807682551842e-06
8.470089506488164e-06 8.457807682551842e-06
8.470089506488164e-06 8.457807682551842e-06
8.470089506488164e-06 8.457807682551842e-06
8.470089506488164e-06 8.457807682551842e-06
9.980650279713033e-06 8.461279381307738e-06
9.980650279713033e-06 8.461279381307738e-06
9.980650279713033e-06 8.461279381307738e-06
9.980650279713033e-06 8.461279381307738e-06
9.980650279713033e-06 8.461279381307738e-06
9.980650279713033e-06 8.461279381307738e-06
9.980650279713033e-06 8.461279381307738e-06
9.980650279713033e-06 8.461279381307738e-06
9.980650279713033e-06 8.461279381307738e-06
9.980650279713033e-06 8.461279381307738e-06
9.980650279713033e-06 8.461279381307738e-06
9.980650279713033e-06 8.461279381307738e-06
9.980650279713033e-06 8.461279381307738e-06
9.980650279713033e-06 8.461279381307738e-06
9.980650279713033e-06 8.461279381307738e-06
9.980650279713033e-06 8.461279381307738e-06
9.980650279713033e-06 8.461279381307738e-06
9.980650279713033e-06 8.461279381307738e-06
9.980650279713033e-06 8.461279381307738e-06
9.980650279713033e-06 8.461279381307738e-06
9.980650279713033e-06 8.461279381307738e-06
9.72245613539676e-06 8.458245198215103e-06
9.72245613539676e-06 8.458245198215103e-06
9.72245613539676e-06 8.458245198215103e-06
9.72245613539676e-06 8.458245198215103e-06
9.72245613539676e-06 8.458245198215103e-06
9.72245613539676e-06 8.458245198215103e-06
9.72245613539676e-06 8.458245198215103e-06
9.72245613539676e-06 8.458245198215103e-06
9.72245613539676e-06 8.458245198215103e-06
9.72245613539676e-06 8.458245198215103e-06
9.72245613539676e-06 8.458245198215103e-06
9.72245613539676e-06 8.458245198215103e-06
9.72245613539676e-06 8.458245198215103e-06
9.72245613539676e-06 8.458245198215103e-06
9.72245613539676e-06 8.458245198215103e-06
9.72245613539676e-06 8.458245198215103e-06
9.72245613539676e-06 8.458245198215103e-06
9.72245613539676e-06 8.458245198215103e-06
9.72245613539676e-06 8.458245198215103e-06
9.72245613539676e-06 8.458245198215103e-06
9.72245613539676e-06 8.458245198215103e-06
8.306760693895533e-06 8.457597683528585e-06
8.306760693895533e-06 8.457597683528585e-06
8.306760693895533e-06 8.457597683528585e-06
8.306760693895533e-06 8.457597683528585e-06
8.306760693895533e-06 8.457597683528585e-06
8.306760693895533e-06 8.457597683528585e-06
8.306760693895533e-06 8.457597683528585e-06
8.306760693895533e-06 8.457597683528585e-06
9.568237922773323e-06 8.457188361306784e-06
9.568237922773323e-06 8.457188361306784e-06
9.568237922773323e-06 8.457188361306784e-06
9.568237922773323e-06 8.457188361306784e-06
9.568237922773323e-06 8.457188361306784e-06
9.568237922773323e-06 8.457188361306784e-06
9.568237922773323e-06 8.457188361306784e-06
9.568237922773323e-06 8.457188361306784e-06
9.568237922773323e-06 8.457188361306784e-06
9.568237922773323e-06 8.457188361306784e-06
9.568237922773323e-06 8.457188361306784e-06
9.568237922773323e-06 8.457188361306784e-06
9.568237922773323e-06 8.457188361306784e-06
9.568237922773323e-06 8.457188361306784e-06
9.568237922773323e-06 8.457188361306784e-06
9.568237922773323e-06 8.457188361306784e-06
9.568237922773323e-06 8.457188361306784e-06
9.568237922773323e-06 8.457188361306784e-06
9.568237922773323e-06 8.457188361306784e-06
9.568237922773323e-06 8.457188361306784e-06
9.568237922773323e-06 8.457188361306784e-06
9.568237922773323e-06 8.457188361306784e-06
9.568237922773323e-06 8.457188361306784e-06
9.568237922773323e-06 8.457188361306784e-06
9.568237922773323e-06 8.457188361306784e-06
9.568237922773323e-06 8.457188361306784e-06
9.568237922773323e-06 8.457188361306784e-06
9.568237922773323e-06 8.457188361306784e-06
9.568237922773323e-06 8.457188361306784e-06
9.568237922773323e-06 8.457188361306784e-06
9.568237922773323e-06 8.457188361306784e-06
9.568237922773323e-06 8.457188361306784e-06
9.568237922773323e-06 8.457188361306784e-06
9.568237922773323e-06 8.457188361306784e-06
9.568237922773323e-06 8.457188361306784e-06
9.568237922773323e-06 8.457188361306784e-06
9.568237922773323e-06 8.457188361306784e-06
9.568237922773323e-06 8.457188361306784e-06
9.568237922773323e-06 8.457188361306784e-06
9.568237922773323e-06 8.457188361306784e-06
9.568237922773323e-06 8.457188361306784e-06
9.568237922773323e-06 8.457188361306784e-06
9.568237922773323e-06 8.457188361306784e-06
9.568237922773323e-06 8.457188361306784e-06
9.568237922773323e-06 8.457188361306784e-06
9.568237922773323e-06 8.457188361306784e-06
9.568237922773323e-06 8.457188361306784e-06
9.568237922773323e-06 8.457188361306784e-06
9.568237922773323e-06 8.457188361306784e-06
9.568237922773323e-06 8.457188361306784e-06
9.568237922773323e-06 8.457188361306784e-06
9.568237922773323e-06 8.457188361306784e-06
9.568237922773323e-06 8.457188361306784e-06
9.568237922773323e-06 8.457188361306784e-06
9.568237922773323e-06 8.457188361306784e-06
9.568237922773323e-06 8.457188361306784e-06
9.568237922773323e-06 8.457188361306784e-06
9.568237922773323e-06 8.457188361306784e-06
9.568237922773323e-06 8.457188361306784e-06
9.568237922773323e-06 8.457188361306784e-06
9.568237922773323e-06 8.457188361306784e-06
9.568237922773323e-06 8.457188361306784e-06
9.568237922773323e-06 8.457188361306784e-06
8.56242286036117e-06 8.457843841969222e-06
8.56242286036117e-06 8.457843841969222e-06
8.56242286036117e-06 8.457843841969222e-06
8.56242286036117e-06 8.457843841969222e-06
8.56242286036117e-06 8.457843841969222e-06
8.56242286036117e-06 8.457843841969222e-06
8.56242286036117e-06 8.457843841969222e-06
8.56242286036117e-06 8.457843841969222e-06
8.56242286036117e-06 8.457843841969222e-06
8.56242286036117e-06 8.457843841969222e-06
8.56242286036117e-06 8.457843841969222e-06
8.56242286036117e-06 8.457843841969222e-06
8.56242286036117e-06 8.457843841969222e-06
8.56242286036117e-06 8.457843841969222e-06
8.56242286036117e-06 8.457843841969222e-06
8.56242286036117e-06 8.457843841969222e-06
8.56242286036117e-06 8.457843841969222e-06
8.56242286036117e-06 8.457843841969222e-06
8.56242286036117e-06 8.457843841969222e-06
8.56242286036117e-06 8.457843841969222e-06
9.693704738608596e-06 8.457266555264139e-06
9.693704738608596e-06 8.457266555264139e-06
9.693704738608596e-06 8.457266555264139e-06
9.693704738608596e-06 8.457266555264139e-06
9.693704738608596e-06 8.457266555264139e-06
9.693704738608596e-06 8.457266555264139e-06
9.693704738608596e-06 8.457266555264139e-06
9.693704738608596e-06 8.457266555264139e-06
9.693704738608596e-06 8.457266555264139e-06
9.693704738608596e-06 8.457266555264139e-06
9.693704738608596e-06 8.457266555264139e-06
9.693704738608596e-06 8.457266555264139e-06
9.693704738608596e-06 8.457266555264139e-06
9.693704738608596e-06 8.457266555264139e-06
1.0040687214149253e-05 8.459656898875266e-06
1.0040687214149253e-05 8.459656898875266e-06
1.0040687214149253e-05 8.459656898875266e-06
1.0040687214149253e-05 8.459656898875266e-06
9.376025945467938e-06 8.458262909586125e-06
9.376025945467938e-06 8.458262909586125e-06
9.376025945467938e-06 8.458262909586125e-06
9.376025945467938e-06 8.458262909586125e-06
9.376025945467938e-06 8.458262909586125e-06
9.376025945467938e-06 8.458262909586125e-06
9.376025945467938e-06 8.458262909586125e-06
9.376025945467938e-06 8.458262909586125e-06
9.376025945467938e-06 8.458262909586125e-06
9.376025945467938e-06 8.458262909586125e-06
9.376025945467938e-06 8.458262909586125e-06
9.376025945467938e-06 8.458262909586125e-06
9.376025945467938e-06 8.458262909586125e-06
9.376025945467938e-06 8.458262909586125e-06
9.376025945467938e-06 8.458262909586125e-06
1.045905093158836e-05 8.459145874717092e-06
1.045905093158836e-05 8.459145874717092e-06
1.045905093158836e-05 8.459145874717092e-06
1.045905093158836e-05 8.459145874717092e-06
1.045905093158836e-05 8.459145874717092e-06
1.045905093158836e-05 8.459145874717092e-06
8.524579387765406e-06 8.457787582432497e-06
8.524579387765406e-06 8.457787582432497e-06
8.524579387765406e-06 8.457787582432497e-06
8.524579387765406e-06 8.457787582432497e-06
8.524579387765406e-06 8.457787582432497e-06
8.524579387765406e-06 8.457787582432497e-06
8.524579387765406e-06 8.457787582432497e-06
8.524579387765406e-06 8.457787582432497e-06
8.524579387765406e-06 8.457787582432497e-06
8.524579387765406e-06 8.457787582432497e-06
8.996013542777802e-06 8.457522849244606e-06
8.996013542777802e-06 8.457522849244606e-06
8.996013542777802e-06 8.457522849244606e-06
8.996013542777802e-06 8.457522849244606e-06
8.996013542777802e-06 8.457522849244606e-06
8.996013542777802e-06 8.457522849244606e-06
8.996013542777802e-06 8.457522849244606e-06
8.996013542777802e-06 8.457522849244606e-06
8.996013542777802e-06 8.457522849244606e-06
8.996013542777802e-06 8.457522849244606e-06
8.996013542777802e-06 8.457522849244606e-06
8.996013542777802e-06 8.457522849244606e-06
8.996013542777802e-06 8.457522849244606e-06
8.996013542777802e-06 8.457522849244606e-06
8.996013542777802e-06 8.457522849244606e-06
8.996013542777802e-06 8.457522849244606e-06
8.996013542777802e-06 8.457522849244606e-06
8.996013542777802e-06 8.457522849244606e-06
8.996013542777802e-06 8.457522849244606e-06
8.996013542777802e-06 8.457522849244606e-06
8.996013542777802e-06 8.457522849244606e-06
8.996013542777802e-06 8.457522849244606e-06
8.996013542777802e-06 8.457522849244606e-06
8.996013542777802e-06 8.457522849244606e-06
8.996013542777802e-06 8.457522849244606e-06
8.996013542777802e-06 8.457522849244606e-06
8.996013542777802e-06 8.457522849244606e-06
8.996013542777802e-06 8.457522849244606e-06
9.605476980588575e-06 8.459242128899085e-06
9.605476980588575e-06 8.459242128899085e-06
9.605476980588575e-06 8.459242128899085e-06
9.605476980588575e-06 8.459242128899085e-06
9.605476980588575e-06 8.459242128899085e-06
9.605476980588575e-06 8.459242128899085e-06
9.605476980588575e-06 8.459242128899085e-06
9.605476980588575e-06 8.459242128899085e-06
9.605476980588575e-06 8.459242128899085e-06
9.605476980588575e-06 8.459242128899085e-06
9.605476980588575e-06 8.459242128899085e-06
9.605476980588575e-06 8.459242128899085e-06
9.605476980588575e-06 8.459242128899085e-06
9.605476980588575e-06 8.459242128899085e-06
8.412557956534394e-06 8.457714791477646e-06
8.412557956534394e-06 8.457714791477646e-06
8.412557956534394e-06 8.457714791477646e-06
8.412557956534394e-06 8.457714791477646e-06
8.412557956534394e-06 8.457714791477646e-06
8.412557956534394e-06 8.457714791477646e-06
8.412557956534394e-06 8.457714791477646e-06
8.412557956534394e-06 8.457714791477646e-06
8.412557956534394e-06 8.457714791477646e-06
8.412557956534394e-06 8.457714791477646e-06
8.412557956534394e-06 8.457714791477646e-06
8.412557956534394e-06 8.457714791477646e-06
8.412557956534394e-06 8.457714791477646e-06
8.412557956534394e-06 8.457714791477646e-06
8.412557956534394e-06 8.457714791477646e-06
9.567979634259445e-06 8.457167423123238e-06
9.567979634259445e-06 8.457167423123238e-06
9.567979634259445e-06 8.457167423123238e-06
9.567979634259445e-06 8.457167423123238e-06
7.530590830961268e-06 8.458022928678717e-06
7.530590830961268e-06 8.458022928678717e-06
7.530590830961268e-06 8.458022928678717e-06
7.530590830961268e-06 8.458022928678717e-06
7.530590830961268e-06 8.458022928678717e-06
7.530590830961268e-06 8.458022928678717e-06
7.530590830961268e-06 8.458022928678717e-06
7.530590830961268e-06 8.458022928678717e-06
1.0598985156240078e-05 8.457096275721238e-06
1.0598985156240078e-05 8.457096275721238e-06
1.0598985156240078e-05 8.457096275721238e-06
1.0598985156240078e-05 8.457096275721238e-06
1.0598985156240078e-05 8.457096275721238e-06
1.0598985156240078e-05 8.457096275721238e-06
7.675110743196794e-06 8.457782932748283e-06
7.675110743196794e-06 8.457782932748283e-06
7.675110743196794e-06 8.457782932748283e-06
7.675110743196794e-06 8.457782932748283e-06
7.675110743196794e-06 8.457782932748283e-06
7.675110743196794e-06 8.457782932748283e-06
7.675110743196794e-06 8.457782932748283e-06
7.675110743196794e-06 8.457782932748283e-06
7.675110743196794e-06 8.457782932748283e-06
7.675110743196794e-06 8.457782932748283e-06
7.675110743196794e-06 8.457782932748283e-06
7.675110743196794e-06 8.457782932748283e-06
7.675110743196794e-06 8.457782932748283e-06
7.675110743196794e-06 8.457782932748283e-06
7.675110743196794e-06 8.457782932748283e-06
7.675110743196794e-06 8.457782932748283e-06
8.542328778743704e-06 8.457800333685396e-06
8.542328778743704e-06 8.457800333685396e-06
8.542328778743704e-06 8.457800333685396e-06
8.542328778743704e-06 8.457800333685396e-06
8.542328778743704e-06 8.457800333685396e-06
8.542328778743704e-06 8.457800333685396e-06
8.542328778743704e-06 8.457800333685396e-06
8.542328778743704e-06 8.457800333685396e-06
8.542328778743704e-06 8.457800333685396e-06
8.542328778743704e-06 8.457800333685396e-06
8.542328778743704e-06 8.457800333685396e-06
8.542328778743704e-06 8.457800333685396e-06
8.542328778743704e-06 8.457800333685396e-06
8.542328778743704e-06 8.457800333685396e-06
8.542328778743704e-06 8.457800333685396e-06
8.542328778743704e-06 8.457800333685396e-06
8.542328778743704e-06 8.457800333685396e-06
8.542328778743704e-06 8.457800333685396e-06
8.542328778743704e-06 8.457800333685396e-06
8.542328778743704e-06 8.457800333685396e-06
8.542328778743704e-06 8.457800333685396e-06
8.542328778743704e-06 8.457800333685396e-06
8.542328778743704e-06 8.457800333685396e-06
8.542328778743704e-06 8.457800333685396e-06
8.542328778743704e-06 8.457800333685396e-06
8.542328778743704e-06 8.457800333685396e-06
8.542328778743704e-06 8.457800333685396e-06
8.542328778743704e-06 8.457800333685396e-06
8.542328778743704e-06 8.457800333685396e-06
8.542328778743704e-06 8.457800333685396e-06
8.542328778743704e-06 8.457800333685396e-06
8.542328778743704e-06 8.457800333685396e-06
8.542328778743704e-06 8.457800333685396e-06
8.542328778743704e-06 8.457800333685396e-06
8.542328778743704e-06 8.457800333685396e-06
8.542328778743704e-06 8.457800333685396e-06
8.542328778743704e-06 8.457800333685396e-06
8.542328778743704e-06 8.457800333685396e-06
8.542328778743704e-06 8.457800333685396e-06
8.542328778743704e-06 8.457800333685396e-06
8.542328778743704e-06 8.457800333685396e-06
8.542328778743704e-06 8.457800333685396e-06
8.542328778743704e-06 8.457800333685396e-06
8.542328778743704e-06 8.457800333685396e-06
8.542328778743704e-06 8.457800333685396e-06
8.542328778743704e-06 8.457800333685396e-06
8.542328778743704e-06 8.457800333685396e-06
8.542328778743704e-06 8.457800333685396e-06
8.542328778743704e-06 8.457800333685396e-06
8.542328778743704e-06 8.457800333685396e-06
8.542328778743704e-06 8.457800333685396e-06
8.542328778743704e-06 8.457800333685396e-06
8.542328778743704e-06 8.457800333685396e-06
8.542328778743704e-06 8.457800333685396e-06
8.542328778743704e-06 8.457800333685396e-06
8.542328778743704e-06 8.457800333685396e-06
8.542328778743704e-06 8.457800333685396e-06
8.542328778743704e-06 8.457800333685396e-06
8.542328778743704e-06 8.457800333685396e-06
8.542328778743704e-06 8.457800333685396e-06
8.542328778743704e-06 8.457800333685396e-06
8.542328778743704e-06 8.457800333685396e-06
8.542328778743704e-06 8.457800333685396e-06
8.542328778743704e-06 8.457800333685396e-06
8.542328778743704e-06 8.457800333685396e-06
8.542328778743704e-06 8.457800333685396e-06
8.542328778743704e-06 8.457800333685396e-06
8.542328778743704e-06 8.457800333685396e-06
8.542328778743704e-06 8.457800333685396e-06
8.542328778743704e-06 8.457800333685396e-06
8.542328778743704e-06 8.457800333685396e-06
8.542328778743704e-06 8.457800333685396e-06
8.542328778743704e-06 8.457800333685396e-06
8.542328778743704e-06 8.457800333685396e-06
8.542328778743704e-06 8.457800333685396e-06
8.542328778743704e-06 8.457800333685396e-06
8.542328778743704e-06 8.457800333685396e-06
8.542328778743704e-06 8.457800333685396e-06
8.542328778743704e-06 8.457800333685396e-06
8.542328778743704e-06 8.457800333685396e-06
8.542328778743704e-06 8.457800333685396e-06
8.542328778743704e-06 8.457800333685396e-06
8.542328778743704e-06 8.457800333685396e-06
8.542328778743704e-06 8.457800333685396e-06
8.542328778743704e-06 8.457800333685396e-06
8.542328778743704e-06 8.457800333685396e-06
8.542328778743704e-06 8.457800333685396e-06
8.542328778743704e-06 8.457800333685396e-06
8.542328778743704e-06 8.457800333685396e-06
8.542328778743704e-06 8.457800333685396e-06
8.542328778743704e-06 8.457800333685396e-06
8.542328778743704e-06 8.457800333685396e-06
8.542328778743704e-06 8.457800333685396e-06
8.542328778743704e-06 8.457800333685396e-06
8.542328778743704e-06 8.457800333685396e-06
8.542328778743704e-06 8.457800333685396e-06
8.542328778743704e-06 8.457800333685396e-06
8.542328778743704e-06 8.457800333685396e-06
8.542328778743704e-06 8.457800333685396e-06
8.542328778743704e-06 8.457800333685396e-06
8.542328778743704e-06 8.457800333685396e-06
8.542328778743704e-06 8.457800333685396e-06
8.542328778743704e-06 8.457800333685396e-06
8.542328778743704e-06 8.457800333685396e-06
8.542328778743704e-06 8.457800333685396e-06
8.542328778743704e-06 8.457800333685396e-06
8.542328778743704e-06 8.457800333685396e-06
8.542328778743704e-06 8.457800333685396e-06
7.129354825597522e-06 8.457736656942236e-06
7.129354825597522e-06 8.457736656942236e-06
7.129354825597522e-06 8.457736656942236e-06
7.129354825597522e-06 8.457736656942236e-06
7.129354825597522e-06 8.457736656942236e-06
7.129354825597522e-06 8.457736656942236e-06
7.129354825597522e-06 8.457736656942236e-06
7.129354825597522e-06 8.457736656942236e-06
7.129354825597522e-06 8.457736656942236e-06
7.129354825597522e-06 8.457736656942236e-06
7.129354825597522e-06 8.457736656942236e-06
7.129354825597522e-06 8.457736656942236e-06
7.129354825597522e-06 8.457736656942236e-06
7.129354825597522e-06 8.457736656942236e-06
7.129354825597522e-06 8.457736656942236e-06
7.129354825597522e-06 8.457736656942236e-06
8.929504547418685e-06 8.457280458038767e-06
8.929504547418685e-06 8.457280458038767e-06
8.929504547418685e-06 8.457280458038767e-06
8.929504547418685e-06 8.457280458038767e-06
8.929504547418685e-06 8.457280458038767e-06
8.929504547418685e-06 8.457280458038767e-06
8.929504547418685e-06 8.457280458038767e-06
8.929504547418685e-06 8.457280458038767e-06
7.51023257029602e-06 8.457759163483857e-06
7.51023257029602e-06 8.457759163483857e-06
7.51023257029602e-06 8.457759163483857e-06
7.51023257029602e-06 8.457759163483857e-06
7.51023257029602e-06 8.457759163483857e-06
7.51023257029602e-06 8.457759163483857e-06
7.51023257029602e-06 8.457759163483857e-06
7.51023257029602e-06 8.457759163483857e-06
7.51023257029602e-06 8.457759163483857e-06
7.51023257029602e-06 8.457759163483857e-06
7.51023257029602e-06 8.457759163483857e-06
7.51023257029602e-06 8.457759163483857e-06
8.531658898845451e-06 8.457919571662671e-06
8.531658898845451e-06 8.457919571662671e-06
8.531658898845451e-06 8.457919571662671e-06
8.531658898845451e-06 8.457919571662671e-06
8.531658898845451e-06 8.457919571662671e-06
8.531658898845451e-06 8.457919571662671e-06
8.531658898845451e-06 8.457919571662671e-06
8.531658898845451e-06 8.457919571662671e-06
8.531658898845451e-06 8.457919571662671e-06
8.531658898845451e-06 8.457919571662671e-06
8.531658898845451e-06 8.457919571662671e-06
8.531658898845451e-06 8.457919571662671e-06
8.531658898845451e-06 8.457919571662671e-06
8.531658898845451e-06 8.457919571662671e-06
8.531658898845451e-06 8.457919571662671e-06
8.531658898845451e-06 8.457919571662671e-06
8.531658898845451e-06 8.457919571662671e-06
8.531658898845451e-06 8.457919571662671e-06
8.531658898845451e-06 8.457919571662671e-06
8.531658898845451e-06 8.457919571662671e-06
8.531658898845451e-06 8.457919571662671e-06
8.531658898845451e-06 8.457919571662671e-06
8.531658898845451e-06 8.457919571662671e-06
8.531658898845451e-06 8.457919571662671e-06
8.531658898845451e-06 8.457919571662671e-06
8.531658898845451e-06 8.457919571662671e-06
8.531658898845451e-06 8.457919571662671e-06
1.0286793066311887e-05 8.457532687845515e-06
1.0286793066311887e-05 8.457532687845515e-06
1.0286793066311887e-05 8.457532687845515e-06
1.0286793066311887e-05 8.457532687845515e-06
1.0286793066311887e-05 8.457532687845515e-06
1.0286793066311887e-05 8.457532687845515e-06
1.0286793066311887e-05 8.457532687845515e-06
1.0286793066311887e-05 8.457532687845515e-06
8.428380322192782e-06 8.457804631333981e-06
8.428380322192782e-06 8.457804631333981e-06
8.428380322192782e-06 8.457804631333981e-06
8.428380322192782e-06 8.457804631333981e-06
8.428380322192782e-06 8.457804631333981e-06
8.428380322192782e-06 8.457804631333981e-06
8.428380322192782e-06 8.457804631333981e-06
8.428380322192782e-06 8.457804631333981e-06
8.428380322192782e-06 8.457804631333981e-06
8.428380322192782e-06 8.457804631333981e-06
8.428380322192782e-06 8.457804631333981e-06
8.428380322192782e-06 8.457804631333981e-06
8.428380322192782e-06 8.457804631333981e-06
8.428380322192782e-06 8.457804631333981e-06
8.428380322192782e-06 8.457804631333981e-06
8.428380322192782e-06 8.457804631333981e-06
8.428380322192782e-06 8.457804631333981e-06
8.428380322192782e-06 8.457804631333981e-06
8.428380322192782e-06 8.457804631333981e-06
8.428380322192782e-06 8.457804631333981e-06
8.428380322192782e-06 8.457804631333981e-06
8.428380322192782e-06 8.457804631333981e-06
8.428380322192782e-06 8.457804631333981e-06
8.428380322192782e-06 8.457804631333981e-06
8.428380322192782e-06 8.457804631333981e-06
8.428380322192782e-06 8.457804631333981e-06
8.428380322192782e-06 8.457804631333981e-06
8.481515215343525e-06 8.457756876255535e-06
8.481515215343525e-06 8.457756876255535e-06
8.481515215343525e-06 8.457756876255535e-06
8.481515215343525e-06 8.457756876255535e-06
8.481515215343525e-06 8.457756876255535e-06
8.481515215343525e-06 8.457756876255535e-06
8.481515215343525e-06 8.457756876255535e-06
8.481515215343525e-06 8.457756876255535e-06
8.481515215343525e-06 8.457756876255535e-06
8.481515215343525e-06 8.457756876255535e-06
8.481515215343525e-06 8.457756876255535e-06
8.481515215343525e-06 8.457756876255535e-06
8.481515215343525e-06 8.457756876255535e-06
8.481515215343525e-06 8.457756876255535e-06
8.481515215343525e-06 8.457756876255535e-06
8.481515215343525e-06 8.457756876255535e-06
8.481515215343525e-06 8.457756876255535e-06
8.481515215343525e-06 8.457756876255535e-06
8.481515215343525e-06 8.457756876255535e-06
8.481515215343525e-06 8.457756876255535e-06
8.518880095025803e-06 8.458129487446686e-06
8.518880095025803e-06 8.458129487446686e-06
8.518880095025803e-06 8.458129487446686e-06
8.518880095025803e-06 8.458129487446686e-06
8.518880095025803e-06 8.458129487446686e-06
8.518880095025803e-06 8.458129487446686e-06
8.518880095025803e-06 8.458129487446686e-06
8.518880095025803e-06 8.458129487446686e-06
8.49942506074674e-06 8.457839254628701e-06
8.49942506074674e-06 8.457839254628701e-06
8.49942506074674e-06 8.457839254628701e-06
8.49942506074674e-06 8.457839254628701e-06
8.49942506074674e-06 8.457839254628701e-06
8.49942506074674e-06 8.457839254628701e-06
8.49942506074674e-06 8.457839254628701e-06
8.49942506074674e-06 8.457839254628701e-06
8.49942506074674e-06 8.457839254628701e-06
8.49942506074674e-06 8.457839254628701e-06
8.645805665670432e-06 8.45786153435677e-06
8.645805665670432e-06 8.45786153435677e-06
8.645805665670432e-06 8.45786153435677e-06
8.645805665670432e-06 8.45786153435677e-06
8.645805665670432e-06 8.45786153435677e-06
8.645805665670432e-06 8.45786153435677e-06
8.645805665670432e-06 8.45786153435677e-06
8.645805665670432e-06 8.45786153435677e-06
8.645805665670432e-06 8.45786153435677e-06
8.645805665670432e-06 8.45786153435677e-06
8.645805665670432e-06 8.45786153435677e-06
8.645805665670432e-06 8.45786153435677e-06
8.645805665670432e-06 8.45786153435677e-06
8.645805665670432e-06 8.45786153435677e-06
8.645805665670432e-06 8.45786153435677e-06
8.645805665670432e-06 8.45786153435677e-06
8.645805665670432e-06 8.45786153435677e-06
8.645805665670432e-06 8.45786153435677e-06
8.645805665670432e-06 8.45786153435677e-06
8.645805665670432e-06 8.45786153435677e-06
8.645805665670432e-06 8.45786153435677e-06
8.645805665670432e-06 8.45786153435677e-06
8.645805665670432e-06 8.45786153435677e-06
8.645805665670432e-06 8.45786153435677e-06
8.645805665670432e-06 8.45786153435677e-06
8.645805665670432e-06 8.45786153435677e-06
8.645805665670432e-06 8.45786153435677e-06
8.645805665670432e-06 8.45786153435677e-06
8.645805665670432e-06 8.45786153435677e-06
8.645805665670432e-06 8.45786153435677e-06
8.645805665670432e-06 8.45786153435677e-06
8.645805665670432e-06 8.45786153435677e-06
8.645805665670432e-06 8.45786153435677e-06
8.645805665670432e-06 8.45786153435677e-06
8.645805665670432e-06 8.45786153435677e-06
8.645805665670432e-06 8.45786153435677e-06
8.645805665670432e-06 8.45786153435677e-06
8.645805665670432e-06 8.45786153435677e-06
8.645805665670432e-06 8.45786153435677e-06
8.645805665670432e-06 8.45786153435677e-06
8.645805665670432e-06 8.45786153435677e-06
8.645805665670432e-06 8.45786153435677e-06
8.645805665670432e-06 8.45786153435677e-06
8.645805665670432e-06 8.45786153435677e-06
8.645805665670432e-06 8.45786153435677e-06
9.600914794131338e-06 8.45631680634802e-06
9.600914794131338e-06 8.45631680634802e-06
9.600914794131338e-06 8.45631680634802e-06
9.600914794131338e-06 8.45631680634802e-06
9.600914794131338e-06 8.45631680634802e-06
9.600914794131338e-06 8.45631680634802e-06
9.600914794131338e-06 8.45631680634802e-06
9.600914794131338e-06 8.45631680634802e-06
9.600914794131338e-06 8.45631680634802e-06
9.600914794131338e-06 8.45631680634802e-06
9.600914794131338e-06 8.45631680634802e-06
9.600914794131338e-06 8.45631680634802e-06
9.600914794131338e-06 8.45631680634802e-06
9.600914794131338e-06 8.45631680634802e-06
9.600914794131338e-06 8.45631680634802e-06
9.600914794131338e-06 8.45631680634802e-06
9.600914794131338e-06 8.45631680634802e-06
9.600914794131338e-06 8.45631680634802e-06
9.600914794131338e-06 8.45631680634802e-06
9.600914794131338e-06 8.45631680634802e-06
9.600914794131338e-06 8.45631680634802e-06
9.600914794131338e-06 8.45631680634802e-06
9.600914794131338e-06 8.45631680634802e-06
9.600914794131338e-06 8.45631680634802e-06
9.600914794131338e-06 8.45631680634802e-06
9.600914794131338e-06 8.45631680634802e-06
9.600914794131338e-06 8.45631680634802e-06
9.600914794131338e-06 8.45631680634802e-06
9.006661171158323e-06 8.457620433659234e-06
9.006661171158323e-06 8.457620433659234e-06
9.006661171158323e-06 8.457620433659234e-06
9.006661171158323e-06 8.457620433659234e-06
9.006661171158323e-06 8.457620433659234e-06
9.006661171158323e-06 8.457620433659234e-06
9.006661171158323e-06 8.457620433659234e-06
9.006661171158323e-06 8.457620433659234e-06
9.006661171158323e-06 8.457620433659234e-06
9.006661171158323e-06 8.457620433659234e-06
9.006661171158323e-06 8.457620433659234e-06
9.006661171158323e-06 8.457620433659234e-06
9.006661171158323e-06 8.457620433659234e-06
9.006661171158323e-06 8.457620433659234e-06
9.006661171158323e-06 8.457620433659234e-06
9.006661171158323e-06 8.457620433659234e-06
9.006661171158323e-06 8.457620433659234e-06
9.006661171158323e-06 8.457620433659234e-06
8.557418305465427e-06 8.45778917509895e-06
8.557418305465427e-06 8.45778917509895e-06
8.557418305465427e-06 8.45778917509895e-06
8.557418305465427e-06 8.45778917509895e-06
8.557418305465427e-06 8.45778917509895e-06
8.557418305465427e-06 8.45778917509895e-06
8.557418305465427e-06 8.45778917509895e-06
8.557418305465427e-06 8.45778917509895e-06
8.557418305465427e-06 8.45778917509895e-06
8.557418305465427e-06 8.45778917509895e-06
8.557418305465427e-06 8.45778917509895e-06
8.557418305465427e-06 8.45778917509895e-06
8.557418305465427e-06 8.45778917509895e-06
8.557418305465427e-06 8.45778917509895e-06
8.557418305465427e-06 8.45778917509895e-06
8.557418305465427e-06 8.45778917509895e-06
8.557418305465427e-06 8.45778917509895e-06
8.557418305465427e-06 8.45778917509895e-06
8.557418305465427e-06 8.45778917509895e-06
8.557418305465427e-06 8.45778917509895e-06
8.557418305465427e-06 8.45778917509895e-06
8.557418305465427e-06 8.45778917509895e-06
8.557418305465427e-06 8.45778917509895e-06
8.557418305465427e-06 8.45778917509895e-06
8.557418305465427e-06 8.45778917509895e-06
8.557418305465427e-06 8.45778917509895e-06
8.557418305465427e-06 8.45778917509895e-06
8.557418305465427e-06 8.45778917509895e-06
8.557418305465427e-06 8.45778917509895e-06
8.557418305465427e-06 8.45778917509895e-06
8.557418305465427e-06 8.45778917509895e-06
8.557418305465427e-06 8.45778917509895e-06
8.557418305465427e-06 8.45778917509895e-06
8.557418305465427e-06 8.45778917509895e-06
8.557418305465427e-06 8.45778917509895e-06
8.557418305465427e-06 8.45778917509895e-06
8.557418305465427e-06 8.45778917509895e-06
8.557418305465427e-06 8.45778917509895e-06
8.557418305465427e-06 8.45778917509895e-06
8.557418305465427e-06 8.45778917509895e-06
8.557418305465427e-06 8.45778917509895e-06
8.557418305465427e-06 8.45778917509895e-06
8.557418305465427e-06 8.45778917509895e-06
8.557418305465427e-06 8.45778917509895e-06
8.557418305465427e-06 8.45778917509895e-06
8.557418305465427e-06 8.45778917509895e-06
8.557418305465427e-06 8.45778917509895e-06
8.557418305465427e-06 8.45778917509895e-06
8.504049593182924e-06 8.457724500991512e-06
8.504049593182924e-06 8.457724500991512e-06
8.504049593182924e-06 8.457724500991512e-06
8.504049593182924e-06 8.457724500991512e-06
8.504049593182924e-06 8.457724500991512e-06
8.504049593182924e-06 8.457724500991512e-06
8.504049593182924e-06 8.457724500991512e-06
8.504049593182924e-06 8.457724500991512e-06
8.504049593182924e-06 8.457724500991512e-06
8.504049593182924e-06 8.457724500991512e-06
8.470625451985325e-06 8.457846582035752e-06
8.470625451985325e-06 8.457846582035752e-06
8.470625451985325e-06 8.457846582035752e-06
8.470625451985325e-06 8.457846582035752e-06
8.470625451985325e-06 8.457846582035752e-06
8.470625451985325e-06 8.457846582035752e-06
8.470625451985325e-06 8.457846582035752e-06
8.470625451985325e-06 8.457846582035752e-06
8.470625451985325e-06 8.457846582035752e-06
8.470625451985325e-06 8.457846582035752e-06
8.470625451985325e-06 8.457846582035752e-06
8.470625451985325e-06 8.457846582035752e-06
8.470625451985325e-06 8.457846582035752e-06
8.470625451985325e-06 8.457846582035752e-06
8.470625451985325e-06 8.457846582035752e-06
8.470625451985325e-06 8.457846582035752e-06
8.470625451985325e-06 8.457846582035752e-06
8.470625451985325e-06 8.457846582035752e-06
8.470625451985325e-06 8.457846582035752e-06
8.470625451985325e-06 8.457846582035752e-06
8.470625451985325e-06 8.457846582035752e-06
8.470625451985325e-06 8.457846582035752e-06
8.470625451985325e-06 8.457846582035752e-06
8.470625451985325e-06 8.457846582035752e-06
8.470625451985325e-06 8.457846582035752e-06
8.470625451985325e-06 8.457846582035752e-06
8.470625451985325e-06 8.457846582035752e-06
8.470625451985325e-06 8.457846582035752e-06
8.470625451985325e-06 8.457846582035752e-06
8.470625451985325e-06 8.457846582035752e-06
8.470625451985325e-06 8.457846582035752e-06
8.470625451985325e-06 8.457846582035752e-06
8.470625451985325e-06 8.457846582035752e-06
8.470625451985325e-06 8.457846582035752e-06
8.470625451985325e-06 8.457846582035752e-06
8.470625451985325e-06 8.457846582035752e-06
8.470625451985325e-06 8.457846582035752e-06
8.470625451985325e-06 8.457846582035752e-06
8.470625451985325e-06 8.457846582035752e-06
8.470625451985325e-06 8.457846582035752e-06
8.470625451985325e-06 8.457846582035752e-06
8.470625451985325e-06 8.457846582035752e-06
8.470625451985325e-06 8.457846582035752e-06
8.470625451985325e-06 8.457846582035752e-06
8.470625451985325e-06 8.457846582035752e-06
8.470625451985325e-06 8.457846582035752e-06
8.470625451985325e-06 8.457846582035752e-06
8.470625451985325e-06 8.457846582035752e-06
9.725827325220966e-06 8.459656898875266e-06
9.725827325220966e-06 8.459656898875266e-06
9.725827325220966e-06 8.459656898875266e-06
9.725827325220966e-06 8.459656898875266e-06
9.725827325220966e-06 8.459656898875266e-06
9.725827325220966e-06 8.459656898875266e-06
9.113263923960402e-06 8.45794289499802e-06
9.113263923960402e-06 8.45794289499802e-06
9.113263923960402e-06 8.45794289499802e-06
9.113263923960402e-06 8.45794289499802e-06
9.113263923960402e-06 8.45794289499802e-06
9.113263923960402e-06 8.45794289499802e-06
9.113263923960402e-06 8.45794289499802e-06
9.113263923960402e-06 8.45794289499802e-06
9.113263923960402e-06 8.45794289499802e-06
9.113263923960402e-06 8.45794289499802e-06
9.113263923960402e-06 8.45794289499802e-06
9.113263923960402e-06 8.45794289499802e-06
9.113263923960402e-06 8.45794289499802e-06
9.113263923960402e-06 8.45794289499802e-06
9.113263923960402e-06 8.45794289499802e-06
9.113263923960402e-06 8.45794289499802e-06
9.113263923960402e-06 8.45794289499802e-06
9.113263923960402e-06 8.45794289499802e-06
9.113263923960402e-06 8.45794289499802e-06
9.113263923960402e-06 8.45794289499802e-06
8.416225199551863e-06 8.457865988831631e-06
8.416225199551863e-06 8.457865988831631e-06
8.416225199551863e-06 8.457865988831631e-06
8.416225199551863e-06 8.457865988831631e-06
8.416225199551863e-06 8.457865988831631e-06
8.416225199551863e-06 8.457865988831631e-06
8.416225199551863e-06 8.457865988831631e-06
8.416225199551863e-06 8.457865988831631e-06
8.416225199551863e-06 8.457865988831631e-06
8.416225199551863e-06 8.457865988831631e-06
8.416225199551863e-06 8.457865988831631e-06
8.416225199551863e-06 8.457865988831631e-06
8.416225199551863e-06 8.457865988831631e-06
8.416225199551863e-06 8.457865988831631e-06
8.416225199551863e-06 8.457865988831631e-06
8.416225199551863e-06 8.457865988831631e-06
8.416225199551863e-06 8.457865988831631e-06
8.416225199551863e-06 8.457865988831631e-06
8.416225199551863e-06 8.457865988831631e-06
8.416225199551863e-06 8.457865988831631e-06
8.416225199551863e-06 8.457865988831631e-06
8.416225199551863e-06 8.457865988831631e-06
8.416225199551863e-06 8.457865988831631e-06
8.416225199551863e-06 8.457865988831631e-06
8.971426065319576e-06 8.457361453750815e-06
8.971426065319576e-06 8.457361453750815e-06
8.971426065319576e-06 8.457361453750815e-06
8.971426065319576e-06 8.457361453750815e-06
8.971426065319576e-06 8.457361453750815e-06
8.971426065319576e-06 8.457361453750815e-06
8.971426065319576e-06 8.457361453750815e-06
8.971426065319576e-06 8.457361453750815e-06
8.971426065319576e-06 8.457361453750815e-06
8.971426065319576e-06 8.457361453750815e-06
8.971426065319576e-06 8.457361453750815e-06
8.971426065319576e-06 8.457361453750815e-06
8.971426065319576e-06 8.457361453750815e-06
8.971426065319576e-06 8.457361453750815e-06
8.971426065319576e-06 8.457361453750815e-06
8.971426065319576e-06 8.457361453750815e-06
8.971426065319576e-06 8.457361453750815e-06
8.971426065319576e-06 8.457361453750815e-06
8.971426065319576e-06 8.457361453750815e-06
8.971426065319576e-06 8.457361453750815e-06
8.971426065319576e-06 8.457361453750815e-06
8.971426065319576e-06 8.457361453750815e-06
8.971426065319576e-06 8.457361453750815e-06
8.971426065319576e-06 8.457361453750815e-06
8.971426065319576e-06 8.457361453750815e-06
8.971426065319576e-06 8.457361453750815e-06
8.971426065319576e-06 8.457361453750815e-06
8.971426065319576e-06 8.457361453750815e-06
8.971426065319576e-06 8.457361453750815e-06
8.971426065319576e-06 8.457361453750815e-06
8.971426065319576e-06 8.457361453750815e-06
8.971426065319576e-06 8.457361453750815e-06
8.971426065319576e-06 8.457361453750815e-06
8.971426065319576e-06 8.457361453750815e-06
8.971426065319576e-06 8.457361453750815e-06
9.01718892656849e-06 8.458262909586125e-06
9.01718892656849e-06 8.458262909586125e-06
9.01718892656849e-06 8.458262909586125e-06
9.01718892656849e-06 8.458262909586125e-06
9.01718892656849e-06 8.458262909586125e-06
9.01718892656849e-06 8.458262909586125e-06
9.01718892656849e-06 8.458262909586125e-06
9.01718892656849e-06 8.458262909586125e-06
9.01718892656849e-06 8.458262909586125e-06
9.01718892656849e-06 8.458262909586125e-06
9.532448793746108e-06 8.457752100787855e-06
9.532448793746108e-06 8.457752100787855e-06
9.532448793746108e-06 8.457752100787855e-06
9.532448793746108e-06 8.457752100787855e-06
9.532448793746108e-06 8.457752100787855e-06
9.532448793746108e-06 8.457752100787855e-06
9.532448793746108e-06 8.457752100787855e-06
9.532448793746108e-06 8.457752100787855e-06
9.532448793746108e-06 8.457752100787855e-06
9.532448793746108e-06 8.457752100787855e-06
9.532448793746108e-06 8.457752100787855e-06
9.532448793746108e-06 8.457752100787855e-06
9.532448793746108e-06 8.457752100787855e-06
9.532448793746108e-06 8.457752100787855e-06
9.532448793746108e-06 8.457752100787855e-06
9.532448793746108e-06 8.457752100787855e-06
9.532448793746108e-06 8.457752100787855e-06
9.532448793746108e-06 8.457752100787855e-06
9.532448793746108e-06 8.457752100787855e-06
9.532448793746108e-06 8.457752100787855e-06
9.532448793746108e-06 8.457752100787855e-06
9.532448793746108e-06 8.457752100787855e-06
9.532448793746108e-06 8.457752100787855e-06
9.532448793746108e-06 8.457752100787855e-06
9.532448793746108e-06 8.457752100787855e-06
9.532448793746108e-06 8.457752100787855e-06
9.532448793746108e-06 8.457752100787855e-06
9.532448793746108e-06 8.457752100787855e-06
9.532448793746108e-06 8.457752100787855e-06
9.532448793746108e-06 8.457752100787855e-06
9.532448793746108e-06 8.457752100787855e-06
9.532448793746108e-06 8.457752100787855e-06
9.532448793746108e-06 8.457752100787855e-06
9.532448793746108e-06 8.457752100787855e-06
9.532448793746108e-06 8.457752100787855e-06
9.532448793746108e-06 8.457752100787855e-06
9.532448793746108e-06 8.457752100787855e-06
9.532448793746108e-06 8.457752100787855e-06
9.532448793746108e-06 8.457752100787855e-06
9.532448793746108e-06 8.457752100787855e-06
9.532448793746108e-06 8.457752100787855e-06
9.532448793746108e-06 8.457752100787855e-06
9.532448793746108e-06 8.457752100787855e-06
9.532448793746108e-06 8.457752100787855e-06
9.532448793746108e-06 8.457752100787855e-06
9.532448793746108e-06 8.457752100787855e-06
9.532448793746108e-06 8.457752100787855e-06
9.532448793746108e-06 8.457752100787855e-06
9.532448793746108e-06 8.457752100787855e-06
9.532448793746108e-06 8.457752100787855e-06
9.532448793746108e-06 8.457752100787855e-06
9.532448793746108e-06 8.457752100787855e-06
9.532448793746108e-06 8.457752100787855e-06
9.532448793746108e-06 8.457752100787855e-06
9.532448793746108e-06 8.457752100787855e-06
9.532448793746108e-06 8.457752100787855e-06
9.532448793746108e-06 8.457752100787855e-06
9.532448793746108e-06 8.457752100787855e-06
9.532448793746108e-06 8.457752100787855e-06
9.532448793746108e-06 8.457752100787855e-06
9.532448793746108e-06 8.457752100787855e-06
9.532448793746108e-06 8.457752100787855e-06
9.532448793746108e-06 8.457752100787855e-06
8.488917233035502e-06 8.45778639828236e-06
8.488917233035502e-06 8.45778639828236e-06
8.488917233035502e-06 8.45778639828236e-06
8.488917233035502e-06 8.45778639828236e-06
8.488917233035502e-06 8.45778639828236e-06
8.488917233035502e-06 8.45778639828236e-06
8.488917233035502e-06 8.45778639828236e-06
8.488917233035502e-06 8.45778639828236e-06
8.488917233035502e-06 8.45778639828236e-06
8.488917233035502e-06 8.45778639828236e-06
8.488917233035502e-06 8.45778639828236e-06
8.488917233035502e-06 8.45778639828236e-06
8.488917233035502e-06 8.45778639828236e-06
8.488917233035502e-06 8.45778639828236e-06
8.488917233035502e-06 8.45778639828236e-06
8.488917233035502e-06 8.45778639828236e-06
8.488917233035502e-06 8.45778639828236e-06
8.488917233035502e-06 8.45778639828236e-06
8.488917233035502e-06 8.45778639828236e-06
8.488917233035502e-06 8.45778639828236e-06
8.488917233035502e-06 8.45778639828236e-06
8.488917233035502e-06 8.45778639828236e-06
8.488917233035502e-06 8.45778639828236e-06
8.488917233035502e-06 8.45778639828236e-06
8.488917233035502e-06 8.45778639828236e-06
8.488917233035502e-06 8.45778639828236e-06
8.488917233035502e-06 8.45778639828236e-06
8.488917233035502e-06 8.45778639828236e-06
8.488917233035502e-06 8.45778639828236e-06
8.488917233035502e-06 8.45778639828236e-06
8.488917233035502e-06 8.45778639828236e-06
8.488917233035502e-06 8.45778639828236e-06
8.488917233035502e-06 8.45778639828236e-06
8.488917233035502e-06 8.45778639828236e-06
8.488917233035502e-06 8.45778639828236e-06
8.488917233035502e-06 8.45778639828236e-06
8.488917233035502e-06 8.45778639828236e-06
8.488917233035502e-06 8.45778639828236e-06
8.488917233035502e-06 8.45778639828236e-06
8.488917233035502e-06 8.45778639828236e-06
8.488917233035502e-06 8.45778639828236e-06
8.488917233035502e-06 8.45778639828236e-06
8.488917233035502e-06 8.45778639828236e-06
8.488917233035502e-06 8.45778639828236e-06
8.488917233035502e-06 8.45778639828236e-06
8.488917233035502e-06 8.45778639828236e-06
8.488917233035502e-06 8.45778639828236e-06
8.488917233035502e-06 8.45778639828236e-06
8.488917233035502e-06 8.45778639828236e-06
8.488917233035502e-06 8.45778639828236e-06
8.488917233035502e-06 8.45778639828236e-06
8.488917233035502e-06 8.45778639828236e-06
8.488917233035502e-06 8.45778639828236e-06
8.488917233035502e-06 8.45778639828236e-06
8.488917233035502e-06 8.45778639828236e-06
8.488917233035502e-06 8.45778639828236e-06
8.488917233035502e-06 8.45778639828236e-06
8.488917233035502e-06 8.45778639828236e-06
8.488917233035502e-06 8.45778639828236e-06
8.488917233035502e-06 8.45778639828236e-06
8.52843367514941e-06 8.457861464782712e-06
8.52843367514941e-06 8.457861464782712e-06
8.52843367514941e-06 8.457861464782712e-06
8.52843367514941e-06 8.457861464782712e-06
8.52843367514941e-06 8.457861464782712e-06
8.52843367514941e-06 8.457861464782712e-06
8.52843367514941e-06 8.457861464782712e-06
8.52843367514941e-06 8.457861464782712e-06
8.52843367514941e-06 8.457861464782712e-06
8.52843367514941e-06 8.457861464782712e-06
8.52843367514941e-06 8.457861464782712e-06
8.52843367514941e-06 8.457861464782712e-06
8.52843367514941e-06 8.457861464782712e-06
8.52843367514941e-06 8.457861464782712e-06
8.52843367514941e-06 8.457861464782712e-06
8.52843367514941e-06 8.457861464782712e-06
8.52843367514941e-06 8.457861464782712e-06
8.52843367514941e-06 8.457861464782712e-06
8.52843367514941e-06 8.457861464782712e-06
8.52843367514941e-06 8.457861464782712e-06
8.52843367514941e-06 8.457861464782712e-06
8.52843367514941e-06 8.457861464782712e-06
8.52843367514941e-06 8.457861464782712e-06
8.52843367514941e-06 8.457861464782712e-06