8.204358789912988e-07 5.172373812770116e-06
8.204358789912988e-07 5.172373812770116e-06
8.204358789912988e-07 5.172373812770116e-06
2.398974631132096e-06 5.172371358723851e-06
2.398974631132096e-06 5.172371358723851e-06
2.398974631132096e-06 5.172371358723851e-06
2.398974631132096e-06 5.172371358723851e-06
2.398974631132096e-06 5.172371358723851e-06
2.398974631132096e-06 5.172371358723851e-06
2.3488305319609667e-06 5.172367549306964e-06
2.3488305319609667e-06 5.172367549306964e-06
2.3488305319609667e-06 5.172367549306964e-06
2.3488305319609667e-06 5.172367549306964e-06
2.3488305319609667e-06 5.172367549306964e-06
2.3488305319609667e-06 5.172367549306964e-06
2.3488305319609667e-06 5.172367549306964e-06
2.3488305319609667e-06 5.172367549306964e-06
2.3488305319609667e-06 5.172367549306964e-06
2.3488305319609667e-06 5.172367549306964e-06
2.3488305319609667e-06 5.172367549306964e-06
2.3488305319609667e-06 5.172367549306964e-06
2.3488305319609667e-06 5.172367549306964e-06
2.3488305319609667e-06 5.172367549306964e-06
2.3488305319609667e-06 5.172367549306964e-06
2.3488305319609667e-06 5.172367549306964e-06
2.3488305319609667e-06 5.172367549306964e-06
2.3488305319609667e-06 5.172367549306964e-06
2.3488305319609667e-06 5.172367549306964e-06
2.3488305319609667e-06 5.172367549306964e-06
2.3488305319609667e-06 5.172367549306964e-06
2.3488305319609667e-06 5.172367549306964e-06
2.3488305319609667e-06 5.172367549306964e-06
2.3488305319609667e-06 5.172367549306964e-06
2.3488305319609667e-06 5.172367549306964e-06
2.3488305319609667e-06 5.172367549306964e-06
2.3488305319609667e-06 5.172367549306964e-06
2.3488305319609667e-06 5.172367549306964e-06
2.3488305319609667e-06 5.172367549306964e-06
2.3488305319609667e-06 5.172367549306964e-06
2.3488305319609667e-06 5.172367549306964e-06
2.3488305319609667e-06 5.172367549306964e-06
2.3488305319609667e-06 5.172367549306964e-06
2.3488305319609667e-06 5.172367549306964e-06
2.3488305319609667e-06 5.172367549306964e-06
2.3488305319609667e-06 5.172367549306964e-06
2.3488305319609667e-06 5.172367549306964e-06
2.3488305319609667e-06 5.172367549306964e-06
2.3488305319609667e-06 5.172367549306964e-06
2.3488305319609667e-06 5.172367549306964e-06
2.3488305319609667e-06 5.172367549306964e-06