1.3721983389797794e-06 1.4465018522456218e-06
1.3721983389797794e-06 1.4465018522456218e-06
1.3721983389797794e-06 1.4465018522456218e-06
1.3721983389797794e-06 1.4465018522456218e-06
1.3721983389797794e-06 1.4465018522456218e-06
1.3721983389797794e-06 1.4465018522456218e-06
1.3721983389797794e-06 1.4465018522456218e-06
1.3721983389797794e-06 1.4465018522456218e-06
1.3721983389797794e-06 1.4465018522456218e-06
1.3721983389797794e-06 1.4465018522456218e-06
1.3721983389797794e-06 1.4465018522456218e-06
1.3721983389797794e-06 1.4465018522456218e-06
1.3721983389797794e-06 1.4465018522456218e-06
1.3721983389797794e-06 1.4465018522456218e-06
1.3721983389797794e-06 1.4465018522456218e-06
1.3721983389797794e-06 1.4465018522456218e-06
1.3721983389797794e-06 1.4465018522456218e-06
1.3721983389797794e-06 1.4465018522456218e-06
1.3721983389797794e-06 1.4465018522456218e-06
1.3721983389797794e-06 1.4465018522456218e-06
1.3721983389797794e-06 1.4465018522456218e-06
1.3721983389797794e-06 1.4465018522456218e-06
1.3721983389797794e-06 1.4465018522456218e-06
1.3721983389797794e-06 1.4465018522456218e-06
1.3721983389797794e-06 1.4465018522456218e-06
1.3721983389797794e-06 1.4465018522456218e-06
1.3721983389797794e-06 1.4465018522456218e-06
1.3721983389797794e-06 1.4465018522456218e-06
1.3721983389797794e-06 1.4465018522456218e-06
1.3721983389797794e-06 1.4465018522456218e-06
1.3721983389797794e-06 1.4465018522456218e-06
1.3721983389797794e-06 1.4465018522456218e-06
1.3721983389797794e-06 1.4465018522456218e-06
1.3721983389797794e-06 1.4465018522456218e-06
1.3721983389797794e-06 1.4465018522456218e-06
1.3721983389797794e-06 1.4465018522456218e-06
1.3721983389797794e-06 1.4465018522456218e-06
1.3721983389797794e-06 1.4465018522456218e-06
1.3721983389797794e-06 1.4465018522456218e-06
1.3721983389797794e-06 1.4465018522456218e-06
1.3721983389797794e-06 1.4465018522456218e-06
1.3689128367260816e-06 1.4465018522456218e-06
1.3689128367260816e-06 1.4465018522456218e-06
1.3689128367260816e-06 1.4465018522456218e-06
1.3689128367260816e-06 1.4465018522456218e-06
1.3689128367260816e-06 1.4465018522456218e-06
1.3689128367260816e-06 1.4465018522456218e-06
4.606620443131867e-11 1.4465018522456218e-06
4.606620443131867e-11 1.4465018522456218e-06
4.606620443131867e-11 1.4465018522456218e-06