0.03537646878012658 0.03613094323278331
0.03537646878012658 0.03613094323278331
0.03537646878012658 0.03613094323278331
0.00799184049851201 0.008131557989744737
0.37743283081608986 0.3792631299512386
0.37743283081608986 0.3792631299512386
0.37743283081608986 0.3792631299512386
0.37743283081608986 0.3792631299512386
0.37743283081608986 0.3792631299512386
0.37743283081608986 0.3792631299512386
0.37743283081608986 0.3792631299512386
0.37743283081608986 0.3792631299512386
0.37743283081608986 0.3792631299512386
0.37743283081608986 0.3792631299512386
0.37743283081608986 0.3792631299512386
0.37743283081608986 0.3792631299512386
0.37743283081608986 0.3792631299512386
0.37743283081608986 0.3792631299512386
0.37743283081608986 0.3792631299512386
0.37743283081608986 0.3792631299512386
0.37743283081608986 0.3792631299512386
0.37743283081608986 0.3792631299512386
0.37743283081608986 0.3792631299512386
0.37743283081608986 0.3792631299512386
0.37743283081608986 0.3792631299512386
0.37743283081608986 0.3792631299512386
0.37743283081608986 0.3792631299512386
0.37743283081608986 0.3792631299512386
0.37743283081608986 0.3792631299512386
0.37743283081608986 0.3792631299512386
0.37743283081608986 0.3792631299512386
0.37743283081608986 0.3792631299512386
0.37743283081608986 0.3792631299512386
0.37743283081608986 0.3792631299512386
0.37743283081608986 0.3792631299512386
0.37743283081608986 0.3792631299512386
0.37743283081608986 0.3792631299512386
0.37743283081608986 0.3792631299512386
0.37743283081608986 0.3792631299512386
0.37743283081608986 0.3792631299512386
0.37743283081608986 0.3792631299512386
0.37743283081608986 0.3792631299512386
0.37743283081608986 0.3792631299512386
0.37743283081608986 0.3792631299512386
0.37743283081608986 0.3792631299512386
0.37743283081608986 0.3792631299512386
0.37743283081608986 0.3792631299512386
0.37743283081608986 0.3792631299512386
0.37743283081608986 0.3792631299512386
0.011498749528453468 0.009961857124893465