0.6663904616315609 0.6640331604250261
0.14572749044323988 0.14386656725922206
0.14572749044323988 0.14386656725922206
0.14572749044323988 0.14386656725922206
1.0 1.0
1.0 1.0
0.14572749044323988 0.14386656725922206
0.14572749044323988 0.14386656725922206
0.14572749044323988 0.14386656725922206
0.8745389716075727 0.8733009929538053
0.8745389716075727 0.8733009929538053
0.8745389716075727 0.8733009929538053
0.8745389716075727 0.8733009929538053
0.020622430353812716 0.021500485501213258
1.0 1.0
1.0 1.0
0.14572749044323988 0.14386656725922206
0.14572749044323988 0.14386656725922206
1.0 1.0
1.0 1.0
0.14572749044323988 0.14386656725922206
1.0 1.0
1.0 1.0
1.0 1.0
1.0 1.0
0.14572749044323988 0.14386656725922206
0.8745389716075727 0.8733009929538053
0.8745389716075727 0.8733009929538053
0.8745389716075727 0.8733009929538053
0.8745389716075727 0.8733009929538053
0.8745389716075727 0.8733009929538053
0.8745389716075727 0.8733009929538053
0.5409294332391336 0.5373341533788314
1.0 1.0
0.8745389716075727 0.8733009929538053
0.8745389716075727 0.8733009929538053
0.8745389716075727 0.8733009929538053
0.6663904616315609 0.6640331604250261
0.6663904616315609 0.6640331604250261
0.8745389716075727 0.8733009929538053
0.8745389716075727 0.8733009929538053
0.8745389716075727 0.8733009929538053
0.8745389716075727 0.8733009929538053
0.8745389716075727 0.8733009929538053
0.8745389716075727 0.8733009929538053
0.8745389716075727 0.8733009929538053
0.8745389716075727 0.8733009929538053
0.8745389716075727 0.8733009929538053
0.8745389716075727 0.8733009929538053
0.8745389716075727 0.8733009929538053