2.199232272781388e-05 9.306176816207652e-06
2.6371256719498655e-05 9.306176990290903e-06
2.6371256719498655e-05 9.306176990290903e-06
2.1109791247922367e-05 9.306175755110734e-06
3.2374522281199346e-05 9.306177466792113e-06
3.2374522281199346e-05 9.306177466792113e-06
2.2689635834662823e-05 9.306177099938947e-06
2.2689635834662823e-05 9.306177099938947e-06
2.2689635834662823e-05 9.306177099938947e-06
2.2689635834662823e-05 9.306177099938947e-06
3.125861429358486e-05 9.30617629356979e-06
3.125861429358486e-05 9.30617629356979e-06
2.3193090596744062e-05 9.306178902173534e-06
2.2689635834662823e-05 9.306178293723652e-06
2.2689635834662823e-05 9.306178293723652e-06
2.2689635834662823e-05 9.306178293723652e-06
2.2689635834662823e-05 9.306178293723652e-06
2.7961671298095452e-05 9.306177656275964e-06
2.3404125417309084e-05 9.306178205653681e-06
2.3404125417309084e-05 9.306178205653681e-06
2.6844987945115784e-05 9.306179558609262e-06
2.6844987945115784e-05 9.306179558609262e-06
2.2689661289147135e-05 9.306177693541093e-06
2.2689661289147135e-05 9.306177693541093e-06
2.2689661289147135e-05 9.306178293723652e-06
2.2689661289147135e-05 9.306178293723652e-06
2.0038588873601554e-05 9.306175725138776e-06
2.0038588873601554e-05 9.306175725138776e-06
2.67480201639365e-05 9.306177851466426e-06
2.67480201639365e-05 9.306177851466426e-06
2.199232272781388e-05 9.306178242030555e-06
2.2753934888336878e-05 9.30617722687512e-06
2.2753934888336878e-05 9.30617722687512e-06
3.020168645754349e-05 9.306177658442828e-06
4.13569510570739e-05 9.306174926429472e-06
2.2689635834662823e-05 9.306177791675217e-06
2.2689635834662823e-05 9.306177791675217e-06
2.3080673476964995e-05 9.306178375889311e-06
2.3080673476964995e-05 9.306178375889311e-06
2.2377927068831407e-05 9.306178174159605e-06
2.468116994971305e-05 9.30617763555129e-06
2.468116994971305e-05 9.30617763555129e-06
2.2623468467632454e-05 9.306173594854317e-06
2.2623468467632454e-05 9.306173594854317e-06
2.199234596218062e-05 9.3061779170138e-06
1.9674151214814648e-05 9.30617816096508e-06
2.2324124568179565e-05 9.306178417293296e-06
2.2324124568179565e-05 9.306178417293296e-06
2.199234596218062e-05 9.306177968517163e-06
3.7440449769586464e-05 9.306178965698511e-06
2.9987741565653816e-05 9.306177725012272e-06
2.9987741565653816e-05 9.306177725012272e-06
2.2689635834662823e-05 9.306178203365591e-06
2.2689635834662823e-05 9.306178203365591e-06
2.3508708497269993e-05 9.306176485611968e-06
2.199232272781388e-05 9.306177968517163e-06
2.843807036489914e-05 9.306178231008992e-06
2.3508708497269993e-05 9.306176996129862e-06
2.3508708497269993e-05 9.306176996129862e-06
3.107376902474135e-05 9.30617817180477e-06
2.7789320801372786e-05 9.30617744520947e-06
2.5407589829636842e-05 9.306176276974353e-06
3.247033167434036e-05 9.306178465040355e-06
3.247033167434036e-05 9.306178465040355e-06
2.2689635834662823e-05 9.30617832706212e-06
2.2689635834662823e-05 9.30617832706212e-06
4.294948755840592e-05 9.306175552722392e-06
4.294948755840592e-05 9.306175552722392e-06
2.8964479408169347e-05 9.306176977938212e-06
2.2689635834662823e-05 9.306177659989188e-06
2.2689635834662823e-05 9.306177659989188e-06
2.173237077530541e-05 9.306176727359947e-06
2.173237077530541e-05 9.306176727359947e-06
2.199232272781388e-05 9.306178622891257e-06
2.2689635834662823e-05 9.306176839214637e-06
2.2689635834662823e-05 9.306176839214637e-06
2.2689635834662823e-05 9.306178135267027e-06
2.2689635834662823e-05 9.306178135267027e-06
2.199234596218062e-05 9.306177481851908e-06
2.3508737934630356e-05 9.306176996129862e-06
2.2689635834662823e-05 9.306177394069244e-06
2.2689635834662823e-05 9.306177394069244e-06
2.2085635159651995e-05 9.306179776586684e-06
2.2562684307360792e-05 9.306178254266283e-06
2.5785043116407364e-05 9.306177225555265e-06
2.199232272781388e-05 9.306177271149939e-06
2.2689661289147135e-05 9.306177659989188e-06
2.2689661289147135e-05 9.306177659989188e-06
2.165072285062621e-05 9.306178627443288e-06
3.145228397127306e-05 9.306178453515232e-06
2.952129545617691e-05 9.30617807845921e-06
2.952129545617691e-05 9.30617807845921e-06
2.2689661289147135e-05 9.306177440819205e-06
2.2689661289147135e-05 9.306177440819205e-06
2.2511531216581748e-05 9.306178082120353e-06
2.199232272781388e-05 9.306178382719846e-06
2.957836130959837e-05 9.30617589877044e-06
2.957836130959837e-05 9.30617589877044e-06
3.1154818407971635e-05 9.30617683044525e-06
2.199232272781388e-05 9.306177271149939e-06
2.199232272781388e-05 9.306177271149939e-06
2.3492212463353807e-05 9.30618221074116e-06
4.3179113680027497e-05 9.306178853097499e-06
2.2505889334124354e-05 9.306177076292476e-06
2.199232272781388e-05 9.306176621584773e-06
2.199232272781388e-05 9.306176621584773e-06
2.2689635834662823e-05 9.306177494527816e-06
2.2689635834662823e-05 9.306177494527816e-06
2.2689635834662823e-05 9.306177494527816e-06
2.2689635834662823e-05 9.306177494527816e-06
4.471909426292444e-05 9.306178098987906e-06
4.471909426292444e-05 9.306178098987906e-06
3.896866661215175e-05 9.306176192466696e-06
3.896866661215175e-05 9.306176192466696e-06
2.7990957101871767e-05 9.306175872536056e-06
2.2773898535801533e-05 9.306176299190015e-06
2.903442114667674e-05 9.306179028522508e-06
2.903442114667674e-05 9.306179028522508e-06
2.9987741565653816e-05 9.306177725012272e-06
2.9987741565653816e-05 9.306177725012272e-06
2.2689635834662823e-05 9.306177693541093e-06
2.2689635834662823e-05 9.306177693541093e-06
2.2452778904909058e-05 9.306176309954609e-06
2.890274324680761e-05 9.306176381589673e-06
2.39287249091002e-05 9.306178657243842e-06
2.39287249091002e-05 9.306178657243842e-06
2.2077905269209698e-05 9.306176835205718e-06
2.3208513426901978e-05 9.306153092397726e-06
2.199232272781388e-05 9.306177730637897e-06
2.3197115614231742e-05 9.306177591905024e-06
2.3197115614231742e-05 9.306177591905024e-06
2.4395748818056525e-05 9.306151823209856e-06
2.4395748818056525e-05 9.306151823209856e-06
3.005447737845259e-05 9.306177865903023e-06
3.005447737845259e-05 9.306177865903023e-06
2.199232272781388e-05 9.306177967292574e-06
2.305442314895088e-05 9.30617814163955e-06
2.305442314895088e-05 9.30617814163955e-06
2.2689635834662823e-05 9.306177867927322e-06
2.2689635834662823e-05 9.306177867927322e-06
2.199232272781388e-05 9.3061779170138e-06
2.5721649619938286e-05 9.306175501395179e-06
2.3169362594267167e-05 9.306176820882028e-06
2.3169362594267167e-05 9.306176820882028e-06
2.384066991562104e-05 9.306178603011482e-06
2.892811643209765e-05 9.306178861516647e-06
2.892811643209765e-05 9.306178861516647e-06
2.8964479408169347e-05 9.306176977938212e-06
2.8505867038882953e-05 9.306177968086601e-06
2.8844418688450538e-05 9.306177327466513e-06
2.8844418688450538e-05 9.306177327466513e-06
2.199232272781388e-05 9.306177980080882e-06
2.199232272781388e-05 9.306177980080882e-06
2.199232272781388e-05 9.306178382414873e-06
2.2689635834662823e-05 9.306177099938947e-06
2.2689635834662823e-05 9.306177099938947e-06
2.199234596218062e-05 9.306176621584773e-06