1.0929294038791941e-06 1.5086944867413012e-06
1.0929294038791941e-06 1.5086944867413012e-06
1.0929294038791941e-06 1.5086944867413012e-06
1.3314555228999627e-06 1.5086944722364979e-06
1.3314555228999627e-06 1.5086944722364979e-06
1.3314555228999627e-06 1.5086944722364979e-06
1.3314555228999627e-06 1.5086944722364979e-06
1.3314555228999627e-06 1.5086944722364979e-06
1.3314555228999627e-06 1.5086944722364979e-06
1.3314555228999627e-06 1.5086944722364979e-06
1.6051751715446048e-06 1.508694268031282e-06
1.6051751715446048e-06 1.508694268031282e-06
1.6051751715446048e-06 1.508694268031282e-06
1.6051751715446048e-06 1.508694268031282e-06
1.2499159329091936e-06 1.5086936964529945e-06
1.2499159329091936e-06 1.5086936964529945e-06
1.2499159329091936e-06 1.5086936964529945e-06
1.2499159329091936e-06 1.5086936964529945e-06
1.2499159329091936e-06 1.5086936964529945e-06
1.2499159329091936e-06 1.5086936964529945e-06
1.2499159329091936e-06 1.5086936964529945e-06
1.2499159329091936e-06 1.5086936964529945e-06
1.2499159329091936e-06 1.5086936964529945e-06
1.2499159329091936e-06 1.5086936964529945e-06
1.2499159329091936e-06 1.5086936964529945e-06
1.2499159329091936e-06 1.5086936964529945e-06
1.2499159329091936e-06 1.5086936964529945e-06
1.2499159329091936e-06 1.5086936964529945e-06
1.2499159329091936e-06 1.5086936964529945e-06
1.2499159329091936e-06 1.5086936964529945e-06
1.2499159329091936e-06 1.5086936964529945e-06
1.2499159329091936e-06 1.5086936964529945e-06
1.2499159329091936e-06 1.5086936964529945e-06
1.2499159329091936e-06 1.5086936964529945e-06
1.2499159329091936e-06 1.5086936964529945e-06
1.2499159329091936e-06 1.5086936964529945e-06
1.2499159329091936e-06 1.5086936964529945e-06
1.2499159329091936e-06 1.5086936964529945e-06
1.2499159329091936e-06 1.5086936964529945e-06
1.2499159329091936e-06 1.5086936964529945e-06
1.5370211045209888e-06 1.5086936005047085e-06
1.5370211045209888e-06 1.5086936005047085e-06
1.5370211045209888e-06 1.5086936005047085e-06
1.5201752139725377e-06 1.5086933636818516e-06
1.5201752139725377e-06 1.5086933636818516e-06
1.5201752139725377e-06 1.5086933636818516e-06
1.5201752139725377e-06 1.5086933636818516e-06
1.5201752139725377e-06 1.5086933636818516e-06
1.5470899509871838e-06 1.5086936920760996e-06
1.5470899509871838e-06 1.5086936920760996e-06