0.019958114604481617 0.04558673256168221
0.03725987009730569 0.1754619930815626
0.03725987009730569 0.1754619930815626
0.03725987009730569 0.1754619930815626
0.03725987009730569 0.1754619930815626
0.03725987009730569 0.1754619930815626
0.03725987009730569 0.1754619930815626
0.03725987009730569 0.1754619930815626
0.03725987009730569 0.1754619930815626
0.03725987009730569 0.1754619930815626
0.04089723990477038 0.04685670799934213
0.15783029067682594 0.2470170642206782
0.131655827961164 0.1931753228019941
0.06783782654296522 0.3323751728935299
0.06783782654296522 0.3323751728935299
0.06783782654296522 0.3323751728935299
0.06783782654296522 0.3323751728935299
0.06783782654296522 0.3323751728935299
0.06783782654296522 0.3323751728935299
0.06783782654296522 0.3323751728935299
0.06783782654296522 0.3323751728935299
0.06783782654296522 0.3323751728935299
0.06783782654296522 0.3323751728935299
0.16986361295575814 0.1700477631014875
0.16205374595907715 0.1562112927448078
0.12057042057952023 0.3210787208170551
0.1294203449512393 0.25854741124798797
0.1416357278244669 0.20320173203592412
0.027142262054015577 0.04187690250287819
0.08999246413386071 0.2357206795490883
0.12214890817567331 0.2503592006319882
0.12057042057952023 0.28718949939740035
0.14997566683652697 0.14655257715837183
0.10509769664027091 0.3009925369311365
0.13575808926024488 0.19929143984922876
0.13167915005136252 0.12666685540034459
0.024322648310968392 0.12014967928755733
0.14489306889048864 0.19374347857737945
0.05273259403655502 0.2758931147258104
0.05273259403655502 0.2758931147258104
0.05273259403655502 0.2758931147258104
0.09426343986001354 0.1855552679613797
0.12057042057952023 0.28718949939740035
0.15268177075329004 0.1478559854189753
0.12057042057952023 0.30978233614546513
0.09426343986001354 0.1855552679613797
0.15783029067682594 0.2583135162971531
0.12394956227267702 0.15948663091511567
0.03962396162774708 0.0504996050073741
0.12057042057952023 0.2984859514738752