4.231337369182916e-07 3.9562806812861887e-07
4.231337369182916e-07 3.9562806812861887e-07
3.346120346341302e-07 4.0126442669533866e-07
3.346120346341302e-07 4.0126442669533866e-07
3.346120346341302e-07 4.0126442669533866e-07
3.346120346341302e-07 4.0126442669533866e-07
4.27827737151914e-07 3.955426766644477e-07
4.27827737151914e-07 3.955426766644477e-07
4.27827737151914e-07 3.955426766644477e-07
4.27827737151914e-07 3.955426766644477e-07
4.27827737151914e-07 3.955426766644477e-07
4.27827737151914e-07 3.955426766644477e-07
4.27827737151914e-07 3.955426766644477e-07
4.27827737151914e-07 3.955426766644477e-07
4.27827737151914e-07 3.955426766644477e-07
4.27827737151914e-07 3.955426766644477e-07
4.27827737151914e-07 3.955426766644477e-07
4.27827737151914e-07 3.955426766644477e-07
4.27827737151914e-07 3.955426766644477e-07
4.27827737151914e-07 3.955426766644477e-07
4.27827737151914e-07 3.955426766644477e-07
4.27827737151914e-07 3.955426766644477e-07
4.27827737151914e-07 3.955426766644477e-07
4.27827737151914e-07 3.955426766644477e-07
4.27827737151914e-07 3.955426766644477e-07
4.27827737151914e-07 3.955426766644477e-07
4.27827737151914e-07 3.955426766644477e-07
4.27827737151914e-07 3.955426766644477e-07
4.27827737151914e-07 3.955426766644477e-07
4.27827737151914e-07 3.955426766644477e-07
4.27827737151914e-07 3.955426766644477e-07
4.27827737151914e-07 3.955426766644477e-07
4.27827737151914e-07 3.955426766644477e-07
4.27827737151914e-07 3.955426766644477e-07
4.27827737151914e-07 3.955426766644477e-07
4.27827737151914e-07 3.955426766644477e-07
4.27827737151914e-07 3.955426766644477e-07
4.27827737151914e-07 3.955426766644477e-07
4.27827737151914e-07 3.955426766644477e-07
4.27827737151914e-07 3.955426766644477e-07
4.27827737151914e-07 3.955426766644477e-07
4.27827737151914e-07 3.955426766644477e-07
4.27827737151914e-07 3.955426766644477e-07
4.27827737151914e-07 3.955426766644477e-07
4.27827737151914e-07 3.955426766644477e-07
4.27827737151914e-07 3.955426766644477e-07
4.27827737151914e-07 3.955426766644477e-07
4.27827737151914e-07 3.955426766644477e-07
4.27827737151914e-07 3.955426766644477e-07
4.27827737151914e-07 3.955426766644477e-07
4.27827737151914e-07 3.955426766644477e-07
4.27827737151914e-07 3.955426766644477e-07
4.27827737151914e-07 3.955426766644477e-07
4.27827737151914e-07 3.955426766644477e-07
4.27827737151914e-07 3.955426766644477e-07
4.27827737151914e-07 3.955426766644477e-07
4.27827737151914e-07 3.955426766644477e-07
4.27827737151914e-07 3.955426766644477e-07
4.27827737151914e-07 3.955426766644477e-07
4.27827737151914e-07 3.955426766644477e-07
4.27827737151914e-07 3.955426766644477e-07
4.27827737151914e-07 3.955426766644477e-07
4.27827737151914e-07 3.955426766644477e-07
4.27827737151914e-07 3.955426766644477e-07
4.27827737151914e-07 3.955426766644477e-07
4.27827737151914e-07 3.955426766644477e-07
4.765705339636754e-07 3.9401672558881094e-07
4.765705339636754e-07 3.9401672558881094e-07
4.765705339636754e-07 3.9401672558881094e-07
4.2150450910837517e-07 3.9555282206927717e-07
4.2150450910837517e-07 3.9555282206927717e-07
4.774540501859157e-07 3.9550388977318077e-07
4.774540501859157e-07 3.9550388977318077e-07
4.774540501859157e-07 3.9550388977318077e-07
4.774540501859157e-07 3.9550388977318077e-07
4.774540501859157e-07 3.9550388977318077e-07
4.774540501859157e-07 3.9550388977318077e-07
7.12777501052395e-07 3.954446359714631e-07
7.12777501052395e-07 3.954446359714631e-07
7.12777501052395e-07 3.954446359714631e-07
7.12777501052395e-07 3.954446359714631e-07
7.12777501052395e-07 3.954446359714631e-07
7.12777501052395e-07 3.954446359714631e-07
7.12777501052395e-07 3.954446359714631e-07
7.12777501052395e-07 3.954446359714631e-07
7.12777501052395e-07 3.954446359714631e-07
4.1979976241759203e-07 3.9554194692295465e-07
4.1979976241759203e-07 3.9554194692295465e-07
4.1979976241759203e-07 3.9554194692295465e-07
4.1979976241759203e-07 3.9554194692295465e-07
4.1979976241759203e-07 3.9554194692295465e-07
4.1979976241759203e-07 3.9554194692295465e-07
4.1979976241759203e-07 3.9554194692295465e-07
4.1979976241759203e-07 3.9554194692295465e-07
4.1979976241759203e-07 3.9554194692295465e-07
4.1979976241759203e-07 3.9554194692295465e-07
4.231337369182916e-07 4.2486821650094683e-07
4.231337369182916e-07 4.2486821650094683e-07
3.4096516444744e-07 3.9577173978234765e-07
3.4096516444744e-07 3.9577173978234765e-07
3.4096516444744e-07 3.9577173978234765e-07
3.4096516444744e-07 3.9577173978234765e-07
3.4096516444744e-07 3.9577173978234765e-07
3.4096516444744e-07 3.9577173978234765e-07
3.4096516444744e-07 3.9577173978234765e-07
3.4096516444744e-07 3.9577173978234765e-07
3.4096516444744e-07 3.9577173978234765e-07
3.4096516444744e-07 3.9577173978234765e-07
3.4096516444744e-07 3.9577173978234765e-07
3.4096516444744e-07 3.9577173978234765e-07
3.4096516444744e-07 3.9577173978234765e-07
3.4096516444744e-07 3.9577173978234765e-07
3.4096516444744e-07 3.9577173978234765e-07
3.4096516444744e-07 3.9577173978234765e-07
3.4096516444744e-07 3.9577173978234765e-07
3.4096516444744e-07 3.9577173978234765e-07
3.4096516444744e-07 3.9577173978234765e-07
3.4096516444744e-07 3.9577173978234765e-07
3.4096516444744e-07 3.9577173978234765e-07
3.4096516444744e-07 3.9577173978234765e-07
3.4096516444744e-07 3.9577173978234765e-07
3.4096516444744e-07 3.9577173978234765e-07
3.4096516444744e-07 3.9577173978234765e-07
3.4096516444744e-07 3.9577173978234765e-07
3.4096516444744e-07 3.9577173978234765e-07
3.4096516444744e-07 3.9577173978234765e-07
3.4096516444744e-07 3.9577173978234765e-07
3.4096516444744e-07 3.9577173978234765e-07
3.4096516444744e-07 3.9577173978234765e-07
3.4096516444744e-07 3.9577173978234765e-07
3.4096516444744e-07 3.9577173978234765e-07
3.4096516444744e-07 3.9577173978234765e-07
3.4096516444744e-07 3.9577173978234765e-07
3.4096516444744e-07 3.9577173978234765e-07
3.4096516444744e-07 3.9577173978234765e-07
3.4096516444744e-07 3.9577173978234765e-07
3.4096516444744e-07 3.9577173978234765e-07
3.4096516444744e-07 3.9577173978234765e-07
3.4096516444744e-07 3.9577173978234765e-07
3.4096516444744e-07 3.9577173978234765e-07
3.4096516444744e-07 3.9577173978234765e-07
3.4096516444744e-07 3.9577173978234765e-07
3.4096516444744e-07 3.9577173978234765e-07
3.4096516444744e-07 3.9577173978234765e-07
3.4096516444744e-07 3.9577173978234765e-07
3.4096516444744e-07 3.9577173978234765e-07
2.6229798696287694e-07 3.9554137588056875e-07
2.6229798696287694e-07 3.9554137588056875e-07
2.6229798696287694e-07 3.9554137588056875e-07
4.237447430321317e-07 3.955243892304463e-07
4.237447430321317e-07 3.955243892304463e-07
4.237447430321317e-07 3.955243892304463e-07
4.237447430321317e-07 3.955243892304463e-07
4.237447430321317e-07 3.955243892304463e-07
4.237447430321317e-07 3.955243892304463e-07
4.237447430321317e-07 3.955243892304463e-07
4.237447430321317e-07 3.955243892304463e-07
4.237447430321317e-07 3.955243892304463e-07
4.237447430321317e-07 3.955243892304463e-07
4.237447430321317e-07 3.955243892304463e-07
4.237447430321317e-07 3.955243892304463e-07
4.231337369182916e-07 3.9548903131737073e-07
4.231337369182916e-07 3.9548903131737073e-07
4.231337369182916e-07 3.9548903131737073e-07
4.231337369182916e-07 3.9548903131737073e-07
4.231337369182916e-07 3.9548903131737073e-07
4.231337369182916e-07 3.9548903131737073e-07
4.231337369182916e-07 3.9548903131737073e-07
4.231337369182916e-07 3.9548903131737073e-07
4.776611010508402e-07 3.9552873925404003e-07
4.776611010508402e-07 3.9552873925404003e-07
4.776611010508402e-07 3.9552873925404003e-07
4.1729765549658215e-07 4.1865825889240607e-07
4.1729765549658215e-07 4.1865825889240607e-07
4.1729765549658215e-07 4.1865825889240607e-07
4.1729765549658215e-07 4.1865825889240607e-07
4.1729765549658215e-07 4.1865825889240607e-07
4.1729765549658215e-07 4.1865825889240607e-07
4.1729765549658215e-07 4.1865825889240607e-07
4.1729765549658215e-07 4.1865825889240607e-07
4.1729765549658215e-07 4.1865825889240607e-07
4.1729765549658215e-07 4.1865825889240607e-07
1.4736231870145504e-07 3.728817288139322e-07
1.4736231870145504e-07 3.728817288139322e-07
1.4736231870145504e-07 3.728817288139322e-07
1.4736231870145504e-07 3.728817288139322e-07
1.4736231870145504e-07 3.728817288139322e-07
1.4736231870145504e-07 3.728817288139322e-07
4.217169154318751e-07 3.9556149761478907e-07
4.217169154318751e-07 3.9556149761478907e-07
4.219869936252998e-07 3.9633878508538225e-07
4.219869936252998e-07 3.9633878508538225e-07
4.219869936252998e-07 3.9633878508538225e-07
4.219869936252998e-07 3.9633878508538225e-07
4.219869936252998e-07 3.9633878508538225e-07
4.219869936252998e-07 3.9633878508538225e-07
4.219869936252998e-07 3.9633878508538225e-07
4.219869936252998e-07 3.9633878508538225e-07
4.219869936252998e-07 3.9633878508538225e-07
4.219869936252998e-07 3.9633878508538225e-07
4.219869936252998e-07 3.9633878508538225e-07
4.219869936252998e-07 3.9633878508538225e-07
4.3502452015707863e-07 3.954649945048274e-07
4.3502452015707863e-07 3.954649945048274e-07
4.3502452015707863e-07 3.954649945048274e-07
4.3502452015707863e-07 3.954649945048274e-07
4.3502452015707863e-07 3.954649945048274e-07
4.3502452015707863e-07 3.954649945048274e-07
4.3502452015707863e-07 3.954649945048274e-07
4.3502452015707863e-07 3.954649945048274e-07
4.3502452015707863e-07 3.954649945048274e-07
4.3502452015707863e-07 3.954649945048274e-07
4.3502452015707863e-07 3.954649945048274e-07
4.3502452015707863e-07 3.954649945048274e-07
4.3502452015707863e-07 3.954649945048274e-07
4.3502452015707863e-07 3.954649945048274e-07
4.3502452015707863e-07 3.954649945048274e-07
4.3502452015707863e-07 3.954649945048274e-07
4.3502452015707863e-07 3.954649945048274e-07
4.3502452015707863e-07 3.954649945048274e-07
4.3502452015707863e-07 3.954649945048274e-07
4.3502452015707863e-07 3.954649945048274e-07
4.3502452015707863e-07 3.954649945048274e-07
4.3502452015707863e-07 3.954649945048274e-07
4.3502452015707863e-07 3.954649945048274e-07
4.3502452015707863e-07 3.954649945048274e-07
4.3502452015707863e-07 3.954649945048274e-07
4.3502452015707863e-07 3.954649945048274e-07
4.3502452015707863e-07 3.954649945048274e-07
4.3502452015707863e-07 3.954649945048274e-07
4.3502452015707863e-07 3.954649945048274e-07
4.3502452015707863e-07 3.954649945048274e-07
4.3502452015707863e-07 3.954649945048274e-07
4.3502452015707863e-07 3.954649945048274e-07
4.3502452015707863e-07 3.954649945048274e-07
4.3502452015707863e-07 3.954649945048274e-07
4.3502452015707863e-07 3.954649945048274e-07
4.3502452015707863e-07 3.954649945048274e-07
4.2059472291228134e-07 3.9553412877539856e-07
4.2059472291228134e-07 3.9553412877539856e-07
4.2205908347788727e-07 3.954976828996705e-07
4.2205908347788727e-07 3.954976828996705e-07
4.2205908347788727e-07 3.954976828996705e-07
4.2205908347788727e-07 3.954976828996705e-07
4.2205908347788727e-07 3.954976828996705e-07
4.2205908347788727e-07 3.954976828996705e-07
4.2205908347788727e-07 3.954976828996705e-07
4.2205908347788727e-07 3.954976828996705e-07
4.2205908347788727e-07 3.954976828996705e-07
4.2205908347788727e-07 3.954976828996705e-07
4.2205908347788727e-07 3.954976828996705e-07
4.2205908347788727e-07 3.954976828996705e-07
4.2205908347788727e-07 3.954976828996705e-07
4.2205908347788727e-07 3.954976828996705e-07
4.2205908347788727e-07 3.954976828996705e-07
4.2205908347788727e-07 3.954976828996705e-07
4.2205908347788727e-07 3.954976828996705e-07
4.2205908347788727e-07 3.954976828996705e-07
4.2205908347788727e-07 3.954976828996705e-07
4.2205908347788727e-07 3.954976828996705e-07
4.2205908347788727e-07 3.954976828996705e-07
4.2205908347788727e-07 3.954976828996705e-07
4.2205908347788727e-07 3.954976828996705e-07
4.2205908347788727e-07 3.954976828996705e-07
4.310036198640653e-07 3.955611963802158e-07
4.310036198640653e-07 3.955611963802158e-07
4.310036198640653e-07 3.955611963802158e-07
7.399074405388184e-07 3.9577797532005084e-07
7.399074405388184e-07 3.9577797532005084e-07
7.399074405388184e-07 3.9577797532005084e-07
4.121151918160027e-07 3.955669601905367e-07
4.121151918160027e-07 3.955669601905367e-07
4.231337369182916e-07 4.2486821650094683e-07
4.231337369182916e-07 4.2486821650094683e-07
3.874203228377562e-07 3.9550791953376633e-07
3.874203228377562e-07 3.9550791953376633e-07
3.874203228377562e-07 3.9550791953376633e-07
3.874203228377562e-07 3.9550791953376633e-07
3.874203228377562e-07 3.9550791953376633e-07
3.874203228377562e-07 3.9550791953376633e-07
3.874203228377562e-07 3.9550791953376633e-07
3.874203228377562e-07 3.9550791953376633e-07
3.874203228377562e-07 3.9550791953376633e-07
3.874203228377562e-07 3.9550791953376633e-07
3.874203228377562e-07 3.9550791953376633e-07
3.874203228377562e-07 3.9550791953376633e-07
4.230792477298681e-07 3.9553229673503715e-07
4.230792477298681e-07 3.9553229673503715e-07
4.230792477298681e-07 3.9553229673503715e-07
4.230792477298681e-07 3.9553229673503715e-07
4.230792477298681e-07 3.9553229673503715e-07
4.230792477298681e-07 3.9553229673503715e-07
4.230792477298681e-07 3.9553229673503715e-07
4.230792477298681e-07 3.9553229673503715e-07
4.230792477298681e-07 3.9553229673503715e-07
4.230792477298681e-07 3.9553229673503715e-07
4.230792477298681e-07 3.9553229673503715e-07
4.230792477298681e-07 3.9553229673503715e-07
4.230792477298681e-07 3.9553229673503715e-07
4.230792477298681e-07 3.9553229673503715e-07
4.230792477298681e-07 3.9553229673503715e-07
4.230792477298681e-07 3.9553229673503715e-07
4.230792477298681e-07 3.9553229673503715e-07
4.230792477298681e-07 3.9553229673503715e-07
4.230792477298681e-07 3.9553229673503715e-07
4.230792477298681e-07 3.9553229673503715e-07
4.230792477298681e-07 3.9553229673503715e-07
4.230792477298681e-07 3.9553229673503715e-07
4.230792477298681e-07 3.9553229673503715e-07
4.230792477298681e-07 3.9553229673503715e-07
4.230792477298681e-07 3.9553229673503715e-07
4.230792477298681e-07 3.9553229673503715e-07
4.230792477298681e-07 3.9553229673503715e-07
4.230792477298681e-07 3.9553229673503715e-07
4.230792477298681e-07 3.9553229673503715e-07
4.230792477298681e-07 3.9553229673503715e-07
4.230792477298681e-07 3.9553229673503715e-07
4.230792477298681e-07 3.9553229673503715e-07
4.230792477298681e-07 3.9553229673503715e-07
4.230792477298681e-07 3.9553229673503715e-07
4.230792477298681e-07 3.9553229673503715e-07
4.230792477298681e-07 3.9553229673503715e-07
4.230792477298681e-07 3.9553229673503715e-07
4.230792477298681e-07 3.9553229673503715e-07
4.230792477298681e-07 3.9553229673503715e-07
4.230792477298681e-07 3.9553229673503715e-07
4.230792477298681e-07 3.9553229673503715e-07
4.230792477298681e-07 3.9553229673503715e-07
4.230792477298681e-07 3.9553229673503715e-07
4.230792477298681e-07 3.9553229673503715e-07
4.230792477298681e-07 3.9553229673503715e-07
4.230792477298681e-07 3.9553229673503715e-07
4.230792477298681e-07 3.9553229673503715e-07
4.230792477298681e-07 3.9553229673503715e-07
4.230792477298681e-07 3.9553229673503715e-07
4.230792477298681e-07 3.9553229673503715e-07
4.230792477298681e-07 3.9553229673503715e-07
4.230792477298681e-07 3.9553229673503715e-07
4.230792477298681e-07 3.9553229673503715e-07
4.230792477298681e-07 3.9553229673503715e-07
4.230792477298681e-07 3.9553229673503715e-07
4.230792477298681e-07 3.9553229673503715e-07
4.230792477298681e-07 3.9553229673503715e-07
4.230792477298681e-07 3.9553229673503715e-07
4.230792477298681e-07 3.9553229673503715e-07
4.230792477298681e-07 3.9553229673503715e-07
4.230792477298681e-07 3.9553229673503715e-07
4.230792477298681e-07 3.9553229673503715e-07
4.230792477298681e-07 3.9553229673503715e-07
4.230792477298681e-07 3.9553229673503715e-07
4.230792477298681e-07 3.9553229673503715e-07
4.230792477298681e-07 3.9553229673503715e-07
4.230792477298681e-07 3.9553229673503715e-07
4.230792477298681e-07 3.9553229673503715e-07
4.230792477298681e-07 3.9553229673503715e-07
4.230792477298681e-07 3.9553229673503715e-07
4.230792477298681e-07 3.9553229673503715e-07
4.230792477298681e-07 3.9553229673503715e-07
4.230792477298681e-07 3.9553229673503715e-07
4.230792477298681e-07 3.9553229673503715e-07
4.230792477298681e-07 3.9553229673503715e-07
4.230792477298681e-07 3.9553229673503715e-07
4.230792477298681e-07 3.9553229673503715e-07
4.230792477298681e-07 3.9553229673503715e-07
4.230792477298681e-07 3.9553229673503715e-07
4.230792477298681e-07 3.9553229673503715e-07
4.230792477298681e-07 3.9553229673503715e-07
4.230792477298681e-07 3.9553229673503715e-07
4.230792477298681e-07 3.9553229673503715e-07
4.230792477298681e-07 3.9553229673503715e-07
4.230792477298681e-07 3.9553229673503715e-07
4.230792477298681e-07 3.9553229673503715e-07
4.230792477298681e-07 3.9553229673503715e-07
4.230792477298681e-07 3.9553229673503715e-07
4.230792477298681e-07 3.9553229673503715e-07
4.230792477298681e-07 3.9553229673503715e-07
4.230792477298681e-07 3.9553229673503715e-07
4.230792477298681e-07 3.9553229673503715e-07
4.230792477298681e-07 3.9553229673503715e-07
4.230792477298681e-07 3.9553229673503715e-07
4.230792477298681e-07 3.9553229673503715e-07
4.230792477298681e-07 3.9553229673503715e-07
4.230792477298681e-07 3.9553229673503715e-07
4.230792477298681e-07 3.9553229673503715e-07
4.230792477298681e-07 3.9553229673503715e-07
4.230792477298681e-07 3.9553229673503715e-07
4.230792477298681e-07 3.9553229673503715e-07
4.230792477298681e-07 3.9553229673503715e-07
4.230792477298681e-07 3.9553229673503715e-07
4.230792477298681e-07 3.9553229673503715e-07
4.230792477298681e-07 3.9553229673503715e-07
4.230792477298681e-07 3.9553229673503715e-07
4.230792477298681e-07 3.9553229673503715e-07
4.230792477298681e-07 3.9553229673503715e-07
4.230792477298681e-07 3.9553229673503715e-07
4.230792477298681e-07 3.9553229673503715e-07
4.230792477298681e-07 3.9553229673503715e-07
4.230792477298681e-07 3.9553229673503715e-07
4.230792477298681e-07 3.9553229673503715e-07
4.230792477298681e-07 3.9553229673503715e-07
4.230792477298681e-07 3.9553229673503715e-07
4.230792477298681e-07 3.9553229673503715e-07
4.230792477298681e-07 3.9553229673503715e-07
4.230792477298681e-07 3.9553229673503715e-07
4.230792477298681e-07 3.9553229673503715e-07
4.230792477298681e-07 3.9553229673503715e-07
4.230792477298681e-07 3.9553229673503715e-07
4.230792477298681e-07 3.9553229673503715e-07
4.230792477298681e-07 3.9553229673503715e-07
4.230792477298681e-07 3.9553229673503715e-07
4.230792477298681e-07 3.9553229673503715e-07
4.230792477298681e-07 3.9553229673503715e-07
4.230792477298681e-07 3.9553229673503715e-07
4.230792477298681e-07 3.9553229673503715e-07
4.230792477298681e-07 3.9553229673503715e-07
4.230792477298681e-07 3.9553229673503715e-07
4.230792477298681e-07 3.9553229673503715e-07
4.230792477298681e-07 3.9553229673503715e-07
4.2141722486524756e-07 3.9553270662037087e-07
4.2141722486524756e-07 3.9553270662037087e-07
4.2141722486524756e-07 3.9553270662037087e-07
4.2141722486524756e-07 3.9553270662037087e-07
7.678567693468145e-07 3.955502095229255e-07
7.678567693468145e-07 3.955502095229255e-07
7.678567693468145e-07 3.955502095229255e-07
7.678567693468145e-07 3.955502095229255e-07
7.678567693468145e-07 3.955502095229255e-07
7.678567693468145e-07 3.955502095229255e-07
7.678567693468145e-07 3.955502095229255e-07
7.678567693468145e-07 3.955502095229255e-07
7.678567693468145e-07 3.955502095229255e-07
7.678567693468145e-07 3.955502095229255e-07
7.678567693468145e-07 3.955502095229255e-07
7.678567693468145e-07 3.955502095229255e-07
7.678567693468145e-07 3.955502095229255e-07
7.678567693468145e-07 3.955502095229255e-07
7.678567693468145e-07 3.955502095229255e-07
4.092674333946172e-07 3.954602581960026e-07
4.092674333946172e-07 3.954602581960026e-07
4.092674333946172e-07 3.954602581960026e-07
4.092674333946172e-07 3.954602581960026e-07
4.092674333946172e-07 3.954602581960026e-07
4.092674333946172e-07 3.954602581960026e-07
4.092674333946172e-07 3.954602581960026e-07
4.092674333946172e-07 3.954602581960026e-07
4.092674333946172e-07 3.954602581960026e-07
4.092674333946172e-07 3.954602581960026e-07
4.092674333946172e-07 3.954602581960026e-07
4.092674333946172e-07 3.954602581960026e-07
4.2036451590363614e-07 3.9584254810077205e-07
4.2036451590363614e-07 3.9584254810077205e-07
4.2036451590363614e-07 3.9584254810077205e-07
4.2036451590363614e-07 3.9584254810077205e-07
4.2036451590363614e-07 3.9584254810077205e-07
4.2036451590363614e-07 3.9584254810077205e-07
4.2036451590363614e-07 3.9584254810077205e-07
4.2036451590363614e-07 3.9584254810077205e-07
4.2036451590363614e-07 3.9584254810077205e-07
4.2036451590363614e-07 3.9584254810077205e-07
4.2036451590363614e-07 3.9584254810077205e-07
4.2036451590363614e-07 3.9584254810077205e-07
4.116706320141997e-07 3.9562627447456587e-07
4.116706320141997e-07 3.9562627447456587e-07
4.231337369182916e-07 3.9562627447456587e-07
4.231337369182916e-07 3.9562627447456587e-07
4.231337369182916e-07 3.9562627447456587e-07
4.231337369182916e-07 3.9562627447456587e-07
4.231337369182916e-07 3.9562627447456587e-07
4.231337369182916e-07 3.9562627447456587e-07
4.231337369182916e-07 3.9562627447456587e-07
4.231337369182916e-07 3.9562627447456587e-07
4.231337369182916e-07 3.9562627447456587e-07
4.231337369182916e-07 3.9562627447456587e-07
4.231337369182916e-07 3.9562627447456587e-07
4.231337369182916e-07 3.9562627447456587e-07
4.231337369182916e-07 3.9562627447456587e-07
4.231337369182916e-07 3.9562627447456587e-07
4.231337369182916e-07 3.9562627447456587e-07
4.231337369182916e-07 3.9562627447456587e-07
4.231337369182916e-07 3.9562627447456587e-07
4.231337369182916e-07 3.9562627447456587e-07
6.021934110701532e-11 3.955144904622342e-07
6.021934110701532e-11 3.955144904622342e-07
6.021934110701532e-11 3.955144904622342e-07
6.021934110701532e-11 3.955144904622342e-07
6.021934110701532e-11 3.955144904622342e-07
6.021934110701532e-11 3.955144904622342e-07
6.021934110701532e-11 3.955144904622342e-07
6.021934110701532e-11 3.955144904622342e-07
6.021934110701532e-11 3.955144904622342e-07
6.021934110701532e-11 3.955144904622342e-07
6.021934110701532e-11 3.955144904622342e-07
6.021934110701532e-11 3.955144904622342e-07
6.021934110701532e-11 3.955144904622342e-07
6.021934110701532e-11 3.955144904622342e-07
6.021934110701532e-11 3.955144904622342e-07
6.021934110701532e-11 3.955144904622342e-07
6.021934110701532e-11 3.955144904622342e-07
6.021934110701532e-11 3.955144904622342e-07
6.021934110701532e-11 3.955144904622342e-07
6.021934110701532e-11 3.955144904622342e-07
6.021934110701532e-11 3.955144904622342e-07
6.021934110701532e-11 3.955144904622342e-07
6.021934110701532e-11 3.955144904622342e-07
6.021934110701532e-11 3.955144904622342e-07
6.021934110701532e-11 3.955144904622342e-07
6.021934110701532e-11 3.955144904622342e-07
6.021934110701532e-11 3.955144904622342e-07
6.021934110701532e-11 3.955144904622342e-07
6.021934110701532e-11 3.955144904622342e-07
6.021934110701532e-11 3.955144904622342e-07
6.021934110701532e-11 3.955144904622342e-07
6.021934110701532e-11 3.955144904622342e-07
6.021934110701532e-11 3.955144904622342e-07
6.021934110701532e-11 3.955144904622342e-07
6.021934110701532e-11 3.955144904622342e-07
6.021934110701532e-11 3.955144904622342e-07
1.3976029432399903e-07 4.194919449156737e-07
1.3976029432399903e-07 4.194919449156737e-07
1.3976029432399903e-07 4.194919449156737e-07
4.1807555549194924e-07 3.95518767334763e-07
4.1807555549194924e-07 3.95518767334763e-07
4.1807555549194924e-07 3.95518767334763e-07
4.1807555549194924e-07 3.95518767334763e-07
4.1807555549194924e-07 3.95518767334763e-07
4.1807555549194924e-07 3.95518767334763e-07
4.1807555549194924e-07 3.95518767334763e-07
4.1807555549194924e-07 3.95518767334763e-07
4.3502452015707863e-07 3.9563103725487264e-07
4.3502452015707863e-07 3.9563103725487264e-07
4.3502452015707863e-07 3.9563103725487264e-07
4.3502452015707863e-07 3.9563103725487264e-07
4.3502452015707863e-07 3.9563103725487264e-07
4.3502452015707863e-07 3.9563103725487264e-07
4.3502452015707863e-07 3.9563103725487264e-07
4.3502452015707863e-07 3.9563103725487264e-07
4.3502452015707863e-07 3.9563103725487264e-07
4.3502452015707863e-07 3.9563103725487264e-07
4.3502452015707863e-07 3.9563103725487264e-07
4.3502452015707863e-07 3.9563103725487264e-07
4.3502452015707863e-07 3.9563103725487264e-07
4.3502452015707863e-07 3.9563103725487264e-07
4.3502452015707863e-07 3.9563103725487264e-07
4.3502452015707863e-07 3.9563103725487264e-07
4.3502452015707863e-07 3.9563103725487264e-07
4.3502452015707863e-07 3.9563103725487264e-07
4.3502452015707863e-07 3.9563103725487264e-07
4.3502452015707863e-07 3.9563103725487264e-07
4.3502452015707863e-07 3.9563103725487264e-07
4.3502452015707863e-07 3.9563103725487264e-07
4.3502452015707863e-07 3.9563103725487264e-07
4.3502452015707863e-07 3.9563103725487264e-07
4.3502452015707863e-07 3.9563103725487264e-07
4.3502452015707863e-07 3.9563103725487264e-07
4.3502452015707863e-07 3.9563103725487264e-07
4.3502452015707863e-07 3.9563103725487264e-07
4.3502452015707863e-07 3.9563103725487264e-07
4.3502452015707863e-07 3.9563103725487264e-07
4.3502452015707863e-07 3.9563103725487264e-07
4.3502452015707863e-07 3.9563103725487264e-07
4.3502452015707863e-07 3.9563103725487264e-07
4.3502452015707863e-07 3.9563103725487264e-07
4.3502452015707863e-07 3.9563103725487264e-07
4.3502452015707863e-07 3.9563103725487264e-07
4.3502452015707863e-07 3.9563103725487264e-07
4.3502452015707863e-07 3.9563103725487264e-07
4.3502452015707863e-07 3.9563103725487264e-07
4.3502452015707863e-07 3.9563103725487264e-07
4.3502452015707863e-07 3.9563103725487264e-07
4.3502452015707863e-07 3.9563103725487264e-07
4.3502452015707863e-07 3.9563103725487264e-07
4.3502452015707863e-07 3.9563103725487264e-07
4.3502452015707863e-07 3.9563103725487264e-07
4.3502452015707863e-07 3.9563103725487264e-07
4.3502452015707863e-07 3.9563103725487264e-07
4.3502452015707863e-07 3.9563103725487264e-07
4.3502452015707863e-07 3.9563103725487264e-07
4.3502452015707863e-07 3.9563103725487264e-07
4.3502452015707863e-07 3.9563103725487264e-07
4.3502452015707863e-07 3.9563103725487264e-07
4.3502452015707863e-07 3.9563103725487264e-07
4.3502452015707863e-07 3.9563103725487264e-07
4.3502452015707863e-07 3.9563103725487264e-07
4.3502452015707863e-07 3.9563103725487264e-07
4.3502452015707863e-07 3.9563103725487264e-07
4.3502452015707863e-07 3.9563103725487264e-07
4.3502452015707863e-07 3.9563103725487264e-07
4.3502452015707863e-07 3.9563103725487264e-07
4.3502452015707863e-07 3.9563103725487264e-07
4.3502452015707863e-07 3.9563103725487264e-07
4.3502452015707863e-07 3.9563103725487264e-07
4.3502452015707863e-07 3.9563103725487264e-07
4.3502452015707863e-07 3.9563103725487264e-07
4.3502452015707863e-07 3.9563103725487264e-07
4.3502452015707863e-07 3.9563103725487264e-07
4.3502452015707863e-07 3.9563103725487264e-07
4.3502452015707863e-07 3.9563103725487264e-07
4.3502452015707863e-07 3.9563103725487264e-07
4.3502452015707863e-07 3.9563103725487264e-07
4.3502452015707863e-07 3.9563103725487264e-07
4.3502452015707863e-07 3.9563103725487264e-07
4.3502452015707863e-07 3.9563103725487264e-07
4.3502452015707863e-07 3.9563103725487264e-07
4.3502452015707863e-07 3.9563103725487264e-07
4.3502452015707863e-07 3.9563103725487264e-07
4.3502452015707863e-07 3.9563103725487264e-07
4.3502452015707863e-07 3.9563103725487264e-07
4.3502452015707863e-07 3.9563103725487264e-07
4.3502452015707863e-07 3.9563103725487264e-07
4.3502452015707863e-07 3.9563103725487264e-07
4.3502452015707863e-07 3.9563103725487264e-07
4.3502452015707863e-07 3.9563103725487264e-07
4.3502452015707863e-07 3.9563103725487264e-07
4.3502452015707863e-07 3.9563103725487264e-07
4.3502452015707863e-07 3.9563103725487264e-07
4.3502452015707863e-07 3.9563103725487264e-07
4.3502452015707863e-07 3.9563103725487264e-07
4.3502452015707863e-07 3.9563103725487264e-07
4.3502452015707863e-07 3.9563103725487264e-07
4.3502452015707863e-07 3.9563103725487264e-07
4.3502452015707863e-07 3.9563103725487264e-07
4.3502452015707863e-07 3.9563103725487264e-07
4.3502452015707863e-07 3.9563103725487264e-07
4.3502452015707863e-07 3.9563103725487264e-07
4.3502452015707863e-07 3.9563103725487264e-07
4.3502452015707863e-07 3.9563103725487264e-07
4.3502452015707863e-07 3.9563103725487264e-07
4.3502452015707863e-07 3.9563103725487264e-07
4.3502452015707863e-07 3.9563103725487264e-07
4.3502452015707863e-07 3.9563103725487264e-07
4.3502452015707863e-07 3.9563103725487264e-07
4.3502452015707863e-07 3.9563103725487264e-07
4.3502452015707863e-07 3.9563103725487264e-07
4.3502452015707863e-07 3.9563103725487264e-07
4.3502452015707863e-07 3.9563103725487264e-07
4.3502452015707863e-07 3.9563103725487264e-07
4.3502452015707863e-07 4.370342853396849e-07
4.3502452015707863e-07 4.370342853396849e-07
4.3502452015707863e-07 4.370342853396849e-07
4.3502452015707863e-07 4.370342853396849e-07
4.3502452015707863e-07 4.370342853396849e-07
4.3502452015707863e-07 4.370342853396849e-07
4.3502452015707863e-07 4.370342853396849e-07
4.3502452015707863e-07 4.370342853396849e-07
4.3502452015707863e-07 4.370342853396849e-07
4.3502452015707863e-07 4.370342853396849e-07
4.3502452015707863e-07 4.370342853396849e-07
4.3502452015707863e-07 4.370342853396849e-07
4.228080704907569e-07 3.956236138183604e-07
4.228080704907569e-07 3.956236138183604e-07
4.1729765549658215e-07 3.9554761190471487e-07
4.1729765549658215e-07 3.9554761190471487e-07
4.1729765549658215e-07 3.9554761190471487e-07
4.1729765549658215e-07 3.9554761190471487e-07
4.1729765549658215e-07 3.9554761190471487e-07
4.1729765549658215e-07 3.9554761190471487e-07
4.1729765549658215e-07 3.9554761190471487e-07
4.1729765549658215e-07 3.9554761190471487e-07
4.1729765549658215e-07 3.9554761190471487e-07
4.1729765549658215e-07 3.9554761190471487e-07
4.1729765549658215e-07 3.9554761190471487e-07
4.1729765549658215e-07 3.9554761190471487e-07
4.1729765549658215e-07 3.9554761190471487e-07
4.1729765549658215e-07 3.9554761190471487e-07
4.1729765549658215e-07 3.9554761190471487e-07
4.1729765549658215e-07 3.9554761190471487e-07
4.1729765549658215e-07 3.9554761190471487e-07
4.1729765549658215e-07 3.9554761190471487e-07
4.1729765549658215e-07 3.9554761190471487e-07
4.1729765549658215e-07 3.9554761190471487e-07
4.1729765549658215e-07 3.9554761190471487e-07
4.1729765549658215e-07 3.9554761190471487e-07
4.1729765549658215e-07 3.9554761190471487e-07
4.1729765549658215e-07 3.9554761190471487e-07
4.1729765549658215e-07 3.9554761190471487e-07
4.1729765549658215e-07 3.9554761190471487e-07
4.1729765549658215e-07 3.9554761190471487e-07
4.1729765549658215e-07 3.9554761190471487e-07
4.1729765549658215e-07 3.9554761190471487e-07
4.1729765549658215e-07 3.9554761190471487e-07
4.3872997554757353e-07 3.9557623412378724e-07
4.3872997554757353e-07 3.9557623412378724e-07
4.3872997554757353e-07 3.9557623412378724e-07
4.210531239781885e-07 3.9553610587317827e-07
4.210531239781885e-07 3.9553610587317827e-07
4.210531239781885e-07 3.9553610587317827e-07
4.210531239781885e-07 3.9553610587317827e-07
4.210531239781885e-07 3.9553610587317827e-07
4.210531239781885e-07 3.9553610587317827e-07
4.210531239781885e-07 3.9553610587317827e-07
4.210531239781885e-07 3.9553610587317827e-07
4.210531239781885e-07 3.9553610587317827e-07
4.210531239781885e-07 3.9553610587317827e-07
4.210531239781885e-07 3.9553610587317827e-07
4.210531239781885e-07 3.9553610587317827e-07
4.210531239781885e-07 3.9553610587317827e-07
4.210531239781885e-07 3.9553610587317827e-07
4.210531239781885e-07 3.9553610587317827e-07
4.210531239781885e-07 3.9553610587317827e-07
4.210531239781885e-07 3.9553610587317827e-07
4.210531239781885e-07 3.9553610587317827e-07
4.210531239781885e-07 3.9553610587317827e-07
4.210531239781885e-07 3.9553610587317827e-07
4.210531239781885e-07 3.9553610587317827e-07
4.210531239781885e-07 3.9553610587317827e-07
4.210531239781885e-07 3.9553610587317827e-07
4.210531239781885e-07 3.9553610587317827e-07
4.210531239781885e-07 3.9553610587317827e-07
4.210531239781885e-07 3.9553610587317827e-07
4.210531239781885e-07 3.9553610587317827e-07
4.210531239781885e-07 3.9553610587317827e-07
4.210531239781885e-07 3.9553610587317827e-07
4.210531239781885e-07 3.9553610587317827e-07
4.210531239781885e-07 3.9553610587317827e-07
4.210531239781885e-07 3.9553610587317827e-07
4.210531239781885e-07 3.9553610587317827e-07
4.210531239781885e-07 3.9553610587317827e-07
4.210531239781885e-07 3.9553610587317827e-07
4.210531239781885e-07 3.9553610587317827e-07
4.210531239781885e-07 3.9553610587317827e-07
4.210531239781885e-07 3.9553610587317827e-07
4.210531239781885e-07 3.9553610587317827e-07
4.210531239781885e-07 3.9553610587317827e-07
4.210531239781885e-07 3.9553610587317827e-07
4.210531239781885e-07 3.9553610587317827e-07
4.210531239781885e-07 3.9553610587317827e-07
4.210531239781885e-07 3.9553610587317827e-07
4.210531239781885e-07 3.9553610587317827e-07
4.210531239781885e-07 3.9553610587317827e-07
4.210531239781885e-07 3.9553610587317827e-07
4.210531239781885e-07 3.9553610587317827e-07
4.159472077875774e-07 3.9553365058263013e-07
4.159472077875774e-07 3.9553365058263013e-07
4.159472077875774e-07 3.9553365058263013e-07
4.159472077875774e-07 3.9553365058263013e-07
4.159472077875774e-07 3.9553365058263013e-07
4.159472077875774e-07 3.9553365058263013e-07
4.159472077875774e-07 3.9553365058263013e-07
4.159472077875774e-07 3.9553365058263013e-07
4.159472077875774e-07 3.9553365058263013e-07
4.159472077875774e-07 3.9553365058263013e-07
4.159472077875774e-07 3.9553365058263013e-07
4.159472077875774e-07 3.9553365058263013e-07
4.159472077875774e-07 3.9553365058263013e-07
4.159472077875774e-07 3.9553365058263013e-07
4.159472077875774e-07 3.9553365058263013e-07
4.159472077875774e-07 3.9553365058263013e-07
4.159472077875774e-07 3.9553365058263013e-07
4.159472077875774e-07 3.9553365058263013e-07
4.159472077875774e-07 3.9553365058263013e-07
4.159472077875774e-07 3.9553365058263013e-07
4.159472077875774e-07 3.9553365058263013e-07
4.159472077875774e-07 3.9553365058263013e-07
4.159472077875774e-07 3.9553365058263013e-07
4.159472077875774e-07 3.9553365058263013e-07
4.159472077875774e-07 3.9553365058263013e-07
4.159472077875774e-07 3.9553365058263013e-07
4.159472077875774e-07 3.9553365058263013e-07
4.159472077875774e-07 3.9553365058263013e-07
4.159472077875774e-07 3.9553365058263013e-07
4.159472077875774e-07 3.9553365058263013e-07
4.159472077875774e-07 3.9553365058263013e-07
4.159472077875774e-07 3.9553365058263013e-07
4.159472077875774e-07 3.9553365058263013e-07
4.159472077875774e-07 3.9553365058263013e-07
4.159472077875774e-07 3.9553365058263013e-07
4.159472077875774e-07 3.9553365058263013e-07
4.266346625002399e-07 3.954948423598568e-07
4.266346625002399e-07 3.954948423598568e-07
4.266346625002399e-07 3.954948423598568e-07
4.266346625002399e-07 3.954948423598568e-07
4.266346625002399e-07 3.954948423598568e-07
4.266346625002399e-07 3.954948423598568e-07
4.266346625002399e-07 3.954948423598568e-07
4.266346625002399e-07 3.954948423598568e-07
4.266346625002399e-07 3.954948423598568e-07
4.266346625002399e-07 3.954948423598568e-07
4.266346625002399e-07 3.954948423598568e-07
4.266346625002399e-07 3.954948423598568e-07
4.266346625002399e-07 3.954948423598568e-07
4.266346625002399e-07 3.954948423598568e-07
4.266346625002399e-07 3.954948423598568e-07
4.266346625002399e-07 3.954948423598568e-07
4.266346625002399e-07 3.954948423598568e-07
4.266346625002399e-07 3.954948423598568e-07
4.266346625002399e-07 3.954948423598568e-07
4.266346625002399e-07 3.954948423598568e-07
4.266346625002399e-07 3.954948423598568e-07
4.266346625002399e-07 3.954948423598568e-07
4.266346625002399e-07 3.954948423598568e-07
4.266346625002399e-07 3.954948423598568e-07
4.266346625002399e-07 3.954948423598568e-07
4.266346625002399e-07 3.954948423598568e-07
4.266346625002399e-07 3.954948423598568e-07
4.266346625002399e-07 3.954948423598568e-07
4.266346625002399e-07 3.954948423598568e-07
4.266346625002399e-07 3.954948423598568e-07
4.266346625002399e-07 3.954948423598568e-07
4.266346625002399e-07 3.954948423598568e-07
4.266346625002399e-07 3.954948423598568e-07
4.266346625002399e-07 3.954948423598568e-07
4.266346625002399e-07 3.954948423598568e-07
4.266346625002399e-07 3.954948423598568e-07
4.266346625002399e-07 3.954948423598568e-07
4.266346625002399e-07 3.954948423598568e-07
4.266346625002399e-07 3.954948423598568e-07
4.266346625002399e-07 3.954948423598568e-07
4.266346625002399e-07 3.954948423598568e-07
4.266346625002399e-07 3.954948423598568e-07
4.266346625002399e-07 3.954948423598568e-07
4.266346625002399e-07 3.954948423598568e-07
4.266346625002399e-07 3.954948423598568e-07
4.266346625002399e-07 3.954948423598568e-07
4.266346625002399e-07 3.954948423598568e-07
4.266346625002399e-07 3.954948423598568e-07
5.146977021863453e-07 3.955336110073347e-07
5.146977021863453e-07 3.955336110073347e-07
5.146977021863453e-07 3.955336110073347e-07
5.146977021863453e-07 3.955336110073347e-07
5.146977021863453e-07 3.955336110073347e-07
5.146977021863453e-07 3.955336110073347e-07
4.2205908347788727e-07 3.95511622644861e-07
4.2205908347788727e-07 3.95511622644861e-07
4.2205908347788727e-07 3.95511622644861e-07
4.2205908347788727e-07 3.95511622644861e-07
4.2205908347788727e-07 3.95511622644861e-07
4.2205908347788727e-07 3.95511622644861e-07
4.2205908347788727e-07 3.95511622644861e-07
4.2205908347788727e-07 3.95511622644861e-07
4.2205908347788727e-07 3.95511622644861e-07
4.2205908347788727e-07 3.95511622644861e-07
4.2205908347788727e-07 3.95511622644861e-07
4.2205908347788727e-07 3.95511622644861e-07
4.2205908347788727e-07 3.95511622644861e-07
4.2205908347788727e-07 3.95511622644861e-07
4.2205908347788727e-07 3.95511622644861e-07
4.2205908347788727e-07 3.95511622644861e-07
4.2205908347788727e-07 3.95511622644861e-07
4.2205908347788727e-07 3.95511622644861e-07
4.2205908347788727e-07 3.95511622644861e-07
4.2205908347788727e-07 3.95511622644861e-07
4.2205908347788727e-07 3.95511622644861e-07
4.2205908347788727e-07 3.95511622644861e-07
4.2205908347788727e-07 3.95511622644861e-07
4.2205908347788727e-07 3.95511622644861e-07
4.2205908347788727e-07 3.95511622644861e-07
4.2205908347788727e-07 3.95511622644861e-07
4.2205908347788727e-07 3.95511622644861e-07
4.2205908347788727e-07 3.95511622644861e-07
4.2205908347788727e-07 3.95511622644861e-07
4.2205908347788727e-07 3.95511622644861e-07
4.2205908347788727e-07 3.95511622644861e-07
4.2205908347788727e-07 3.95511622644861e-07
4.2205908347788727e-07 3.95511622644861e-07
4.2205908347788727e-07 3.95511622644861e-07
4.2205908347788727e-07 3.95511622644861e-07
4.2205908347788727e-07 3.95511622644861e-07
4.166478579627888e-07 3.9552768962568903e-07
4.166478579627888e-07 3.9552768962568903e-07
4.166478579627888e-07 3.9552768962568903e-07
4.166478579627888e-07 3.9552768962568903e-07
4.166478579627888e-07 3.9552768962568903e-07
4.166478579627888e-07 3.9552768962568903e-07
4.166478579627888e-07 3.9552768962568903e-07
4.166478579627888e-07 3.9552768962568903e-07
4.166478579627888e-07 3.9552768962568903e-07
4.166478579627888e-07 3.9552768962568903e-07
4.166478579627888e-07 3.9552768962568903e-07
4.166478579627888e-07 3.9552768962568903e-07
4.166478579627888e-07 3.9552768962568903e-07
4.166478579627888e-07 3.9552768962568903e-07
4.166478579627888e-07 3.9552768962568903e-07
4.166478579627888e-07 3.9552768962568903e-07
4.166478579627888e-07 3.9552768962568903e-07
4.166478579627888e-07 3.9552768962568903e-07
4.166478579627888e-07 3.9552768962568903e-07
4.166478579627888e-07 3.9552768962568903e-07
4.166478579627888e-07 3.9552768962568903e-07
4.166478579627888e-07 3.9552768962568903e-07
4.166478579627888e-07 3.9552768962568903e-07
4.166478579627888e-07 3.9552768962568903e-07
4.166478579627888e-07 3.9552768962568903e-07
4.166478579627888e-07 3.9552768962568903e-07
4.166478579627888e-07 3.9552768962568903e-07
4.166478579627888e-07 3.9552768962568903e-07
4.166478579627888e-07 3.9552768962568903e-07
4.166478579627888e-07 3.9552768962568903e-07
4.166478579627888e-07 3.9552768962568903e-07
4.166478579627888e-07 3.9552768962568903e-07
4.166478579627888e-07 3.9552768962568903e-07
4.166478579627888e-07 3.9552768962568903e-07
4.166478579627888e-07 3.9552768962568903e-07
4.166478579627888e-07 3.9552768962568903e-07
4.166478579627888e-07 3.9552768962568903e-07
4.166478579627888e-07 3.9552768962568903e-07
4.166478579627888e-07 3.9552768962568903e-07
4.166478579627888e-07 3.9552768962568903e-07
4.2178066905004917e-07 3.9553253485551315e-07
4.2178066905004917e-07 3.9553253485551315e-07
4.2178066905004917e-07 3.9553253485551315e-07
4.2178066905004917e-07 3.9553253485551315e-07
4.2178066905004917e-07 3.9553253485551315e-07
4.2178066905004917e-07 3.9553253485551315e-07
4.2178066905004917e-07 3.9553253485551315e-07
4.2178066905004917e-07 3.9553253485551315e-07
4.1284133689309615e-07 3.955363779044079e-07
4.1284133689309615e-07 3.955363779044079e-07
4.1284133689309615e-07 3.955363779044079e-07
4.1284133689309615e-07 3.955363779044079e-07
4.1284133689309615e-07 3.955363779044079e-07
4.1284133689309615e-07 3.955363779044079e-07
4.1284133689309615e-07 3.955363779044079e-07
4.1284133689309615e-07 3.955363779044079e-07
4.1284133689309615e-07 3.955363779044079e-07
4.1284133689309615e-07 3.955363779044079e-07
4.1284133689309615e-07 3.955363779044079e-07
4.1284133689309615e-07 3.955363779044079e-07
4.1284133689309615e-07 3.955363779044079e-07
4.1284133689309615e-07 3.955363779044079e-07
4.1284133689309615e-07 3.955363779044079e-07
4.1284133689309615e-07 3.955363779044079e-07
4.1284133689309615e-07 3.955363779044079e-07
4.1284133689309615e-07 3.955363779044079e-07
4.1284133689309615e-07 3.955363779044079e-07
4.1284133689309615e-07 3.955363779044079e-07
4.1284133689309615e-07 3.955363779044079e-07
4.1284133689309615e-07 3.955363779044079e-07
4.1284133689309615e-07 3.955363779044079e-07
4.1284133689309615e-07 3.955363779044079e-07
4.1284133689309615e-07 3.955363779044079e-07
4.1284133689309615e-07 3.955363779044079e-07
4.1284133689309615e-07 3.955363779044079e-07
4.1284133689309615e-07 3.955363779044079e-07
4.1284133689309615e-07 3.955363779044079e-07
4.1284133689309615e-07 3.955363779044079e-07
4.1284133689309615e-07 3.955363779044079e-07
4.1284133689309615e-07 3.955363779044079e-07
4.1284133689309615e-07 3.955363779044079e-07
4.1284133689309615e-07 3.955363779044079e-07
4.1284133689309615e-07 3.955363779044079e-07
4.1284133689309615e-07 3.955363779044079e-07
4.1284133689309615e-07 3.955363779044079e-07
4.1284133689309615e-07 3.955363779044079e-07
4.1284133689309615e-07 3.955363779044079e-07
4.1284133689309615e-07 3.955363779044079e-07
4.259645489963799e-07 3.955303806571165e-07
4.259645489963799e-07 3.955303806571165e-07
4.259645489963799e-07 3.955303806571165e-07
4.259645489963799e-07 3.955303806571165e-07
4.259645489963799e-07 3.955303806571165e-07
4.259645489963799e-07 3.955303806571165e-07
4.259645489963799e-07 3.955303806571165e-07
4.259645489963799e-07 3.955303806571165e-07
4.259645489963799e-07 3.955303806571165e-07
4.259645489963799e-07 3.955303806571165e-07
4.259645489963799e-07 3.955303806571165e-07
4.259645489963799e-07 3.955303806571165e-07
4.259645489963799e-07 3.955303806571165e-07
4.259645489963799e-07 3.955303806571165e-07
4.259645489963799e-07 3.955303806571165e-07
4.259645489963799e-07 3.955303806571165e-07
4.259645489963799e-07 3.955303806571165e-07
4.259645489963799e-07 3.955303806571165e-07
4.259645489963799e-07 3.955303806571165e-07
4.259645489963799e-07 3.955303806571165e-07
4.259645489963799e-07 3.955303806571165e-07
4.259645489963799e-07 3.955303806571165e-07
4.259645489963799e-07 3.955303806571165e-07
4.259645489963799e-07 3.955303806571165e-07
4.0384715513324777e-07 3.955839654786601e-07
4.0384715513324777e-07 3.955839654786601e-07
4.0384715513324777e-07 3.955839654786601e-07
4.0384715513324777e-07 3.955839654786601e-07
4.0384715513324777e-07 3.955839654786601e-07
4.0384715513324777e-07 3.955839654786601e-07
4.0384715513324777e-07 3.955839654786601e-07
4.0384715513324777e-07 3.955839654786601e-07
4.0384715513324777e-07 3.955839654786601e-07
4.0384715513324777e-07 3.955839654786601e-07
4.0384715513324777e-07 3.955839654786601e-07
4.0384715513324777e-07 3.955839654786601e-07
4.1637950883982394e-07 3.9552852637458676e-07
4.1637950883982394e-07 3.9552852637458676e-07
4.1637950883982394e-07 3.9552852637458676e-07
4.1637950883982394e-07 3.9552852637458676e-07
4.1637950883982394e-07 3.9552852637458676e-07
4.1637950883982394e-07 3.9552852637458676e-07
4.1637950883982394e-07 3.9552852637458676e-07
4.1637950883982394e-07 3.9552852637458676e-07
4.1637950883982394e-07 3.9552852637458676e-07
4.1637950883982394e-07 3.9552852637458676e-07
4.3502452015707863e-07 3.9529026978092357e-07
4.3502452015707863e-07 3.9529026978092357e-07
4.3502452015707863e-07 3.9529026978092357e-07
4.3502452015707863e-07 3.9529026978092357e-07
4.3502452015707863e-07 3.9529026978092357e-07
4.3502452015707863e-07 3.9529026978092357e-07
4.3502452015707863e-07 3.9529026978092357e-07
4.3502452015707863e-07 3.9529026978092357e-07
4.3502452015707863e-07 3.9529026978092357e-07
4.3502452015707863e-07 3.9529026978092357e-07
4.3502452015707863e-07 3.9529026978092357e-07
4.3502452015707863e-07 3.9529026978092357e-07
3.246045545589655e-07 3.953754039529103e-07
3.246045545589655e-07 3.953754039529103e-07
3.246045545589655e-07 3.953754039529103e-07
3.246045545589655e-07 3.953754039529103e-07
3.246045545589655e-07 3.953754039529103e-07
3.246045545589655e-07 3.953754039529103e-07
3.246045545589655e-07 3.953754039529103e-07
3.246045545589655e-07 3.953754039529103e-07
3.246045545589655e-07 3.953754039529103e-07
3.246045545589655e-07 3.953754039529103e-07
3.246045545589655e-07 3.953754039529103e-07
3.246045545589655e-07 3.953754039529103e-07
3.246045545589655e-07 3.953754039529103e-07
3.246045545589655e-07 3.953754039529103e-07
3.246045545589655e-07 3.953754039529103e-07
3.246045545589655e-07 3.953754039529103e-07
3.246045545589655e-07 3.953754039529103e-07
3.246045545589655e-07 3.953754039529103e-07
3.246045545589655e-07 3.953754039529103e-07
3.246045545589655e-07 3.953754039529103e-07
3.246045545589655e-07 3.953754039529103e-07
3.246045545589655e-07 3.953754039529103e-07
3.246045545589655e-07 3.953754039529103e-07
3.246045545589655e-07 3.953754039529103e-07
3.246045545589655e-07 3.953754039529103e-07
3.246045545589655e-07 3.953754039529103e-07
3.246045545589655e-07 3.953754039529103e-07
4.23308173490689e-07 3.95530870696876e-07
4.23308173490689e-07 3.95530870696876e-07
4.23308173490689e-07 3.95530870696876e-07
4.23308173490689e-07 3.95530870696876e-07
4.23308173490689e-07 3.95530870696876e-07
4.23308173490689e-07 3.95530870696876e-07
4.23308173490689e-07 3.95530870696876e-07
4.23308173490689e-07 3.95530870696876e-07
4.23308173490689e-07 3.95530870696876e-07
4.23308173490689e-07 3.95530870696876e-07
4.23308173490689e-07 3.95530870696876e-07
4.23308173490689e-07 3.95530870696876e-07
4.2358992285845797e-07 3.9556328399033745e-07
4.2358992285845797e-07 3.9556328399033745e-07
4.2358992285845797e-07 3.9556328399033745e-07
4.2358992285845797e-07 3.9556328399033745e-07
4.2358992285845797e-07 3.9556328399033745e-07
4.2358992285845797e-07 3.9556328399033745e-07
4.2358992285845797e-07 3.9556328399033745e-07
4.2358992285845797e-07 3.9556328399033745e-07
4.2358992285845797e-07 3.9556328399033745e-07
4.2358992285845797e-07 3.9556328399033745e-07
4.2358992285845797e-07 3.9556328399033745e-07
4.2358992285845797e-07 3.9556328399033745e-07
4.320586812263446e-07 3.9552853811061195e-07
4.320586812263446e-07 3.9552853811061195e-07
4.320586812263446e-07 3.9552853811061195e-07
4.320586812263446e-07 3.9552853811061195e-07
4.320586812263446e-07 3.9552853811061195e-07
4.320586812263446e-07 3.9552853811061195e-07
4.320586812263446e-07 3.9552853811061195e-07
4.320586812263446e-07 3.9552853811061195e-07
4.320586812263446e-07 3.9552853811061195e-07
4.320586812263446e-07 3.9552853811061195e-07
4.320586812263446e-07 3.9552853811061195e-07
4.320586812263446e-07 3.9552853811061195e-07
6.117464460831465e-07 3.9552512673316466e-07
6.117464460831465e-07 3.9552512673316466e-07
6.117464460831465e-07 3.9552512673316466e-07
6.117464460831465e-07 3.9552512673316466e-07
6.117464460831465e-07 3.9552512673316466e-07
6.117464460831465e-07 3.9552512673316466e-07
6.117464460831465e-07 3.9552512673316466e-07
6.117464460831465e-07 3.9552512673316466e-07
6.117464460831465e-07 3.9552512673316466e-07
6.117464460831465e-07 3.9552512673316466e-07
6.117464460831465e-07 3.9552512673316466e-07
6.117464460831465e-07 3.9552512673316466e-07
3.7113478039803575e-07 3.954923050203035e-07
3.7113478039803575e-07 3.954923050203035e-07
3.7113478039803575e-07 3.954923050203035e-07
3.7113478039803575e-07 3.954923050203035e-07
3.7113478039803575e-07 3.954923050203035e-07
3.7113478039803575e-07 3.954923050203035e-07
3.7113478039803575e-07 3.954923050203035e-07
3.7113478039803575e-07 3.954923050203035e-07
3.7113478039803575e-07 3.954923050203035e-07
3.7113478039803575e-07 3.954923050203035e-07
3.7113478039803575e-07 3.954923050203035e-07
3.7113478039803575e-07 3.954923050203035e-07
3.8896032032031944e-07 3.9550410359281594e-07
3.8896032032031944e-07 3.9550410359281594e-07
3.8896032032031944e-07 3.9550410359281594e-07
3.8896032032031944e-07 3.9550410359281594e-07
3.8896032032031944e-07 3.9550410359281594e-07
3.8896032032031944e-07 3.9550410359281594e-07
4.774540501859157e-07 3.9559951055303707e-07
4.774540501859157e-07 3.9559951055303707e-07
4.774540501859157e-07 3.9559951055303707e-07
4.774540501859157e-07 3.9559951055303707e-07
4.774540501859157e-07 3.9559951055303707e-07
4.774540501859157e-07 3.9559951055303707e-07
4.774540501859157e-07 3.9559951055303707e-07
4.774540501859157e-07 3.9559951055303707e-07
4.774540501859157e-07 3.9559951055303707e-07
5.307352949012621e-07 4.194919449156737e-07
5.307352949012621e-07 4.194919449156737e-07
5.307352949012621e-07 4.194919449156737e-07
4.2904243449778053e-07 3.9552745427018114e-07
4.2904243449778053e-07 3.9552745427018114e-07
4.2904243449778053e-07 3.9552745427018114e-07
4.2904243449778053e-07 3.9552745427018114e-07
4.2904243449778053e-07 3.9552745427018114e-07
4.2904243449778053e-07 3.9552745427018114e-07
4.2904243449778053e-07 3.9552745427018114e-07
4.2904243449778053e-07 3.9552745427018114e-07
4.2904243449778053e-07 3.9552745427018114e-07
4.2904243449778053e-07 3.9552745427018114e-07
4.2904243449778053e-07 3.9552745427018114e-07
4.2904243449778053e-07 3.9552745427018114e-07
4.2278160513754823e-07 3.9553567771049e-07
4.2278160513754823e-07 3.9553567771049e-07
3.825676463796006e-07 3.9553401151594946e-07
3.825676463796006e-07 3.9553401151594946e-07
3.452901389181152e-07 3.954334913490814e-07
3.452901389181152e-07 3.954334913490814e-07
3.452901389181152e-07 3.954334913490814e-07
3.167124121645677e-07 3.8847492030194214e-07
3.167124121645677e-07 3.8847492030194214e-07
3.167124121645677e-07 3.8847492030194214e-07
3.167124121645677e-07 3.8847492030194214e-07
3.167124121645677e-07 3.8847492030194214e-07
3.167124121645677e-07 3.8847492030194214e-07
3.167124121645677e-07 3.8847492030194214e-07
3.167124121645677e-07 3.8847492030194214e-07
3.167124121645677e-07 3.8847492030194214e-07
3.167124121645677e-07 3.8847492030194214e-07
3.167124121645677e-07 3.8847492030194214e-07
3.167124121645677e-07 3.8847492030194214e-07
3.167124121645677e-07 3.8847492030194214e-07
3.167124121645677e-07 3.8847492030194214e-07
3.167124121645677e-07 3.8847492030194214e-07
3.167124121645677e-07 3.8847492030194214e-07
3.167124121645677e-07 3.8847492030194214e-07
3.167124121645677e-07 3.8847492030194214e-07
3.167124121645677e-07 3.8847492030194214e-07
3.167124121645677e-07 3.8847492030194214e-07
3.167124121645677e-07 3.8847492030194214e-07
3.167124121645677e-07 3.8847492030194214e-07
3.167124121645677e-07 3.8847492030194214e-07
3.167124121645677e-07 3.8847492030194214e-07
5.972583109443374e-07 3.9560460256508505e-07
5.972583109443374e-07 3.9560460256508505e-07
5.972583109443374e-07 3.9560460256508505e-07
3.8902577387794536e-07 3.9553415715252786e-07
3.8902577387794536e-07 3.9553415715252786e-07
3.8902577387794536e-07 3.9553415715252786e-07
3.8902577387794536e-07 3.9553415715252786e-07
3.8902577387794536e-07 3.9553415715252786e-07
3.8902577387794536e-07 3.9553415715252786e-07
3.8902577387794536e-07 3.9553415715252786e-07
3.8902577387794536e-07 3.9553415715252786e-07
3.8902577387794536e-07 3.9553415715252786e-07
4.231337369182916e-07 3.9546120194058407e-07
4.231337369182916e-07 3.9546120194058407e-07
4.231337369182916e-07 3.9546120194058407e-07
4.231337369182916e-07 3.9546120194058407e-07
4.231337369182916e-07 3.9546120194058407e-07
4.231337369182916e-07 3.9546120194058407e-07
2.0249098748592598e-07 3.9550651887345063e-07
2.0249098748592598e-07 3.9550651887345063e-07
2.0249098748592598e-07 3.9550651887345063e-07
4.060913893428232e-07 3.949286409794762e-07
4.060913893428232e-07 3.949286409794762e-07
4.060913893428232e-07 3.949286409794762e-07
4.060913893428232e-07 3.949286409794762e-07
4.060913893428232e-07 3.949286409794762e-07
4.060913893428232e-07 3.949286409794762e-07
4.060913893428232e-07 3.949286409794762e-07
4.060913893428232e-07 3.949286409794762e-07
4.060913893428232e-07 3.949286409794762e-07
4.060913893428232e-07 3.949286409794762e-07
3.9661705145999724e-07 3.9606287352410683e-07
3.9661705145999724e-07 3.9606287352410683e-07
3.9661705145999724e-07 3.9606287352410683e-07
3.9661705145999724e-07 3.9606287352410683e-07
3.9661705145999724e-07 3.9606287352410683e-07
3.9661705145999724e-07 3.9606287352410683e-07
3.9661705145999724e-07 3.9606287352410683e-07
3.9661705145999724e-07 3.9606287352410683e-07
3.9661705145999724e-07 3.9606287352410683e-07
3.9661705145999724e-07 3.9606287352410683e-07
3.9661705145999724e-07 3.9606287352410683e-07
3.9661705145999724e-07 3.9606287352410683e-07
4.148632163029193e-07 3.9553845855340064e-07
4.148632163029193e-07 3.9553845855340064e-07
4.148632163029193e-07 3.9553845855340064e-07
4.148632163029193e-07 3.9553845855340064e-07
4.148632163029193e-07 3.9553845855340064e-07
4.148632163029193e-07 3.9553845855340064e-07
4.148632163029193e-07 3.9553845855340064e-07
4.148632163029193e-07 3.9553845855340064e-07
4.148632163029193e-07 3.9553845855340064e-07
4.148632163029193e-07 3.9553845855340064e-07
4.621236494978761e-10 3.9567772110661604e-07
4.621236494978761e-10 3.9567772110661604e-07
4.621236494978761e-10 3.9567772110661604e-07
4.621236494978761e-10 3.9567772110661604e-07
4.621236494978761e-10 3.9567772110661604e-07
4.621236494978761e-10 3.9567772110661604e-07
4.621236494978761e-10 3.9567772110661604e-07
4.621236494978761e-10 3.9567772110661604e-07
4.621236494978761e-10 3.9567772110661604e-07
4.621236494978761e-10 3.9567772110661604e-07
4.621236494978761e-10 3.9567772110661604e-07
4.621236494978761e-10 3.9567772110661604e-07
4.621236494978761e-10 3.9567772110661604e-07
4.621236494978761e-10 3.9567772110661604e-07
4.621236494978761e-10 3.9567772110661604e-07
4.621236494978761e-10 3.9567772110661604e-07
4.621236494978761e-10 3.9567772110661604e-07
4.621236494978761e-10 3.9567772110661604e-07
4.621236494978761e-10 3.9567772110661604e-07
4.621236494978761e-10 3.9567772110661604e-07
4.621236494978761e-10 3.9567772110661604e-07
4.621236494978761e-10 3.9567772110661604e-07
4.621236494978761e-10 3.9567772110661604e-07
4.621236494978761e-10 3.9567772110661604e-07
4.621236494978761e-10 3.9567772110661604e-07
4.621236494978761e-10 3.9567772110661604e-07
4.621236494978761e-10 3.9567772110661604e-07
4.621236494978761e-10 3.9567772110661604e-07
4.621236494978761e-10 3.9567772110661604e-07
4.621236494978761e-10 3.9567772110661604e-07
1.1607997867441779e-10 3.955800184285734e-07
1.1607997867441779e-10 3.955800184285734e-07
1.1607997867441779e-10 3.955800184285734e-07
1.1607997867441779e-10 3.955800184285734e-07
1.1607997867441779e-10 3.955800184285734e-07
1.1607997867441779e-10 3.955800184285734e-07
1.1607997867441779e-10 3.955800184285734e-07
1.1607997867441779e-10 3.955800184285734e-07
1.1607997867441779e-10 3.955800184285734e-07
4.2862710074300397e-07 3.955638787016126e-07
4.2862710074300397e-07 3.955638787016126e-07
4.2862710074300397e-07 3.955638787016126e-07
4.2862710074300397e-07 3.955638787016126e-07
4.2862710074300397e-07 3.955638787016126e-07
4.2862710074300397e-07 3.955638787016126e-07
4.2862710074300397e-07 3.955638787016126e-07
4.2862710074300397e-07 3.955638787016126e-07
4.2862710074300397e-07 3.955638787016126e-07
4.2862710074300397e-07 3.955638787016126e-07
4.2862710074300397e-07 3.955638787016126e-07
4.2862710074300397e-07 3.955638787016126e-07
4.1685854502858795e-07 3.95530766364882e-07
4.1685854502858795e-07 3.95530766364882e-07
4.1685854502858795e-07 3.95530766364882e-07
4.1685854502858795e-07 3.95530766364882e-07
4.1685854502858795e-07 3.95530766364882e-07
4.1685854502858795e-07 3.95530766364882e-07
4.1685854502858795e-07 3.95530766364882e-07
4.1685854502858795e-07 3.95530766364882e-07
4.1685854502858795e-07 3.95530766364882e-07
4.1685854502858795e-07 3.95530766364882e-07
4.1685854502858795e-07 3.95530766364882e-07
4.1685854502858795e-07 3.95530766364882e-07
4.1685854502858795e-07 3.95530766364882e-07
4.1685854502858795e-07 3.95530766364882e-07
4.1685854502858795e-07 3.95530766364882e-07
4.1685854502858795e-07 3.95530766364882e-07
4.1685854502858795e-07 3.95530766364882e-07
4.1685854502858795e-07 3.95530766364882e-07
4.1685854502858795e-07 3.95530766364882e-07
4.1685854502858795e-07 3.95530766364882e-07
4.1685854502858795e-07 3.95530766364882e-07
4.1685854502858795e-07 3.95530766364882e-07
4.1685854502858795e-07 3.95530766364882e-07
4.1685854502858795e-07 3.95530766364882e-07
4.1685854502858795e-07 3.95530766364882e-07
4.1685854502858795e-07 3.95530766364882e-07
4.1685854502858795e-07 3.95530766364882e-07
4.1685854502858795e-07 3.95530766364882e-07
4.1685854502858795e-07 3.95530766364882e-07
4.1685854502858795e-07 3.95530766364882e-07
7.482457960974829e-07 3.9554271958968017e-07
7.482457960974829e-07 3.9554271958968017e-07
7.482457960974829e-07 3.9554271958968017e-07
4.210901030182544e-07 3.9552919497029205e-07
4.210901030182544e-07 3.9552919497029205e-07
5.49336096862979e-07 3.953832124492557e-07
5.49336096862979e-07 3.953832124492557e-07
5.49336096862979e-07 3.953832124492557e-07
5.097794809311666e-07 3.9555399449742396e-07
5.097794809311666e-07 3.9555399449742396e-07
5.097794809311666e-07 3.9555399449742396e-07
4.2182024466678925e-07 3.955339318316091e-07
4.2182024466678925e-07 3.955339318316091e-07
4.2182024466678925e-07 3.955339318316091e-07
4.2182024466678925e-07 3.955339318316091e-07
4.2182024466678925e-07 3.955339318316091e-07
4.2182024466678925e-07 3.955339318316091e-07
3.2855578372088213e-07 3.95808331629638e-07
3.2855578372088213e-07 3.95808331629638e-07
3.2855578372088213e-07 3.95808331629638e-07
4.1173401624131646e-07 3.955251874506676e-07
4.1173401624131646e-07 3.955251874506676e-07
4.1173401624131646e-07 3.955251874506676e-07
4.1173401624131646e-07 3.955251874506676e-07
4.1693502317033374e-07 3.9552417920309685e-07
4.1693502317033374e-07 3.9552417920309685e-07
4.2064380680923397e-07 3.9553301143003165e-07
4.2064380680923397e-07 3.9553301143003165e-07
4.2064380680923397e-07 3.9553301143003165e-07
4.2064380680923397e-07 3.9553301143003165e-07
4.2064380680923397e-07 3.9553301143003165e-07
4.2064380680923397e-07 3.9553301143003165e-07
4.2064380680923397e-07 3.9553301143003165e-07
4.2064380680923397e-07 3.9553301143003165e-07
4.2064380680923397e-07 3.9553301143003165e-07
4.2064380680923397e-07 3.9553301143003165e-07
4.2064380680923397e-07 3.9553301143003165e-07
4.2064380680923397e-07 3.9553301143003165e-07
4.1173401624131646e-07 3.9553003824458106e-07
4.1173401624131646e-07 3.9553003824458106e-07
4.1173401624131646e-07 3.9553003824458106e-07
4.1173401624131646e-07 3.9553003824458106e-07
4.1173401624131646e-07 3.9553003824458106e-07
4.1173401624131646e-07 3.9553003824458106e-07
5.857333013819097e-11 3.955669601905367e-07
5.857333013819097e-11 3.955669601905367e-07
5.857333013819097e-11 3.955669601905367e-07
5.857333013819097e-11 3.955669601905367e-07
5.857333013819097e-11 3.955669601905367e-07
5.857333013819097e-11 3.955669601905367e-07
4.199332568720961e-07 3.955316030400649e-07
4.199332568720961e-07 3.955316030400649e-07
4.199332568720961e-07 3.955316030400649e-07
4.199332568720961e-07 3.955316030400649e-07
3.625204334642322e-07 3.6419523778307076e-07
3.625204334642322e-07 3.6419523778307076e-07
3.625204334642322e-07 3.6419523778307076e-07
3.625204334642322e-07 3.6419523778307076e-07
3.625204334642322e-07 3.6419523778307076e-07
3.625204334642322e-07 3.6419523778307076e-07
3.625204334642322e-07 3.6419523778307076e-07
3.625204334642322e-07 3.6419523778307076e-07
3.625204334642322e-07 3.6419523778307076e-07
3.625204334642322e-07 3.6419523778307076e-07
3.625204334642322e-07 3.6419523778307076e-07
3.625204334642322e-07 3.6419523778307076e-07
4.142458773985029e-07 3.955109033193599e-07
4.142458773985029e-07 3.955109033193599e-07
3.8235558326066535e-07 3.9551939747172664e-07
3.8235558326066535e-07 3.9551939747172664e-07
3.8235558326066535e-07 3.9551939747172664e-07
3.8235558326066535e-07 3.9551939747172664e-07
3.8235558326066535e-07 3.9551939747172664e-07
3.8235558326066535e-07 3.9551939747172664e-07
3.8235558326066535e-07 3.9551939747172664e-07
3.8235558326066535e-07 3.9551939747172664e-07
3.8235558326066535e-07 3.9551939747172664e-07
3.8235558326066535e-07 3.9551939747172664e-07
3.8235558326066535e-07 3.9551939747172664e-07
3.8235558326066535e-07 3.9551939747172664e-07
3.8235558326066535e-07 3.9551939747172664e-07
3.8235558326066535e-07 3.9551939747172664e-07
3.8235558326066535e-07 3.9551939747172664e-07
3.8235558326066535e-07 3.9551939747172664e-07
3.8235558326066535e-07 3.9551939747172664e-07
3.8235558326066535e-07 3.9551939747172664e-07
3.8235558326066535e-07 3.9551939747172664e-07
3.8235558326066535e-07 3.9551939747172664e-07
3.8235558326066535e-07 3.9551939747172664e-07
3.8235558326066535e-07 3.9551939747172664e-07
3.8235558326066535e-07 3.9551939747172664e-07
3.8235558326066535e-07 3.9551939747172664e-07
6.020539108715604e-08 3.955191713201011e-07
6.020539108715604e-08 3.955191713201011e-07
6.020539108715604e-08 3.955191713201011e-07
6.020539108715604e-08 3.955191713201011e-07
6.020539108715604e-08 3.955191713201011e-07
6.020539108715604e-08 3.955191713201011e-07
6.020539108715604e-08 3.955191713201011e-07
6.020539108715604e-08 3.955191713201011e-07
6.020539108715604e-08 3.955191713201011e-07
6.020539108715604e-08 3.955191713201011e-07
6.020539108715604e-08 3.955191713201011e-07
6.020539108715604e-08 3.955191713201011e-07
5.428507803425286e-07 3.955521710009152e-07
5.428507803425286e-07 3.955521710009152e-07
5.428507803425286e-07 3.955521710009152e-07
4.1688947359893394e-07 3.955251874506676e-07
4.1688947359893394e-07 3.955251874506676e-07
4.1688947359893394e-07 3.955251874506676e-07
4.1688947359893394e-07 3.955251874506676e-07
4.1688947359893394e-07 3.955251874506676e-07
4.1688947359893394e-07 3.955251874506676e-07
4.1688947359893394e-07 3.955251874506676e-07
4.1688947359893394e-07 3.955251874506676e-07
4.1688947359893394e-07 3.955251874506676e-07
4.1688947359893394e-07 3.955251874506676e-07
4.1688947359893394e-07 3.955251874506676e-07
4.1688947359893394e-07 3.955251874506676e-07
4.1688947359893394e-07 3.955251874506676e-07
4.1688947359893394e-07 3.955251874506676e-07
4.1688947359893394e-07 3.955251874506676e-07
4.1688947359893394e-07 3.955251874506676e-07
4.1688947359893394e-07 3.955251874506676e-07
4.1688947359893394e-07 3.955251874506676e-07
4.1688947359893394e-07 3.955251874506676e-07
4.1688947359893394e-07 3.955251874506676e-07
4.1688947359893394e-07 3.955251874506676e-07
4.1688947359893394e-07 3.955251874506676e-07
4.132913553596306e-07 3.956073200477136e-07
4.132913553596306e-07 3.956073200477136e-07
4.1637916883516827e-07 3.9552901699893314e-07
4.1637916883516827e-07 3.9552901699893314e-07
4.1637916883516827e-07 3.9552901699893314e-07
4.1637916883516827e-07 3.9552901699893314e-07
4.1637916883516827e-07 3.9552901699893314e-07
4.1637916883516827e-07 3.9552901699893314e-07
4.1637916883516827e-07 3.9552901699893314e-07
4.1637916883516827e-07 3.9552901699893314e-07
4.1637916883516827e-07 3.9552901699893314e-07
4.1637916883516827e-07 3.9552901699893314e-07
4.231337369182916e-07 3.9588110621335787e-07
4.231337369182916e-07 3.9588110621335787e-07
5.90207116321813e-07 3.9553711422628667e-07
5.90207116321813e-07 3.9553711422628667e-07
5.90207116321813e-07 3.9553711422628667e-07
5.90207116321813e-07 3.9553711422628667e-07
5.90207116321813e-07 3.9553711422628667e-07
5.90207116321813e-07 3.9553711422628667e-07
5.90207116321813e-07 3.9553711422628667e-07
5.90207116321813e-07 3.9553711422628667e-07
5.90207116321813e-07 3.9553711422628667e-07
5.90207116321813e-07 3.9553711422628667e-07
5.90207116321813e-07 3.9553711422628667e-07
5.90207116321813e-07 3.9553711422628667e-07
5.90207116321813e-07 3.9553711422628667e-07
5.90207116321813e-07 3.9553711422628667e-07
5.90207116321813e-07 3.9553711422628667e-07
5.90207116321813e-07 3.9553711422628667e-07
5.90207116321813e-07 3.9553711422628667e-07
5.90207116321813e-07 3.9553711422628667e-07
5.90207116321813e-07 3.9553711422628667e-07
5.90207116321813e-07 3.9553711422628667e-07
5.90207116321813e-07 3.9553711422628667e-07
5.90207116321813e-07 3.9553711422628667e-07
5.90207116321813e-07 3.9553711422628667e-07
5.90207116321813e-07 3.9553711422628667e-07
5.90207116321813e-07 3.9553711422628667e-07
5.90207116321813e-07 3.9553711422628667e-07
5.90207116321813e-07 3.9553711422628667e-07
5.90207116321813e-07 3.9553711422628667e-07
5.90207116321813e-07 3.9553711422628667e-07
5.90207116321813e-07 3.9553711422628667e-07
5.90207116321813e-07 3.9553711422628667e-07
5.90207116321813e-07 3.9553711422628667e-07
5.90207116321813e-07 3.9553711422628667e-07