2.028480288377231e-06 2.819265271178545e-06
2.693822478826537e-06 2.8192715050539544e-06
2.9028083949581536e-06 2.8192762390967605e-06
3.340534412489015e-06 2.8192720831350606e-06
1.5705782906075986e-06 2.8192835577467394e-06
2.608247485596706e-06 2.8193240692164705e-06
3.8803398315613974e-06 2.8192729626284097e-06
2.7562203892411928e-06 2.819276436825126e-06
3.3045424321623153e-06 2.8192748573565988e-06
2.4882863652469316e-06 2.819272547496374e-06
2.043713363174446e-06 2.8192692176516316e-06
3.680048574495934e-06 2.819274581202509e-06
3.045117295219773e-06 2.8192724434650397e-06
2.917783982889136e-06 2.819274906799702e-06
3.150925508724859e-06 2.8192828325128897e-06
2.5545954546223976e-06 2.8192714427861175e-06
3.3470427788915795e-06 2.8192754098838076e-06
3.3470427788915795e-06 2.8192754098838076e-06
4.048588148375274e-06 2.8192762681781142e-06
3.207832891336541e-06 2.8192777410104904e-06
2.833323575802033e-06 2.8192726002558243e-06
2.8682535979452107e-06 2.819278500025672e-06
2.8682535979452107e-06 2.819278500025672e-06
2.7401403694610464e-06 2.8192863589958555e-06
2.4492637138505316e-06 2.819273080491549e-06
2.9360370365015414e-06 2.8192770644704896e-06
2.8555142517763922e-06 2.8192673815230276e-06
2.275694010176446e-06 2.8192776762167055e-06
3.2449675833137165e-06 2.819275734849079e-06
2.4821976610001813e-06 2.8192789750487225e-06
2.417587376901896e-06 2.81927951820945e-06
2.994107212676516e-06 2.8192673408390394e-06
3.2655943971612065e-06 2.819273321225575e-06
3.3470129000656676e-06 2.8192754098838076e-06
2.8480810337500163e-06 2.8192741896592044e-06
2.9480895356451224e-06 2.8192956836211152e-06
2.2999361810066145e-06 2.819272605157439e-06
3.451562201949116e-06 2.819282243261872e-06
2.204754702403412e-06 2.8192824210424905e-06
2.8348220446103146e-06 2.8192745357913942e-06
2.5572205578488598e-06 2.8192865894591933e-06
3.5886268394130877e-06 2.8192957031346e-06
3.1386122508498066e-06 2.8192433605087168e-06
2.55372067180979e-06 2.8192774860644343e-06
2.399616157464211e-06 2.8192706150701518e-06
4.7557716186859404e-06 2.8197404541929853e-06
2.39900507829806e-06 2.8193543263622728e-06
3.1918000304044667e-06 2.819273775069488e-06
3.7268048508318965e-06 2.8192986423325733e-06
3.187114271312489e-06 2.8192875371800392e-06