0.820621821990324 0.8145573014722867
0.9347418356595231 0.930925850923462
0.26186048240881665 0.2619593626103108
0.26186048240881665 0.2619593626103108
0.31045456415189265 0.3101662294843358
0.6211923212008644 0.6167490404665247
0.6211923212008644 0.6167490404665247
0.6917785463186505 0.6857298466328523
0.6917785463186505 0.6857298466328523
0.6917785463186505 0.6857298466328523
0.6917785463186505 0.6857298466328523
0.7400977411015729 0.7330444185685944
0.49847289416812485 0.49833604396925696
0.49847289416812485 0.49833604396925696
0.49847289416812485 0.49833604396925696
0.49847289416812485 0.49833604396925696
0.026635162116067954 0.027365689044706508
0.7701830312081737 0.7631182385718218
0.7701830312081737 0.7631182385718218
0.523219839956461 0.5229101471653815
0.523219839956461 0.5229101471653815
0.523219839956461 0.5229101471653815
0.7171761238328181 0.7111871477887223
0.9100981208015466 0.9055773179892355
0.9100981208015466 0.9055773179892355
0.4382073889614889 0.43825445593740014
0.4382073889614889 0.43825445593740014
0.4382073889614889 0.43825445593740014
0.4716656805014571 0.4714283680178712
0.9156650761456656 0.9106573872211974
0.7466519163774091 0.7392192893914992
0.15491205199358307 0.15511218552140718
0.3577450093184702 0.35747328652476434
0.3577450093184702 0.35747328652476434
0.3577450093184702 0.35747328652476434
0.3577450093184702 0.35747328652476434
0.3577450093184702 0.35747328652476434
0.3577450093184702 0.35747328652476434
0.3577450093184702 0.35747328652476434
0.3577450093184702 0.35747328652476434
0.3577450093184702 0.35747328652476434
0.3577450093184702 0.35747328652476434
0.3577450093184702 0.35747328652476434
0.3577450093184702 0.35747328652476434
0.3577450093184702 0.35747328652476434
0.3577450093184702 0.35747328652476434
0.8943631165773844 0.8895203598290085
0.7093206851053193 0.7035124620695548
0.6725103547347004 0.6670138020940454
0.6725103547347004 0.6670138020940454