0.5124817515730345 0.6517887770209906
0.2654839986830854 0.3034031663440175
0.5124825181123662 0.6006962476749904
0.5124817515730345 0.6099740564763183
0.5124817515730345 0.6099740564763183
0.364297434124568 0.4137806141436472
0.2897430521833148 0.3687253485741794
0.5124821348427003 0.6461777091128879
0.5124817515730345 0.6585745664549357
0.28249925549867405 0.3257278578406817
0.19787101366011417 0.18164529235618476
0.5124813683033687 0.5520060525945631
0.31141043620303943 0.39983534735154913
0.5124821348427003 0.5811322475814726
0.5124813683033687 0.6006962476749904
0.5124817515730345 0.6478280682940553
0.5124821348427003 0.6461777091128879
0.5124836679213638 0.6467365162857031
0.5124813683033687 0.6474520807518525
0.3516598834323638 0.3782131891523953
0.39949347080960734 0.44967956739586273
0.5124813683033687 0.6350011823869192
0.5124813683033687 0.6350011823869192
0.28618362679652865 0.26662039324234255
0.5124821348427003 0.7619193991558102
0.5124817515730345 0.559236434840899
0.1677310704070209 0.15152144642905735
0.32126238296381665 0.30026457105033905
0.21165262430489254 0.21668188886022882
0.5124813683033687 0.5492089505731607
0.5124817515730345 0.5490866875497532
0.2901788297933908 0.3832198407974462
0.31199453917380093 0.3222653996793566
0.5124809850337028 0.5336129413302294
0.3878650691475968 0.4299718411776497
0.30680161847114495 0.3905272602466187
0.5124813683033687 0.534060217030281
0.41405580176373036 0.4933937724045074
0.2733632564737121 0.29219099553912437
0.5124817515730345 0.559236434840899
0.5124813683033687 0.6585745664549357
0.4260145818777071 0.494959428989521
0.1336120214830313 0.12394940993718594
0.25332208564620606 0.25197872546738775
0.5124809850337028 0.5747814692182717
0.3424951391824628 0.4687522157777557
0.3664675069726334 0.4944201685696644
0.43443463316685377 0.42306915449561905
0.22566802944584188 0.2628041771794342
0.32330942624914294 0.3469901258235986