1.6623242888392641e-06 2.206940369007926e-06
1.6623242888392641e-06 2.206940369007926e-06
1.6623242888392641e-06 2.206940369007926e-06
1.6623242888392641e-06 2.206940369007926e-06
1.6623242888392641e-06 2.206940369007926e-06
1.6623242888392641e-06 2.206940369007926e-06
1.6623242888392641e-06 2.206940369007926e-06
1.6623242888392641e-06 2.206940369007926e-06
1.6623242888392641e-06 2.206940369007926e-06
1.6623242888392641e-06 2.206940369007926e-06
1.6623242888392641e-06 2.206940369007926e-06
1.6623242888392641e-06 2.206940369007926e-06
1.6623242888392641e-06 2.206940369007926e-06
1.6623242888392641e-06 2.206940369007926e-06
1.6623242888392641e-06 2.206940369007926e-06
1.6623242888392641e-06 2.206940369007926e-06
1.6623242888392641e-06 2.206940369007926e-06
1.6623242888392641e-06 2.206940369007926e-06
1.6623242888392641e-06 2.206940369007926e-06
1.6623242888392641e-06 2.206940369007926e-06
1.6623242888392641e-06 2.206940369007926e-06
1.6623242888392641e-06 2.206940369007926e-06
1.6623242888392641e-06 2.206940369007926e-06
1.6623242888392641e-06 2.206940369007926e-06
1.6623242888392641e-06 2.206940369007926e-06
1.6623242888392641e-06 2.206940369007926e-06
1.6630477169609704e-06 2.2069404282497173e-06
1.6630477169609704e-06 2.2069404282497173e-06
1.6630477169609704e-06 2.2069404282497173e-06
1.6630477169609704e-06 2.2069404282497173e-06
1.6630477169609704e-06 2.2069404282497173e-06
1.6630477169609704e-06 2.2069404282497173e-06
1.6630477169609704e-06 2.2069404282497173e-06
1.6630477169609704e-06 2.2069404282497173e-06
1.6630477169609704e-06 2.2069404282497173e-06
1.6838853920434666e-06 2.2069403079707127e-06
1.6838853920434666e-06 2.2069403079707127e-06
1.6838853920434666e-06 2.2069403079707127e-06
1.6838853920434666e-06 2.2069403079707127e-06
1.6838853920434666e-06 2.2069403079707127e-06
1.6838853920434666e-06 2.2069403079707127e-06
1.6838853920434666e-06 2.2069403079707127e-06
1.6838853920434666e-06 2.2069403079707127e-06
1.6838853920434666e-06 2.2069403079707127e-06
1.6838853920434666e-06 2.2069403079707127e-06
1.6838853920434666e-06 2.2069403079707127e-06
1.6723486098518444e-06 2.2069404309331363e-06
1.6723486098518444e-06 2.2069404309331363e-06
1.6723486098518444e-06 2.2069404309331363e-06
1.6723486098518444e-06 2.2069404309331363e-06