0.11230424010266654 0.18781987674087938
0.13604617922385473 0.1360524434923827
6.023335123066977e-07 0.00014227117560684197
0.08716103229844806 0.23881861196097023
0.06963469315745516 0.17184514872758852
0.03211437494225127 0.08107674102393565
0.13152530481388558 0.12960241530919767
0.02412261390096601 0.06854422856677511
0.10869132322914851 0.19102814596082976
0.03580113790437811 0.039702813463695974
0.02412261390096601 0.05193452056481054
0.11946779256453009 0.18417708412515094
0.11946779256453009 0.2023909267370907
4.818668098453581e-07 0.00014227117560684197
0.021332243671854004 0.10176364457070426
0.08213985967315697 0.19650901952271332
0.15236002100457424 0.1550349841327283
0.07638456296306648 0.1944369922403783
0.07638456296306648 0.1944369922403783
1.3612737378131366e-05 0.00014227117560684197
0.0353346908324478 0.04210913584536123
0.017057964601823215 0.01674342604169666
0.16516996827750324 0.1644593351996838
0.11946779256453009 0.2023909267370907
0.03211437494225127 0.07780149231741675
0.07638456296306648 0.19196393130554945
0.12418310023227185 0.16556220786071738
0.03211437494225127 0.0794391166706762
0.005367634861569905 0.0033221102537763602
1.2046670246133953e-06 0.00014227117560684197
0.016622597939127935 0.08271424491049263
0.03905663007169335 0.20185629551156728
0.14288230318842834 0.17565502865963084
0.10555437029705522 0.206200806669133
0.049833099407074935 0.2511506678252351
0.049833099407074935 0.2511506678252351
0.049833099407074935 0.2511506678252351
0.049833099407074935 0.2511506678252351
0.14963217299403966 0.1898919040232144
0.0361112191965136 0.0965500866215824
0.022641234860798918 0.10744497472548349
0.022641234860798918 0.10744497472548349
0.07638456296306648 0.19691005317520713
0.03670764984039969 0.0431116597432445
8.432669172293766e-07 0.00014227117560684197
0.12621766237014143 0.21662780210067425
0.07324761003097319 0.2244146492810728
0.0361112191965136 0.08608972191345937
0.03442817889642622 0.03692894717282117
0.03211437494225127 0.07616398843085977