1.078478159469173e-06 0.0001263167544278269
3.370244248341166e-07 0.0001263167544278269
7.414537346350565e-07 0.0001263167544278269
3.3702442483411657e-06 0.0001263167544278269
9.517569757315452e-05 0.0001263167544278269
3.7072686731752823e-06 0.0001263167544278269
7.414537346350565e-07 0.0001263167544278269
1.3480976993364663e-06 0.0001263167544278269
0.00010279244957440555 0.0001263167544278269
4.044293098009399e-07 0.0001263167544278269
9.820891739666157e-05 0.0001263167544278269
4.044293098009399e-06 0.0001263167544278269
6.538273841781861e-06 0.0001263167544278269
0.014224924708743493 0.014447900068213743
1.766007986130771e-05 0.0001263167544278269
2.965814938540226e-06 0.0001263167544278269
4.044293098009399e-07 0.0001263167544278269
2.0221465490046996e-06 0.0001263167544278269
7.414537346350565e-07 0.0001263167544278269
3.370244248341166e-07 0.0001263167544278269
2.4939807437724626e-06 0.0001263167544278269
4.044293098009399e-07 0.0001263167544278269
3.639863788208459e-06 0.0001263167544278269
2.291766088871993e-06 0.0001263167544278269
5.392390797345865e-07 0.0001263167544278269
4.044293098009399e-07 0.0001263167544278269
4.718341947677632e-07 0.0001263167544278269
0.01752129320316102 0.016800330553555877
0.00022830034538263058 0.0001263167544278269
9.436683895355264e-07 0.0001263167544278269
2.763600283639756e-06 0.0001263167544278269
3.309579851871025e-05 0.0001263167544278269
7.414537346350565e-07 0.0001263167544278269
2.291766088871993e-06 0.0001263167544278269
7.886371541118328e-06 0.0001263167544278269
1.7525270091374063e-06 0.0001263167544278269
1.3480976993364663e-06 0.0001263167544278269
1.078478159469173e-06 0.0001263167544278269
6.740488496682332e-07 0.0001263167544278269
8.088586196018798e-07 0.0001263167544278269
7.414537346350565e-07 0.0001263167544278269
4.381317522843516e-06 0.0001263167544278269
2.359170973838816e-06 0.0001263167544278269
0.0004441307870463988 0.0001263167544278269
0.0005075587838001796 0.0001263167544278269
0.00036728921818422023 0.0001263167544278269
1.6851221241705829e-06 0.0001263167544278269
1.5503123542369362e-06 0.0001263167544278269
3.437649133307989e-06 0.0001263167544278269
1.8199318941042295e-06 0.0001263167544278269