5.331647483493334e-06 2.660110025462816e-06
1.69807109595124e-05 2.660110025462816e-06
5.910597740191075e-06 2.660110025462816e-06
4.680989888931813e-06 2.660110025462816e-06
2.1909419046204657e-05 2.660110025462816e-06
2.5761993343277757e-05 2.660110025462816e-06
7.135388920695059e-06 2.660110025462816e-06
1.1744162927447244e-06 2.660110025462816e-06
1.2599664451041462e-05 2.660110025462816e-06
1.1469685174999311e-05 2.660110025462816e-06
3.9363324162160575e-06 2.660110025462816e-06
3.7159750064237975e-06 2.660110025462816e-06
1.0257756748415986e-05 2.660110025462816e-06
1.4196274217256264e-06 2.660110025462816e-06
9.505010024469874e-06 2.660110025462816e-06
8.068206183561638e-06 2.660110025462816e-06
2.2520467785758915e-05 2.660110025462816e-06
1.5814889829297656e-05 2.660110025462816e-06
3.1830731244736324e-05 2.660110025462816e-06
1.753637508390566e-05 2.660110025462816e-06
7.250333227967718e-06 2.660110025462816e-06
1.1353764616967187e-05 2.660110025462816e-06
2.4531854417920424e-06 2.660110025462816e-06
3.706783873585747e-06 2.660110025462816e-06
1.8133272130795101e-06 2.6601214638484066e-06
3.525965148044979e-06 2.660110025462816e-06
1.609189549236275e-06 2.660121149269715e-06
2.9903940452954253e-05 2.660110025462816e-06
1.4219914301772242e-06 2.660110025462816e-06
4.7424574329278866e-07 2.660110025462816e-06
9.48922097127308e-06 2.660110025462816e-06
5.216703176220675e-06 2.660110025462816e-06
4.774609686710449e-06 2.660110025462816e-06
1.3723318736879955e-05 2.660110025462816e-06
1.6836393725514468e-05 2.660110025462816e-06
4.5355517257160295e-06 2.660110025462816e-06
1.8174954568753766e-06 2.660110025462816e-06
1.7425851711528104e-05 2.660110025462816e-06
3.396081805783105e-06 2.660110025462816e-06
8.379517434067057e-06 2.660110025462816e-06
5.327226548598232e-06 2.660110025462816e-06
9.836580141602545e-06 2.660110025462816e-06
1.0207158507809647e-06 2.660110025462816e-06
1.0527351218962274e-05 2.660110025462816e-06
6.005103232513913e-06 2.660110025462816e-06
7.073495832163628e-07 2.660110025462816e-06
1.9231066793694862e-05 2.660110025462816e-06
2.1927837079707245e-05 2.660110025462816e-06
2.365200168879713e-05 2.660110025462816e-06
1.1012120233729837e-05 2.660110025462816e-06