0.18333361648629823 0.1876330111052593
0.3330275281312471 0.5379668484508702
0.2035280859425879 0.4909996998578572
0.12115435800728269 0.22373388151747337
0.4036390819048266 0.4058329510768307
0.18795580548523924 0.3829338044998669
0.3330275281312471 0.5379668484508702
0.29623802970840907 0.40526664514704136
0.15408164998895704 0.15496055679199017
0.2988838110123851 0.431599870882248
0.2374407502420958 0.4312000588958167
0.28354258337439053 0.5501333650464654
0.2976028269992015 0.301333650464654
0.058797279466313294 0.2943329765605976
0.058797279466313294 0.2943329765605976
0.058797279466313294 0.2943329765605976
0.058797279466313294 0.2943329765605976
0.058797279466313294 0.2943329765605976
0.058797279466313294 0.2943329765605976
0.058797279466313294 0.2943329765605976
0.058797279466313294 0.2943329765605976
0.058797279466313294 0.2943329765605976
0.058797279466313294 0.2943329765605976
0.058797279466313294 0.2943329765605976
0.058797279466313294 0.2943329765605976
0.027175888958733286 0.032999779140687385
0.200992167988991 0.29719961717719146
0.3174552476738984 0.3816335660850705
0.09524586171941807 0.47983327953427
0.09524586171941807 0.47983327953427
0.09524586171941807 0.47983327953427
0.09524586171941807 0.47983327953427
0.09524586171941807 0.47983327953427
0.09524586171941807 0.47983327953427
0.09524586171941807 0.47983327953427
0.09524586171941807 0.47983327953427
0.09524586171941807 0.47983327953427
0.09524586171941807 0.47983327953427
0.09524586171941807 0.47983327953427
0.09524586171941807 0.47983327953427
0.09524586171941807 0.47983327953427
0.054747059456459565 0.14996687110310733
0.015558689115033723 0.016599559413986623
0.2035280859425879 0.5133336731168912
0.19148502403968673 0.25256678162677043
0.19602226714915932 0.19650022935390157
0.20543200647853985 0.21169988050944882
0.2623253654089012 0.3797001976407695
0.33049161017765016 0.3701001795189797
0.2035280859425879 0.5133336731168912