6.176538979230558e-06 8.457822124609425e-06
6.176538979230558e-06 8.457822124609425e-06
6.176538979230558e-06 8.457822124609425e-06
6.176538979230558e-06 8.457822124609425e-06
6.176538979230558e-06 8.457822124609425e-06
6.648034428399182e-06 8.457786488989202e-06
6.648034428399182e-06 8.457786488989202e-06
8.027720215948211e-06 8.457807777002369e-06
8.027720215948211e-06 8.457807777002369e-06
8.027720215948211e-06 8.457807777002369e-06
4.292473505364279e-06 8.457784308585038e-06
4.292473505364279e-06 8.457784308585038e-06
8.322082513188945e-06 8.457808443365675e-06
8.322082513188945e-06 8.457808443365675e-06
8.322082513188945e-06 8.457808443365675e-06
8.225997255410992e-06 8.457797058800184e-06
8.225997255410992e-06 8.457797058800184e-06
8.225997255410992e-06 8.457797058800184e-06
8.225997255410992e-06 8.457797058800184e-06
8.394259528417203e-06 8.457800803242996e-06
8.394259528417203e-06 8.457800803242996e-06
8.362485285487693e-06 8.457800035647004e-06
7.34384147601877e-06 8.457815632002354e-06
8.390505296283213e-06 8.457810817632269e-06
6.918332956339927e-06 8.457811900729895e-06
6.918332956339927e-06 8.457811900729895e-06
7.528917546098513e-06 8.457811900729895e-06
7.930530644135639e-06 8.457805717413427e-06
7.655096236508585e-06 8.457791981377303e-06
7.655096236508585e-06 8.457791981377303e-06
7.655096236508585e-06 8.457791981377303e-06
8.099281897392417e-06 8.45780379865115e-06
8.099281897392417e-06 8.45780379865115e-06
8.099281897392417e-06 8.45780379865115e-06
7.1233981848229506e-06 8.457798963245671e-06
7.1233981848229506e-06 8.457798963245671e-06
7.1233981848229506e-06 8.457798963245671e-06
8.39194410140719e-06 8.457802095704753e-06
8.255331950616593e-06 8.457808735683244e-06
8.255331950616593e-06 8.457808735683244e-06
8.151455238099225e-06 8.45779965431212e-06
8.151455238099225e-06 8.45779965431212e-06
8.281131566711848e-06 8.457813216633133e-06
8.281131566711848e-06 8.457813216633133e-06
8.346684791092286e-06 8.457796578173895e-06
8.397110495890816e-06 8.457795806954452e-06
7.799100555593668e-06 8.457801094761011e-06
7.799100555593668e-06 8.457801094761011e-06
8.311474733501452e-06 8.457796346138799e-06
8.393743202510943e-06 8.457807095794142e-06