2.6161061774331317e-07 3.954920880410263e-07
2.6161061774331317e-07 3.954920880410263e-07
2.6161061774331317e-07 3.954920880410263e-07
2.6161061774331317e-07 3.954920880410263e-07
2.6161061774331317e-07 3.954920880410263e-07
2.6161061774331317e-07 3.954920880410263e-07
2.6161061774331317e-07 3.954920880410263e-07
2.6161061774331317e-07 3.954920880410263e-07
2.6161061774331317e-07 3.954920880410263e-07
2.6161061774331317e-07 3.954920880410263e-07
2.6161061774331317e-07 3.954920880410263e-07
2.6161061774331317e-07 3.954920880410263e-07
2.6161061774331317e-07 3.954920880410263e-07
2.6161061774331317e-07 3.954920880410263e-07
2.6161061774331317e-07 3.954920880410263e-07
2.6161061774331317e-07 3.954920880410263e-07
2.6161061774331317e-07 3.954920880410263e-07
2.6161061774331317e-07 3.954920880410263e-07
2.6161061774331317e-07 3.954920880410263e-07
2.6161061774331317e-07 3.954920880410263e-07
2.6161061774331317e-07 3.954920880410263e-07
2.6161061774331317e-07 3.954920880410263e-07
2.6161061774331317e-07 3.954920880410263e-07
2.6161061774331317e-07 3.954920880410263e-07
2.6161061774331317e-07 3.954920880410263e-07
2.6161061774331317e-07 3.954920880410263e-07
2.6161061774331317e-07 3.954920880410263e-07
2.6161061774331317e-07 3.954920880410263e-07
2.6161061774331317e-07 3.954920880410263e-07
2.6161061774331317e-07 3.954920880410263e-07
2.6161061774331317e-07 3.954920880410263e-07
2.6161061774331317e-07 3.954920880410263e-07
2.6161061774331317e-07 3.954920880410263e-07
2.6161061774331317e-07 3.954920880410263e-07
2.6161061774331317e-07 3.954920880410263e-07
2.6161061774331317e-07 3.954920880410263e-07
2.6161061774331317e-07 3.954920880410263e-07
2.6161061774331317e-07 3.954920880410263e-07
2.6161061774331317e-07 3.954920880410263e-07
2.6161061774331317e-07 3.954920880410263e-07
1.1287767622535997e-07 3.954919704941973e-07
1.1287767622535997e-07 3.954919704941973e-07
1.1287767622535997e-07 3.954919704941973e-07
1.1287767622535997e-07 3.954919704941973e-07
1.1287767622535997e-07 3.954919704941973e-07
1.1287767622535997e-07 3.954919704941973e-07
1.1287767622535997e-07 3.954919704941973e-07
1.1287767622535997e-07 3.954919704941973e-07
1.1287767622535997e-07 3.954919704941973e-07
1.1287767622535997e-07 3.954919704941973e-07