0.05192687262902977 0.061499993000825905
0.03225464395201366 0.04783340565813234
0.03921812226157313 0.0474334028584627
0.13964122233576437 0.20973340145862787
0.09127307977658636 0.21856670912832285
0.09127307977658636 0.2028665117516133
0.03035541806066884 0.049199994400660724
0.03225464395201366 0.052666685331130926
0.013919257527611742 0.026566765121715637
0.09127307977658636 0.21856670912832285
0.09127307977658636 0.21856670912832285
0.12095062782591655 0.31366658734269354
0.041117348152917954 0.04816656634517127
0.019650531237313997 0.029833279672998585
0.03877892408695774 0.050100088189593626
0.11736985035765779 0.11200008399008916
0.056519380713075856 0.1479667399246889
0.012435432618950963 0.03350014698265605
0.04192085333930596 0.052266682531461287
0.013919257527611742 0.03173320548175315
0.022835505410361577 0.022599983201982168
0.09127307977658636 0.2028665117516133
0.04192085333930596 0.052100102187941824
0.13401773590716295 0.21026673852485406
0.01869059450984784 0.08916667833195682
0.01869059450984784 0.08916667833195682
0.01869059450984784 0.08916667833195682
0.01869059450984784 0.08916667833195682
0.01869059450984784 0.08916667833195682
0.01869059450984784 0.08916667833195682
0.01869059450984784 0.08916667833195682
0.029112714699665438 0.045833391659784145
0.011415652952951551 0.0183910298584767
0.19308551590912273 0.2411334462533421
0.031948780043954815 0.05333335666391366
0.10669191035457816 0.19216652435012668
0.11214041743074317 0.12120014838249087
0.185960356677912 0.2608665677450061
0.03782878620322802 0.18716666433360862
0.03782878620322802 0.18716666433360862
0.03782878620322802 0.18716666433360862
0.03782878620322802 0.18716666433360862
0.09127307977658636 0.23426655654632753
0.03921812226157313 0.049366574744180186
0.1743949213992749 0.3293667847194031
0.09127307977658636 0.24996675392303708
0.01874693786133236 0.0335998852135448
0.014866245782997606 0.039566681131626466
0.1743949213992749 0.3293667847194031
0.013132200400352758 0.015366686730965745