0.2931960455649437 0.2921511492304774
0.6732553185534406 0.6717812683673183
0.4198990555505453 0.4180953654493832
0.5798988067657037 0.5762820971318218
0.7339246119733924 0.7315238382525353
0.3530661176814497 0.3500029543199933
0.3530661176814497 0.3500029543199933
0.7890117955112995 0.7881814761026611
0.7890117955112995 0.7881814761026611
0.7993083781405199 0.7986459884999207
0.7993083781405199 0.7986459884999207
0.6808090483046868 0.6801093409378567
0.4473151450882098 0.4455425530922401
0.9015527283922591 0.8991643939134788
0.7040268936413704 0.7054076495119153
0.7040268936413704 0.7054076495119153
0.7040268936413704 0.7054076495119153
0.7040268936413704 0.7054076495119153
0.7040268936413704 0.7054076495119153
0.7040268936413704 0.7054076495119153
0.6259053435874152 0.6232744438881339
0.36263811445968597 0.359923249876385
0.36263811445968597 0.359923249876385
0.98006300476112 0.980507707665372
0.98006300476112 0.980507707665372
0.98006300476112 0.980507707665372
0.7511716211131256 0.748652674592537
0.3871185428671831 0.3854827825340602
0.5645239035585562 0.558304282520066
0.6597307526052437 0.65875738191272
0.910549410224435 0.9082512602507129
0.910549410224435 0.9082512602507129
0.9192537698678019 0.9181062497862005
0.9192537698678019 0.9181062497862005
0.8841595581581214 0.8813203011540507
0.8841595581581214 0.8813203011540507
0.46404903549226745 0.46206808619150835
0.606804887378212 0.6046000317200673
0.606804887378212 0.6046000317200673
0.606804887378212 0.6046000317200673
0.606804887378212 0.6046000317200673
0.606804887378212 0.6046000317200673
0.606804887378212 0.6046000317200673
0.8314513796674369 0.8283135808535186
0.8314513796674369 0.8283135808535186
0.8314513796674369 0.8283135808535186
0.8314513796674369 0.8283135808535186
0.8314513796674369 0.8283135808535186
0.8314513796674369 0.8283135808535186
0.8314513796674369 0.8283135808535186