0.06610732909782663 0.010638563461061559
0.06610732909782663 0.010638563461061559
0.06610732909782663 0.010638563461061559
0.06610732909782663 0.010638563461061559
0.06610732909782663 0.010638563461061559
0.06610732909782663 0.010638563461061559
0.06610732909782663 0.010638563461061559
0.06610732909782663 0.010638563461061559
0.06610732909782663 0.010638563461061559
0.06610732909782663 0.010638563461061559
0.06610732909782663 0.010638563461061559
0.06610732909782663 0.010638563461061559
0.06610732909782663 0.010638563461061559
0.06610732909782663 0.010638563461061559
0.06610732909782663 0.010638563461061559
0.06610732909782663 0.010638563461061559
0.06610732909782663 0.010638563461061559
0.06610732909782663 0.010638563461061559
0.06610732909782663 0.010638563461061559
0.06610732909782663 0.010638563461061559
0.06610732909782663 0.010638563461061559
0.06610732909782663 0.010638563461061559
0.06610732909782663 0.010638563461061559
0.06610732909782663 0.010638563461061559
0.06610732909782663 0.010638563461061559
0.06610732909782663 0.010638563461061559
0.3954692183537007 0.010641021993342248
0.3954692183537007 0.010641021993342248
0.3954692183537007 0.010641021993342248
0.3954692183537007 0.010641021993342248
0.3954692183537007 0.010641021993342248
0.3954692183537007 0.010641021993342248
0.3954692183537007 0.010641021993342248
0.3954692183537007 0.010641021993342248
0.3954692183537007 0.010641021993342248
0.3954692183537007 0.010641021993342248
0.3954692183537007 0.010641021993342248
0.3954692183537007 0.010641021993342248
0.3954692183537007 0.010641021993342248
0.3954692183537007 0.010641021993342248
0.3954692183537007 0.010641021993342248
0.3954692183537007 0.010641021993342248
0.3954692183537007 0.010641021993342248
0.3954692183537007 0.010641021993342248
0.3954692183537007 0.010641021993342248
0.3954692183537007 0.010641021993342248
0.3954692183537007 0.010641021993342248
0.3954692183537007 0.010641021993342248
0.3954692183537007 0.010641021993342248
0.3954692183537007 0.010641021993342248
0.3954692183537007 0.010641021993342248
0.3954692183537007 0.010641021993342248
0.8323421213979154 0.010637083269904094
0.8323421213979154 0.010637083269904094
0.8323421213979154 0.010637083269904094
0.8323421213979154 0.010637083269904094
0.8323421213979154 0.010637083269904094
0.8323421213979154 0.010637083269904094
0.8323421213979154 0.010637083269904094
0.8323421213979154 0.010637083269904094
0.8323421213979154 0.010637083269904094
0.8323421213979154 0.010637083269904094
0.8323421213979154 0.010637083269904094
0.8323421213979154 0.010637083269904094
0.8323421213979154 0.010637083269904094
0.8323421213979154 0.010637083269904094
0.8323421213979154 0.010637083269904094
0.8323421213979154 0.010637083269904094
0.8323421213979154 0.010637083269904094
0.8323421213979154 0.010637083269904094
0.8323421213979154 0.010637083269904094
0.8323421213979154 0.010637083269904094
0.8323421213979154 0.010637083269904094
0.8323421213979154 0.010637083269904094
0.8323421213979154 0.010637083269904094
0.8323421213979154 0.010637083269904094
0.8323421213979154 0.010637083269904094
0.8323421213979154 0.010637083269904094
0.2690327851597155 0.010638919155227104
0.2690327851597155 0.010638919155227104
0.2690327851597155 0.010638919155227104
0.2690327851597155 0.010638919155227104
0.2690327851597155 0.010638919155227104
0.2690327851597155 0.010638919155227104
0.2690327851597155 0.010638919155227104
0.2690327851597155 0.010638919155227104
0.2690327851597155 0.010638919155227104
0.2690327851597155 0.010638919155227104
0.2690327851597155 0.010638919155227104
0.2690327851597155 0.010638919155227104
0.2690327851597155 0.010638919155227104
0.2690327851597155 0.010638919155227104
0.2690327851597155 0.010638919155227104
0.2690327851597155 0.010638919155227104
0.2690327851597155 0.010638919155227104
0.2690327851597155 0.010638919155227104
0.2690327851597155 0.010638919155227104
0.2690327851597155 0.010638919155227104
0.2690327851597155 0.010638919155227104
0.2690327851597155 0.010638919155227104
0.2690327851597155 0.010638919155227104
0.5885024309451301 0.010639545795795796
0.5885024309451301 0.010639545795795796
0.5885024309451301 0.010639545795795796
0.5885024309451301 0.010639545795795796
0.5885024309451301 0.010639545795795796
0.5885024309451301 0.010639545795795796
0.5885024309451301 0.010639545795795796
0.5885024309451301 0.010639545795795796
0.5885024309451301 0.010639545795795796
0.5885024309451301 0.010639545795795796
0.5885024309451301 0.010639545795795796
0.5885024309451301 0.010639545795795796
0.5885024309451301 0.010639545795795796
0.5885024309451301 0.010639545795795796
0.5885024309451301 0.010639545795795796
0.5885024309451301 0.010639545795795796
0.5885024309451301 0.010639545795795796
0.5885024309451301 0.010639545795795796
0.5885024309451301 0.010639545795795796
0.5885024309451301 0.010639545795795796
0.5885024309451301 0.010639545795795796
0.5885024309451301 0.010639545795795796
0.5885024309451301 0.010639545795795796
0.5885024309451301 0.010639545795795796
0.5885024309451301 0.010639545795795796
0.5885024309451301 0.010639545795795796
1.0 0.010640051492982512
1.0 0.010640051492982512
1.0 0.010640051492982512
1.0 0.010640051492982512
1.0 0.010640051492982512
1.0 0.010640051492982512
1.0 0.010640051492982512
1.0 0.010640051492982512
1.0 0.010640051492982512
1.0 0.010640051492982512
1.0 0.010640051492982512
1.0 0.010640051492982512
1.0 0.010640051492982512
1.0 0.010640051492982512
1.0 0.010640051492982512
1.0 0.010640051492982512
1.0 0.010640051492982512
1.0 0.010640051492982512
1.0 0.010640051492982512
1.0 0.010640051492982512
1.0 0.010640051492982512
1.0 0.010640051492982512
1.0 0.010640051492982512
1.0 0.010640051492982512
1.0 0.010640051492982512
1.0 0.010640051492982512
1.0 0.010640051492982512
1.0 0.010640051492982512
1.0 0.010640051492982512
1.0 0.010640051492982512
1.0 0.010640051492982512
1.0 0.010640051492982512
1.0 0.010640051492982512
1.0 0.010640051492982512
1.0 0.010640051492982512
1.0 0.010640051492982512
1.0 0.010640051492982512
1.0 0.010640051492982512
1.0 0.010640051492982512
1.0 0.010640051492982512
1.0 0.010640051492982512
1.0 0.010640051492982512
1.0 0.010640051492982512
1.0 0.010640051492982512
1.0 0.010640051492982512
1.0 0.010640051492982512
1.0 0.010640051492982512
1.0 0.010640051492982512
1.0 0.010640051492982512
1.0 0.010640051492982512
1.0 0.010640051492982512
1.0 0.010640051492982512
1.0 0.010640051492982512
1.0 0.010640051492982512
1.0 0.010640051492982512
1.0 0.010640051492982512
1.0 0.010640051492982512
1.0 0.010640051492982512
1.0 0.010640051492982512
1.0 0.010640051492982512
1.0 0.010640051492982512
1.0 0.010640051492982512
1.0 0.010640051492982512
1.0 0.010640051492982512
1.0 0.010640051492982512
1.0 0.010640051492982512
1.0 0.010640051492982512
1.0 0.010640051492982512
1.0 0.010640051492982512
1.0 0.010640051492982512
1.0 0.010640051492982512
1.0 0.010640051492982512
1.0 0.010640051492982512
1.0 0.010640051492982512
1.0 0.010640051492982512
1.0 0.010640051492982512
1.0 0.010640051492982512
1.0 0.010640051492982512
1.0 0.010640051492982512
1.0 0.010640051492982512
1.0 0.010640051492982512
1.0 0.010640051492982512
1.0 0.010640051492982512
1.0 0.010640051492982512
1.0 0.010640051492982512
1.0 0.010640051492982512
1.0 0.010640051492982512
1.0 0.010640051492982512
1.0 0.010640051492982512
1.0 0.010640051492982512
1.0 0.010640051492982512
1.0 0.010640051492982512
1.0 0.010640051492982512
1.0 0.010640051492982512
1.0 0.010640051492982512
1.0 0.010640051492982512
1.0 0.010640051492982512
1.0 0.010640051492982512
1.0 0.010640051492982512
1.0 0.010640051492982512
1.0 0.010640051492982512
1.0 0.010640051492982512
1.0 0.010640051492982512
1.0 0.010640051492982512
1.0 0.010640051492982512
1.0 0.010640051492982512
1.0 0.010640051492982512
1.0 0.010640051492982512
1.0 0.010640051492982512
1.0 0.010640051492982512
1.0 0.010640051492982512
1.0 0.010640051492982512
1.0 0.010640051492982512
1.0 0.010640051492982512
1.0 0.010640051492982512
1.0 0.010640051492982512
1.0 0.010640051492982512
1.0 0.010640051492982512
1.0 0.010640051492982512
1.0 0.010640051492982512
1.0 0.010640051492982512
1.0 0.010640051492982512
1.0 0.010640051492982512
1.0 0.010640051492982512
1.0 0.010640051492982512
1.0 0.010640051492982512
1.0 0.010640051492982512
1.0 0.010640051492982512
1.0 0.010640051492982512
1.0 0.010640051492982512
1.0 0.010640051492982512
1.0 0.010640051492982512
1.0 0.010640051492982512
1.0 0.010640051492982512
1.0 0.010640051492982512
1.0 0.010640051492982512
1.0 0.010640051492982512
1.0 0.010640051492982512
1.0 0.010640051492982512
1.0 0.010640051492982512
1.0 0.010640051492982512
1.0 0.010640051492982512
1.0 0.010640051492982512
1.0 0.010640051492982512
1.0 0.010640051492982512
1.0 0.010640051492982512
1.0 0.010640051492982512
1.0 0.010640051492982512
1.0 0.010640051492982512
1.0 0.010640051492982512
1.0 0.010640051492982512
1.0 0.010640051492982512
1.0 0.010640051492982512
1.0 0.010640051492982512
1.0 0.010640051492982512
1.0 0.010640051492982512
1.0 0.010640051492982512
1.0 0.010640051492982512
1.0 0.010640051492982512
1.0 0.010640051492982512
1.0 0.010640051492982512
1.0 0.010640051492982512
1.0 0.010640051492982512
1.0 0.010640051492982512
1.0 0.010640051492982512
1.0 0.010640051492982512
1.0 0.010640051492982512
1.0 0.010640051492982512
1.0 0.010640051492982512
1.0 0.010640051492982512
1.0 0.010640051492982512
1.0 0.010640051492982512
1.0 0.010640051492982512
1.0 0.010640051492982512
1.0 0.010640051492982512
1.0 0.010640051492982512
1.0 0.010640051492982512
1.0 0.010640051492982512
1.0 0.010640051492982512
1.0 0.010640051492982512
1.0 0.010640051492982512
1.0 0.010640051492982512
0.09679956791085624 0.010638081720205389
0.09679956791085624 0.010638081720205389
0.09679956791085624 0.010638081720205389
0.09679956791085624 0.010638081720205389
0.09679956791085624 0.010638081720205389
0.09679956791085624 0.010638081720205389
0.09679956791085624 0.010638081720205389
0.09679956791085624 0.010638081720205389
0.09679956791085624 0.010638081720205389
0.09679956791085624 0.010638081720205389
0.09679956791085624 0.010638081720205389
0.09679956791085624 0.010638081720205389
0.09679956791085624 0.010638081720205389
0.09679956791085624 0.010638081720205389
0.09679956791085624 0.010638081720205389
0.09679956791085624 0.010638081720205389
0.09679956791085624 0.010638081720205389
0.09679956791085624 0.010638081720205389
0.09679956791085624 0.010638081720205389
0.09679956791085624 0.010638081720205389
0.09679956791085624 0.010638081720205389
0.09679956791085624 0.010638081720205389
0.09679956791085624 0.010638081720205389
0.09679956791085624 0.010638081720205389
0.09679956791085624 0.010638081720205389
0.09679956791085624 0.010638081720205389
0.7015470795417663 0.010636185938549874
0.7015470795417663 0.010636185938549874
0.7015470795417663 0.010636185938549874
0.7015470795417663 0.010636185938549874
0.7015470795417663 0.010636185938549874
0.7015470795417663 0.010636185938549874
0.7015470795417663 0.010636185938549874
0.7015470795417663 0.010636185938549874
0.7015470795417663 0.010636185938549874
0.7015470795417663 0.010636185938549874
0.7015470795417663 0.010636185938549874
0.7015470795417663 0.010636185938549874
0.7015470795417663 0.010636185938549874
0.7015470795417663 0.010636185938549874
0.7015470795417663 0.010636185938549874
0.7015470795417663 0.010636185938549874
0.7015470795417663 0.010636185938549874
0.7015470795417663 0.010636185938549874
0.7015470795417663 0.010636185938549874
0.7015470795417663 0.010636185938549874
0.7015470795417663 0.010636185938549874
0.7015470795417663 0.010636185938549874
0.7015470795417663 0.010636185938549874
0.7015470795417663 0.010636185938549874
0.7015470795417663 0.010636185938549874
0.7015470795417663 0.010636185938549874
0.532003747824923 0.010640560313049396
0.532003747824923 0.010640560313049396
0.532003747824923 0.010640560313049396
0.532003747824923 0.010640560313049396
0.532003747824923 0.010640560313049396
0.532003747824923 0.010640560313049396
0.532003747824923 0.010640560313049396
0.532003747824923 0.010640560313049396
0.532003747824923 0.010640560313049396
0.532003747824923 0.010640560313049396
0.532003747824923 0.010640560313049396
0.532003747824923 0.010640560313049396
0.532003747824923 0.010640560313049396
0.532003747824923 0.010640560313049396
0.532003747824923 0.010640560313049396
0.532003747824923 0.010640560313049396
0.532003747824923 0.010640560313049396
0.532003747824923 0.010640560313049396
0.532003747824923 0.010640560313049396
0.532003747824923 0.010640560313049396
0.532003747824923 0.010640560313049396
0.532003747824923 0.010640560313049396
0.532003747824923 0.010640560313049396
0.532003747824923 0.010640560313049396
0.532003747824923 0.010640560313049396
0.532003747824923 0.010640560313049396
0.19456698650446408 0.010638081720205389
0.19456698650446408 0.010638081720205389
0.19456698650446408 0.010638081720205389
0.19456698650446408 0.010638081720205389
0.19456698650446408 0.010638081720205389
0.19456698650446408 0.010638081720205389
0.19456698650446408 0.010638081720205389
0.19456698650446408 0.010638081720205389
0.19456698650446408 0.010638081720205389
0.19456698650446408 0.010638081720205389
0.19456698650446408 0.010638081720205389
0.19456698650446408 0.010638081720205389
0.19456698650446408 0.010638081720205389
0.19456698650446408 0.010638081720205389
0.19456698650446408 0.010638081720205389
0.19456698650446408 0.010638081720205389
0.19456698650446408 0.010638081720205389
0.19456698650446408 0.010638081720205389
0.19456698650446408 0.010638081720205389
0.19456698650446408 0.010638081720205389
0.19456698650446408 0.010638081720205389
0.19456698650446408 0.010638081720205389
0.19456698650446408 0.010638081720205389
0.41160073769894673 0.010638059402769994
0.41160073769894673 0.010638059402769994
0.41160073769894673 0.010638059402769994
0.41160073769894673 0.010638059402769994
0.41160073769894673 0.010638059402769994
0.41160073769894673 0.010638059402769994
0.41160073769894673 0.010638059402769994
0.41160073769894673 0.010638059402769994
0.41160073769894673 0.010638059402769994
0.41160073769894673 0.010638059402769994
0.41160073769894673 0.010638059402769994
0.41160073769894673 0.010638059402769994
0.41160073769894673 0.010638059402769994
0.41160073769894673 0.010638059402769994
0.41160073769894673 0.010638059402769994
0.41160073769894673 0.010638059402769994
0.41160073769894673 0.010638059402769994
0.41160073769894673 0.010638059402769994
0.41160073769894673 0.010638059402769994
0.41160073769894673 0.010638059402769994
0.41160073769894673 0.010638059402769994
0.41160073769894673 0.010638059402769994
0.41160073769894673 0.010638059402769994
0.7307170679310382 0.010637753049025847
0.7307170679310382 0.010637753049025847
0.7307170679310382 0.010637753049025847
0.7307170679310382 0.010637753049025847
0.7307170679310382 0.010637753049025847
0.7307170679310382 0.010637753049025847
0.7307170679310382 0.010637753049025847
0.7307170679310382 0.010637753049025847
0.7307170679310382 0.010637753049025847
0.7307170679310382 0.010637753049025847
0.7307170679310382 0.010637753049025847
0.7307170679310382 0.010637753049025847
0.7307170679310382 0.010637753049025847
0.7307170679310382 0.010637753049025847
0.7307170679310382 0.010637753049025847
0.7307170679310382 0.010637753049025847
0.7307170679310382 0.010637753049025847
0.7307170679310382 0.010637753049025847
0.7307170679310382 0.010637753049025847
0.7307170679310382 0.010637753049025847
0.7307170679310382 0.010637753049025847
0.7307170679310382 0.010637753049025847
0.7307170679310382 0.010637753049025847
0.7307170679310382 0.010637753049025847
0.7307170679310382 0.010637753049025847
0.7307170679310382 0.010637753049025847
0.9469838870450089 0.010636552733285651
0.9469838870450089 0.010636552733285651
0.9469838870450089 0.010636552733285651
0.9469838870450089 0.010636552733285651
0.9469838870450089 0.010636552733285651
0.9469838870450089 0.010636552733285651
0.9469838870450089 0.010636552733285651
0.9469838870450089 0.010636552733285651
0.9469838870450089 0.010636552733285651
0.9469838870450089 0.010636552733285651
0.9469838870450089 0.010636552733285651
0.9469838870450089 0.010636552733285651
0.9469838870450089 0.010636552733285651
0.9469838870450089 0.010636552733285651
0.9469838870450089 0.010636552733285651
0.9469838870450089 0.010636552733285651
0.9469838870450089 0.010636552733285651
0.9469838870450089 0.010636552733285651
0.9469838870450089 0.010636552733285651
0.9469838870450089 0.010636552733285651
0.9469838870450089 0.010636552733285651
0.9469838870450089 0.010636552733285651
0.9469838870450089 0.010636552733285651
0.9469838870450089 0.010636552733285651
0.9469838870450089 0.010636552733285651
0.9469838870450089 0.010636552733285651
0.21541950113378686 0.010637947466899854
0.21541950113378686 0.010637947466899854
0.21541950113378686 0.010637947466899854
0.21541950113378686 0.010637947466899854
0.21541950113378686 0.010637947466899854
0.21541950113378686 0.010637947466899854
0.21541950113378686 0.010637947466899854
0.21541950113378686 0.010637947466899854
0.21541950113378686 0.010637947466899854
0.21541950113378686 0.010637947466899854
0.21541950113378686 0.010637947466899854
0.21541950113378686 0.010637947466899854
0.21541950113378686 0.010637947466899854
0.21541950113378686 0.010637947466899854
0.21541950113378686 0.010637947466899854
0.21541950113378686 0.010637947466899854
0.21541950113378686 0.010637947466899854
0.21541950113378686 0.010637947466899854
0.21541950113378686 0.010637947466899854
0.21541950113378686 0.010637947466899854
0.21541950113378686 0.010637947466899854
0.21541950113378686 0.010637947466899854
0.21541950113378686 0.010637947466899854
0.41160073769894673 0.010638499742102204
0.41160073769894673 0.010638499742102204
0.41160073769894673 0.010638499742102204
0.41160073769894673 0.010638499742102204
0.41160073769894673 0.010638499742102204
0.41160073769894673 0.010638499742102204
0.41160073769894673 0.010638499742102204
0.41160073769894673 0.010638499742102204
0.41160073769894673 0.010638499742102204
0.41160073769894673 0.010638499742102204
0.41160073769894673 0.010638499742102204
0.41160073769894673 0.010638499742102204
0.41160073769894673 0.010638499742102204
0.41160073769894673 0.010638499742102204
0.41160073769894673 0.010638499742102204
0.41160073769894673 0.010638499742102204
0.41160073769894673 0.010638499742102204
0.41160073769894673 0.010638499742102204
0.41160073769894673 0.010638499742102204
0.41160073769894673 0.010638499742102204
0.41160073769894673 0.010638499742102204
0.41160073769894673 0.010638499742102204
0.41160073769894673 0.010638499742102204
0.3350091593095722 0.010637345629997083
0.3350091593095722 0.010637345629997083
0.3350091593095722 0.010637345629997083
0.3350091593095722 0.010637345629997083
0.3350091593095722 0.010637345629997083
0.3350091593095722 0.010637345629997083
0.3350091593095722 0.010637345629997083
0.3350091593095722 0.010637345629997083
0.3350091593095722 0.010637345629997083
0.3350091593095722 0.010637345629997083
0.3350091593095722 0.010637345629997083
0.3350091593095722 0.010637345629997083
0.3350091593095722 0.010637345629997083
0.3350091593095722 0.010637345629997083
0.3350091593095722 0.010637345629997083
0.3350091593095722 0.010637345629997083
0.3350091593095722 0.010637345629997083
0.3350091593095722 0.010637345629997083
0.3350091593095722 0.010637345629997083
0.3350091593095722 0.010637345629997083
0.3350091593095722 0.010637345629997083
0.3350091593095722 0.010637345629997083
0.3350091593095722 0.010637345629997083
0.20536280762680736 0.01063936632496602
0.20536280762680736 0.01063936632496602
0.20536280762680736 0.01063936632496602
0.20536280762680736 0.01063936632496602
0.20536280762680736 0.01063936632496602
0.20536280762680736 0.01063936632496602
0.20536280762680736 0.01063936632496602
0.20536280762680736 0.01063936632496602
0.20536280762680736 0.01063936632496602
0.20536280762680736 0.01063936632496602
0.20536280762680736 0.01063936632496602
0.20536280762680736 0.01063936632496602
0.20536280762680736 0.01063936632496602
0.20536280762680736 0.01063936632496602
0.20536280762680736 0.01063936632496602
0.20536280762680736 0.01063936632496602
0.20536280762680736 0.01063936632496602
0.20536280762680736 0.01063936632496602
0.20536280762680736 0.01063936632496602
0.20536280762680736 0.01063936632496602
0.20536280762680736 0.01063936632496602
0.20536280762680736 0.01063936632496602
0.20536280762680736 0.01063936632496602
0.3106066305184396 0.01063822665726501
0.3106066305184396 0.01063822665726501
0.3106066305184396 0.01063822665726501
0.3106066305184396 0.01063822665726501
0.3106066305184396 0.01063822665726501
0.3106066305184396 0.01063822665726501
0.3106066305184396 0.01063822665726501
0.3106066305184396 0.01063822665726501
0.3106066305184396 0.01063822665726501
0.3106066305184396 0.01063822665726501
0.3106066305184396 0.01063822665726501
0.3106066305184396 0.01063822665726501
0.3106066305184396 0.01063822665726501
0.3106066305184396 0.01063822665726501
0.3106066305184396 0.01063822665726501
0.3106066305184396 0.01063822665726501
0.3106066305184396 0.01063822665726501
0.3106066305184396 0.01063822665726501
0.3106066305184396 0.01063822665726501
0.3106066305184396 0.01063822665726501
0.3106066305184396 0.01063822665726501
0.3106066305184396 0.01063822665726501
0.3106066305184396 0.01063822665726501
0.5622266003272448 0.01063936632496602
0.5622266003272448 0.01063936632496602
0.5622266003272448 0.01063936632496602
0.5622266003272448 0.01063936632496602
0.5622266003272448 0.01063936632496602
0.5622266003272448 0.01063936632496602
0.5622266003272448 0.01063936632496602
0.5622266003272448 0.01063936632496602
0.5622266003272448 0.01063936632496602
0.5622266003272448 0.01063936632496602
0.5622266003272448 0.01063936632496602
0.5622266003272448 0.01063936632496602
0.5622266003272448 0.01063936632496602
0.5622266003272448 0.01063936632496602
0.5622266003272448 0.01063936632496602
0.5622266003272448 0.01063936632496602
0.5622266003272448 0.01063936632496602
0.5622266003272448 0.01063936632496602
0.5622266003272448 0.01063936632496602
0.5622266003272448 0.01063936632496602
0.5622266003272448 0.01063936632496602
0.5622266003272448 0.01063936632496602
0.5622266003272448 0.01063936632496602
0.5622266003272448 0.01063936632496602
0.5622266003272448 0.01063936632496602
0.5622266003272448 0.01063936632496602
0.2803216060456505 0.010638563461061559
0.2803216060456505 0.010638563461061559
0.2803216060456505 0.010638563461061559
0.2803216060456505 0.010638563461061559
0.2803216060456505 0.010638563461061559
0.2803216060456505 0.010638563461061559
0.2803216060456505 0.010638563461061559
0.2803216060456505 0.010638563461061559
0.2803216060456505 0.010638563461061559
0.2803216060456505 0.010638563461061559
0.2803216060456505 0.010638563461061559
0.2803216060456505 0.010638563461061559
0.2803216060456505 0.010638563461061559
0.2803216060456505 0.010638563461061559
0.2803216060456505 0.010638563461061559
0.2803216060456505 0.010638563461061559
0.2803216060456505 0.010638563461061559
0.2803216060456505 0.010638563461061559
0.2803216060456505 0.010638563461061559
0.2803216060456505 0.010638563461061559
0.2803216060456505 0.010638563461061559
0.2803216060456505 0.010638563461061559
0.2803216060456505 0.010638563461061559
0.6364962035500579 0.010642169458627877
0.6364962035500579 0.010642169458627877
0.6364962035500579 0.010642169458627877
0.6364962035500579 0.010642169458627877
0.6364962035500579 0.010642169458627877
0.6364962035500579 0.010642169458627877
0.6364962035500579 0.010642169458627877
0.6364962035500579 0.010642169458627877
0.6364962035500579 0.010642169458627877
0.6364962035500579 0.010642169458627877
0.6364962035500579 0.010642169458627877
0.6364962035500579 0.010642169458627877
0.6364962035500579 0.010642169458627877
0.6364962035500579 0.010642169458627877
0.6364962035500579 0.010642169458627877
0.6364962035500579 0.010642169458627877
0.6364962035500579 0.010642169458627877
0.6364962035500579 0.010642169458627877
0.6364962035500579 0.010642169458627877
0.6364962035500579 0.010642169458627877
0.6364962035500579 0.010642169458627877
0.6364962035500579 0.010642169458627877
0.6364962035500579 0.010642169458627877
0.6364962035500579 0.010642169458627877
0.6364962035500579 0.010642169458627877
0.6364962035500579 0.010642169458627877
0.5266762927533616 0.01063844649343392
0.5266762927533616 0.01063844649343392
0.5266762927533616 0.01063844649343392
0.5266762927533616 0.01063844649343392
0.5266762927533616 0.01063844649343392
0.5266762927533616 0.01063844649343392
0.5266762927533616 0.01063844649343392
0.5266762927533616 0.01063844649343392
0.5266762927533616 0.01063844649343392
0.5266762927533616 0.01063844649343392
0.5266762927533616 0.01063844649343392
0.5266762927533616 0.01063844649343392
0.5266762927533616 0.01063844649343392
0.5266762927533616 0.01063844649343392
0.5266762927533616 0.01063844649343392
0.5266762927533616 0.01063844649343392
0.5266762927533616 0.01063844649343392
0.5266762927533616 0.01063844649343392
0.5266762927533616 0.01063844649343392
0.5266762927533616 0.01063844649343392
0.5266762927533616 0.01063844649343392
0.5266762927533616 0.01063844649343392
0.5266762927533616 0.01063844649343392
0.5266762927533616 0.01063844649343392
0.5266762927533616 0.01063844649343392
0.5266762927533616 0.01063844649343392
0.7886834848330099 0.010636829294874124
0.7886834848330099 0.010636829294874124
0.7886834848330099 0.010636829294874124
0.7886834848330099 0.010636829294874124
0.7886834848330099 0.010636829294874124
0.7886834848330099 0.010636829294874124
0.7886834848330099 0.010636829294874124
0.7886834848330099 0.010636829294874124
0.7886834848330099 0.010636829294874124
0.7886834848330099 0.010636829294874124
0.7886834848330099 0.010636829294874124
0.7886834848330099 0.010636829294874124
0.7886834848330099 0.010636829294874124
0.7886834848330099 0.010636829294874124
0.7886834848330099 0.010636829294874124
0.7886834848330099 0.010636829294874124
0.7886834848330099 0.010636829294874124
0.7886834848330099 0.010636829294874124
0.7886834848330099 0.010636829294874124
0.7886834848330099 0.010636829294874124
0.7886834848330099 0.010636829294874124
0.7886834848330099 0.010636829294874124
0.7886834848330099 0.010636829294874124
0.7886834848330099 0.010636829294874124
0.7886834848330099 0.010636829294874124
0.7886834848330099 0.010636829294874124
0.41160073769894673 0.010638059402769994
0.41160073769894673 0.010638059402769994
0.41160073769894673 0.010638059402769994
0.41160073769894673 0.010638059402769994
0.41160073769894673 0.010638059402769994
0.41160073769894673 0.010638059402769994
0.41160073769894673 0.010638059402769994
0.41160073769894673 0.010638059402769994
0.41160073769894673 0.010638059402769994
0.41160073769894673 0.010638059402769994
0.41160073769894673 0.010638059402769994
0.41160073769894673 0.010638059402769994
0.41160073769894673 0.010638059402769994
0.41160073769894673 0.010638059402769994
0.41160073769894673 0.010638059402769994
0.41160073769894673 0.010638059402769994
0.41160073769894673 0.010638059402769994
0.41160073769894673 0.010638059402769994
0.41160073769894673 0.010638059402769994
0.41160073769894673 0.010638059402769994
0.41160073769894673 0.010638059402769994
0.41160073769894673 0.010638059402769994
0.41160073769894673 0.010638059402769994
0.712444419429279 0.010634519357332386
0.712444419429279 0.010634519357332386
0.712444419429279 0.010634519357332386
0.712444419429279 0.010634519357332386
0.712444419429279 0.010634519357332386
0.712444419429279 0.010634519357332386
0.712444419429279 0.010634519357332386
0.712444419429279 0.010634519357332386
0.712444419429279 0.010634519357332386
0.712444419429279 0.010634519357332386
0.712444419429279 0.010634519357332386
0.712444419429279 0.010634519357332386
0.712444419429279 0.010634519357332386
0.712444419429279 0.010634519357332386
0.712444419429279 0.010634519357332386
0.712444419429279 0.010634519357332386
0.712444419429279 0.010634519357332386
0.712444419429279 0.010634519357332386
0.712444419429279 0.010634519357332386
0.712444419429279 0.010634519357332386
0.712444419429279 0.010634519357332386
0.712444419429279 0.010634519357332386
0.712444419429279 0.010634519357332386
0.712444419429279 0.010634519357332386
0.712444419429279 0.010634519357332386
0.712444419429279 0.010634519357332386
0.9931079143346131 0.010638994063478707
0.9931079143346131 0.010638994063478707
0.9931079143346131 0.010638994063478707
0.9931079143346131 0.010638994063478707
0.9931079143346131 0.010638994063478707
0.9931079143346131 0.010638994063478707
0.9931079143346131 0.010638994063478707
0.9931079143346131 0.010638994063478707
0.9931079143346131 0.010638994063478707
0.9931079143346131 0.010638994063478707
0.9931079143346131 0.010638994063478707
0.9931079143346131 0.010638994063478707
0.9931079143346131 0.010638994063478707
0.9931079143346131 0.010638994063478707
0.9931079143346131 0.010638994063478707
0.9931079143346131 0.010638994063478707
0.9931079143346131 0.010638994063478707
0.9931079143346131 0.010638994063478707
0.9931079143346131 0.010638994063478707
0.9931079143346131 0.010638994063478707
0.9931079143346131 0.010638994063478707
0.9931079143346131 0.010638994063478707
0.9931079143346131 0.010638994063478707
0.9931079143346131 0.010638994063478707
0.9931079143346131 0.010638994063478707
0.9931079143346131 0.010638994063478707
0.9931079143346131 0.010638994063478707
0.9931079143346131 0.010638994063478707
0.9931079143346131 0.010638994063478707
0.9931079143346131 0.010638994063478707
0.9931079143346131 0.010638994063478707
0.9931079143346131 0.010638994063478707
0.9931079143346131 0.010638994063478707
0.9931079143346131 0.010638994063478707
0.9931079143346131 0.010638994063478707
0.9931079143346131 0.010638994063478707
0.9931079143346131 0.010638994063478707
0.9931079143346131 0.010638994063478707
0.9931079143346131 0.010638994063478707
0.9931079143346131 0.010638994063478707
0.9931079143346131 0.010638994063478707
0.9931079143346131 0.010638994063478707
0.9931079143346131 0.010638994063478707
0.9931079143346131 0.010638994063478707
0.9931079143346131 0.010638994063478707
0.9931079143346131 0.010638994063478707
0.9931079143346131 0.010638994063478707
0.9931079143346131 0.010638994063478707
0.9931079143346131 0.010638994063478707
0.9931079143346131 0.010638994063478707
0.9931079143346131 0.010638994063478707
0.9931079143346131 0.010638994063478707
0.9931079143346131 0.010638994063478707
0.9931079143346131 0.010638994063478707
0.9931079143346131 0.010638994063478707
0.9931079143346131 0.010638994063478707
0.9931079143346131 0.010638994063478707
0.9931079143346131 0.010638994063478707
0.9931079143346131 0.010638994063478707
0.9931079143346131 0.010638994063478707
0.9931079143346131 0.010638994063478707
0.9931079143346131 0.010638994063478707
0.9931079143346131 0.010638994063478707
0.9931079143346131 0.010638994063478707
0.9931079143346131 0.010638994063478707
0.9931079143346131 0.010638994063478707
0.9931079143346131 0.010638994063478707
0.9931079143346131 0.010638994063478707
0.9931079143346131 0.010638994063478707
0.9931079143346131 0.010638994063478707
0.9931079143346131 0.010638994063478707
0.9931079143346131 0.010638994063478707
0.9931079143346131 0.010638994063478707
0.9931079143346131 0.010638994063478707
0.9931079143346131 0.010638994063478707
0.9931079143346131 0.010638994063478707
0.9931079143346131 0.010638994063478707
0.9931079143346131 0.010638994063478707
0.9931079143346131 0.010638994063478707
0.9931079143346131 0.010638994063478707
0.9931079143346131 0.010638994063478707
0.9931079143346131 0.010638994063478707
0.9931079143346131 0.010638994063478707
0.9931079143346131 0.010638994063478707
0.9931079143346131 0.010638994063478707
0.9931079143346131 0.010638994063478707
0.9931079143346131 0.010638994063478707
0.9931079143346131 0.010638994063478707
0.9931079143346131 0.010638994063478707
0.9931079143346131 0.010638994063478707
0.9931079143346131 0.010638994063478707
0.9931079143346131 0.010638994063478707
0.5622266003272448 0.010639798488664988
0.5622266003272448 0.010639798488664988
0.5622266003272448 0.010639798488664988
0.5622266003272448 0.010639798488664988
0.5622266003272448 0.010639798488664988
0.5622266003272448 0.010639798488664988
0.5622266003272448 0.010639798488664988
0.5622266003272448 0.010639798488664988
0.5622266003272448 0.010639798488664988
0.5622266003272448 0.010639798488664988
0.5622266003272448 0.010639798488664988
0.5622266003272448 0.010639798488664988
0.5622266003272448 0.010639798488664988
0.5622266003272448 0.010639798488664988
0.5622266003272448 0.010639798488664988
0.5622266003272448 0.010639798488664988
0.5622266003272448 0.010639798488664988
0.5622266003272448 0.010639798488664988
0.5622266003272448 0.010639798488664988
0.5622266003272448 0.010639798488664988
0.5622266003272448 0.010639798488664988
0.5622266003272448 0.010639798488664988
0.5622266003272448 0.010639798488664988
0.5622266003272448 0.010639798488664988
0.5622266003272448 0.010639798488664988
0.5622266003272448 0.010639798488664988
0.22200162440212978 0.01063844649343392
0.22200162440212978 0.01063844649343392
0.22200162440212978 0.01063844649343392
0.22200162440212978 0.01063844649343392
0.22200162440212978 0.01063844649343392
0.22200162440212978 0.01063844649343392
0.22200162440212978 0.01063844649343392
0.22200162440212978 0.01063844649343392
0.22200162440212978 0.01063844649343392
0.22200162440212978 0.01063844649343392
0.22200162440212978 0.01063844649343392
0.22200162440212978 0.01063844649343392
0.22200162440212978 0.01063844649343392
0.22200162440212978 0.01063844649343392
0.22200162440212978 0.01063844649343392
0.22200162440212978 0.01063844649343392
0.22200162440212978 0.01063844649343392
0.22200162440212978 0.01063844649343392
0.22200162440212978 0.01063844649343392
0.22200162440212978 0.01063844649343392
0.22200162440212978 0.01063844649343392
0.22200162440212978 0.01063844649343392
0.22200162440212978 0.01063844649343392
0.20536280762680736 0.010639798488664988
0.20536280762680736 0.010639798488664988
0.20536280762680736 0.010639798488664988
0.20536280762680736 0.010639798488664988
0.20536280762680736 0.010639798488664988
0.20536280762680736 0.010639798488664988
0.20536280762680736 0.010639798488664988
0.20536280762680736 0.010639798488664988
0.20536280762680736 0.010639798488664988
0.20536280762680736 0.010639798488664988
0.20536280762680736 0.010639798488664988
0.20536280762680736 0.010639798488664988
0.20536280762680736 0.010639798488664988
0.20536280762680736 0.010639798488664988
0.20536280762680736 0.010639798488664988
0.20536280762680736 0.010639798488664988
0.20536280762680736 0.010639798488664988
0.20536280762680736 0.010639798488664988
0.20536280762680736 0.010639798488664988
0.20536280762680736 0.010639798488664988
0.20536280762680736 0.010639798488664988
0.20536280762680736 0.010639798488664988
0.20536280762680736 0.010639798488664988
0.41160073769894673 0.010638059402769994
0.41160073769894673 0.010638059402769994
0.41160073769894673 0.010638059402769994
0.41160073769894673 0.010638059402769994
0.41160073769894673 0.010638059402769994
0.41160073769894673 0.010638059402769994
0.41160073769894673 0.010638059402769994
0.41160073769894673 0.010638059402769994
0.41160073769894673 0.010638059402769994
0.41160073769894673 0.010638059402769994
0.41160073769894673 0.010638059402769994
0.41160073769894673 0.010638059402769994
0.41160073769894673 0.010638059402769994
0.41160073769894673 0.010638059402769994
0.41160073769894673 0.010638059402769994
0.41160073769894673 0.010638059402769994
0.41160073769894673 0.010638059402769994
0.41160073769894673 0.010638059402769994
0.41160073769894673 0.010638059402769994
0.41160073769894673 0.010638059402769994
0.41160073769894673 0.010638059402769994
0.41160073769894673 0.010638059402769994
0.41160073769894673 0.010638059402769994
0.2195154597778075 0.010640560313049396
0.2195154597778075 0.010640560313049396
0.2195154597778075 0.010640560313049396
0.2195154597778075 0.010640560313049396
0.2195154597778075 0.010640560313049396
0.2195154597778075 0.010640560313049396
0.2195154597778075 0.010640560313049396
0.2195154597778075 0.010640560313049396
0.2195154597778075 0.010640560313049396
0.2195154597778075 0.010640560313049396
0.2195154597778075 0.010640560313049396
0.2195154597778075 0.010640560313049396
0.2195154597778075 0.010640560313049396
0.2195154597778075 0.010640560313049396
0.2195154597778075 0.010640560313049396
0.2195154597778075 0.010640560313049396
0.2195154597778075 0.010640560313049396
0.2195154597778075 0.010640560313049396
0.2195154597778075 0.010640560313049396
0.2195154597778075 0.010640560313049396
0.2195154597778075 0.010640560313049396
0.2195154597778075 0.010640560313049396
0.2195154597778075 0.010640560313049396
0.41160073769894673 0.010638499742102204
0.41160073769894673 0.010638499742102204
0.41160073769894673 0.010638499742102204
0.41160073769894673 0.010638499742102204
0.41160073769894673 0.010638499742102204
0.41160073769894673 0.010638499742102204
0.41160073769894673 0.010638499742102204
0.41160073769894673 0.010638499742102204
0.41160073769894673 0.010638499742102204
0.41160073769894673 0.010638499742102204
0.41160073769894673 0.010638499742102204
0.41160073769894673 0.010638499742102204
0.41160073769894673 0.010638499742102204
0.41160073769894673 0.010638499742102204
0.41160073769894673 0.010638499742102204
0.41160073769894673 0.010638499742102204
0.41160073769894673 0.010638499742102204
0.41160073769894673 0.010638499742102204
0.41160073769894673 0.010638499742102204
0.41160073769894673 0.010638499742102204
0.41160073769894673 0.010638499742102204
0.41160073769894673 0.010638499742102204
0.41160073769894673 0.010638499742102204
0.266906810463615 0.010637753049025847
0.266906810463615 0.010637753049025847
0.266906810463615 0.010637753049025847
0.266906810463615 0.010637753049025847
0.266906810463615 0.010637753049025847
0.266906810463615 0.010637753049025847
0.266906810463615 0.010637753049025847
0.266906810463615 0.010637753049025847
0.266906810463615 0.010637753049025847
0.266906810463615 0.010637753049025847
0.266906810463615 0.010637753049025847
0.266906810463615 0.010637753049025847
0.266906810463615 0.010637753049025847
0.266906810463615 0.010637753049025847
0.266906810463615 0.010637753049025847
0.266906810463615 0.010637753049025847
0.266906810463615 0.010637753049025847
0.266906810463615 0.010637753049025847
0.266906810463615 0.010637753049025847
0.266906810463615 0.010637753049025847
0.266906810463615 0.010637753049025847
0.266906810463615 0.010637753049025847
0.266906810463615 0.010637753049025847
0.37699993869919696 0.010638133139255795
0.37699993869919696 0.010638133139255795
0.37699993869919696 0.010638133139255795
0.37699993869919696 0.010638133139255795
0.37699993869919696 0.010638133139255795
0.37699993869919696 0.010638133139255795
0.37699993869919696 0.010638133139255795
0.37699993869919696 0.010638133139255795
0.37699993869919696 0.010638133139255795
0.37699993869919696 0.010638133139255795
0.37699993869919696 0.010638133139255795
0.37699993869919696 0.010638133139255795
0.37699993869919696 0.010638133139255795
0.37699993869919696 0.010638133139255795
0.37699993869919696 0.010638133139255795
0.37699993869919696 0.010638133139255795
0.37699993869919696 0.010638133139255795
0.37699993869919696 0.010638133139255795
0.37699993869919696 0.010638133139255795
0.37699993869919696 0.010638133139255795
0.37699993869919696 0.010638133139255795
0.37699993869919696 0.010638133139255795
0.37699993869919696 0.010638133139255795
0.6168679646810655 0.010634198164793617
0.6168679646810655 0.010634198164793617
0.6168679646810655 0.010634198164793617
0.6168679646810655 0.010634198164793617
0.6168679646810655 0.010634198164793617
0.6168679646810655 0.010634198164793617
0.6168679646810655 0.010634198164793617
0.6168679646810655 0.010634198164793617
0.6168679646810655 0.010634198164793617
0.6168679646810655 0.010634198164793617
0.6168679646810655 0.010634198164793617
0.6168679646810655 0.010634198164793617
0.6168679646810655 0.010634198164793617
0.6168679646810655 0.010634198164793617
0.6168679646810655 0.010634198164793617
0.6168679646810655 0.010634198164793617
0.6168679646810655 0.010634198164793617
0.6168679646810655 0.010634198164793617
0.6168679646810655 0.010634198164793617
0.6168679646810655 0.010634198164793617
0.6168679646810655 0.010634198164793617
0.6168679646810655 0.010634198164793617
0.6168679646810655 0.010634198164793617
0.6168679646810655 0.010634198164793617
0.6168679646810655 0.010634198164793617
0.6168679646810655 0.010634198164793617
0.1842771485676216 0.010635390571623776
0.1842771485676216 0.010635390571623776
0.1842771485676216 0.010635390571623776
0.1842771485676216 0.010635390571623776
0.1842771485676216 0.010635390571623776
0.1842771485676216 0.010635390571623776
0.1842771485676216 0.010635390571623776
0.1842771485676216 0.010635390571623776
0.1842771485676216 0.010635390571623776
0.1842771485676216 0.010635390571623776
0.1842771485676216 0.010635390571623776
0.1842771485676216 0.010635390571623776
0.1842771485676216 0.010635390571623776
0.1842771485676216 0.010635390571623776
0.1842771485676216 0.010635390571623776
0.1842771485676216 0.010635390571623776
0.1842771485676216 0.010635390571623776
0.1842771485676216 0.010635390571623776
0.1842771485676216 0.010635390571623776
0.1842771485676216 0.010635390571623776
0.1842771485676216 0.010635390571623776
0.1842771485676216 0.010635390571623776
0.1842771485676216 0.010635390571623776
0.1842771485676216 0.010635390571623776
0.1842771485676216 0.010635390571623776
0.1842771485676216 0.010635390571623776
0.1338472565422458 0.010638919155227104
0.1338472565422458 0.010638919155227104
0.1338472565422458 0.010638919155227104
0.1338472565422458 0.010638919155227104
0.1338472565422458 0.010638919155227104
0.1338472565422458 0.010638919155227104
0.1338472565422458 0.010638919155227104
0.1338472565422458 0.010638919155227104
0.1338472565422458 0.010638919155227104
0.1338472565422458 0.010638919155227104
0.1338472565422458 0.010638919155227104
0.1338472565422458 0.010638919155227104
0.1338472565422458 0.010638919155227104
0.1338472565422458 0.010638919155227104
0.1338472565422458 0.010638919155227104
0.1338472565422458 0.010638919155227104
0.1338472565422458 0.010638919155227104
0.1338472565422458 0.010638919155227104
0.1338472565422458 0.010638919155227104
0.1338472565422458 0.010638919155227104
0.1338472565422458 0.010638919155227104
0.1338472565422458 0.010638919155227104
0.1338472565422458 0.010638919155227104
0.1338472565422458 0.010638919155227104
0.1338472565422458 0.010638919155227104
0.1338472565422458 0.010638919155227104
0.6555629580279814 0.010635390571623776
0.6555629580279814 0.010635390571623776
0.6555629580279814 0.010635390571623776
0.6555629580279814 0.010635390571623776
0.6555629580279814 0.010635390571623776
0.6555629580279814 0.010635390571623776
0.6555629580279814 0.010635390571623776
0.6555629580279814 0.010635390571623776
0.6555629580279814 0.010635390571623776
0.6555629580279814 0.010635390571623776
0.6555629580279814 0.010635390571623776
0.6555629580279814 0.010635390571623776
0.6555629580279814 0.010635390571623776
0.6555629580279814 0.010635390571623776
0.6555629580279814 0.010635390571623776
0.6555629580279814 0.010635390571623776
0.6555629580279814 0.010635390571623776
0.6555629580279814 0.010635390571623776
0.6555629580279814 0.010635390571623776
0.6555629580279814 0.010635390571623776
0.6555629580279814 0.010635390571623776
0.6555629580279814 0.010635390571623776
0.6555629580279814 0.010635390571623776
0.2836061793866728 0.010641021993342248
0.2836061793866728 0.010641021993342248
0.2836061793866728 0.010641021993342248
0.2836061793866728 0.010641021993342248
0.2836061793866728 0.010641021993342248
0.2836061793866728 0.010641021993342248
0.2836061793866728 0.010641021993342248
0.2836061793866728 0.010641021993342248
0.2836061793866728 0.010641021993342248
0.2836061793866728 0.010641021993342248
0.2836061793866728 0.010641021993342248
0.2836061793866728 0.010641021993342248
0.2836061793866728 0.010641021993342248
0.2836061793866728 0.010641021993342248
0.2836061793866728 0.010641021993342248
0.2836061793866728 0.010641021993342248
0.2836061793866728 0.010641021993342248
0.2836061793866728 0.010641021993342248
0.2836061793866728 0.010641021993342248
0.2836061793866728 0.010641021993342248
0.2836061793866728 0.010641021993342248
0.2836061793866728 0.010641021993342248
0.2836061793866728 0.010641021993342248
0.8138293570562071 0.010641021993342248
0.8138293570562071 0.010641021993342248
0.8138293570562071 0.010641021993342248
0.8138293570562071 0.010641021993342248
0.8138293570562071 0.010641021993342248
0.8138293570562071 0.010641021993342248
0.8138293570562071 0.010641021993342248
0.8138293570562071 0.010641021993342248
0.8138293570562071 0.010641021993342248
0.8138293570562071 0.010641021993342248
0.8138293570562071 0.010641021993342248
0.8138293570562071 0.010641021993342248
0.8138293570562071 0.010641021993342248
0.8138293570562071 0.010641021993342248
0.8138293570562071 0.010641021993342248
0.8138293570562071 0.010641021993342248
0.8138293570562071 0.010641021993342248
0.8138293570562071 0.010641021993342248
0.8138293570562071 0.010641021993342248
0.8138293570562071 0.010641021993342248
0.8138293570562071 0.010641021993342248
0.8138293570562071 0.010641021993342248
0.8138293570562071 0.010641021993342248
0.8138293570562071 0.010641021993342248
0.8138293570562071 0.010641021993342248
0.8138293570562071 0.010641021993342248
0.5645344204009073 0.010638133139255795
0.5645344204009073 0.010638133139255795
0.5645344204009073 0.010638133139255795
0.5645344204009073 0.010638133139255795
0.5645344204009073 0.010638133139255795
0.5645344204009073 0.010638133139255795
0.5645344204009073 0.010638133139255795
0.5645344204009073 0.010638133139255795
0.5645344204009073 0.010638133139255795
0.5645344204009073 0.010638133139255795
0.5645344204009073 0.010638133139255795
0.5645344204009073 0.010638133139255795
0.5645344204009073 0.010638133139255795
0.5645344204009073 0.010638133139255795
0.5645344204009073 0.010638133139255795
0.5645344204009073 0.010638133139255795
0.5645344204009073 0.010638133139255795
0.5645344204009073 0.010638133139255795
0.5645344204009073 0.010638133139255795
0.5645344204009073 0.010638133139255795
0.5645344204009073 0.010638133139255795
0.5645344204009073 0.010638133139255795
0.5645344204009073 0.010638133139255795
0.5645344204009073 0.010638133139255795
0.5645344204009073 0.010638133139255795
0.5645344204009073 0.010638133139255795
0.06218736944322121 0.010638283600810816
0.06218736944322121 0.010638283600810816
0.06218736944322121 0.010638283600810816
0.06218736944322121 0.010638283600810816
0.06218736944322121 0.010638283600810816
0.06218736944322121 0.010638283600810816
0.06218736944322121 0.010638283600810816
0.06218736944322121 0.010638283600810816
0.06218736944322121 0.010638283600810816
0.06218736944322121 0.010638283600810816
0.06218736944322121 0.010638283600810816
0.06218736944322121 0.010638283600810816
0.06218736944322121 0.010638283600810816
0.06218736944322121 0.010638283600810816
0.06218736944322121 0.010638283600810816
0.06218736944322121 0.010638283600810816
0.06218736944322121 0.010638283600810816
0.06218736944322121 0.010638283600810816
0.06218736944322121 0.010638283600810816
0.06218736944322121 0.010638283600810816
0.06218736944322121 0.010638283600810816
0.06218736944322121 0.010638283600810816
0.06218736944322121 0.010638283600810816
0.06218736944322121 0.010638283600810816
0.06218736944322121 0.010638283600810816
0.06218736944322121 0.010638283600810816
0.1860541319876794 0.010637345629997083
0.1860541319876794 0.010637345629997083
0.1860541319876794 0.010637345629997083
0.1860541319876794 0.010637345629997083
0.1860541319876794 0.010637345629997083
0.1860541319876794 0.010637345629997083
0.1860541319876794 0.010637345629997083
0.1860541319876794 0.010637345629997083
0.1860541319876794 0.010637345629997083
0.1860541319876794 0.010637345629997083
0.1860541319876794 0.010637345629997083
0.1860541319876794 0.010637345629997083
0.1860541319876794 0.010637345629997083
0.1860541319876794 0.010637345629997083
0.1860541319876794 0.010637345629997083
0.1860541319876794 0.010637345629997083
0.1860541319876794 0.010637345629997083
0.1860541319876794 0.010637345629997083
0.1860541319876794 0.010637345629997083
0.1860541319876794 0.010637345629997083
0.1860541319876794 0.010637345629997083
0.1860541319876794 0.010637345629997083
0.1860541319876794 0.010637345629997083
0.1860541319876794 0.010637345629997083
0.1860541319876794 0.010637345629997083
0.1860541319876794 0.010637345629997083
0.22090727195197954 0.01063899532335844
0.22090727195197954 0.01063899532335844
0.22090727195197954 0.01063899532335844
0.22090727195197954 0.01063899532335844
0.22090727195197954 0.01063899532335844
0.22090727195197954 0.01063899532335844
0.22090727195197954 0.01063899532335844
0.22090727195197954 0.01063899532335844
0.22090727195197954 0.01063899532335844
0.22090727195197954 0.01063899532335844
0.22090727195197954 0.01063899532335844
0.22090727195197954 0.01063899532335844
0.22090727195197954 0.01063899532335844
0.22090727195197954 0.01063899532335844
0.22090727195197954 0.01063899532335844
0.22090727195197954 0.01063899532335844
0.22090727195197954 0.01063899532335844
0.22090727195197954 0.01063899532335844
0.22090727195197954 0.01063899532335844
0.22090727195197954 0.01063899532335844
0.22090727195197954 0.01063899532335844
0.22090727195197954 0.01063899532335844
0.22090727195197954 0.01063899532335844
0.22090727195197954 0.01063899532335844
0.22090727195197954 0.01063899532335844
0.22090727195197954 0.01063899532335844
0.2093759575120008 0.010636829294874124
0.2093759575120008 0.010636829294874124
0.2093759575120008 0.010636829294874124
0.2093759575120008 0.010636829294874124
0.2093759575120008 0.010636829294874124
0.2093759575120008 0.010636829294874124
0.2093759575120008 0.010636829294874124
0.2093759575120008 0.010636829294874124
0.2093759575120008 0.010636829294874124
0.2093759575120008 0.010636829294874124
0.2093759575120008 0.010636829294874124
0.2093759575120008 0.010636829294874124
0.2093759575120008 0.010636829294874124
0.2093759575120008 0.010636829294874124
0.2093759575120008 0.010636829294874124
0.2093759575120008 0.010636829294874124
0.2093759575120008 0.010636829294874124
0.2093759575120008 0.010636829294874124
0.2093759575120008 0.010636829294874124
0.2093759575120008 0.010636829294874124
0.2093759575120008 0.010636829294874124
0.2093759575120008 0.010636829294874124
0.2093759575120008 0.010636829294874124
0.2020219128379421 0.010638283600810816
0.2020219128379421 0.010638283600810816
0.2020219128379421 0.010638283600810816
0.2020219128379421 0.010638283600810816
0.2020219128379421 0.010638283600810816
0.2020219128379421 0.010638283600810816
0.2020219128379421 0.010638283600810816
0.2020219128379421 0.010638283600810816
0.2020219128379421 0.010638283600810816
0.2020219128379421 0.010638283600810816
0.2020219128379421 0.010638283600810816
0.2020219128379421 0.010638283600810816
0.2020219128379421 0.010638283600810816
0.2020219128379421 0.010638283600810816
0.2020219128379421 0.010638283600810816
0.2020219128379421 0.010638283600810816
0.2020219128379421 0.010638283600810816
0.2020219128379421 0.010638283600810816
0.2020219128379421 0.010638283600810816
0.2020219128379421 0.010638283600810816
0.2020219128379421 0.010638283600810816
0.2020219128379421 0.010638283600810816
0.2020219128379421 0.010638283600810816
0.41160073769894673 0.01063875958139372
0.41160073769894673 0.01063875958139372
0.41160073769894673 0.01063875958139372
0.41160073769894673 0.01063875958139372
0.41160073769894673 0.01063875958139372
0.41160073769894673 0.01063875958139372
0.41160073769894673 0.01063875958139372
0.41160073769894673 0.01063875958139372
0.41160073769894673 0.01063875958139372
0.41160073769894673 0.01063875958139372
0.41160073769894673 0.01063875958139372
0.41160073769894673 0.01063875958139372
0.41160073769894673 0.01063875958139372
0.41160073769894673 0.01063875958139372
0.41160073769894673 0.01063875958139372
0.41160073769894673 0.01063875958139372
0.41160073769894673 0.01063875958139372
0.41160073769894673 0.01063875958139372
0.41160073769894673 0.01063875958139372
0.41160073769894673 0.01063875958139372
0.41160073769894673 0.01063875958139372
0.41160073769894673 0.01063875958139372
0.41160073769894673 0.01063875958139372
0.41160073769894673 0.010637693976205984
0.41160073769894673 0.010637693976205984
0.41160073769894673 0.010637693976205984
0.41160073769894673 0.010637693976205984
0.41160073769894673 0.010637693976205984
0.41160073769894673 0.010637693976205984
0.41160073769894673 0.010637693976205984
0.41160073769894673 0.010637693976205984
0.41160073769894673 0.010637693976205984
0.41160073769894673 0.010637693976205984
0.41160073769894673 0.010637693976205984
0.41160073769894673 0.010637693976205984
0.41160073769894673 0.010637693976205984
0.41160073769894673 0.010637693976205984
0.41160073769894673 0.010637693976205984
0.41160073769894673 0.010637693976205984
0.41160073769894673 0.010637693976205984
0.41160073769894673 0.010637693976205984
0.41160073769894673 0.010637693976205984
0.41160073769894673 0.010637693976205984
0.41160073769894673 0.010637693976205984
0.41160073769894673 0.010637693976205984
0.41160073769894673 0.010637693976205984
0.05298325172795285 0.010636552733285651