0.0045363212958644365 7.515589321673855e-06
0.0045363212958644365 7.515589321673855e-06
0.0045363212958644365 7.515589321673855e-06
0.0045363212958644365 7.515589321673855e-06
0.0045363212958644365 7.515589321673855e-06
0.0016949864387822092 7.515589321673855e-06
0.0016949864387822092 7.515589321673855e-06
0.0016949864387822092 7.515589321673855e-06
0.0016949864387822092 7.515589321673855e-06
0.0016949864387822092 7.515589321673855e-06
0.0016949864387822092 7.515589321673855e-06
0.003040055880617074 7.515589321673855e-06
0.003040055880617074 7.515589321673855e-06
0.003040055880617074 7.515589321673855e-06
0.003040055880617074 7.515589321673855e-06
0.0027951360874284084 7.515589321673855e-06
0.0027951360874284084 7.515589321673855e-06
0.0027951360874284084 7.515589321673855e-06
0.0027951360874284084 7.515589321673855e-06
2.6525609370613602e-06 7.515589321673855e-06
2.6525609370613602e-06 7.515589321673855e-06
2.6525609370613602e-06 7.515589321673855e-06
2.6525609370613602e-06 7.515589321673855e-06
2.6525609370613602e-06 7.515589321673855e-06
0.0022783287981909535 7.515589321673855e-06
0.0022783287981909535 7.515589321673855e-06
0.0022783287981909535 7.515589321673855e-06
0.0022783287981909535 7.515589321673855e-06
0.0022783287981909535 7.515589321673855e-06
0.0022783287981909535 7.515589321673855e-06
0.0022783287981909535 7.515589321673855e-06
0.0022783287981909535 7.515589321673855e-06
0.0022783287981909535 7.515589321673855e-06
0.0022783287981909535 7.515589321673855e-06
0.0022783287981909535 7.515589321673855e-06
0.0022783287981909535 7.515589321673855e-06
0.0022783287981909535 7.515589321673855e-06
0.0022783287981909535 7.515589321673855e-06
0.0022783287981909535 7.515589321673855e-06
0.0022783287981909535 7.515589321673855e-06
0.0022783287981909535 7.515589321673855e-06
0.0022783287981909535 7.515589321673855e-06
0.0022783287981909535 7.515589321673855e-06
0.0022783287981909535 7.515589321673855e-06
0.0022783287981909535 7.515589321673855e-06
0.0022783287981909535 7.515589321673855e-06
0.0022783287981909535 7.515589321673855e-06
0.0022783287981909535 7.515589321673855e-06
0.0022783287981909535 7.515589321673855e-06
0.0022783287981909535 7.515589321673855e-06
0.0022783287981909535 7.515589321673855e-06
0.0022783287981909535 7.515589321673855e-06
0.0022783287981909535 7.515589321673855e-06
0.0022783287981909535 7.515589321673855e-06
0.0022783287981909535 7.515589321673855e-06
0.0022783287981909535 7.515589321673855e-06
0.0022783287981909535 7.515589321673855e-06
0.0022783287981909535 7.515589321673855e-06
0.0022783287981909535 7.515589321673855e-06
0.0022783287981909535 7.515589321673855e-06
0.0022783287981909535 7.515589321673855e-06
0.0022783287981909535 7.515589321673855e-06
0.0023870837966104693 7.515589321673855e-06
5.703006014681925e-05 7.515589321673855e-06
5.703006014681925e-05 7.515589321673855e-06
5.703006014681925e-05 7.515589321673855e-06
3.5146432416063024e-05 7.515589321673855e-06
1.3262804685306801e-06 7.515589321673855e-06
1.3262804685306801e-06 7.515589321673855e-06
1.3262804685306801e-06 7.515589321673855e-06
1.3262804685306801e-06 7.515589321673855e-06
1.3262804685306801e-06 7.515589321673855e-06
0.0020026835074813273 7.515589321673855e-06
0.0020026835074813273 7.515589321673855e-06
0.0020026835074813273 7.515589321673855e-06
0.0016567453519395748 7.515589321673855e-06
0.0016567453519395748 7.515589321673855e-06
0.0016567453519395748 7.515589321673855e-06
0.0016567453519395748 7.515589321673855e-06
0.0016567453519395748 7.515589321673855e-06
0.0016567453519395748 7.515589321673855e-06
0.0016567453519395748 7.515589321673855e-06
0.0016567453519395748 7.515589321673855e-06
0.0016567453519395748 7.515589321673855e-06
0.0016567453519395748 7.515589321673855e-06
0.0016567453519395748 7.515589321673855e-06
0.0016567453519395748 7.515589321673855e-06
0.0016567453519395748 7.515589321673855e-06
0.0016567453519395748 7.515589321673855e-06
0.0016567453519395748 7.515589321673855e-06
0.0016567453519395748 7.515589321673855e-06
0.0016567453519395748 7.515589321673855e-06
0.0016567453519395748 7.515589321673855e-06
0.0016567453519395748 7.515589321673855e-06
0.0016567453519395748 7.515589321673855e-06
0.0016567453519395748 7.515589321673855e-06
0.0016567453519395748 7.515589321673855e-06
0.0016567453519395748 7.515589321673855e-06
0.0016567453519395748 7.515589321673855e-06
0.0016567453519395748 7.515589321673855e-06
0.0016567453519395748 7.515589321673855e-06
0.0016567453519395748 7.515589321673855e-06
0.0016567453519395748 7.515589321673855e-06
0.0016567453519395748 7.515589321673855e-06
0.0016567453519395748 7.515589321673855e-06
0.0016567453519395748 7.515589321673855e-06
0.0016567453519395748 7.515589321673855e-06
0.0016567453519395748 7.515589321673855e-06
0.0017029441215933934 7.515589321673855e-06
0.0017029441215933934 7.515589321673855e-06
0.0017029441215933934 7.515589321673855e-06
0.0017029441215933934 7.515589321673855e-06
0.0017029441215933934 7.515589321673855e-06
0.0017029441215933934 7.515589321673855e-06
0.0017029441215933934 7.515589321673855e-06
0.0017029441215933934 7.515589321673855e-06
0.0017029441215933934 7.515589321673855e-06
0.0017029441215933934 7.515589321673855e-06
0.0017029441215933934 7.515589321673855e-06
0.0017029441215933934 7.515589321673855e-06
0.0017029441215933934 7.515589321673855e-06
0.0017029441215933934 7.515589321673855e-06
0.0017029441215933934 7.515589321673855e-06
0.0017029441215933934 7.515589321673855e-06
0.0017029441215933934 7.515589321673855e-06
0.0017029441215933934 7.515589321673855e-06
0.0017029441215933934 7.515589321673855e-06
0.0017029441215933934 7.515589321673855e-06
0.0017029441215933934 7.515589321673855e-06
0.0017029441215933934 7.515589321673855e-06
0.0017029441215933934 7.515589321673855e-06
0.0017029441215933934 7.515589321673855e-06
0.0017029441215933934 7.515589321673855e-06
0.0017029441215933934 7.515589321673855e-06
0.0017029441215933934 7.515589321673855e-06
0.0017029441215933934 7.515589321673855e-06
0.0017029441215933934 7.515589321673855e-06
0.0017029441215933934 7.515589321673855e-06
0.0017029441215933934 7.515589321673855e-06
0.0017029441215933934 7.515589321673855e-06
0.0017029441215933934 7.515589321673855e-06
0.0017029441215933934 7.515589321673855e-06
0.0017029441215933934 7.515589321673855e-06
0.0017029441215933934 7.515589321673855e-06
0.0017029441215933934 7.515589321673855e-06
0.0017029441215933934 7.515589321673855e-06
0.0017029441215933934 7.515589321673855e-06
0.0017029441215933934 7.515589321673855e-06
0.0017029441215933934 7.515589321673855e-06
0.0017029441215933934 7.515589321673855e-06
0.0017029441215933934 7.515589321673855e-06
0.0017029441215933934 7.515589321673855e-06
0.0017029441215933934 7.515589321673855e-06
0.0017029441215933934 7.515589321673855e-06
0.0017029441215933934 7.515589321673855e-06
0.0017029441215933934 7.515589321673855e-06
0.0017029441215933934 7.515589321673855e-06
0.0017029441215933934 7.515589321673855e-06
0.0017029441215933934 7.515589321673855e-06
0.0017029441215933934 7.515589321673855e-06
0.0017029441215933934 7.515589321673855e-06
0.0017029441215933934 7.515589321673855e-06
0.0017029441215933934 7.515589321673855e-06
0.0017029441215933934 7.515589321673855e-06
0.0017029441215933934 7.515589321673855e-06
0.0017029441215933934 7.515589321673855e-06
0.0017029441215933934 7.515589321673855e-06
0.0017029441215933934 7.515589321673855e-06
0.0017029441215933934 7.515589321673855e-06
0.0017029441215933934 7.515589321673855e-06
0.0017029441215933934 7.515589321673855e-06
0.0017029441215933934 7.515589321673855e-06
0.0017029441215933934 7.515589321673855e-06
0.0017029441215933934 7.515589321673855e-06
0.0017029441215933934 7.515589321673855e-06
0.0017029441215933934 7.515589321673855e-06
0.0017029441215933934 7.515589321673855e-06
0.0017029441215933934 7.515589321673855e-06
0.0017029441215933934 7.515589321673855e-06
0.0017029441215933934 7.515589321673855e-06
0.0017029441215933934 7.515589321673855e-06
0.0017029441215933934 7.515589321673855e-06
0.0017029441215933934 7.515589321673855e-06
0.0017029441215933934 7.515589321673855e-06
0.0017029441215933934 7.515589321673855e-06
0.0017029441215933934 7.515589321673855e-06
0.0017029441215933934 7.515589321673855e-06
0.0017029441215933934 7.515589321673855e-06
0.0017029441215933934 7.515589321673855e-06
0.0017029441215933934 7.515589321673855e-06
0.0017029441215933934 7.515589321673855e-06
0.0017029441215933934 7.515589321673855e-06
0.0031751154416624484 7.515589321673855e-06
0.0031751154416624484 7.515589321673855e-06
0.0031751154416624484 7.515589321673855e-06
0.0031751154416624484 7.515589321673855e-06
0.001639945799338186 7.515589321673855e-06
0.001639945799338186 7.515589321673855e-06
0.001639945799338186 7.515589321673855e-06
0.001639945799338186 7.515589321673855e-06
0.001639945799338186 7.515589321673855e-06
0.0018561295157086869 7.515589321673855e-06
0.0018561295157086869 7.515589321673855e-06
0.0018561295157086869 7.515589321673855e-06
0.0018561295157086869 7.515589321673855e-06
0.0018561295157086869 7.515589321673855e-06
0.0018561295157086869 7.515589321673855e-06
0.0018561295157086869 7.515589321673855e-06
0.0018561295157086869 7.515589321673855e-06
0.0018561295157086869 7.515589321673855e-06
0.0018561295157086869 7.515589321673855e-06
0.0018561295157086869 7.515589321673855e-06
0.0018561295157086869 7.515589321673855e-06
0.0018561295157086869 7.515589321673855e-06
0.0018561295157086869 7.515589321673855e-06
0.0018561295157086869 7.515589321673855e-06
0.0018561295157086869 7.515589321673855e-06
0.0018561295157086869 7.515589321673855e-06
0.0018561295157086869 7.515589321673855e-06
0.0018561295157086869 7.515589321673855e-06
0.0018561295157086869 7.515589321673855e-06
0.0018561295157086869 7.515589321673855e-06
0.0018561295157086869 7.515589321673855e-06
0.0018561295157086869 7.515589321673855e-06
0.0018561295157086869 7.515589321673855e-06
0.0018561295157086869 7.515589321673855e-06
0.0018561295157086869 7.515589321673855e-06
0.0018561295157086869 7.515589321673855e-06
0.0018561295157086869 7.515589321673855e-06
0.0018561295157086869 7.515589321673855e-06
0.0018561295157086869 7.515589321673855e-06
0.003121180035942201 7.515589321673855e-06
0.003121180035942201 7.515589321673855e-06
0.003121180035942201 7.515589321673855e-06
0.0160250048077667 7.515589321673855e-06
3.094654426571587e-06 7.515589321673855e-06
0.0076725325104499845 7.515589321673855e-06
0.0076725325104499845 7.515589321673855e-06
0.0076725325104499845 7.515589321673855e-06
0.004316600831577854 7.515589321673855e-06
0.004316600831577854 7.515589321673855e-06
0.004316600831577854 7.515589321673855e-06
0.004316600831577854 7.515589321673855e-06
0.004316600831577854 7.515589321673855e-06
0.004316600831577854 7.515589321673855e-06
0.004316600831577854 7.515589321673855e-06
2.2104674475511334e-06 7.515589321673855e-06
2.2104674475511334e-06 7.515589321673855e-06
2.2104674475511334e-06 7.515589321673855e-06
0.001669345016390616 7.515589321673855e-06
0.001669345016390616 7.515589321673855e-06
0.001669345016390616 7.515589321673855e-06
0.001669345016390616 7.515589321673855e-06
0.001669345016390616 7.515589321673855e-06
0.001669345016390616 7.515589321673855e-06
0.001669345016390616 7.515589321673855e-06
0.001669345016390616 7.515589321673855e-06
0.001669345016390616 7.515589321673855e-06
0.001669345016390616 7.515589321673855e-06
0.001669345016390616 7.515589321673855e-06
0.001669345016390616 7.515589321673855e-06
0.001669345016390616 7.515589321673855e-06
0.001669345016390616 7.515589321673855e-06
0.001669345016390616 7.515589321673855e-06
0.001669345016390616 7.515589321673855e-06
0.001669345016390616 7.515589321673855e-06
0.001669345016390616 7.515589321673855e-06
0.001669345016390616 7.515589321673855e-06
0.001669345016390616 7.515589321673855e-06
0.001669345016390616 7.515589321673855e-06
0.001669345016390616 7.515589321673855e-06
0.001669345016390616 7.515589321673855e-06
0.001669345016390616 7.515589321673855e-06
0.001669345016390616 7.515589321673855e-06
0.001669345016390616 7.515589321673855e-06
0.001669345016390616 7.515589321673855e-06
0.001669345016390616 7.515589321673855e-06
0.001669345016390616 7.515589321673855e-06
0.001669345016390616 7.515589321673855e-06
0.001669345016390616 7.515589321673855e-06
0.001669345016390616 7.515589321673855e-06
0.001669345016390616 7.515589321673855e-06
0.001669345016390616 7.515589321673855e-06
0.001669345016390616 7.515589321673855e-06
0.001669345016390616 7.515589321673855e-06
0.001669345016390616 7.515589321673855e-06
0.001669345016390616 7.515589321673855e-06
0.001669345016390616 7.515589321673855e-06
0.001669345016390616 7.515589321673855e-06
0.001669345016390616 7.515589321673855e-06
0.001669345016390616 7.515589321673855e-06
0.001669345016390616 7.515589321673855e-06
0.001669345016390616 7.515589321673855e-06
0.001669345016390616 7.515589321673855e-06
0.001669345016390616 7.515589321673855e-06
0.001669345016390616 7.515589321673855e-06
0.001669345016390616 7.515589321673855e-06
0.001669345016390616 7.515589321673855e-06
0.001669345016390616 7.515589321673855e-06
0.001669345016390616 7.515589321673855e-06
0.001669345016390616 7.515589321673855e-06
0.001669345016390616 7.515589321673855e-06
0.001669345016390616 7.515589321673855e-06
0.001669345016390616 7.515589321673855e-06
0.001669345016390616 7.515589321673855e-06
0.001669345016390616 7.515589321673855e-06
0.001669345016390616 7.515589321673855e-06
0.001669345016390616 7.515589321673855e-06
0.001669345016390616 7.515589321673855e-06
0.001669345016390616 7.515589321673855e-06
0.001669345016390616 7.515589321673855e-06
0.001669345016390616 7.515589321673855e-06
0.001669345016390616 7.515589321673855e-06
0.001669345016390616 7.515589321673855e-06
0.001669345016390616 7.515589321673855e-06
0.001669345016390616 7.515589321673855e-06
0.001669345016390616 7.515589321673855e-06
0.001669345016390616 7.515589321673855e-06
0.001669345016390616 7.515589321673855e-06
0.001669345016390616 7.515589321673855e-06
0.001669345016390616 7.515589321673855e-06
0.001669345016390616 7.515589321673855e-06
0.001669345016390616 7.515589321673855e-06
0.001669345016390616 7.515589321673855e-06
0.001669345016390616 7.515589321673855e-06
0.001669345016390616 7.515589321673855e-06
0.001669345016390616 7.515589321673855e-06
0.001669345016390616 7.515589321673855e-06
0.001669345016390616 7.515589321673855e-06
0.001669345016390616 7.515589321673855e-06
0.001669345016390616 7.515589321673855e-06
0.001669345016390616 7.515589321673855e-06
0.001669345016390616 7.515589321673855e-06
0.001669345016390616 7.515589321673855e-06
0.001669345016390616 7.515589321673855e-06
0.001669345016390616 7.515589321673855e-06
0.001669345016390616 7.515589321673855e-06
0.001669345016390616 7.515589321673855e-06
0.001669345016390616 7.515589321673855e-06
0.001669345016390616 7.515589321673855e-06
0.002039377267110676 7.515589321673855e-06
0.002039377267110676 7.515589321673855e-06
0.002039377267110676 7.515589321673855e-06
0.002039377267110676 7.515589321673855e-06
1.1052337237755667e-06 7.515589321673855e-06
1.1052337237755667e-06 7.515589321673855e-06
1.1052337237755667e-06 7.515589321673855e-06
0.0020411456410687166 7.515589321673855e-06
0.0018937074623170563 7.515589321673855e-06
0.0018937074623170563 7.515589321673855e-06
0.0018937074623170563 7.515589321673855e-06
0.0018937074623170563 7.515589321673855e-06
0.0016198305455654707 7.515589321673855e-06
0.0017403010214570075 7.515589321673855e-06
0.0017403010214570075 7.515589321673855e-06
0.0017403010214570075 7.515589321673855e-06
0.00184286671102338 7.515589321673855e-06
0.00184286671102338 7.515589321673855e-06
0.00184286671102338 7.515589321673855e-06
0.00184286671102338 7.515589321673855e-06
0.00184286671102338 7.515589321673855e-06
0.00184286671102338 7.515589321673855e-06
0.00184286671102338 7.515589321673855e-06
0.00184286671102338 7.515589321673855e-06
0.00184286671102338 7.515589321673855e-06
0.00184286671102338 7.515589321673855e-06
0.00184286671102338 7.515589321673855e-06
0.00184286671102338 7.515589321673855e-06
0.00184286671102338 7.515589321673855e-06
0.00184286671102338 7.515589321673855e-06
0.00184286671102338 7.515589321673855e-06
0.00184286671102338 7.515589321673855e-06
0.00184286671102338 7.515589321673855e-06
0.00184286671102338 7.515589321673855e-06
0.00184286671102338 7.515589321673855e-06
0.00184286671102338 7.515589321673855e-06
0.00184286671102338 7.515589321673855e-06
0.00184286671102338 7.515589321673855e-06
0.00184286671102338 7.515589321673855e-06
0.00184286671102338 7.515589321673855e-06
0.00184286671102338 7.515589321673855e-06
0.00184286671102338 7.515589321673855e-06
0.00184286671102338 7.515589321673855e-06
0.00184286671102338 7.515589321673855e-06
0.00184286671102338 7.515589321673855e-06
0.00184286671102338 7.515589321673855e-06
0.00184286671102338 7.515589321673855e-06
0.00184286671102338 7.515589321673855e-06
0.00184286671102338 7.515589321673855e-06
0.00184286671102338 7.515589321673855e-06
0.00184286671102338 7.515589321673855e-06
0.00184286671102338 7.515589321673855e-06
0.00184286671102338 7.515589321673855e-06