1.1504143792594093e-06 1.1412971526918635e-06
1.0342085150523878e-06 1.027775636578535e-06
1.575783361303488e-06 1.569183742001086e-06
1.6736569739612448e-06 1.6601395513306848e-06
1.6736569739612448e-06 1.6601395513306848e-06
1.6736569739612448e-06 1.6601395513306848e-06
5.673372593071677e-06 5.791092142067072e-06
1.6604703448298765e-06 1.6503638227047153e-06
1.6604703448298765e-06 1.6503638227047153e-06
1.6604703448298765e-06 1.6503638227047153e-06
1.6604703448298765e-06 1.6503638227047153e-06
3.2270556344391374e-05 3.1143916036002365e-05
5.665240914369884e-06 5.762958011087931e-06
3.1194434912811553e-06 3.176105522929894e-06
3.1194434912811553e-06 3.176105522929894e-06
1.6940682201272245e-06 1.6797180761181043e-06
1.6940682201272245e-06 1.6797180761181043e-06
1.8165403262869733e-06 1.8174185024108056e-06
2.971591584452633e-06 2.9400177577072566e-06
2.364714673527492e-06 2.3536998985555345e-06
7.594917481221566e-06 7.725229053041423e-06
7.594917481221566e-06 7.725229053041423e-06
7.594917481221566e-06 7.725229053041423e-06
1.3896686474077122e-06 1.3886381625539833e-06
3.2438148560232776e-06 3.174653565929618e-06
1.7504673747890686e-06 1.7529528490742657e-06
1.7504673747890686e-06 1.7529528490742657e-06
2.1027000771690927e-06 2.088044483699681e-06
2.1027000771690927e-06 2.088044483699681e-06
2.1027000771690927e-06 2.088044483699681e-06
2.1027000771690927e-06 2.088044483699681e-06
2.1027000771690927e-06 2.088044483699681e-06
2.1027000771690927e-06 2.088044483699681e-06
2.1027000771690927e-06 2.088044483699681e-06
1.1888924159363895e-06 1.1827516954745554e-06
3.539948316754575e-06 3.565697985380638e-06
3.539948316754575e-06 3.565697985380638e-06
3.0510501714690196e-06 3.0464492111219766e-06
1.4077725940462482e-06 1.397583019925341e-06
1.4077725940462482e-06 1.397583019925341e-06
1.2286370728950375e-06 1.2186650742776362e-06
1.4796708028397842e-06 1.4804681832582736e-06
1.4498426920679105e-05 1.5096618357487922e-05
2.4128479326718913e-06 2.394813791253661e-06
2.4448801764225536e-06 2.4556931562287427e-06
1.0990411964602082e-06 1.094570928196147e-06
1.0990411964602082e-06 1.094570928196147e-06
1.0990411964602082e-06 1.094570928196147e-06
1.7002291908949327e-06 1.6936866137784794e-06
8.335625630381688e-06 8.166465227191063e-06