1.029412477205072e-06 2.6142849215698697e-06
1.1514712867575095e-06 2.614284991506164e-06
1.7014232864238567e-06 2.6142850682942573e-06
1.7014232864238567e-06 2.6142850682942573e-06
1.7014232864238567e-06 2.6142850682942573e-06
1.7014232864238567e-06 2.6142850682942573e-06
1.7014232864238567e-06 2.6142850682942573e-06
1.7014232864238567e-06 2.6142850682942573e-06
1.7014232864238567e-06 2.6142850682942573e-06
1.7014232864238567e-06 2.6142850682942573e-06
1.7367998322390273e-06 2.6142845781819857e-06
1.3671834584014332e-06 2.614284854887528e-06
2.281960839180908e-06 2.614284646673807e-06
1.2144277523038807e-06 2.614285024477973e-06
1.5155990243712609e-06 2.614284883486284e-06
1.4629327067245885e-06 2.614285023151075e-06
2.0643086420976876e-06 2.6142843755258942e-06
1.8792993041146802e-06 2.614284585351402e-06
1.6735494548886474e-06 2.614284557957798e-06
3.379270429879726e-06 2.614285137484889e-06
3.379270429879726e-06 2.614285137484889e-06
2.029399241198772e-06 2.614284923684463e-06
1.0111391950272123e-06 2.6142849195684804e-06
2.031409976471264e-06 2.6142847456027666e-06
1.376354664182672e-06 2.6142850011195695e-06
2.029399241198772e-06 2.6142849832783926e-06
1.5644299872305673e-06 2.614285024533053e-06
1.4904929164011022e-06 2.6142850363132498e-06
1.2987919730746636e-06 2.6142850452576987e-06
1.0400272406628515e-06 2.6142850369538964e-06
2.338029141249366e-06 2.614284832810164e-06
2.338029141249366e-06 2.614284832810164e-06
2.338029141249366e-06 2.614284832810164e-06
2.338029141249366e-06 2.614284832810164e-06
9.758947802433343e-07 2.614285069522866e-06
2.029399241198772e-06 2.6142849832783926e-06
1.5644299872305673e-06 2.6142847900473748e-06
1.0441239224957703e-06 2.614284836136616e-06
1.8357470232521889e-06 2.6142846968848924e-06
1.7014530098551035e-06 2.6142856899852198e-06
2.029399241198772e-06 2.614284923684463e-06
2.029399241198772e-06 2.614284923684463e-06
1.2067226574583792e-06 2.6142851786205955e-06
1.0587971103208292e-06 2.6142848973153057e-06
2.101917175873341e-06 2.614285030658884e-06
1.5644299872305673e-06 2.614285024533053e-06
1.1401582454249517e-06 2.6142848747001393e-06
1.2715363428594404e-06 2.6142849530637694e-06
1.2987919730746636e-06 2.614284883486284e-06
2.029399241198772e-06 2.614284784831359e-06