2.40603101227331e-07 2.399534743132913e-07
2.9905188638435606e-07 2.4091034949276486e-07
2.4060481956316085e-07 2.4091034949276486e-07
3.578199097661655e-07 2.4091034949276486e-07
2.6082296190857494e-07 2.399534743132913e-07
2.6082296190857494e-07 2.399534743132913e-07
3.29838138530279e-07 2.4091034949276486e-07
2.587184316705537e-07 2.4091034949276486e-07
2.587184316705537e-07 2.4091034949276486e-07
2.337532148131966e-07 2.3605437380310106e-07
5.873588242277161e-07 2.4091034949276486e-07
2.3024684360242224e-07 2.399534743132913e-07
2.3024684360242224e-07 2.399534743132913e-07
3.113569768848718e-07 2.4091034949276486e-07
3.1679899267586874e-07 2.3605437380310106e-07
2.9726443732401726e-07 2.4091034949276486e-07
1.4928453976293975e-07 2.4091034949276486e-07
2.710760428635611e-07 2.399534743132913e-07
2.2964585884234735e-07 2.399848325822816e-07
2.6805637615761543e-07 2.3605437380310106e-07
7.978961196700711e-07 2.399534743132913e-07
7.978961196700711e-07 2.399534743132913e-07
5.317206355527917e-07 2.4091034949276486e-07
3.44749178484529e-07 2.3605437380310106e-07
3.1766417529568115e-07 2.4091034949276486e-07
1.7976116964421456e-07 2.4091034949276486e-07
3.5343814162784586e-07 2.3605437380310106e-07
2.481262677973526e-07 2.399725448065316e-07
1.9792544056010686e-07 2.4091034949276486e-07
2.2688877120761217e-07 2.399848325822816e-07
2.6623060919765107e-07 2.4091034949276486e-07
2.6623060919765107e-07 2.4091034949276486e-07
2.79618880187901e-07 2.3605437380310106e-07
2.510660766408607e-07 2.399534743132913e-07
2.631417613944325e-07 2.399730452715172e-07
2.631417613944325e-07 2.399730452715172e-07
2.631417613944325e-07 2.399730452715172e-07
2.6387638933139283e-07 2.3997618857807944e-07
2.5499215165203707e-07 2.4091034949276486e-07
3.3016431879018045e-07 2.4091034949276486e-07
2.792153328529703e-07 2.4091034949276486e-07
2.792153328529703e-07 2.4091034949276486e-07
2.792153328529703e-07 2.4091034949276486e-07
4.662435929196833e-07 2.4091034949276486e-07
4.662435929196833e-07 2.4091034949276486e-07
4.662435929196833e-07 2.4091034949276486e-07
4.662435929196833e-07 2.4091034949276486e-07
3.0814210145510583e-07 2.4091034949276486e-07
3.0789651075806997e-07 2.399534743132913e-07