1.9222263312818793e-06 1.9775934390366595e-06
1.9222263312818793e-06 1.9775934390366595e-06
1.9222263312818793e-06 1.9775934390366595e-06
1.9222263312818793e-06 1.9775934390366595e-06
1.9222263312818793e-06 1.9775934390366595e-06
1.9222263312818793e-06 1.9775934390366595e-06
1.9222263312818793e-06 1.9775934390366595e-06
1.9222263312818793e-06 1.9775934390366595e-06
1.9222263312818793e-06 1.9775934390366595e-06
1.9222263312818793e-06 1.9775934390366595e-06
1.9222263312818793e-06 1.9775934390366595e-06
1.9222263312818793e-06 1.9775934390366595e-06
1.9222263312818793e-06 1.9775934390366595e-06
1.9222263312818793e-06 1.9775934390366595e-06
1.9222263312818793e-06 1.9775934390366595e-06
1.9222263312818793e-06 1.9775934390366595e-06
1.9222263312818793e-06 1.9775934390366595e-06
1.9222263312818793e-06 1.9775934390366595e-06
1.9222263312818793e-06 1.9775934390366595e-06
1.9222263312818793e-06 1.9775934390366595e-06
1.940926396839921e-06 1.977604371157088e-06
1.940926396839921e-06 1.977604371157088e-06
1.940926396839921e-06 1.977604371157088e-06
1.940926396839921e-06 1.977604371157088e-06
1.940926396839921e-06 1.977604371157088e-06
1.940926396839921e-06 1.977604371157088e-06
1.940926396839921e-06 1.977604371157088e-06
1.940926396839921e-06 1.977604371157088e-06
1.8166812869289594e-06 1.9776060292066185e-06
1.8166812869289594e-06 1.9776060292066185e-06
1.8166812869289594e-06 1.9776060292066185e-06
1.8166812869289594e-06 1.9776060292066185e-06
1.8166812869289594e-06 1.9776060292066185e-06
1.8166812869289594e-06 1.9776060292066185e-06
1.8166812869289594e-06 1.9776060292066185e-06
1.8166812869289594e-06 1.9776060292066185e-06
1.8166812869289594e-06 1.9776060292066185e-06
1.8166812869289594e-06 1.9776060292066185e-06
1.8507386700481494e-06 1.9776247226294107e-06
1.8507386700481494e-06 1.9776247226294107e-06
1.8507386700481494e-06 1.9776247226294107e-06
1.8507386700481494e-06 1.9776247226294107e-06
1.8507386700481494e-06 1.9776247226294107e-06
1.8507386700481494e-06 1.9776247226294107e-06
1.8507386700481494e-06 1.9776247226294107e-06
1.8507386700481494e-06 1.9776247226294107e-06
1.8507386700481494e-06 1.9776247226294107e-06
1.8507386700481494e-06 1.9776247226294107e-06
1.8273937184798441e-06 1.977608857160933e-06
1.8273937184798441e-06 1.977608857160933e-06
1.8273937184798441e-06 1.977608857160933e-06
1.8273937184798441e-06 1.977608857160933e-06
1.8273937184798441e-06 1.977608857160933e-06
1.8273937184798441e-06 1.977608857160933e-06
1.8273937184798441e-06 1.977608857160933e-06
1.8273937184798441e-06 1.977608857160933e-06
1.8273937184798441e-06 1.977608857160933e-06
1.8273937184798441e-06 1.977608857160933e-06
1.8273937184798441e-06 1.977608857160933e-06
1.8273937184798441e-06 1.977608857160933e-06
1.8273937184798441e-06 1.977608857160933e-06
1.8273937184798441e-06 1.977608857160933e-06
1.8273937184798441e-06 1.977608857160933e-06
1.8273937184798441e-06 1.977608857160933e-06
1.8273937184798441e-06 1.977608857160933e-06
1.8273937184798441e-06 1.977608857160933e-06
1.8273937184798441e-06 1.977608857160933e-06
1.8273937184798441e-06 1.977608857160933e-06
1.8273937184798441e-06 1.977608857160933e-06
1.8273937184798441e-06 1.977608857160933e-06
1.8273937184798441e-06 1.977608857160933e-06
1.8273937184798441e-06 1.977608857160933e-06
1.8273937184798441e-06 1.977608857160933e-06
1.8273937184798441e-06 1.977608857160933e-06
1.8273937184798441e-06 1.977608857160933e-06
1.8273937184798441e-06 1.977608857160933e-06
1.8273937184798441e-06 1.977608857160933e-06
1.8273937184798441e-06 1.977608857160933e-06
1.8270161933555997e-06 1.9775936317594195e-06
1.8270161933555997e-06 1.9775936317594195e-06
1.8270161933555997e-06 1.9775936317594195e-06
1.8270161933555997e-06 1.9775936317594195e-06
1.8270161933555997e-06 1.9775936317594195e-06
1.8270161933555997e-06 1.9775936317594195e-06
1.8270161933555997e-06 1.9775936317594195e-06
1.8270161933555997e-06 1.9775936317594195e-06
1.8270161933555997e-06 1.9775936317594195e-06
1.8270161933555997e-06 1.9775936317594195e-06
1.8270161933555997e-06 1.9775936317594195e-06
1.8270161933555997e-06 1.9775936317594195e-06
1.8270161933555997e-06 1.9775936317594195e-06
1.8270161933555997e-06 1.9775936317594195e-06
1.8270161933555997e-06 1.9775936317594195e-06
1.8270161933555997e-06 1.9775936317594195e-06
1.8270161933555997e-06 1.9775936317594195e-06
1.8270161933555997e-06 1.9775936317594195e-06
1.8270161933555997e-06 1.9775936317594195e-06
1.8270161933555997e-06 1.9775936317594195e-06
1.9300163412488054e-06 1.9776028305238816e-06
1.9300163412488054e-06 1.9776028305238816e-06
1.9300163412488054e-06 1.9776028305238816e-06
1.9300163412488054e-06 1.9776028305238816e-06
1.9300163412488054e-06 1.9776028305238816e-06
1.9300163412488054e-06 1.9776028305238816e-06
1.9300163412488054e-06 1.9776028305238816e-06
1.9300163412488054e-06 1.9776028305238816e-06
1.9300163412488054e-06 1.9776028305238816e-06
1.9300163412488054e-06 1.9776028305238816e-06
1.9300163412488054e-06 1.9776028305238816e-06
1.9300163412488054e-06 1.9776028305238816e-06
1.873386530804579e-06 1.9776350620422587e-06
1.873386530804579e-06 1.9776350620422587e-06
1.873386530804579e-06 1.9776350620422587e-06
1.873386530804579e-06 1.9776350620422587e-06
1.873386530804579e-06 1.9776350620422587e-06
1.873386530804579e-06 1.9776350620422587e-06
1.873386530804579e-06 1.9776350620422587e-06
1.873386530804579e-06 1.9776350620422587e-06
1.873386530804579e-06 1.9776350620422587e-06
1.873386530804579e-06 1.9776350620422587e-06
1.873386530804579e-06 1.9776350620422587e-06
1.873386530804579e-06 1.9776350620422587e-06
1.873386530804579e-06 1.9776350620422587e-06
1.873386530804579e-06 1.9776350620422587e-06
1.873386530804579e-06 1.9776350620422587e-06
1.873386530804579e-06 1.9776350620422587e-06
1.873386530804579e-06 1.9776350620422587e-06
1.873386530804579e-06 1.9776350620422587e-06
1.873386530804579e-06 1.9776350620422587e-06
1.873386530804579e-06 1.9776350620422587e-06
1.9161442388260663e-06 1.9775943523846586e-06
1.9161442388260663e-06 1.9775943523846586e-06
1.9161442388260663e-06 1.9775943523846586e-06
1.9161442388260663e-06 1.9775943523846586e-06
1.9161442388260663e-06 1.9775943523846586e-06
1.9161442388260663e-06 1.9775943523846586e-06
1.9161442388260663e-06 1.9775943523846586e-06
1.9161442388260663e-06 1.9775943523846586e-06
1.9615800729242016e-06 1.977618996804386e-06
1.9615800729242016e-06 1.977618996804386e-06
1.9615800729242016e-06 1.977618996804386e-06
1.9615800729242016e-06 1.977618996804386e-06
1.9615800729242016e-06 1.977618996804386e-06
1.9615800729242016e-06 1.977618996804386e-06
1.8182557755549826e-06 1.9775937369499755e-06
1.8182557755549826e-06 1.9775937369499755e-06
1.8182557755549826e-06 1.9775937369499755e-06
1.8182557755549826e-06 1.9775937369499755e-06
1.8182557755549826e-06 1.9775937369499755e-06
1.8182557755549826e-06 1.9775937369499755e-06
1.8182557755549826e-06 1.9775937369499755e-06
1.8182557755549826e-06 1.9775937369499755e-06
1.8182557755549826e-06 1.9775937369499755e-06
1.8182557755549826e-06 1.9775937369499755e-06
1.943839350347562e-06 1.9775876694329494e-06
1.943839350347562e-06 1.9775876694329494e-06
1.943839350347562e-06 1.9775876694329494e-06
1.943839350347562e-06 1.9775876694329494e-06
1.943839350347562e-06 1.9775876694329494e-06
1.943839350347562e-06 1.9775876694329494e-06
1.943839350347562e-06 1.9775876694329494e-06
1.943839350347562e-06 1.9775876694329494e-06
1.917349135764923e-06 1.977600547945267e-06
1.917349135764923e-06 1.977600547945267e-06
1.917349135764923e-06 1.977600547945267e-06
1.917349135764923e-06 1.977600547945267e-06
1.917349135764923e-06 1.977600547945267e-06
1.917349135764923e-06 1.977600547945267e-06
1.917349135764923e-06 1.977600547945267e-06
1.917349135764923e-06 1.977600547945267e-06
1.929992209964027e-06 1.9776054323658193e-06
1.929992209964027e-06 1.9776054323658193e-06
1.929992209964027e-06 1.9776054323658193e-06
1.929992209964027e-06 1.9776054323658193e-06
1.929992209964027e-06 1.9776054323658193e-06
1.929992209964027e-06 1.9776054323658193e-06
1.9255293994850094e-06 1.9775988123283602e-06
1.9255293994850094e-06 1.9775988123283602e-06
1.9255293994850094e-06 1.9775988123283602e-06
1.9255293994850094e-06 1.9775988123283602e-06
1.9255293994850094e-06 1.9775988123283602e-06
1.9255293994850094e-06 1.9775988123283602e-06
1.9534392575827716e-06 1.977594986363339e-06
1.9534392575827716e-06 1.977594986363339e-06
1.9534392575827716e-06 1.977594986363339e-06
1.9534392575827716e-06 1.977594986363339e-06
1.9534392575827716e-06 1.977594986363339e-06
1.9534392575827716e-06 1.977594986363339e-06
1.954506199250469e-06 1.9776149357760634e-06
1.954506199250469e-06 1.9776149357760634e-06
1.954506199250469e-06 1.9776149357760634e-06
1.954506199250469e-06 1.9776149357760634e-06
1.954506199250469e-06 1.9776149357760634e-06
1.954506199250469e-06 1.9776149357760634e-06
1.954506199250469e-06 1.9776149357760634e-06
1.954506199250469e-06 1.9776149357760634e-06
1.954506199250469e-06 1.9776149357760634e-06
1.954506199250469e-06 1.9776149357760634e-06
1.954506199250469e-06 1.9776149357760634e-06
1.954506199250469e-06 1.9776149357760634e-06
1.954506199250469e-06 1.9776149357760634e-06
1.954506199250469e-06 1.9776149357760634e-06
1.954506199250469e-06 1.9776149357760634e-06
1.954506199250469e-06 1.9776149357760634e-06
1.954506199250469e-06 1.9776149357760634e-06
1.954506199250469e-06 1.9776149357760634e-06
1.954506199250469e-06 1.9776149357760634e-06
1.954506199250469e-06 1.9776149357760634e-06
1.954506199250469e-06 1.9776149357760634e-06
1.954506199250469e-06 1.9776149357760634e-06
1.954506199250469e-06 1.9776149357760634e-06
1.954506199250469e-06 1.9776149357760634e-06
1.954506199250469e-06 1.9776149357760634e-06
1.954506199250469e-06 1.9776149357760634e-06
1.954506199250469e-06 1.9776149357760634e-06
1.954506199250469e-06 1.9776149357760634e-06
1.954506199250469e-06 1.9776149357760634e-06
1.954506199250469e-06 1.9776149357760634e-06
1.8825476761735614e-06 1.9774354549437044e-06
1.8825476761735614e-06 1.9774354549437044e-06
1.8825476761735614e-06 1.9774354549437044e-06
1.8825476761735614e-06 1.9774354549437044e-06
1.8825476761735614e-06 1.9774354549437044e-06
1.8825476761735614e-06 1.9774354549437044e-06
1.928834423186692e-06 1.977598768999982e-06
1.928834423186692e-06 1.977598768999982e-06
1.928834423186692e-06 1.977598768999982e-06
1.928834423186692e-06 1.977598768999982e-06
1.928834423186692e-06 1.977598768999982e-06
1.928834423186692e-06 1.977598768999982e-06
1.9182517691946496e-06 1.977598684106743e-06
1.9182517691946496e-06 1.977598684106743e-06
1.9182517691946496e-06 1.977598684106743e-06
1.9182517691946496e-06 1.977598684106743e-06
1.9182517691946496e-06 1.977598684106743e-06
1.9182517691946496e-06 1.977598684106743e-06
1.9182517691946496e-06 1.977598684106743e-06
1.9182517691946496e-06 1.977598684106743e-06
1.9567340385934053e-06 1.9775971544580614e-06
1.9567340385934053e-06 1.9775971544580614e-06
1.9567340385934053e-06 1.9775971544580614e-06
1.9567340385934053e-06 1.9775971544580614e-06
1.9567340385934053e-06 1.9775971544580614e-06
1.9567340385934053e-06 1.9775971544580614e-06
1.9567340385934053e-06 1.9775971544580614e-06
1.9567340385934053e-06 1.9775971544580614e-06
1.9567340385934053e-06 1.9775971544580614e-06
1.9567340385934053e-06 1.9775971544580614e-06
1.9567340385934053e-06 1.9775971544580614e-06
1.9567340385934053e-06 1.9775971544580614e-06
1.8259224697341332e-06 1.977595441706917e-06
1.8259224697341332e-06 1.977595441706917e-06
1.8259224697341332e-06 1.977595441706917e-06
1.8259224697341332e-06 1.977595441706917e-06
1.8259224697341332e-06 1.977595441706917e-06
1.8259224697341332e-06 1.977595441706917e-06
1.8259224697341332e-06 1.977595441706917e-06
1.8259224697341332e-06 1.977595441706917e-06
1.8259224697341332e-06 1.977595441706917e-06
1.8259224697341332e-06 1.977595441706917e-06
1.8238377956280089e-06 1.9776023417924542e-06
1.8238377956280089e-06 1.9776023417924542e-06
1.8238377956280089e-06 1.9776023417924542e-06
1.8238377956280089e-06 1.9776023417924542e-06
1.8238377956280089e-06 1.9776023417924542e-06
1.8238377956280089e-06 1.9776023417924542e-06
1.8238377956280089e-06 1.9776023417924542e-06
1.8238377956280089e-06 1.9776023417924542e-06
1.8238377956280089e-06 1.9776023417924542e-06
1.8238377956280089e-06 1.9776023417924542e-06
1.8238377956280089e-06 1.9776023417924542e-06
1.8238377956280089e-06 1.9776023417924542e-06
1.8238377956280089e-06 1.9776023417924542e-06
1.8238377956280089e-06 1.9776023417924542e-06
1.8238377956280089e-06 1.9776023417924542e-06
1.8238377956280089e-06 1.9776023417924542e-06
1.8238377956280089e-06 1.9776023417924542e-06
1.8238377956280089e-06 1.9776023417924542e-06
1.8238377956280089e-06 1.9776023417924542e-06
1.8238377956280089e-06 1.9776023417924542e-06
1.944740329395674e-06 1.977629369044802e-06
1.944740329395674e-06 1.977629369044802e-06
1.944740329395674e-06 1.977629369044802e-06
1.944740329395674e-06 1.977629369044802e-06
1.944740329395674e-06 1.977629369044802e-06
1.944740329395674e-06 1.977629369044802e-06
1.919196801805241e-06 1.97759895805209e-06
1.919196801805241e-06 1.97759895805209e-06
1.919196801805241e-06 1.97759895805209e-06
1.919196801805241e-06 1.97759895805209e-06
1.919196801805241e-06 1.97759895805209e-06
1.919196801805241e-06 1.97759895805209e-06
1.919196801805241e-06 1.97759895805209e-06
1.919196801805241e-06 1.97759895805209e-06
1.919196801805241e-06 1.97759895805209e-06
1.919196801805241e-06 1.97759895805209e-06
1.919196801805241e-06 1.97759895805209e-06
1.919196801805241e-06 1.97759895805209e-06
1.919196801805241e-06 1.97759895805209e-06
1.919196801805241e-06 1.97759895805209e-06
1.919196801805241e-06 1.97759895805209e-06
1.919196801805241e-06 1.97759895805209e-06
1.8127581573507406e-06 1.977605229806697e-06
1.8127581573507406e-06 1.977605229806697e-06
1.8127581573507406e-06 1.977605229806697e-06
1.8127581573507406e-06 1.977605229806697e-06
1.8127581573507406e-06 1.977605229806697e-06
1.8127581573507406e-06 1.977605229806697e-06
1.8127581573507406e-06 1.977605229806697e-06
1.8127581573507406e-06 1.977605229806697e-06
1.8127581573507406e-06 1.977605229806697e-06
1.8127581573507406e-06 1.977605229806697e-06
1.915919260332245e-06 1.9776014329886992e-06
1.915919260332245e-06 1.9776014329886992e-06
1.915919260332245e-06 1.9776014329886992e-06
1.915919260332245e-06 1.9776014329886992e-06
1.915919260332245e-06 1.9776014329886992e-06
1.915919260332245e-06 1.9776014329886992e-06
1.915919260332245e-06 1.9776014329886992e-06
1.915919260332245e-06 1.9776014329886992e-06
1.9468908164358722e-06 1.9774764487391627e-06
1.9468908164358722e-06 1.9774764487391627e-06
1.9468908164358722e-06 1.9774764487391627e-06
1.9468908164358722e-06 1.9774764487391627e-06
1.9468908164358722e-06 1.9774764487391627e-06
1.9468908164358722e-06 1.9774764487391627e-06
1.9468908164358722e-06 1.9774764487391627e-06
1.9468908164358722e-06 1.9774764487391627e-06
1.9468908164358722e-06 1.9774764487391627e-06
1.9468908164358722e-06 1.9774764487391627e-06
1.9298576889399624e-06 1.9775959214290568e-06
1.9298576889399624e-06 1.9775959214290568e-06
1.9298576889399624e-06 1.9775959214290568e-06
1.9298576889399624e-06 1.9775959214290568e-06
1.9298576889399624e-06 1.9775959214290568e-06
1.9298576889399624e-06 1.9775959214290568e-06
1.919287761022451e-06 1.9776072346020733e-06
1.919287761022451e-06 1.9776072346020733e-06
1.919287761022451e-06 1.9776072346020733e-06
1.919287761022451e-06 1.9776072346020733e-06
1.919287761022451e-06 1.9776072346020733e-06
1.919287761022451e-06 1.9776072346020733e-06
1.919287761022451e-06 1.9776072346020733e-06
1.919287761022451e-06 1.9776072346020733e-06
1.9549378742508747e-06 1.977586089489676e-06
1.9549378742508747e-06 1.977586089489676e-06
1.9549378742508747e-06 1.977586089489676e-06
1.9549378742508747e-06 1.977586089489676e-06
1.9549378742508747e-06 1.977586089489676e-06
1.9549378742508747e-06 1.977586089489676e-06
1.9549378742508747e-06 1.977586089489676e-06
1.9549378742508747e-06 1.977586089489676e-06
1.9549378742508747e-06 1.977586089489676e-06
1.9549378742508747e-06 1.977586089489676e-06
1.9549378742508747e-06 1.977586089489676e-06
1.9549378742508747e-06 1.977586089489676e-06
1.9549378742508747e-06 1.977586089489676e-06
1.9549378742508747e-06 1.977586089489676e-06
1.9549378742508747e-06 1.977586089489676e-06
1.9549378742508747e-06 1.977586089489676e-06
1.8263391866136068e-06 1.9775962811367017e-06
1.8263391866136068e-06 1.9775962811367017e-06
1.8263391866136068e-06 1.9775962811367017e-06
1.8263391866136068e-06 1.9775962811367017e-06
1.8263391866136068e-06 1.9775962811367017e-06
1.8263391866136068e-06 1.9775962811367017e-06
1.8263391866136068e-06 1.9775962811367017e-06
1.8263391866136068e-06 1.9775962811367017e-06
1.8263391866136068e-06 1.9775962811367017e-06
1.8263391866136068e-06 1.9775962811367017e-06
1.920385722246903e-06 1.9775482581505314e-06
1.920385722246903e-06 1.9775482581505314e-06
1.920385722246903e-06 1.9775482581505314e-06
1.920385722246903e-06 1.9775482581505314e-06
1.920385722246903e-06 1.9775482581505314e-06
1.920385722246903e-06 1.9775482581505314e-06
1.920385722246903e-06 1.9775482581505314e-06
1.920385722246903e-06 1.9775482581505314e-06
1.920385722246903e-06 1.9775482581505314e-06
1.920385722246903e-06 1.9775482581505314e-06
1.8212601680631226e-06 1.9776041345987065e-06
1.8212601680631226e-06 1.9776041345987065e-06
1.8212601680631226e-06 1.9776041345987065e-06
1.8212601680631226e-06 1.9776041345987065e-06
1.8212601680631226e-06 1.9776041345987065e-06
1.8212601680631226e-06 1.9776041345987065e-06
1.8212601680631226e-06 1.9776041345987065e-06
1.8212601680631226e-06 1.9776041345987065e-06
1.8212601680631226e-06 1.9776041345987065e-06
1.8212601680631226e-06 1.9776041345987065e-06
1.9195959002895626e-06 1.9776065134585215e-06
1.9195959002895626e-06 1.9776065134585215e-06
1.9195959002895626e-06 1.9776065134585215e-06
1.9195959002895626e-06 1.9776065134585215e-06
1.9195959002895626e-06 1.9776065134585215e-06
1.9195959002895626e-06 1.9776065134585215e-06
1.9195959002895626e-06 1.9776065134585215e-06
1.9195959002895626e-06 1.9776065134585215e-06
1.9195959002895626e-06 1.9776065134585215e-06
1.9195959002895626e-06 1.9776065134585215e-06
1.9195959002895626e-06 1.9776065134585215e-06
1.9195959002895626e-06 1.9776065134585215e-06
1.9195959002895626e-06 1.9776065134585215e-06
1.9195959002895626e-06 1.9776065134585215e-06
1.9195959002895626e-06 1.9776065134585215e-06
1.9195959002895626e-06 1.9776065134585215e-06
1.9195959002895626e-06 1.9776065134585215e-06
1.9195959002895626e-06 1.9776065134585215e-06
1.9195959002895626e-06 1.9776065134585215e-06
1.9195959002895626e-06 1.9776065134585215e-06
1.9195959002895626e-06 1.9776065134585215e-06
1.9195959002895626e-06 1.9776065134585215e-06
1.9195959002895626e-06 1.9776065134585215e-06
1.9195959002895626e-06 1.9776065134585215e-06
1.9426270231487383e-06 1.977595545497783e-06
1.9426270231487383e-06 1.977595545497783e-06
1.9426270231487383e-06 1.977595545497783e-06
1.9426270231487383e-06 1.977595545497783e-06
1.9426270231487383e-06 1.977595545497783e-06
1.9426270231487383e-06 1.977595545497783e-06
1.9426270231487383e-06 1.977595545497783e-06
1.9426270231487383e-06 1.977595545497783e-06
1.8392354147413635e-06 1.9776056391473763e-06
1.8392354147413635e-06 1.9776056391473763e-06
1.8392354147413635e-06 1.9776056391473763e-06
1.8392354147413635e-06 1.9776056391473763e-06
1.8392354147413635e-06 1.9776056391473763e-06
1.8392354147413635e-06 1.9776056391473763e-06
1.8392354147413635e-06 1.9776056391473763e-06
1.8392354147413635e-06 1.9776056391473763e-06
1.8392354147413635e-06 1.9776056391473763e-06
1.8392354147413635e-06 1.9776056391473763e-06
1.9405314565187374e-06 1.977606160923073e-06
1.9405314565187374e-06 1.977606160923073e-06
1.9405314565187374e-06 1.977606160923073e-06
1.9405314565187374e-06 1.977606160923073e-06
1.9405314565187374e-06 1.977606160923073e-06
1.9405314565187374e-06 1.977606160923073e-06
1.9405314565187374e-06 1.977606160923073e-06
1.9405314565187374e-06 1.977606160923073e-06
1.9405314565187374e-06 1.977606160923073e-06
1.9405314565187374e-06 1.977606160923073e-06
1.9405314565187374e-06 1.977606160923073e-06
1.9405314565187374e-06 1.977606160923073e-06
1.953834251874961e-06 1.9775827281101286e-06
1.953834251874961e-06 1.9775827281101286e-06
1.953834251874961e-06 1.9775827281101286e-06
1.953834251874961e-06 1.9775827281101286e-06
1.953834251874961e-06 1.9775827281101286e-06
1.953834251874961e-06 1.9775827281101286e-06
1.953834251874961e-06 1.9775827281101286e-06
1.953834251874961e-06 1.9775827281101286e-06
1.9127459199056503e-06 1.9776011308333474e-06
1.9127459199056503e-06 1.9776011308333474e-06
1.9127459199056503e-06 1.9776011308333474e-06
1.9127459199056503e-06 1.9776011308333474e-06
1.9127459199056503e-06 1.9776011308333474e-06
1.9127459199056503e-06 1.9776011308333474e-06
1.9127459199056503e-06 1.9776011308333474e-06
1.9127459199056503e-06 1.9776011308333474e-06
1.9452116516123185e-06 1.9776099276617123e-06
1.9452116516123185e-06 1.9776099276617123e-06
1.9452116516123185e-06 1.9776099276617123e-06
1.9452116516123185e-06 1.9776099276617123e-06
1.9452116516123185e-06 1.9776099276617123e-06
1.9452116516123185e-06 1.9776099276617123e-06
1.9452116516123185e-06 1.9776099276617123e-06
1.9452116516123185e-06 1.9776099276617123e-06
1.9452116516123185e-06 1.9776099276617123e-06
1.9452116516123185e-06 1.9776099276617123e-06
1.9452116516123185e-06 1.9776099276617123e-06
1.9452116516123185e-06 1.9776099276617123e-06
1.9452116516123185e-06 1.9776099276617123e-06
1.9452116516123185e-06 1.9776099276617123e-06
1.9452116516123185e-06 1.9776099276617123e-06
1.9452116516123185e-06 1.9776099276617123e-06
1.9452116516123185e-06 1.9776099276617123e-06
1.9452116516123185e-06 1.9776099276617123e-06
1.9452116516123185e-06 1.9776099276617123e-06
1.9452116516123185e-06 1.9776099276617123e-06
1.9452116516123185e-06 1.9776099276617123e-06
1.9452116516123185e-06 1.9776099276617123e-06
1.9452116516123185e-06 1.9776099276617123e-06
1.9452116516123185e-06 1.9776099276617123e-06
1.9452116516123185e-06 1.9776099276617123e-06
1.9452116516123185e-06 1.9776099276617123e-06
1.9452116516123185e-06 1.9776099276617123e-06
1.9452116516123185e-06 1.9776099276617123e-06
1.9452116516123185e-06 1.9776099276617123e-06
1.9452116516123185e-06 1.9776099276617123e-06
1.9452116516123185e-06 1.9776099276617123e-06
1.9452116516123185e-06 1.9776099276617123e-06
1.9452116516123185e-06 1.9776099276617123e-06
1.9452116516123185e-06 1.9776099276617123e-06
1.9452116516123185e-06 1.9776099276617123e-06
1.9452116516123185e-06 1.9776099276617123e-06
1.9452116516123185e-06 1.9776099276617123e-06
1.9452116516123185e-06 1.9776099276617123e-06
1.9452116516123185e-06 1.9776099276617123e-06
1.9452116516123185e-06 1.9776099276617123e-06
1.929844556371321e-06 1.9776085991763128e-06
1.929844556371321e-06 1.9776085991763128e-06
1.929844556371321e-06 1.9776085991763128e-06
1.929844556371321e-06 1.9776085991763128e-06
1.929844556371321e-06 1.9776085991763128e-06
1.929844556371321e-06 1.9776085991763128e-06
1.929844556371321e-06 1.9776085991763128e-06
1.929844556371321e-06 1.9776085991763128e-06
1.929844556371321e-06 1.9776085991763128e-06
1.929844556371321e-06 1.9776085991763128e-06
1.929844556371321e-06 1.9776085991763128e-06
1.929844556371321e-06 1.9776085991763128e-06
1.929844556371321e-06 1.9776085991763128e-06
1.929844556371321e-06 1.9776085991763128e-06
1.929844556371321e-06 1.9776085991763128e-06
1.929844556371321e-06 1.9776085991763128e-06
1.8164362734092483e-06 1.9776090844390666e-06
1.8164362734092483e-06 1.9776090844390666e-06
1.8164362734092483e-06 1.9776090844390666e-06
1.8164362734092483e-06 1.9776090844390666e-06
1.8164362734092483e-06 1.9776090844390666e-06
1.8164362734092483e-06 1.9776090844390666e-06
1.8164362734092483e-06 1.9776090844390666e-06
1.8164362734092483e-06 1.9776090844390666e-06
1.8164362734092483e-06 1.9776090844390666e-06
1.8164362734092483e-06 1.9776090844390666e-06
1.9197959140444506e-06 1.9775984026092897e-06
1.9197959140444506e-06 1.9775984026092897e-06
1.9197959140444506e-06 1.9775984026092897e-06
1.9197959140444506e-06 1.9775984026092897e-06
1.9197959140444506e-06 1.9775984026092897e-06
1.9197959140444506e-06 1.9775984026092897e-06
1.9197959140444506e-06 1.9775984026092897e-06
1.9197959140444506e-06 1.9775984026092897e-06
1.9197959140444506e-06 1.9775984026092897e-06
1.9197959140444506e-06 1.9775984026092897e-06
1.9197959140444506e-06 1.9775984026092897e-06
1.9197959140444506e-06 1.9775984026092897e-06
1.9197959140444506e-06 1.9775984026092897e-06
1.9197959140444506e-06 1.9775984026092897e-06
1.9197959140444506e-06 1.9775984026092897e-06
1.9197959140444506e-06 1.9775984026092897e-06
1.9478825875295325e-06 1.977589338663497e-06
1.9478825875295325e-06 1.977589338663497e-06
1.9478825875295325e-06 1.977589338663497e-06
1.9478825875295325e-06 1.977589338663497e-06
1.9478825875295325e-06 1.977589338663497e-06
1.9478825875295325e-06 1.977589338663497e-06
1.9478825875295325e-06 1.977589338663497e-06
1.9478825875295325e-06 1.977589338663497e-06
1.9162707485541204e-06 1.9775980864493963e-06
1.9162707485541204e-06 1.9775980864493963e-06
1.9162707485541204e-06 1.9775980864493963e-06
1.9162707485541204e-06 1.9775980864493963e-06
1.9162707485541204e-06 1.9775980864493963e-06
1.9162707485541204e-06 1.9775980864493963e-06
1.9162707485541204e-06 1.9775980864493963e-06
1.9162707485541204e-06 1.9775980864493963e-06
1.9243807559949744e-06 1.9776099413039483e-06
1.9243807559949744e-06 1.9776099413039483e-06
1.9243807559949744e-06 1.9776099413039483e-06
1.9243807559949744e-06 1.9776099413039483e-06
1.9243807559949744e-06 1.9776099413039483e-06
1.9243807559949744e-06 1.9776099413039483e-06
1.9243807559949744e-06 1.9776099413039483e-06
1.9243807559949744e-06 1.9776099413039483e-06
1.916918699759595e-06 1.9775928544523834e-06
1.916918699759595e-06 1.9775928544523834e-06
1.916918699759595e-06 1.9775928544523834e-06
1.916918699759595e-06 1.9775928544523834e-06
1.916918699759595e-06 1.9775928544523834e-06
1.916918699759595e-06 1.9775928544523834e-06
1.916918699759595e-06 1.9775928544523834e-06
1.916918699759595e-06 1.9775928544523834e-06
1.9547411259533497e-06 1.9775808553110924e-06
1.9547411259533497e-06 1.9775808553110924e-06
1.9547411259533497e-06 1.9775808553110924e-06
1.9547411259533497e-06 1.9775808553110924e-06
1.9547411259533497e-06 1.9775808553110924e-06
1.9547411259533497e-06 1.9775808553110924e-06
1.9547411259533497e-06 1.9775808553110924e-06
1.9547411259533497e-06 1.9775808553110924e-06
1.9601456013685138e-06 1.9776152812585794e-06
1.9601456013685138e-06 1.9776152812585794e-06
1.9601456013685138e-06 1.9776152812585794e-06
1.9601456013685138e-06 1.9776152812585794e-06
1.9601456013685138e-06 1.9776152812585794e-06
1.9601456013685138e-06 1.9776152812585794e-06
1.9601456013685138e-06 1.9776152812585794e-06
1.9601456013685138e-06 1.9776152812585794e-06
1.811233421017775e-06 1.9775943007928466e-06
1.811233421017775e-06 1.9775943007928466e-06
1.811233421017775e-06 1.9775943007928466e-06
1.811233421017775e-06 1.9775943007928466e-06
1.811233421017775e-06 1.9775943007928466e-06
1.811233421017775e-06 1.9775943007928466e-06
1.811233421017775e-06 1.9775943007928466e-06
1.811233421017775e-06 1.9775943007928466e-06
1.811233421017775e-06 1.9775943007928466e-06
1.811233421017775e-06 1.9775943007928466e-06
1.9137321051852697e-06 1.977601027496246e-06
1.9137321051852697e-06 1.977601027496246e-06
1.9137321051852697e-06 1.977601027496246e-06
1.9137321051852697e-06 1.977601027496246e-06
1.9137321051852697e-06 1.977601027496246e-06
1.9137321051852697e-06 1.977601027496246e-06
1.9137321051852697e-06 1.977601027496246e-06
1.9137321051852697e-06 1.977601027496246e-06
1.813132091833834e-06 1.9775916518020676e-06
1.813132091833834e-06 1.9775916518020676e-06
1.813132091833834e-06 1.9775916518020676e-06
1.813132091833834e-06 1.9775916518020676e-06
1.813132091833834e-06 1.9775916518020676e-06
1.813132091833834e-06 1.9775916518020676e-06
1.813132091833834e-06 1.9775916518020676e-06
1.813132091833834e-06 1.9775916518020676e-06
1.813132091833834e-06 1.9775916518020676e-06
1.813132091833834e-06 1.9775916518020676e-06
1.8274146994123832e-06 1.9775952506971266e-06
1.8274146994123832e-06 1.9775952506971266e-06
1.8274146994123832e-06 1.9775952506971266e-06
1.8274146994123832e-06 1.9775952506971266e-06
1.8274146994123832e-06 1.9775952506971266e-06
1.8274146994123832e-06 1.9775952506971266e-06
1.8274146994123832e-06 1.9775952506971266e-06
1.8274146994123832e-06 1.9775952506971266e-06
1.8274146994123832e-06 1.9775952506971266e-06
1.8274146994123832e-06 1.9775952506971266e-06
1.9148369894333413e-06 1.9776015385818284e-06
1.9148369894333413e-06 1.9776015385818284e-06
1.9148369894333413e-06 1.9776015385818284e-06
1.9148369894333413e-06 1.9776015385818284e-06
1.9148369894333413e-06 1.9776015385818284e-06
1.9148369894333413e-06 1.9776015385818284e-06
1.9148369894333413e-06 1.9776015385818284e-06
1.9148369894333413e-06 1.9776015385818284e-06
1.880687689065791e-06 1.977604244143798e-06
1.880687689065791e-06 1.977604244143798e-06
1.880687689065791e-06 1.977604244143798e-06
1.880687689065791e-06 1.977604244143798e-06
1.880687689065791e-06 1.977604244143798e-06
1.880687689065791e-06 1.977604244143798e-06
1.880687689065791e-06 1.977604244143798e-06
1.880687689065791e-06 1.977604244143798e-06
1.880687689065791e-06 1.977604244143798e-06
1.880687689065791e-06 1.977604244143798e-06
1.9175668450763164e-06 1.97759805823228e-06
1.9175668450763164e-06 1.97759805823228e-06
1.9175668450763164e-06 1.97759805823228e-06
1.9175668450763164e-06 1.97759805823228e-06
1.9175668450763164e-06 1.97759805823228e-06
1.9175668450763164e-06 1.97759805823228e-06
1.9175668450763164e-06 1.97759805823228e-06
1.9175668450763164e-06 1.97759805823228e-06
1.8648120988776851e-06 1.9775945301429743e-06
1.8648120988776851e-06 1.9775945301429743e-06
1.8648120988776851e-06 1.9775945301429743e-06
1.8648120988776851e-06 1.9775945301429743e-06
1.8648120988776851e-06 1.9775945301429743e-06
1.8648120988776851e-06 1.9775945301429743e-06
1.8648120988776851e-06 1.9775945301429743e-06
1.8648120988776851e-06 1.9775945301429743e-06
1.8648120988776851e-06 1.9775945301429743e-06
1.8648120988776851e-06 1.9775945301429743e-06
1.9299852001107744e-06 1.9776029611627485e-06
1.9299852001107744e-06 1.9776029611627485e-06
1.9299852001107744e-06 1.9776029611627485e-06
1.9299852001107744e-06 1.9776029611627485e-06
1.9299852001107744e-06 1.9776029611627485e-06
1.9299852001107744e-06 1.9776029611627485e-06
1.9299852001107744e-06 1.9776029611627485e-06
1.9299852001107744e-06 1.9776029611627485e-06
1.9299852001107744e-06 1.9776029611627485e-06
1.9299852001107744e-06 1.9776029611627485e-06
1.9299852001107744e-06 1.9776029611627485e-06
1.9299852001107744e-06 1.9776029611627485e-06
1.9299852001107744e-06 1.9776029611627485e-06
1.9299852001107744e-06 1.9776029611627485e-06
1.9299852001107744e-06 1.9776029611627485e-06
1.9299852001107744e-06 1.9776029611627485e-06
1.9299852001107744e-06 1.9776029611627485e-06
1.9299852001107744e-06 1.9776029611627485e-06
1.9295242173486553e-06 1.9776021256625067e-06
1.9295242173486553e-06 1.9776021256625067e-06
1.9295242173486553e-06 1.9776021256625067e-06
1.9295242173486553e-06 1.9776021256625067e-06
1.9295242173486553e-06 1.9776021256625067e-06
1.9295242173486553e-06 1.9776021256625067e-06
1.9330939959509034e-06 1.977609582449433e-06
1.9330939959509034e-06 1.977609582449433e-06
1.9330939959509034e-06 1.977609582449433e-06
1.9330939959509034e-06 1.977609582449433e-06
1.9330939959509034e-06 1.977609582449433e-06
1.9330939959509034e-06 1.977609582449433e-06
1.9330939959509034e-06 1.977609582449433e-06
1.9330939959509034e-06 1.977609582449433e-06
1.9330939959509034e-06 1.977609582449433e-06
1.9330939959509034e-06 1.977609582449433e-06
1.9330939959509034e-06 1.977609582449433e-06
1.9330939959509034e-06 1.977609582449433e-06
1.934632412917448e-06 1.9776089281619803e-06
1.934632412917448e-06 1.9776089281619803e-06
1.934632412917448e-06 1.9776089281619803e-06
1.934632412917448e-06 1.9776089281619803e-06
1.934632412917448e-06 1.9776089281619803e-06
1.934632412917448e-06 1.9776089281619803e-06
1.934632412917448e-06 1.9776089281619803e-06
1.934632412917448e-06 1.9776089281619803e-06
1.934632412917448e-06 1.9776089281619803e-06
1.934632412917448e-06 1.9776089281619803e-06
1.934632412917448e-06 1.9776089281619803e-06
1.934632412917448e-06 1.9776089281619803e-06
1.934632412917448e-06 1.9776089281619803e-06
1.934632412917448e-06 1.9776089281619803e-06
1.934632412917448e-06 1.9776089281619803e-06
1.934632412917448e-06 1.9776089281619803e-06
1.955747792651296e-06 1.9776017872308204e-06
1.955747792651296e-06 1.9776017872308204e-06
1.955747792651296e-06 1.9776017872308204e-06
1.955747792651296e-06 1.9776017872308204e-06
1.955747792651296e-06 1.9776017872308204e-06
1.955747792651296e-06 1.9776017872308204e-06
1.9391719935650688e-06 1.9775995131692246e-06
1.9391719935650688e-06 1.9775995131692246e-06
1.9391719935650688e-06 1.9775995131692246e-06
1.9391719935650688e-06 1.9775995131692246e-06
1.9391719935650688e-06 1.9775995131692246e-06
1.9391719935650688e-06 1.9775995131692246e-06
1.9391719935650688e-06 1.9775995131692246e-06
1.9391719935650688e-06 1.9775995131692246e-06
1.943203601907116e-06 1.9775930291517705e-06
1.943203601907116e-06 1.9775930291517705e-06
1.943203601907116e-06 1.9775930291517705e-06
1.943203601907116e-06 1.9775930291517705e-06
1.943203601907116e-06 1.9775930291517705e-06
1.943203601907116e-06 1.9775930291517705e-06
1.943203601907116e-06 1.9775930291517705e-06
1.943203601907116e-06 1.9775930291517705e-06
1.943203601907116e-06 1.9775930291517705e-06
1.943203601907116e-06 1.9775930291517705e-06
1.943203601907116e-06 1.9775930291517705e-06
1.943203601907116e-06 1.9775930291517705e-06
1.930421065633764e-06 1.977602189846693e-06
1.930421065633764e-06 1.977602189846693e-06
1.930421065633764e-06 1.977602189846693e-06
1.930421065633764e-06 1.977602189846693e-06
1.930421065633764e-06 1.977602189846693e-06
1.930421065633764e-06 1.977602189846693e-06
1.9277627611625934e-06 1.9775990102367854e-06
1.9277627611625934e-06 1.9775990102367854e-06
1.9277627611625934e-06 1.9775990102367854e-06
1.9277627611625934e-06 1.9775990102367854e-06
1.9277627611625934e-06 1.9775990102367854e-06
1.9277627611625934e-06 1.9775990102367854e-06
1.9277627611625934e-06 1.9775990102367854e-06
1.9277627611625934e-06 1.9775990102367854e-06
1.9277627611625934e-06 1.9775990102367854e-06
1.9277627611625934e-06 1.9775990102367854e-06
1.9277627611625934e-06 1.9775990102367854e-06
1.9277627611625934e-06 1.9775990102367854e-06
1.9277627611625934e-06 1.9775990102367854e-06
1.9277627611625934e-06 1.9775990102367854e-06
1.9277627611625934e-06 1.9775990102367854e-06
1.9277627611625934e-06 1.9775990102367854e-06
1.9277627611625934e-06 1.9775990102367854e-06
1.9277627611625934e-06 1.9775990102367854e-06
1.830577874149824e-06 1.9776120685902783e-06
1.830577874149824e-06 1.9776120685902783e-06
1.830577874149824e-06 1.9776120685902783e-06
1.830577874149824e-06 1.9776120685902783e-06
1.830577874149824e-06 1.9776120685902783e-06
1.830577874149824e-06 1.9776120685902783e-06
1.830577874149824e-06 1.9776120685902783e-06
1.830577874149824e-06 1.9776120685902783e-06
1.830577874149824e-06 1.9776120685902783e-06
1.830577874149824e-06 1.9776120685902783e-06
1.830577874149824e-06 1.9776120685902783e-06
1.830577874149824e-06 1.9776120685902783e-06
1.830577874149824e-06 1.9776120685902783e-06
1.830577874149824e-06 1.9776120685902783e-06
1.830577874149824e-06 1.9776120685902783e-06
1.830577874149824e-06 1.9776120685902783e-06
1.830577874149824e-06 1.9776120685902783e-06
1.830577874149824e-06 1.9776120685902783e-06
1.830577874149824e-06 1.9776120685902783e-06
1.830577874149824e-06 1.9776120685902783e-06
1.9532470905409366e-06 1.977596795828773e-06
1.9532470905409366e-06 1.977596795828773e-06
1.9532470905409366e-06 1.977596795828773e-06
1.9532470905409366e-06 1.977596795828773e-06
1.9532470905409366e-06 1.977596795828773e-06
1.9532470905409366e-06 1.977596795828773e-06
1.9532470905409366e-06 1.977596795828773e-06
1.9532470905409366e-06 1.977596795828773e-06
1.9532470905409366e-06 1.977596795828773e-06
1.9532470905409366e-06 1.977596795828773e-06
1.9532470905409366e-06 1.977596795828773e-06
1.9532470905409366e-06 1.977596795828773e-06
1.9532470905409366e-06 1.977596795828773e-06
1.9532470905409366e-06 1.977596795828773e-06
1.9532470905409366e-06 1.977596795828773e-06
1.9532470905409366e-06 1.977596795828773e-06
1.8132009937856832e-06 1.9776000071344085e-06
1.8132009937856832e-06 1.9776000071344085e-06
1.8132009937856832e-06 1.9776000071344085e-06
1.8132009937856832e-06 1.9776000071344085e-06
1.8132009937856832e-06 1.9776000071344085e-06
1.8132009937856832e-06 1.9776000071344085e-06
1.8132009937856832e-06 1.9776000071344085e-06
1.8132009937856832e-06 1.9776000071344085e-06
1.8132009937856832e-06 1.9776000071344085e-06
1.8132009937856832e-06 1.9776000071344085e-06
1.8132009937856832e-06 1.9776000071344085e-06
1.8132009937856832e-06 1.9776000071344085e-06
1.8132009937856832e-06 1.9776000071344085e-06
1.8132009937856832e-06 1.9776000071344085e-06
1.8132009937856832e-06 1.9776000071344085e-06
1.8132009937856832e-06 1.9776000071344085e-06
1.8132009937856832e-06 1.9776000071344085e-06
1.8132009937856832e-06 1.9776000071344085e-06
1.8132009937856832e-06 1.9776000071344085e-06
1.8132009937856832e-06 1.9776000071344085e-06
1.915529368614548e-06 1.977605683002197e-06
1.915529368614548e-06 1.977605683002197e-06
1.915529368614548e-06 1.977605683002197e-06
1.915529368614548e-06 1.977605683002197e-06
1.915529368614548e-06 1.977605683002197e-06
1.915529368614548e-06 1.977605683002197e-06
1.915529368614548e-06 1.977605683002197e-06
1.915529368614548e-06 1.977605683002197e-06
1.811167748731253e-06 1.9776110394775816e-06
1.811167748731253e-06 1.9776110394775816e-06
1.811167748731253e-06 1.9776110394775816e-06
1.811167748731253e-06 1.9776110394775816e-06
1.811167748731253e-06 1.9776110394775816e-06
1.811167748731253e-06 1.9776110394775816e-06
1.811167748731253e-06 1.9776110394775816e-06
1.811167748731253e-06 1.9776110394775816e-06
1.811167748731253e-06 1.9776110394775816e-06
1.811167748731253e-06 1.9776110394775816e-06
1.8111313326741186e-06 1.9775875918486896e-06
1.8111313326741186e-06 1.9775875918486896e-06
1.8111313326741186e-06 1.9775875918486896e-06
1.8111313326741186e-06 1.9775875918486896e-06
1.8111313326741186e-06 1.9775875918486896e-06
1.8111313326741186e-06 1.9775875918486896e-06
1.8111313326741186e-06 1.9775875918486896e-06
1.8111313326741186e-06 1.9775875918486896e-06
1.8111313326741186e-06 1.9775875918486896e-06
1.8111313326741186e-06 1.9775875918486896e-06
1.9291874573396177e-06 1.9776040875379583e-06
1.9291874573396177e-06 1.9776040875379583e-06
1.9291874573396177e-06 1.9776040875379583e-06
1.9291874573396177e-06 1.9776040875379583e-06
1.9291874573396177e-06 1.9776040875379583e-06
1.9291874573396177e-06 1.9776040875379583e-06
1.8540534683329688e-06 1.9775899134151843e-06
1.8540534683329688e-06 1.9775899134151843e-06
1.8540534683329688e-06 1.9775899134151843e-06
1.8540534683329688e-06 1.9775899134151843e-06
1.8540534683329688e-06 1.9775899134151843e-06
1.8540534683329688e-06 1.9775899134151843e-06
1.8540534683329688e-06 1.9775899134151843e-06
1.8540534683329688e-06 1.9775899134151843e-06
1.8540534683329688e-06 1.9775899134151843e-06
1.8540534683329688e-06 1.9775899134151843e-06
1.914381798787222e-06 1.97759732193879e-06
1.914381798787222e-06 1.97759732193879e-06
1.914381798787222e-06 1.97759732193879e-06
1.914381798787222e-06 1.97759732193879e-06
1.914381798787222e-06 1.97759732193879e-06
1.914381798787222e-06 1.97759732193879e-06
1.914381798787222e-06 1.97759732193879e-06
1.914381798787222e-06 1.97759732193879e-06
1.9158378891030806e-06 1.977599910316915e-06
1.9158378891030806e-06 1.977599910316915e-06
1.9158378891030806e-06 1.977599910316915e-06
1.9158378891030806e-06 1.977599910316915e-06
1.9158378891030806e-06 1.977599910316915e-06
1.9158378891030806e-06 1.977599910316915e-06
1.9158378891030806e-06 1.977599910316915e-06
1.9158378891030806e-06 1.977599910316915e-06
1.959939972908259e-06 1.9776162624238267e-06
1.959939972908259e-06 1.9776162624238267e-06
1.959939972908259e-06 1.9776162624238267e-06
1.959939972908259e-06 1.9776162624238267e-06
1.959939972908259e-06 1.9776162624238267e-06
1.959939972908259e-06 1.9776162624238267e-06
1.817160939188409e-06 1.97761126507636e-06
1.817160939188409e-06 1.97761126507636e-06
1.817160939188409e-06 1.97761126507636e-06
1.817160939188409e-06 1.97761126507636e-06
1.817160939188409e-06 1.97761126507636e-06
1.817160939188409e-06 1.97761126507636e-06
1.817160939188409e-06 1.97761126507636e-06
1.817160939188409e-06 1.97761126507636e-06
1.817160939188409e-06 1.97761126507636e-06
1.817160939188409e-06 1.97761126507636e-06
1.8571044456643422e-06 1.9775758434194906e-06
1.8571044456643422e-06 1.9775758434194906e-06
1.8571044456643422e-06 1.9775758434194906e-06
1.8571044456643422e-06 1.9775758434194906e-06
1.8571044456643422e-06 1.9775758434194906e-06
1.8571044456643422e-06 1.9775758434194906e-06
1.8571044456643422e-06 1.9775758434194906e-06
1.8571044456643422e-06 1.9775758434194906e-06
1.8571044456643422e-06 1.9775758434194906e-06
1.8571044456643422e-06 1.9775758434194906e-06
1.8571044456643422e-06 1.9775758434194906e-06
1.8571044456643422e-06 1.9775758434194906e-06
1.8571044456643422e-06 1.9775758434194906e-06
1.8571044456643422e-06 1.9775758434194906e-06
1.8571044456643422e-06 1.9775758434194906e-06
1.8571044456643422e-06 1.9775758434194906e-06
1.8571044456643422e-06 1.9775758434194906e-06
1.8571044456643422e-06 1.9775758434194906e-06
1.8571044456643422e-06 1.9775758434194906e-06
1.8571044456643422e-06 1.9775758434194906e-06
1.8571044456643422e-06 1.9775758434194906e-06
1.8571044456643422e-06 1.9775758434194906e-06
1.8571044456643422e-06 1.9775758434194906e-06
1.8571044456643422e-06 1.9775758434194906e-06
1.8571044456643422e-06 1.9775758434194906e-06
1.8571044456643422e-06 1.9775758434194906e-06
1.8571044456643422e-06 1.9775758434194906e-06
1.8571044456643422e-06 1.9775758434194906e-06
1.8571044456643422e-06 1.9775758434194906e-06
1.8571044456643422e-06 1.9775758434194906e-06
1.8571044456643422e-06 1.9775758434194906e-06
1.8571044456643422e-06 1.9775758434194906e-06
1.8571044456643422e-06 1.9775758434194906e-06
1.8571044456643422e-06 1.9775758434194906e-06
1.8571044456643422e-06 1.9775758434194906e-06
1.8571044456643422e-06 1.9775758434194906e-06
1.8571044456643422e-06 1.9775758434194906e-06
1.8571044456643422e-06 1.9775758434194906e-06
1.8571044456643422e-06 1.9775758434194906e-06
1.8571044456643422e-06 1.9775758434194906e-06
1.8571044456643422e-06 1.9775758434194906e-06
1.8571044456643422e-06 1.9775758434194906e-06
1.8571044456643422e-06 1.9775758434194906e-06
1.8571044456643422e-06 1.9775758434194906e-06
1.8571044456643422e-06 1.9775758434194906e-06
1.8571044456643422e-06 1.9775758434194906e-06
1.8571044456643422e-06 1.9775758434194906e-06
1.8571044456643422e-06 1.9775758434194906e-06
1.8571044456643422e-06 1.9775758434194906e-06
1.8571044456643422e-06 1.9775758434194906e-06
1.922849319411066e-06 1.9776064207301457e-06
1.922849319411066e-06 1.9776064207301457e-06
1.922849319411066e-06 1.9776064207301457e-06
1.922849319411066e-06 1.9776064207301457e-06
1.922849319411066e-06 1.9776064207301457e-06
1.922849319411066e-06 1.9776064207301457e-06
1.922849319411066e-06 1.9776064207301457e-06
1.922849319411066e-06 1.9776064207301457e-06
1.901972728339603e-06 1.9775735831326156e-06
1.901972728339603e-06 1.9775735831326156e-06
1.901972728339603e-06 1.9775735831326156e-06
1.901972728339603e-06 1.9775735831326156e-06
1.901972728339603e-06 1.9775735831326156e-06
1.901972728339603e-06 1.9775735831326156e-06
1.901972728339603e-06 1.9775735831326156e-06
1.901972728339603e-06 1.9775735831326156e-06
1.901972728339603e-06 1.9775735831326156e-06
1.901972728339603e-06 1.9775735831326156e-06
1.927678323571172e-06 1.9776000319462816e-06
1.927678323571172e-06 1.9776000319462816e-06
1.927678323571172e-06 1.9776000319462816e-06
1.927678323571172e-06 1.9776000319462816e-06
1.927678323571172e-06 1.9776000319462816e-06
1.927678323571172e-06 1.9776000319462816e-06
1.935423510916e-06 1.977598926570012e-06
1.935423510916e-06 1.977598926570012e-06
1.935423510916e-06 1.977598926570012e-06
1.935423510916e-06 1.977598926570012e-06
1.935423510916e-06 1.977598926570012e-06
1.935423510916e-06 1.977598926570012e-06
1.9478394792455934e-06 1.9776040767780085e-06
1.9478394792455934e-06 1.9776040767780085e-06
1.9478394792455934e-06 1.9776040767780085e-06
1.9478394792455934e-06 1.9776040767780085e-06
1.9478394792455934e-06 1.9776040767780085e-06
1.9478394792455934e-06 1.9776040767780085e-06
1.9478394792455934e-06 1.9776040767780085e-06
1.9478394792455934e-06 1.9776040767780085e-06
1.917825216154546e-06 1.9775978451383108e-06
1.917825216154546e-06 1.9775978451383108e-06
1.917825216154546e-06 1.9775978451383108e-06
1.917825216154546e-06 1.9775978451383108e-06
1.917825216154546e-06 1.9775978451383108e-06
1.917825216154546e-06 1.9775978451383108e-06
1.917825216154546e-06 1.9775978451383108e-06
1.917825216154546e-06 1.9775978451383108e-06
1.917825216154546e-06 1.9775978451383108e-06
1.917825216154546e-06 1.9775978451383108e-06
1.917825216154546e-06 1.9775978451383108e-06
1.917825216154546e-06 1.9775978451383108e-06
1.917825216154546e-06 1.9775978451383108e-06
1.917825216154546e-06 1.9775978451383108e-06
1.917825216154546e-06 1.9775978451383108e-06
1.917825216154546e-06 1.9775978451383108e-06
1.917825216154546e-06 1.9775978451383108e-06
1.917825216154546e-06 1.9775978451383108e-06
1.917825216154546e-06 1.9775978451383108e-06
1.917825216154546e-06 1.9775978451383108e-06
1.917825216154546e-06 1.9775978451383108e-06
1.917825216154546e-06 1.9775978451383108e-06
1.917825216154546e-06 1.9775978451383108e-06
1.917825216154546e-06 1.9775978451383108e-06
1.8269026380108908e-06 1.9776044192337616e-06
1.8269026380108908e-06 1.9776044192337616e-06
1.8269026380108908e-06 1.9776044192337616e-06
1.8269026380108908e-06 1.9776044192337616e-06
1.8269026380108908e-06 1.9776044192337616e-06
1.8269026380108908e-06 1.9776044192337616e-06
1.8269026380108908e-06 1.9776044192337616e-06
1.8269026380108908e-06 1.9776044192337616e-06
1.8269026380108908e-06 1.9776044192337616e-06
1.8269026380108908e-06 1.9776044192337616e-06
1.8269026380108908e-06 1.9776044192337616e-06
1.8269026380108908e-06 1.9776044192337616e-06
1.8269026380108908e-06 1.9776044192337616e-06
1.8269026380108908e-06 1.9776044192337616e-06
1.8269026380108908e-06 1.9776044192337616e-06
1.8269026380108908e-06 1.9776044192337616e-06
1.8269026380108908e-06 1.9776044192337616e-06
1.8269026380108908e-06 1.9776044192337616e-06
1.8269026380108908e-06 1.9776044192337616e-06
1.8269026380108908e-06 1.9776044192337616e-06
1.8269026380108908e-06 1.9776044192337616e-06
1.8269026380108908e-06 1.9776044192337616e-06
1.8269026380108908e-06 1.9776044192337616e-06
1.8269026380108908e-06 1.9776044192337616e-06
1.8269026380108908e-06 1.9776044192337616e-06
1.8269026380108908e-06 1.9776044192337616e-06
1.8269026380108908e-06 1.9776044192337616e-06
1.8269026380108908e-06 1.9776044192337616e-06
1.8269026380108908e-06 1.9776044192337616e-06
1.8269026380108908e-06 1.9776044192337616e-06
1.9604369585516166e-06 1.9776152642443794e-06
1.9604369585516166e-06 1.9776152642443794e-06
1.9604369585516166e-06 1.9776152642443794e-06
1.9604369585516166e-06 1.9776152642443794e-06
1.9604369585516166e-06 1.9776152642443794e-06
1.9604369585516166e-06 1.9776152642443794e-06
1.9604369585516166e-06 1.9776152642443794e-06
1.9604369585516166e-06 1.9776152642443794e-06
1.9604369585516166e-06 1.9776152642443794e-06
1.9604369585516166e-06 1.9776152642443794e-06
1.9604369585516166e-06 1.9776152642443794e-06
1.9604369585516166e-06 1.9776152642443794e-06
1.9477592717580106e-06 1.9776028144818874e-06
1.9477592717580106e-06 1.9776028144818874e-06
1.9477592717580106e-06 1.9776028144818874e-06
1.9477592717580106e-06 1.9776028144818874e-06
1.9477592717580106e-06 1.9776028144818874e-06
1.9477592717580106e-06 1.9776028144818874e-06
1.8247015238550164e-06 1.977596380512468e-06
1.8247015238550164e-06 1.977596380512468e-06
1.8247015238550164e-06 1.977596380512468e-06
1.8247015238550164e-06 1.977596380512468e-06
1.8247015238550164e-06 1.977596380512468e-06
1.8247015238550164e-06 1.977596380512468e-06
1.8247015238550164e-06 1.977596380512468e-06
1.8247015238550164e-06 1.977596380512468e-06
1.8247015238550164e-06 1.977596380512468e-06
1.8247015238550164e-06 1.977596380512468e-06
1.8108101485439788e-06 1.977606755038893e-06
1.8108101485439788e-06 1.977606755038893e-06
1.8108101485439788e-06 1.977606755038893e-06
1.8108101485439788e-06 1.977606755038893e-06
1.8108101485439788e-06 1.977606755038893e-06
1.8108101485439788e-06 1.977606755038893e-06
1.8108101485439788e-06 1.977606755038893e-06
1.8108101485439788e-06 1.977606755038893e-06
1.8108101485439788e-06 1.977606755038893e-06
1.8108101485439788e-06 1.977606755038893e-06
1.9130876838812885e-06 1.977607029537231e-06
1.9130876838812885e-06 1.977607029537231e-06
1.9130876838812885e-06 1.977607029537231e-06
1.9130876838812885e-06 1.977607029537231e-06
1.9130876838812885e-06 1.977607029537231e-06
1.9130876838812885e-06 1.977607029537231e-06
1.9130876838812885e-06 1.977607029537231e-06
1.9130876838812885e-06 1.977607029537231e-06
1.936872179831716e-06 1.97759927336929e-06
1.936872179831716e-06 1.97759927336929e-06
1.936872179831716e-06 1.97759927336929e-06
1.936872179831716e-06 1.97759927336929e-06
1.936872179831716e-06 1.97759927336929e-06
1.936872179831716e-06 1.97759927336929e-06
1.8135027267574078e-06 1.9768639821666458e-06
1.8135027267574078e-06 1.9768639821666458e-06
1.8135027267574078e-06 1.9768639821666458e-06
1.8135027267574078e-06 1.9768639821666458e-06
1.8135027267574078e-06 1.9768639821666458e-06
1.8135027267574078e-06 1.9768639821666458e-06
1.8135027267574078e-06 1.9768639821666458e-06
1.8135027267574078e-06 1.9768639821666458e-06
1.8135027267574078e-06 1.9768639821666458e-06
1.8135027267574078e-06 1.9768639821666458e-06
1.8283650599235314e-06 1.977601852004872e-06
1.8283650599235314e-06 1.977601852004872e-06
1.8283650599235314e-06 1.977601852004872e-06
1.8283650599235314e-06 1.977601852004872e-06
1.8283650599235314e-06 1.977601852004872e-06
1.8283650599235314e-06 1.977601852004872e-06
1.8283650599235314e-06 1.977601852004872e-06
1.8283650599235314e-06 1.977601852004872e-06
1.8283650599235314e-06 1.977601852004872e-06
1.8283650599235314e-06 1.977601852004872e-06
1.9279247073537944e-06 1.977601921992327e-06
1.9279247073537944e-06 1.977601921992327e-06
1.9279247073537944e-06 1.977601921992327e-06
1.9279247073537944e-06 1.977601921992327e-06
1.9279247073537944e-06 1.977601921992327e-06
1.9279247073537944e-06 1.977601921992327e-06
1.8575394209676884e-06 1.977783528301952e-06
1.8575394209676884e-06 1.977783528301952e-06
1.8575394209676884e-06 1.977783528301952e-06
1.8575394209676884e-06 1.977783528301952e-06
1.8575394209676884e-06 1.977783528301952e-06
1.8575394209676884e-06 1.977783528301952e-06
1.8575394209676884e-06 1.977783528301952e-06
1.8575394209676884e-06 1.977783528301952e-06
1.8443896328128646e-06 1.977584490573575e-06
1.8443896328128646e-06 1.977584490573575e-06
1.8443896328128646e-06 1.977584490573575e-06
1.8443896328128646e-06 1.977584490573575e-06
1.8443896328128646e-06 1.977584490573575e-06
1.8443896328128646e-06 1.977584490573575e-06
1.8443896328128646e-06 1.977584490573575e-06
1.8443896328128646e-06 1.977584490573575e-06
1.8443896328128646e-06 1.977584490573575e-06
1.8443896328128646e-06 1.977584490573575e-06
1.8227722904247335e-06 1.977596036223912e-06
1.8227722904247335e-06 1.977596036223912e-06
1.8227722904247335e-06 1.977596036223912e-06
1.8227722904247335e-06 1.977596036223912e-06
1.8227722904247335e-06 1.977596036223912e-06
1.8227722904247335e-06 1.977596036223912e-06
1.8227722904247335e-06 1.977596036223912e-06
1.8227722904247335e-06 1.977596036223912e-06
1.8227722904247335e-06 1.977596036223912e-06
1.8227722904247335e-06 1.977596036223912e-06
1.9485404112951323e-06 1.9775718696978804e-06
1.9485404112951323e-06 1.9775718696978804e-06
1.9485404112951323e-06 1.9775718696978804e-06
1.9485404112951323e-06 1.9775718696978804e-06
1.9485404112951323e-06 1.9775718696978804e-06
1.9485404112951323e-06 1.9775718696978804e-06