3.885849602237071e-06 7.689045090584202e-06
3.885849602237071e-06 7.689045090584202e-06
3.885849602237071e-06 7.689045090584202e-06
3.885849602237071e-06 7.689045090584202e-06
3.885849602237071e-06 7.689045090584202e-06
3.766156640008588e-06 7.68893991141662e-06
3.766156640008588e-06 7.68893991141662e-06
3.766156640008588e-06 7.68893991141662e-06
3.766156640008588e-06 7.68893991141662e-06
3.766156640008588e-06 7.68893991141662e-06
7.393387354350269e-06 7.684413668367703e-06
7.393387354350269e-06 7.684413668367703e-06
7.393387354350269e-06 7.684413668367703e-06
3.569097458995341e-06 7.688929303422792e-06
3.569097458995341e-06 7.688929303422792e-06
3.569097458995341e-06 7.688929303422792e-06
3.885372869737762e-06 7.689045090584202e-06
3.885372869737762e-06 7.689045090584202e-06
3.885372869737762e-06 7.689045090584202e-06
3.885372869737762e-06 7.689045090584202e-06
3.885372869737762e-06 7.689045090584202e-06
3.9414625352007e-06 7.688905778387221e-06
3.9414625352007e-06 7.688905778387221e-06
3.9414625352007e-06 7.688905778387221e-06
1.0061909604827355e-05 7.690968404553754e-06
1.0061909604827355e-05 7.690968404553754e-06
1.0061909604827355e-05 7.690968404553754e-06
1.0061909604827355e-05 7.690968404553754e-06
1.0061909604827355e-05 7.690968404553754e-06
1.054579935564562e-05 7.684413668367703e-06
1.054579935564562e-05 7.684413668367703e-06
1.054579935564562e-05 7.684413668367703e-06
6.5423209336676445e-06 7.690115169229984e-06
6.5423209336676445e-06 7.690115169229984e-06
6.5423209336676445e-06 7.690115169229984e-06
6.5423209336676445e-06 7.690115169229984e-06
6.5423209336676445e-06 7.690115169229984e-06
3.7658042063510615e-06 7.68893991141662e-06
3.7658042063510615e-06 7.68893991141662e-06
3.7658042063510615e-06 7.68893991141662e-06
3.7658042063510615e-06 7.68893991141662e-06
3.7658042063510615e-06 7.68893991141662e-06
3.5674673252675914e-06 7.68896029185566e-06
3.5674673252675914e-06 7.68896029185566e-06
3.5674673252675914e-06 7.68896029185566e-06
3.5674673252675914e-06 7.68896029185566e-06
3.5674673252675914e-06 7.68896029185566e-06
3.7425263176318783e-06 7.689001252533637e-06
3.7425263176318783e-06 7.689001252533637e-06
3.7425263176318783e-06 7.689001252533637e-06
1.0723889801423095e-05 7.690968404553754e-06
1.0723889801423095e-05 7.690968404553754e-06
1.0723889801423095e-05 7.690968404553754e-06
1.0723889801423095e-05 7.690968404553754e-06
1.0723889801423095e-05 7.690968404553754e-06
4.651898439753263e-06 7.711564177000711e-06
4.651898439753263e-06 7.711564177000711e-06
4.651898439753263e-06 7.711564177000711e-06
4.651898439753263e-06 7.711564177000711e-06
4.651898439753263e-06 7.711564177000711e-06
4.0279842367632066e-06 7.688981041223786e-06
4.0279842367632066e-06 7.688981041223786e-06
4.0279842367632066e-06 7.688981041223786e-06
4.019952930582713e-06 7.688424452935395e-06
4.019952930582713e-06 7.688424452935395e-06
4.019952930582713e-06 7.688424452935395e-06
4.019952930582713e-06 7.688424452935395e-06
4.019952930582713e-06 7.688424452935395e-06
3.885779226809619e-06 7.689045090584202e-06
3.885779226809619e-06 7.689045090584202e-06
3.885779226809619e-06 7.689045090584202e-06
3.885779226809619e-06 7.689045090584202e-06
3.885779226809619e-06 7.689045090584202e-06
1.1693848639892022e-05 7.689285942723576e-06
1.1693848639892022e-05 7.689285942723576e-06
1.1693848639892022e-05 7.689285942723576e-06
8.13060492157392e-06 7.711564177000711e-06
8.13060492157392e-06 7.711564177000711e-06
8.13060492157392e-06 7.711564177000711e-06
8.13060492157392e-06 7.711564177000711e-06
8.13060492157392e-06 7.711564177000711e-06
3.7677416588003835e-06 7.68891907841996e-06
3.7677416588003835e-06 7.68891907841996e-06
3.7677416588003835e-06 7.68891907841996e-06
3.7677416588003835e-06 7.68891907841996e-06
3.7677416588003835e-06 7.68891907841996e-06
8.228076262619907e-06 7.711564177000711e-06
8.228076262619907e-06 7.711564177000711e-06
8.228076262619907e-06 7.711564177000711e-06
8.228076262619907e-06 7.711564177000711e-06
8.228076262619907e-06 7.711564177000711e-06
3.5601906449138077e-06 7.68939290580241e-06
3.5601906449138077e-06 7.68939290580241e-06
3.5601906449138077e-06 7.68939290580241e-06
3.5601906449138077e-06 7.68939290580241e-06
3.5601906449138077e-06 7.68939290580241e-06
5.762670129191359e-06 7.684413668367703e-06
5.762670129191359e-06 7.684413668367703e-06
5.762670129191359e-06 7.684413668367703e-06
3.76610132155436e-06 7.68893991141662e-06
3.76610132155436e-06 7.68893991141662e-06
3.76610132155436e-06 7.68893991141662e-06
3.76610132155436e-06 7.68893991141662e-06
3.76610132155436e-06 7.68893991141662e-06
8.14343569565796e-06 7.711564177000711e-06
8.14343569565796e-06 7.711564177000711e-06
8.14343569565796e-06 7.711564177000711e-06
8.14343569565796e-06 7.711564177000711e-06
8.14343569565796e-06 7.711564177000711e-06
3.767416136565831e-06 7.68891907841996e-06
3.767416136565831e-06 7.68891907841996e-06
3.767416136565831e-06 7.68891907841996e-06
3.767416136565831e-06 7.68891907841996e-06
3.767416136565831e-06 7.68891907841996e-06
8.111195569356497e-06 7.684413668367703e-06
8.111195569356497e-06 7.684413668367703e-06
8.111195569356497e-06 7.684413668367703e-06
3.885654339460557e-06 7.689045090584202e-06
3.885654339460557e-06 7.689045090584202e-06
3.885654339460557e-06 7.689045090584202e-06
3.885654339460557e-06 7.689045090584202e-06
3.885654339460557e-06 7.689045090584202e-06
9.90478013655046e-06 7.684413668367703e-06
9.90478013655046e-06 7.684413668367703e-06
9.90478013655046e-06 7.684413668367703e-06
8.409091014502079e-06 7.68865650252819e-06
8.409091014502079e-06 7.68865650252819e-06
8.409091014502079e-06 7.68865650252819e-06
3.766154271682759e-06 7.688995392693282e-06
3.766154271682759e-06 7.688995392693282e-06
3.766154271682759e-06 7.688995392693282e-06
9.683691951632924e-06 7.684413668367703e-06
9.683691951632924e-06 7.684413668367703e-06
9.683691951632924e-06 7.684413668367703e-06
3.742589547839754e-06 7.689001252533637e-06
3.742589547839754e-06 7.689001252533637e-06
3.742589547839754e-06 7.689001252533637e-06
6.865976745594306e-06 7.711564177000711e-06
6.865976745594306e-06 7.711564177000711e-06
6.865976745594306e-06 7.711564177000711e-06
6.865976745594306e-06 7.711564177000711e-06
6.865976745594306e-06 7.711564177000711e-06
3.885606776190916e-06 7.689045090584202e-06
3.885606776190916e-06 7.689045090584202e-06
3.885606776190916e-06 7.689045090584202e-06
3.885606776190916e-06 7.689045090584202e-06
3.885606776190916e-06 7.689045090584202e-06
8.264190226094162e-06 7.711564177000711e-06
8.264190226094162e-06 7.711564177000711e-06
8.264190226094162e-06 7.711564177000711e-06
8.264190226094162e-06 7.711564177000711e-06
8.264190226094162e-06 7.711564177000711e-06
4.984736291082411e-06 7.687897069657677e-06
4.984736291082411e-06 7.687897069657677e-06
4.984736291082411e-06 7.687897069657677e-06
4.984736291082411e-06 7.687897069657677e-06
4.984736291082411e-06 7.687897069657677e-06
5.850477724388322e-06 7.688828227026016e-06
5.850477724388322e-06 7.688828227026016e-06
5.850477724388322e-06 7.688828227026016e-06
5.850477724388322e-06 7.688828227026016e-06
5.850477724388322e-06 7.688828227026016e-06
4.6973108858566505e-06 7.688978260552956e-06
4.6973108858566505e-06 7.688978260552956e-06
4.6973108858566505e-06 7.688978260552956e-06
3.742457726517858e-06 7.689001252533637e-06
3.742457726517858e-06 7.689001252533637e-06
3.742457726517858e-06 7.689001252533637e-06
1.0316280240230651e-05 7.684413668367703e-06
1.0316280240230651e-05 7.684413668367703e-06
1.0316280240230651e-05 7.684413668367703e-06
4.028119282608267e-06 7.688981041223786e-06
4.028119282608267e-06 7.688981041223786e-06
4.028119282608267e-06 7.688981041223786e-06
9.629751826734555e-06 7.684413668367703e-06
9.629751826734555e-06 7.684413668367703e-06
9.629751826734555e-06 7.684413668367703e-06
5.572816639351875e-06 7.711564177000711e-06
5.572816639351875e-06 7.711564177000711e-06
5.572816639351875e-06 7.711564177000711e-06
5.572816639351875e-06 7.711564177000711e-06
5.572816639351875e-06 7.711564177000711e-06
5.687692039139952e-06 7.686652000689935e-06
5.687692039139952e-06 7.686652000689935e-06
5.687692039139952e-06 7.686652000689935e-06
5.687692039139952e-06 7.686652000689935e-06
5.687692039139952e-06 7.686652000689935e-06
3.5687918165380463e-06 7.688929303422792e-06
3.5687918165380463e-06 7.688929303422792e-06
3.5687918165380463e-06 7.688929303422792e-06
1.9449753890538404e-06 7.68892298714007e-06
1.9449753890538404e-06 7.68892298714007e-06
1.9449753890538404e-06 7.68892298714007e-06
1.9449753890538404e-06 7.68892298714007e-06
1.9449753890538404e-06 7.68892298714007e-06
1.0175197680892294e-05 7.684413668367703e-06
1.0175197680892294e-05 7.684413668367703e-06
1.0175197680892294e-05 7.684413668367703e-06
1.0517336289378888e-05 7.684413668367703e-06
1.0517336289378888e-05 7.684413668367703e-06
1.0517336289378888e-05 7.684413668367703e-06
5.1094340825419015e-06 7.688964759455233e-06
5.1094340825419015e-06 7.688964759455233e-06
5.1094340825419015e-06 7.688964759455233e-06
5.5310779876437384e-06 7.711564177000711e-06
5.5310779876437384e-06 7.711564177000711e-06
5.5310779876437384e-06 7.711564177000711e-06
5.5310779876437384e-06 7.711564177000711e-06
5.5310779876437384e-06 7.711564177000711e-06
8.386603461241907e-06 7.688002585976578e-06
8.386603461241907e-06 7.688002585976578e-06
8.386603461241907e-06 7.688002585976578e-06
8.386603461241907e-06 7.688002585976578e-06
8.386603461241907e-06 7.688002585976578e-06
8.196355313226165e-06 7.711564177000711e-06
8.196355313226165e-06 7.711564177000711e-06
8.196355313226165e-06 7.711564177000711e-06
8.196355313226165e-06 7.711564177000711e-06
8.196355313226165e-06 7.711564177000711e-06
6.394216152131439e-06 7.711564177000711e-06
6.394216152131439e-06 7.711564177000711e-06
6.394216152131439e-06 7.711564177000711e-06
6.394216152131439e-06 7.711564177000711e-06
6.394216152131439e-06 7.711564177000711e-06
9.630301760451085e-06 7.684413668367703e-06
9.630301760451085e-06 7.684413668367703e-06
9.630301760451085e-06 7.684413668367703e-06
4.027992599011626e-06 7.688981041223786e-06
4.027992599011626e-06 7.688981041223786e-06
4.027992599011626e-06 7.688981041223786e-06
3.877482150905168e-06 7.688897968541242e-06
3.877482150905168e-06 7.688897968541242e-06
3.877482150905168e-06 7.688897968541242e-06
4.697212080617944e-06 7.688978260552956e-06
4.697212080617944e-06 7.688978260552956e-06
4.697212080617944e-06 7.688978260552956e-06
3.7660318781494613e-06 7.688995392693282e-06
3.7660318781494613e-06 7.688995392693282e-06
3.7660318781494613e-06 7.688995392693282e-06
5.8479850455824466e-06 7.688828227026016e-06
5.8479850455824466e-06 7.688828227026016e-06
5.8479850455824466e-06 7.688828227026016e-06
5.8479850455824466e-06 7.688828227026016e-06
5.8479850455824466e-06 7.688828227026016e-06
3.765778244365337e-06 7.68893991141662e-06
3.765778244365337e-06 7.68893991141662e-06
3.765778244365337e-06 7.68893991141662e-06
3.765778244365337e-06 7.68893991141662e-06
3.765778244365337e-06 7.68893991141662e-06
5.79767149597545e-06 7.711564177000711e-06
5.79767149597545e-06 7.711564177000711e-06
5.79767149597545e-06 7.711564177000711e-06
5.79767149597545e-06 7.711564177000711e-06
5.79767149597545e-06 7.711564177000711e-06
4.0717669048147465e-06 7.689039890282176e-06
4.0717669048147465e-06 7.689039890282176e-06
4.0717669048147465e-06 7.689039890282176e-06
1.945572247038569e-06 7.68892298714007e-06
1.945572247038569e-06 7.68892298714007e-06
1.945572247038569e-06 7.68892298714007e-06
1.945572247038569e-06 7.68892298714007e-06
1.945572247038569e-06 7.68892298714007e-06
7.093645989889847e-06 7.711564177000711e-06
7.093645989889847e-06 7.711564177000711e-06
7.093645989889847e-06 7.711564177000711e-06
7.093645989889847e-06 7.711564177000711e-06
7.093645989889847e-06 7.711564177000711e-06
1.0537233570477022e-05 7.689217108249422e-06
1.0537233570477022e-05 7.689217108249422e-06
1.0537233570477022e-05 7.689217108249422e-06
9.063590047923118e-06 7.689217108249422e-06
9.063590047923118e-06 7.689217108249422e-06
9.063590047923118e-06 7.689217108249422e-06
1.9930383705047968e-06 7.688976304137778e-06
1.9930383705047968e-06 7.688976304137778e-06
1.9930383705047968e-06 7.688976304137778e-06
5.107931008341272e-06 7.688964759455233e-06
5.107931008341272e-06 7.688964759455233e-06
5.107931008341272e-06 7.688964759455233e-06
6.230712828439565e-06 7.684413668367703e-06
6.230712828439565e-06 7.684413668367703e-06
6.230712828439565e-06 7.684413668367703e-06
6.138405971721942e-06 7.689277849984604e-06
6.138405971721942e-06 7.689277849984604e-06
6.138405971721942e-06 7.689277849984604e-06
4.028020712215862e-06 7.688981041223786e-06
4.028020712215862e-06 7.688981041223786e-06
4.028020712215862e-06 7.688981041223786e-06
4.955759579140877e-06 7.689087609151012e-06
4.955759579140877e-06 7.689087609151012e-06
4.955759579140877e-06 7.689087609151012e-06
4.955759579140877e-06 7.689087609151012e-06
4.955759579140877e-06 7.689087609151012e-06
7.799386411129056e-06 7.684413668367703e-06
7.799386411129056e-06 7.684413668367703e-06
7.799386411129056e-06 7.684413668367703e-06
3.7658428630954803e-06 7.68893991141662e-06
3.7658428630954803e-06 7.68893991141662e-06
3.7658428630954803e-06 7.68893991141662e-06
3.7658428630954803e-06 7.68893991141662e-06
3.7658428630954803e-06 7.68893991141662e-06
3.99158404110922e-06 7.68939580517453e-06
3.99158404110922e-06 7.68939580517453e-06
3.99158404110922e-06 7.68939580517453e-06
3.99158404110922e-06 7.68939580517453e-06
3.99158404110922e-06 7.68939580517453e-06
5.463763471532974e-06 7.690032880469244e-06
5.463763471532974e-06 7.690032880469244e-06
5.463763471532974e-06 7.690032880469244e-06
5.463763471532974e-06 7.690032880469244e-06
5.463763471532974e-06 7.690032880469244e-06
1.0571667238576534e-05 7.711564177000711e-06
1.0571667238576534e-05 7.711564177000711e-06
1.0571667238576534e-05 7.711564177000711e-06
1.0571667238576534e-05 7.711564177000711e-06
1.0571667238576534e-05 7.711564177000711e-06
1.0949857337157901e-05 7.684413668367703e-06
1.0949857337157901e-05 7.684413668367703e-06
1.0949857337157901e-05 7.684413668367703e-06
1.0453799433404071e-05 7.684413668367703e-06
1.0453799433404071e-05 7.684413668367703e-06
1.0453799433404071e-05 7.684413668367703e-06
4.689679110107309e-06 7.689029786260403e-06
4.689679110107309e-06 7.689029786260403e-06
4.689679110107309e-06 7.689029786260403e-06
9.289556374078711e-06 7.711564177000711e-06
9.289556374078711e-06 7.711564177000711e-06
9.289556374078711e-06 7.711564177000711e-06
9.289556374078711e-06 7.711564177000711e-06
9.289556374078711e-06 7.711564177000711e-06
1.0378163783077008e-05 7.684413668367703e-06
1.0378163783077008e-05 7.684413668367703e-06
1.0378163783077008e-05 7.684413668367703e-06
4.027608683130182e-06 7.688981041223786e-06
4.027608683130182e-06 7.688981041223786e-06
4.027608683130182e-06 7.688981041223786e-06
4.492409677014527e-06 7.689049206000782e-06
4.492409677014527e-06 7.689049206000782e-06
4.492409677014527e-06 7.689049206000782e-06
4.492409677014527e-06 7.689049206000782e-06
4.492409677014527e-06 7.689049206000782e-06
3.7426294439446316e-06 7.689001252533637e-06
3.7426294439446316e-06 7.689001252533637e-06
3.7426294439446316e-06 7.689001252533637e-06
6.090025735071881e-06 7.689248069660654e-06
6.090025735071881e-06 7.689248069660654e-06
6.090025735071881e-06 7.689248069660654e-06
5.782584808593034e-06 7.711564177000711e-06
5.782584808593034e-06 7.711564177000711e-06
5.782584808593034e-06 7.711564177000711e-06
5.782584808593034e-06 7.711564177000711e-06
5.782584808593034e-06 7.711564177000711e-06
7.848683047551706e-06 7.711564177000711e-06
7.848683047551706e-06 7.711564177000711e-06
7.848683047551706e-06 7.711564177000711e-06
7.848683047551706e-06 7.711564177000711e-06
7.848683047551706e-06 7.711564177000711e-06
3.5676251811268776e-06 7.68896029185566e-06
3.5676251811268776e-06 7.68896029185566e-06
3.5676251811268776e-06 7.68896029185566e-06
3.5676251811268776e-06 7.68896029185566e-06
3.5676251811268776e-06 7.68896029185566e-06
4.9053613529000505e-06 7.689040293828997e-06
4.9053613529000505e-06 7.689040293828997e-06
4.9053613529000505e-06 7.689040293828997e-06
3.742816724691617e-06 7.689001252533637e-06
3.742816724691617e-06 7.689001252533637e-06
3.742816724691617e-06 7.689001252533637e-06
8.257096499107876e-06 7.688902705585081e-06
8.257096499107876e-06 7.688902705585081e-06
8.257096499107876e-06 7.688902705585081e-06
1.992797023985609e-06 7.688976304137778e-06
1.992797023985609e-06 7.688976304137778e-06
1.992797023985609e-06 7.688976304137778e-06
4.216702096310187e-06 7.689188412495092e-06
4.216702096310187e-06 7.689188412495092e-06
4.216702096310187e-06 7.689188412495092e-06
4.216702096310187e-06 7.689188412495092e-06
4.216702096310187e-06 7.689188412495092e-06
1.1216398862345766e-05 7.711564177000711e-06
1.1216398862345766e-05 7.711564177000711e-06
1.1216398862345766e-05 7.711564177000711e-06
1.1216398862345766e-05 7.711564177000711e-06
1.1216398862345766e-05 7.711564177000711e-06
9.424841175642963e-06 7.711564177000711e-06
9.424841175642963e-06 7.711564177000711e-06
9.424841175642963e-06 7.711564177000711e-06
9.424841175642963e-06 7.711564177000711e-06
9.424841175642963e-06 7.711564177000711e-06
4.95544908257428e-06 7.689087609151012e-06
4.95544908257428e-06 7.689087609151012e-06
4.95544908257428e-06 7.689087609151012e-06
4.95544908257428e-06 7.689087609151012e-06
4.95544908257428e-06 7.689087609151012e-06
1.0455634583147866e-05 7.684413668367703e-06
1.0455634583147866e-05 7.684413668367703e-06
1.0455634583147866e-05 7.684413668367703e-06
1.0365407454489409e-05 7.684413668367703e-06
1.0365407454489409e-05 7.684413668367703e-06
1.0365407454489409e-05 7.684413668367703e-06