3.397854820607601e-06 3.9718952032716e-06
3.397854820607601e-06 3.9718952032716e-06
3.397854820607601e-06 3.9718952032716e-06
3.397854820607601e-06 3.9718952032716e-06
3.397854820607601e-06 3.9718952032716e-06
3.397854820607601e-06 3.9718952032716e-06
3.397854820607601e-06 3.9718952032716e-06
3.397854820607601e-06 3.9718952032716e-06
3.397854820607601e-06 3.9718952032716e-06
3.397854820607601e-06 3.9718952032716e-06
3.397854820607601e-06 3.9718952032716e-06
3.397854820607601e-06 3.9718952032716e-06
3.397854820607601e-06 3.9718952032716e-06
3.397854820607601e-06 3.9718952032716e-06
3.397854820607601e-06 3.9718952032716e-06
3.397854820607601e-06 3.9718952032716e-06
3.397854820607601e-06 3.9718952032716e-06
3.397854820607601e-06 3.9718952032716e-06
3.397854820607601e-06 3.9718952032716e-06
3.397854820607601e-06 3.9718952032716e-06
3.397854820607601e-06 3.9718952032716e-06
3.397854820607601e-06 3.9718952032716e-06
3.397854820607601e-06 3.9718952032716e-06
2.2200515220454016e-06 3.9718952351503846e-06
2.010991715006318e-06 3.971892177537883e-06
2.010991715006318e-06 3.971892177537883e-06
2.010991715006318e-06 3.971892177537883e-06
2.010991715006318e-06 3.971892177537883e-06
2.010991715006318e-06 3.971892177537883e-06
2.010991715006318e-06 3.971892177537883e-06
2.010991715006318e-06 3.971892177537883e-06
2.010991715006318e-06 3.971892177537883e-06
2.010991715006318e-06 3.971892177537883e-06
2.010991715006318e-06 3.971892177537883e-06
2.010991715006318e-06 3.971892177537883e-06
2.010991715006318e-06 3.971892177537883e-06
2.010991715006318e-06 3.971892177537883e-06
2.010991715006318e-06 3.971892177537883e-06
2.010991715006318e-06 3.971892177537883e-06
2.010991715006318e-06 3.971892177537883e-06
2.010991715006318e-06 3.971892177537883e-06
2.010991715006318e-06 3.971892177537883e-06
2.010991715006318e-06 3.971892177537883e-06
2.010991715006318e-06 3.971892177537883e-06
2.010991715006318e-06 3.971892177537883e-06
3.383410086221631e-06 3.971887523426138e-06
3.383410086221631e-06 3.971887523426138e-06
3.383410086221631e-06 3.971887523426138e-06
3.383410086221631e-06 3.971887523426138e-06
3.383410086221631e-06 3.971887523426138e-06