8.356259188322619e-08 1.5087061235144138e-06
8.356259188322619e-08 1.5087061235144138e-06
8.356259188322619e-08 1.5087061235144138e-06
8.356259188322619e-08 1.5087061235144138e-06
3.807437174342028e-07 1.5086801005373853e-06
3.807437174342028e-07 1.5086801005373853e-06
3.807437174342028e-07 1.5086801005373853e-06
3.807437174342028e-07 1.5086801005373853e-06
3.807437174342028e-07 1.5086801005373853e-06
3.807437174342028e-07 1.5086801005373853e-06
3.807437174342028e-07 1.5086801005373853e-06
3.807437174342028e-07 1.5086801005373853e-06
3.807437174342028e-07 1.5086801005373853e-06
3.807437174342028e-07 1.5086801005373853e-06
3.807437174342028e-07 1.5086801005373853e-06
3.807437174342028e-07 1.5086801005373853e-06
3.807437174342028e-07 1.5086801005373853e-06
3.807437174342028e-07 1.5086801005373853e-06
3.807437174342028e-07 1.5086801005373853e-06
3.807437174342028e-07 1.5086801005373853e-06
2.5573570805020786e-07 1.50867364591184e-06
2.5573570805020786e-07 1.50867364591184e-06
2.5573570805020786e-07 1.50867364591184e-06
2.5573570805020786e-07 1.50867364591184e-06
2.5573570805020786e-07 1.50867364591184e-06
2.5573570805020786e-07 1.50867364591184e-06
2.5573570805020786e-07 1.50867364591184e-06
2.5573570805020786e-07 1.50867364591184e-06
2.5573570805020786e-07 1.50867364591184e-06
2.5573570805020786e-07 1.50867364591184e-06
2.5573570805020786e-07 1.50867364591184e-06
4.24339937570324e-08 1.5086229078079454e-06
4.24339937570324e-08 1.5086229078079454e-06
4.24339937570324e-08 1.5086229078079454e-06
4.24339937570324e-08 1.5086229078079454e-06
4.24339937570324e-08 1.5086229078079454e-06
7.346905711984619e-07 1.5087095193669266e-06
7.346905711984619e-07 1.5087095193669266e-06
7.346905711984619e-07 1.5087095193669266e-06
7.346905711984619e-07 1.5087095193669266e-06
7.346905711984619e-07 1.5087095193669266e-06
7.346905711984619e-07 1.5087095193669266e-06
7.346905711984619e-07 1.5087095193669266e-06
7.346905711984619e-07 1.5087095193669266e-06
1.3989373357528116e-06 1.5086832334117505e-06
1.3989373357528116e-06 1.5086832334117505e-06
1.3989373357528116e-06 1.5086832334117505e-06
1.3989373357528116e-06 1.5086832334117505e-06
1.3989373357528116e-06 1.5086832334117505e-06
1.3989373357528116e-06 1.5086832334117505e-06