1.755056740693177e-06 1.5086932533473255e-06
1.755056740693177e-06 1.5086932533473255e-06
1.755056740693177e-06 1.5086932533473255e-06
1.755056740693177e-06 1.5086932533473255e-06
1.755056740693177e-06 1.5086932533473255e-06
1.755056740693177e-06 1.5086932533473255e-06
9.502717979596649e-07 1.508687983827147e-06
9.502717979596649e-07 1.508687983827147e-06
9.502717979596649e-07 1.508687983827147e-06
9.502717979596649e-07 1.508687983827147e-06
1.2780613006668622e-06 1.5086941580436434e-06
1.2780613006668622e-06 1.5086941580436434e-06
1.2780613006668622e-06 1.5086941580436434e-06
1.2780613006668622e-06 1.5086941580436434e-06
1.2780613006668622e-06 1.5086941580436434e-06
1.2780613006668622e-06 1.5086941580436434e-06
1.2780613006668622e-06 1.5086941580436434e-06
1.2780613006668622e-06 1.5086941580436434e-06
1.2780613006668622e-06 1.5086941580436434e-06
1.2780613006668622e-06 1.5086941580436434e-06
1.2780613006668622e-06 1.5086941580436434e-06
1.5051385673444079e-06 1.508694869636006e-06
1.5051385673444079e-06 1.508694869636006e-06
1.5051385673444079e-06 1.508694869636006e-06
1.5051385673444079e-06 1.508694869636006e-06
1.5051385673444079e-06 1.508694869636006e-06
1.5051385673444079e-06 1.508694869636006e-06
1.5051385673444079e-06 1.508694869636006e-06
1.5051385673444079e-06 1.508694869636006e-06
1.5051385673444079e-06 1.508694869636006e-06
1.5051385673444079e-06 1.508694869636006e-06
1.5051385673444079e-06 1.508694869636006e-06
1.5051385673444079e-06 1.508694869636006e-06
1.5051385673444079e-06 1.508694869636006e-06
1.5051385673444079e-06 1.508694869636006e-06
1.5051385673444079e-06 1.508694869636006e-06
1.5051385673444079e-06 1.508694869636006e-06
1.6386104129333705e-06 1.5086944852009294e-06
1.6386104129333705e-06 1.5086944852009294e-06
1.6386104129333705e-06 1.5086944852009294e-06
1.6386104129333705e-06 1.5086944852009294e-06
1.6386104129333705e-06 1.5086944852009294e-06
1.6386104129333705e-06 1.5086944852009294e-06
1.6386104129333705e-06 1.5086944852009294e-06
1.6386104129333705e-06 1.5086944852009294e-06
8.433958579349184e-07 1.5086946248013567e-06
8.433958579349184e-07 1.5086946248013567e-06
8.433958579349184e-07 1.5086946248013567e-06
8.433958579349184e-07 1.5086946248013567e-06
8.433958579349184e-07 1.5086946248013567e-06