1.2586880945727886e-07 3.9530630165945675e-07
1.2586880945727886e-07 3.9530630165945675e-07
1.2586880945727886e-07 3.9530630165945675e-07
6.120997928327848e-08 3.9551759946308515e-07
6.120997928327848e-08 3.9551759946308515e-07
3.7760642837183663e-07 3.9530630165945675e-07
3.7760642837183663e-07 3.9530630165945675e-07
3.7760642837183663e-07 3.9530630165945675e-07
2.780516409082682e-07 3.9551759946308515e-07
2.780516409082682e-07 3.9551759946308515e-07
3.527800956541641e-07 3.9551759946308515e-07
3.527800956541641e-07 3.9551759946308515e-07
8.884857138160861e-08 3.9530630165945675e-07
8.884857138160861e-08 3.9530630165945675e-07
8.884857138160861e-08 3.9530630165945675e-07
1.1003502467619465e-08 3.954917938162131e-07
1.1003502467619465e-08 3.954917938162131e-07
5.168842695032405e-07 3.9551759946308515e-07
5.168842695032405e-07 3.9551759946308515e-07
5.596340963042604e-07 3.9551759946308515e-07
5.596340963042604e-07 3.9551759946308515e-07
4.94626095218412e-07 3.9551759946308515e-07
4.94626095218412e-07 3.9551759946308515e-07
5.022357274525414e-07 3.9551759946308515e-07
5.022357274525414e-07 3.9551759946308515e-07
4.504600484159067e-07 3.9551759946308515e-07
4.504600484159067e-07 3.9551759946308515e-07
6.567068319510202e-08 3.9530630165945675e-07
6.567068319510202e-08 3.9530630165945675e-07
6.567068319510202e-08 3.9530630165945675e-07
2.684142435114212e-07 3.9530630165945675e-07
2.684142435114212e-07 3.9530630165945675e-07
2.684142435114212e-07 3.9530630165945675e-07
3.2645322284415187e-07 3.9551759946308515e-07
3.2645322284415187e-07 3.9551759946308515e-07
3.7473327802340193e-07 3.9551759946308515e-07
3.7473327802340193e-07 3.9551759946308515e-07
4.168027073430331e-07 3.954871051544044e-07
4.168027073430331e-07 3.954871051544044e-07
4.168027073430331e-07 3.954871051544044e-07
1.9587193370649114e-07 3.9551759946308515e-07
1.9587193370649114e-07 3.9551759946308515e-07
3.561825637940206e-07 3.955011870388419e-07
3.561825637940206e-07 3.955011870388419e-07
1.7166499625929442e-08 3.9551759946308515e-07
1.7166499625929442e-08 3.9551759946308515e-07
1.0507309311216323e-06 3.9530630165945675e-07
1.0507309311216323e-06 3.9530630165945675e-07
1.0507309311216323e-06 3.9530630165945675e-07
5.86475482272655e-09 3.9530630165945675e-07
5.86475482272655e-09 3.9530630165945675e-07
5.86475482272655e-09 3.9530630165945675e-07
3.082501456096625e-07 3.9530630165945675e-07
3.082501456096625e-07 3.9530630165945675e-07
3.082501456096625e-07 3.9530630165945675e-07
4.0806652855518984e-08 3.9551759946308515e-07
4.0806652855518984e-08 3.9551759946308515e-07
3.9004863252508487e-07 3.9530630165945675e-07
3.9004863252508487e-07 3.9530630165945675e-07
3.9004863252508487e-07 3.9530630165945675e-07
3.7154093928617873e-07 3.9530630165945675e-07
3.7154093928617873e-07 3.9530630165945675e-07
3.7154093928617873e-07 3.9530630165945675e-07
1.1328192851155098e-06 3.9530630165945675e-07
1.1328192851155098e-06 3.9530630165945675e-07
1.1328192851155098e-06 3.9530630165945675e-07
9.440160709295916e-08 3.9530630165945675e-07
9.440160709295916e-08 3.9530630165945675e-07
9.440160709295916e-08 3.9530630165945675e-07
5.72958717644838e-07 3.9551759946308515e-07
5.72958717644838e-07 3.9551759946308515e-07
2.10614982480098e-08 3.9551759946308515e-07
2.10614982480098e-08 3.9551759946308515e-07
4.7604229217817007e-07 3.9530630165945675e-07
4.7604229217817007e-07 3.9530630165945675e-07
4.7604229217817007e-07 3.9530630165945675e-07
4.014748602364274e-09 3.954947664229594e-07
4.014748602364274e-09 3.954947664229594e-07
4.014748602364274e-09 3.954947664229594e-07
2.3043756906646015e-07 3.9551759946308515e-07
2.3043756906646015e-07 3.9551759946308515e-07
4.0200382584522705e-07 3.9551759946308515e-07
4.0200382584522705e-07 3.9551759946308515e-07
3.5669852672364064e-07 3.9530630165945675e-07
3.5669852672364064e-07 3.9530630165945675e-07
3.5669852672364064e-07 3.9530630165945675e-07
1.5104257134873465e-07 3.9530630165945675e-07
1.5104257134873465e-07 3.9530630165945675e-07
1.5104257134873465e-07 3.9530630165945675e-07
4.049844055058378e-07 3.95491135030278e-07
4.049844055058378e-07 3.95491135030278e-07
4.049844055058378e-07 3.95491135030278e-07
1.2946506115605826e-07 3.9530630165945675e-07
1.2946506115605826e-07 3.9530630165945675e-07
1.2946506115605826e-07 3.9530630165945675e-07
1.1720577398855927e-07 3.9530630165945675e-07
1.1720577398855927e-07 3.9530630165945675e-07
1.1720577398855927e-07 3.9530630165945675e-07
4.503512176558694e-07 3.9551759946308515e-07
4.503512176558694e-07 3.9551759946308515e-07
7.254516063203375e-08 3.9551759946308515e-07
7.254516063203375e-08 3.9551759946308515e-07
6.242701980703957e-07 3.9551759946308515e-07
6.242701980703957e-07 3.9551759946308515e-07
4.6100684296712094e-07 3.954964404312138e-07
4.6100684296712094e-07 3.954964404312138e-07
4.6100684296712094e-07 3.954964404312138e-07
3.123443729449293e-07 3.955343446049001e-07
3.123443729449293e-07 3.955343446049001e-07
3.123443729449293e-07 3.955343446049001e-07
1.8880321418591831e-07 3.9530630165945675e-07
1.8880321418591831e-07 3.9530630165945675e-07
1.8880321418591831e-07 3.9530630165945675e-07
6.865571424942484e-08 3.9530630165945675e-07
6.865571424942484e-08 3.9530630165945675e-07
6.865571424942484e-08 3.9530630165945675e-07
1.0788755096338188e-07 3.9530630165945675e-07
1.0788755096338188e-07 3.9530630165945675e-07
1.0788755096338188e-07 3.9530630165945675e-07
2.1406768711091928e-08 3.9551759946308515e-07
2.1406768711091928e-08 3.9551759946308515e-07
4.1350342155814576e-07 3.9551759946308515e-07
4.1350342155814576e-07 3.9551759946308515e-07
9.440160709295916e-08 3.9530630165945675e-07
9.440160709295916e-08 3.9530630165945675e-07
9.440160709295916e-08 3.9530630165945675e-07
2.904664833629512e-07 3.9530630165945675e-07
2.904664833629512e-07 3.9530630165945675e-07
2.904664833629512e-07 3.9530630165945675e-07
3.013414364715248e-07 3.9551759946308515e-07
3.013414364715248e-07 3.9551759946308515e-07
3.432785712471242e-08 3.9530630165945675e-07
3.432785712471242e-08 3.9530630165945675e-07
3.432785712471242e-08 3.9530630165945675e-07
5.045186171227802e-07 3.9551759946308515e-07
5.045186171227802e-07 3.9551759946308515e-07
9.440160709295916e-08 3.9530630165945675e-07
9.440160709295916e-08 3.9530630165945675e-07
9.440160709295916e-08 3.9530630165945675e-07
4.597932716114815e-07 3.9551759946308515e-07
4.597932716114815e-07 3.9551759946308515e-07
1.6322661142207594e-07 3.9551759946308515e-07
1.6322661142207594e-07 3.9551759946308515e-07
5.651017857509112e-07 3.9551759946308515e-07
5.651017857509112e-07 3.9551759946308515e-07
9.407893461001501e-08 3.95474898690809e-07
9.407893461001501e-08 3.95474898690809e-07
3.730893975361736e-07 3.9551759946308515e-07
3.730893975361736e-07 3.9551759946308515e-07
3.5369825232890687e-07 3.9549803023306907e-07
3.5369825232890687e-07 3.9549803023306907e-07
3.6542557584371284e-07 3.9530630165945675e-07
3.6542557584371284e-07 3.9530630165945675e-07
3.6542557584371284e-07 3.9530630165945675e-07
5.944885005477713e-07 3.9551759946308515e-07
5.944885005477713e-07 3.9551759946308515e-07
3.56447856567012e-07 3.9551759946308515e-07
3.56447856567012e-07 3.9551759946308515e-07
8.391253963818591e-08 3.9530630165945675e-07
8.391253963818591e-08 3.9530630165945675e-07
8.391253963818591e-08 3.9530630165945675e-07
1.9791594043493583e-07 3.9530630165945675e-07
1.9791594043493583e-07 3.9530630165945675e-07
1.9791594043493583e-07 3.9530630165945675e-07
9.062554280924079e-08 3.9530630165945675e-07
9.062554280924079e-08 3.9530630165945675e-07
9.062554280924079e-08 3.9530630165945675e-07
8.161330571103797e-08 3.9551759946308515e-07
8.161330571103797e-08 3.9551759946308515e-07
4.0806652855518984e-07 3.9551759946308515e-07
4.0806652855518984e-07 3.9551759946308515e-07
4.825830250739636e-07 3.9551759946308515e-07
4.825830250739636e-07 3.9551759946308515e-07
5.17743342089328e-08 3.9543724361927543e-07
5.17743342089328e-08 3.9543724361927543e-07
5.17743342089328e-08 3.9543724361927543e-07
2.3043756906646015e-07 3.9551759946308515e-07
2.3043756906646015e-07 3.9551759946308515e-07
1.3657489210077156e-07 3.9530630165945675e-07
1.3657489210077156e-07 3.9530630165945675e-07
1.3657489210077156e-07 3.9530630165945675e-07
1.5016848250830987e-07 3.9551759946308515e-07
1.5016848250830987e-07 3.9551759946308515e-07
5.961319721501904e-07 3.9551759946308515e-07
5.961319721501904e-07 3.9551759946308515e-07
1.0211328767238397e-06 3.9530630165945675e-07
1.0211328767238397e-06 3.9530630165945675e-07
1.0211328767238397e-06 3.9530630165945675e-07
4.310907768755988e-07 3.9549163204222866e-07
4.310907768755988e-07 3.9549163204222866e-07
8.133061534162634e-07 3.9530630165945675e-07
8.133061534162634e-07 3.9530630165945675e-07
8.133061534162634e-07 3.9530630165945675e-07
6.529064456883038e-08 3.9551759946308515e-07
6.529064456883038e-08 3.9551759946308515e-07
4.952215454056873e-08 3.9530630165945675e-07
4.952215454056873e-08 3.9530630165945675e-07
4.952215454056873e-08 3.9530630165945675e-07
2.1738837371687042e-07 3.9530630165945675e-07
2.1738837371687042e-07 3.9530630165945675e-07
2.1738837371687042e-07 3.9530630165945675e-07
1.52018257890058e-07 3.9530630165945675e-07
1.52018257890058e-07 3.9530630165945675e-07
1.52018257890058e-07 3.9530630165945675e-07
4.0813531884190036e-07 3.9549462365849473e-07
4.0813531884190036e-07 3.9549462365849473e-07
2.842775616306961e-07 3.9551759946308515e-07
2.842775616306961e-07 3.9551759946308515e-07
3.995543370436461e-07 3.9551759946308515e-07
3.995543370436461e-07 3.9551759946308515e-07
1.324737715889312e-07 3.9551759946308515e-07
1.324737715889312e-07 3.9551759946308515e-07
5.935513142620944e-07 3.9551759946308515e-07
5.935513142620944e-07 3.9551759946308515e-07
1.3037358790101307e-06 3.9530630165945675e-07
1.3037358790101307e-06 3.9530630165945675e-07
1.3037358790101307e-06 3.9530630165945675e-07