0.08312359141621288 0.07969749569550794
0.00025267018491817965 0.0001217856292957431
0.0010911712417934684 0.0012308047650377255
0.0006033288072007503 0.0001217856292957431
0.0022631829444125593 0.0022306367848593865
6.9991740974565e-06 0.0001217856292957431
0.0001343841426711648 0.0001217856292957431
0.00038705432758934444 0.0001217856292957431
3.6745664011646626e-05 0.0001217856292957431
0.011573134370144324 0.011197278721110909
0.00036780659882133907 0.0001217856292957431
0.0002946652295029187 0.0001217856292957431
0.00035975754860926413 0.0001217856292957431
0.08315368786483195 0.07969749569550794
0.0035849769727172194 0.0036973137169813964
0.0005371866119797863 0.0001217856292957431
0.0010106807396727186 0.0012972969189635622
0.004210003219620085 0.004964164228621022
0.0010915212004983413 0.0012308047650377255
0.0004416478855495052 0.0001217856292957431
0.0016644036003751557 0.001963968251746294
0.0011842602572896398 0.0012972969189635622
0.08313199042512984 0.07969749569550794
0.0001189859596567605 0.0001217856292957431
1.889777006313255e-05 0.0001217856292957431
0.08313339025994933 0.07969749569550794
0.0005452356621918614 0.0001217856292957431
0.00047069445805394966 0.0009973823088875512
0.0001690300544535745 0.0001217856292957431
6.9991740974565e-06 0.0001217856292957431
0.0831337402186542 0.07969749569550794
9.448885031566274e-06 0.0001217856292957431
0.00017182972409255707 0.0001217856292957431
3.21962008482999e-05 0.0001217856292957431
0.003913588196592802 0.004230650783207581
0.0010911712417934684 0.0012308047650377255
0.0020724554502568695 0.0020308103643770035
0.0002495205565743242 0.0001217856292957431
0.00042869941346921063 0.0001217856292957431
0.0042075535086859754 0.004964164228621022
0.0004311491244033204 0.0001217856292957431
0.0007713089855397063 0.000864048042331005
0.004210353178324957 0.004964164228621022
0.00019002757674594397 0.0001217856292957431
0.00019632683343365483 0.0001217856292957431
0.00025372006103279815 0.0001217856292957431
0.00021907414925038845 0.0001217856292957431
0.0006068283942494786 0.0001217856292957431
5.949297982838025e-06 0.0001217856292957431
0.000662121869619385 0.0001217856292957431