0.5170775244664343 0.5160295183214487
0.5170775244664343 0.5160295183214487
0.7511716211131256 0.748652674592537
0.8841595581581214 0.8813203011540507
0.7792003433230813 0.7783824631565198
0.7426600697219519 0.7399234364650162
0.4628175505266464 0.4609454445940609
0.8303505067436241 0.8262144587530281
0.18723858155322595 0.18627143048174075
0.8262517764792591 0.8230517814549559
0.28446680743742286 0.2828901335041656
0.28446680743742286 0.2828901335041656
0.606804887378212 0.6046000317200673
0.39372067059954036 0.39223418117134123
0.1953769556820903 0.19704692393092488
0.1953769556820903 0.19704692393092488
0.1953769556820903 0.19704692393092488
0.1953769556820903 0.19704692393092488
0.1953769556820903 0.19704692393092488
0.1953769556820903 0.19704692393092488
0.1953769556820903 0.19704692393092488
0.4170100415781666 0.4143760320683661
0.5977771074408437 0.5946051007112136
0.5261457319405528 0.5235117224307523
0.5261457319405528 0.5235117224307523
0.5261457319405528 0.5235117224307523
0.5261457319405528 0.5235117224307523
0.17330041080596958 0.17065396205409206
0.14337470417927436 0.14353330451575586
0.32978918594490036 0.32744127900287034
0.9384630694451787 0.938264041571947
0.9384630694451787 0.938264041571947
0.18225355529087614 0.18185549954441277
0.18225355529087614 0.18185549954441277
0.18225355529087614 0.18185549954441277
0.18225355529087614 0.18185549954441277
0.18225355529087614 0.18185549954441277
0.7339246119733924 0.7315238382525353
0.7339246119733924 0.7315238382525353
0.7339246119733924 0.7315238382525353
0.5798988067657037 0.5762820971318218
0.5798988067657037 0.5762820971318218
0.5798988067657037 0.5762820971318218
0.1679111091761179 0.16844288677490882
0.696420297111297 0.6948063054518088
0.18947453531656316 0.18629941877641396
0.18947453531656316 0.18629941877641396
0.4519612020039619 0.44911261556833343
0.7001831678395836 0.6984914309171142
0.7001831678395836 0.6984914309171142