0.04100000530675709 0.04103184584931994
0.04100000530675709 0.04103184584931994
0.04100000530675709 0.04103184584931994
0.06485918520051581 0.06290099183290083
0.06485918520051581 0.06290099183290083
0.06485918520051581 0.06290099183290083
0.0064848571686328205 0.006368108512569054
0.0064848571686328205 0.006368108512569054
0.0064848571686328205 0.006368108512569054
0.0064848571686328205 0.006368108512569054
0.0064848571686328205 0.006368108512569054
0.0064848571686328205 0.006368108512569054
0.0064848571686328205 0.006368108512569054
0.0064848571686328205 0.006368108512569054
0.0064848571686328205 0.006368108512569054
0.0064848571686328205 0.006368108512569054
0.009796273595168728 0.010698422301116011
0.009796273595168728 0.010698422301116011
0.009796273595168728 0.010698422301116011
0.009796273595168728 0.010698422301116011
0.33937772966318014 0.3387992931399551
0.33937772966318014 0.3387992931399551
0.33937772966318014 0.3387992931399551
0.33937772966318014 0.3387992931399551
0.33937772966318014 0.3387992931399551
0.33937772966318014 0.3387992931399551
0.33937772966318014 0.3387992931399551
0.33937772966318014 0.3387992931399551
0.33937772966318014 0.3387992931399551
0.33937772966318014 0.3387992931399551
0.33937772966318014 0.3387992931399551
0.33937772966318014 0.3387992931399551
0.33937772966318014 0.3387992931399551
0.33937772966318014 0.3387992931399551
0.33937772966318014 0.3387992931399551
0.33937772966318014 0.3387992931399551
0.33937772966318014 0.3387992931399551
0.33937772966318014 0.3387992931399551
0.33937772966318014 0.3387992931399551
0.33937772966318014 0.3387992931399551
0.33937772966318014 0.3387992931399551
0.33937772966318014 0.3387992931399551
0.33937772966318014 0.3387992931399551
0.33937772966318014 0.3387992931399551
0.33937772966318014 0.3387992931399551
0.33937772966318014 0.3387992931399551
0.33937772966318014 0.3387992931399551
0.33937772966318014 0.3387992931399551
0.33937772966318014 0.3387992931399551
0.33937772966318014 0.3387992931399551