7.010381761340508e-06 3.971829105059407e-06
7.874505452901933e-06 3.971889721919529e-06
1.2075167176416469e-05 3.971895109527993e-06
7.864076706719857e-06 3.971889721919529e-06
1.2074885062695514e-05 3.971895109527993e-06
1.0236081679742544e-05 3.971894877341145e-06
7.988242463761934e-06 3.9718625058505124e-06
7.875567454683555e-06 3.971889721919529e-06
1.023616363537056e-05 3.971894877341145e-06
1.2074783850973026e-05 3.971895109527993e-06
1.023612378351371e-05 3.971894877341145e-06
1.011798751717179e-05 3.971898158424045e-06
1.2074845794787165e-05 3.971895109527993e-06
1.0114428482453904e-05 3.971898158424045e-06
1.0236111602279133e-05 3.971894877341145e-06
2.2450616074625045e-05 3.9718625058505124e-06
1.0236113267051488e-05 3.971894877341145e-06
7.880809845097982e-06 3.971889721919529e-06
1.0236018008331661e-05 3.971894877341145e-06
7.876904461920593e-06 3.971889721919529e-06
8.596672524855513e-06 3.971829105059407e-06
1.2074955609537003e-05 3.971895109527993e-06
1.0236233915989283e-05 3.971894877341145e-06
1.0236298111978413e-05 3.971894877341145e-06
7.878460445825973e-06 3.971889721919529e-06
1.6860735696070783e-05 3.971829105059407e-06
2.1406396862487437e-05 3.971829105059407e-06
1.0137781677813997e-05 3.971898158424045e-06
1.2074880835479386e-05 3.971895109527993e-06
1.207491431256042e-05 3.971895109527993e-06
1.0236076727776964e-05 3.971894877341145e-06
1.2074811661187918e-05 3.971895109527993e-06
1.2074842179524308e-05 3.971895109527993e-06
1.2074932615127359e-05 3.971895109527993e-06
3.3580752050216847e-06 3.971829105059407e-06
7.891980972640083e-06 3.971889721919529e-06
1.207491744038923e-05 3.971895109527993e-06
1.2074292337796331e-05 3.971895109527993e-06
7.887442552899689e-06 3.971889721919529e-06
2.5585334895403313e-05 3.971829105059407e-06
1.2074963429142864e-05 3.971895109527993e-06
7.882187193642904e-06 3.971889721919529e-06
5.500847002511712e-06 3.971829105059407e-06
1.0115572015024688e-05 3.971898158424045e-06
3.4700057761137815e-06 3.9718625058505124e-06
1.0110901477671055e-05 3.971898158424045e-06
4.25617895976456e-05 3.9718625058505124e-06
1.2074953728017507e-05 3.971895109527993e-06
1.0236192970765186e-05 3.971894877341145e-06
7.882109386526755e-06 3.971889721919529e-06
1.0118624447973416e-05 3.971898158424045e-06
1.0117860550776991e-05 3.971898158424045e-06
1.207761387163194e-05 3.971895109527993e-06
2.4519279274761506e-06 3.971829105059407e-06
1.023613873229704e-05 3.971894877341145e-06
1.0236103853323732e-05 3.971894877341145e-06
1.023616972384869e-05 3.971894877341145e-06
1.0236025793902196e-05 3.971894877341145e-06
1.2074939652757408e-05 3.971895109527993e-06
7.879824016158723e-06 3.971889721919529e-06
7.881971577275778e-06 3.971889721919529e-06
1.023864318433024e-05 3.971894877341145e-06
1.0236102188575345e-05 3.971894877341145e-06
1.2075124023117247e-05 3.971895109527993e-06
3.229033152772547e-05 3.9718625058505124e-06
1.0236176910483638e-05 3.971894877341145e-06
1.207481373481928e-05 3.971895109527993e-06
2.878350175732873e-05 3.971829105059407e-06
2.1107901288707735e-06 3.971829105059407e-06
1.023553471314395e-05 3.971894877341145e-06
1.0236116588039558e-05 3.971894877341145e-06
1.023613873229704e-05 3.971894877341145e-06
1.0105853984691108e-05 3.971898158424045e-06
1.2074919786260838e-05 3.971895109527993e-06
1.2074926359456203e-05 3.971895109527993e-06
7.881697050486994e-06 3.971889721919529e-06
1.0236060663899761e-05 3.971894877341145e-06
1.0121072597046445e-05 3.971898158424045e-06
1.0118210168750906e-05 3.971898158424045e-06
2.1494758002038146e-05 3.9718625058505124e-06
1.0097497496328288e-05 3.971898158424045e-06
1.023641874358353e-05 3.971894877341145e-06
1.0134330573369512e-05 3.971898158424045e-06
1.0236108834795061e-05 3.971894877341145e-06
1.207491008527187e-05 3.971895109527993e-06
1.207529194243194e-05 3.971895109527993e-06
1.0235992018829955e-05 3.971894877341145e-06
5.964072427695562e-06 3.9718625058505124e-06
1.2074984224414388e-05 3.971895109527993e-06
1.3554710062944459e-06 3.9718625058505124e-06
1.0116779911687408e-05 3.971898158424045e-06
1.0236068974652243e-05 3.971894877341145e-06
1.2074983442455494e-05 3.971895109527993e-06
1.011220618258936e-05 3.971898158424045e-06
1.2075064766180509e-05 3.971895109527993e-06
8.891889801291566e-06 3.9718625058505124e-06
1.0236134853473947e-05 3.971894877341145e-06
7.880999104885307e-06 3.971889721919529e-06
2.469969389247657e-06 3.9718625058505124e-06
1.2075020340998936e-05 3.971895109527993e-06