1.5385926542231701e-06 1.5086924467494505e-06
1.95375213673053e-06 1.50869451984384e-06
1.7941409510901363e-06 1.508693831880768e-06
1.5937115752102722e-06 1.5086935411600632e-06
1.4946909811183977e-06 1.5086934109457532e-06
1.519049615337471e-06 1.5086944382967258e-06
1.8352618712064968e-06 1.508693698526888e-06
1.4804666141720153e-06 1.5086945829673039e-06
1.9442348598887784e-06 1.5086934337509738e-06
1.9442348598887784e-06 1.5086934337509738e-06
2.104996773570776e-06 1.5086936138665057e-06
1.519049615337471e-06 1.5086944382967258e-06
1.920227779603116e-06 1.5086932726150092e-06
1.6111303249942846e-06 1.5086938436366065e-06
1.537335309504771e-06 1.5086932512967434e-06
1.4623596126701208e-06 1.5086937218202053e-06
1.4009635431658908e-06 1.5086938082391069e-06
2.077977007976699e-06 1.5086944075092502e-06
1.3896358557670111e-06 1.508693118369598e-06
1.981997962106532e-06 1.5086934789453804e-06
1.4832875528986683e-06 1.5086934612077242e-06
1.4474989902583557e-06 1.508693649524242e-06
1.5656877174777348e-06 1.50869336474647e-06
1.9943429565393157e-06 1.5086944649317679e-06
1.907972518256566e-06 1.508694131940152e-06
1.907972518256566e-06 1.508694131940152e-06
1.5161887671594097e-06 1.5086938417639022e-06
1.8205783041298176e-06 1.508693745964768e-06
1.3855960076607286e-06 1.5086931768726253e-06
1.3855960076607286e-06 1.5086931768726253e-06
1.9933135526510372e-06 1.508693553823083e-06
1.8948153832866294e-06 1.5086938578354753e-06
1.5438719402743582e-06 1.5086935522298963e-06
1.915879169365768e-06 1.5086944004090564e-06
1.5907717491706428e-06 1.5086934593045985e-06
1.490289206133047e-06 1.508693562685628e-06
1.5911532749931053e-06 1.5086926963361412e-06
1.877690256066252e-06 1.5086942693115058e-06
1.470693756687161e-06 1.5086936194212436e-06
1.3551504620306622e-06 1.5086932921282449e-06
1.933164423607899e-06 1.5086937811342397e-06
1.3341329384268044e-06 1.5086937930454705e-06
2.007198975866467e-06 1.5086940749739485e-06
1.7873394939218774e-06 1.5086937651394815e-06
1.477835699489775e-06 1.508693814827851e-06
2.204256094683052e-06 1.5086938158884803e-06
1.950720526659093e-06 1.5086934050231384e-06
2.0384384261681577e-06 1.5086941828765234e-06
1.5900525065033422e-06 1.5086944686873502e-06
1.5422942516973114e-06 1.5086936333487217e-06
1.5096707856852007e-06 1.5086931910862479e-06
1.4131195289191832e-06 1.50869308428566e-06
1.8449645872292381e-06 1.5086936944751032e-06
1.4946909811183977e-06 1.5086934109457532e-06
1.4399620962828013e-06 1.5086934446083194e-06
2.060220781350782e-06 1.508693694282175e-06
1.951027271158051e-06 1.50869425260428e-06
1.4584686716783455e-06 1.5086935526313531e-06
1.4534978501730424e-06 1.5086932722345714e-06
1.913197944007588e-06 1.508694118238226e-06
1.4974089101111904e-06 1.5086938898633938e-06
1.4280236741611275e-06 1.5086943968379102e-06
1.4280236741611275e-06 1.5086943968379102e-06
2.2266910885711934e-06 1.508694411875994e-06
1.9488913314979153e-06 1.508693964322902e-06
1.5241189327684014e-06 1.5086938679684606e-06
1.5075845391489712e-06 1.5086933715637773e-06
1.9978111733318463e-06 1.5086938110612743e-06
1.9354697331399304e-06 1.5086939549115347e-06
1.948359092121413e-06 1.5086934862894269e-06
1.5422299443797353e-06 1.5086946764539036e-06
1.3906132044579872e-06 1.5086942760718848e-06
1.9160049129958177e-06 1.5086936900765333e-06
2.209199269644041e-06 1.5086934010252254e-06
2.005775318862794e-06 1.5086942693943196e-06
2.0563218920437953e-06 1.5086942693531476e-06
2.021928533015764e-06 1.5086939701736045e-06
1.6269312141473052e-06 1.5086937428741615e-06
1.9091936253815332e-06 1.5086942299755346e-06
1.9402879784744677e-06 1.5086939234999224e-06
1.5112084813727616e-06 1.5086941342098786e-06
1.8382879435601868e-06 1.5086942485556965e-06
2.018133203891953e-06 1.5086933849895348e-06
2.102481222454553e-06 1.5086940389411815e-06
1.993119644421687e-06 1.508693599837111e-06
1.4568038299667433e-06 1.508694486373211e-06
1.981997962106532e-06 1.5086934789453804e-06
1.8352618712064968e-06 1.508693698526888e-06
1.4758511639171996e-06 1.508694339710527e-06
2.187645538437809e-06 1.5086941089415604e-06
1.599304873281626e-06 1.5086936740888446e-06
1.4862606738468854e-06 1.5086932329794573e-06
2.2887070662482482e-06 1.5086923615981304e-06
1.5144367385653637e-06 1.5086942660929674e-06
1.7797574471462523e-06 1.508693667891783e-06
1.8449506571288811e-06 1.5086939218705721e-06
1.7540897052033498e-06 1.5086940891604713e-06
1.9277961115771733e-06 1.5086940512052765e-06
1.892450661547457e-06 1.50869529639633e-06
2.000207848328259e-06 1.5086946183138215e-06
1.3715919045895464e-06 1.5086935797661095e-06
1.5524987056187898e-06 1.5086932346628286e-06
1.8642966518417433e-06 1.5086940754222136e-06
2.000925129831757e-06 1.5086937729247551e-06