0.001221434759760826 9.941910835262538e-05
0.34987004502265334 0.3232257239841497
0.34987004502265334 0.3232257239841497
0.4400289735687199 0.42423553807041714
0.0002698518655285546 9.941910835262538e-05
0.0002698518655285546 9.941910835262538e-05
0.0002698518655285546 9.941910835262538e-05
0.0002698518655285546 9.941910835262538e-05
0.7012455794003607 0.6969705577411979
0.0018889630586998822 0.010098140862673806
0.0010225965430555753 9.941910835262538e-05
0.6426877245806644 0.7171668394665455
0.6153332670539278 0.5757644619295829
0.03824795125623145 0.04040676618045989
0.03824795125623145 0.04040676618045989
0.0018179494098765783 9.941910835262538e-05
0.0018179494098765783 9.941910835262538e-05
0.0018179494098765783 9.941910835262538e-05
0.5199619366842307 0.5858626027922567
0.006234998366686077 0.010098140862673806
0.006234998366686077 0.010098140862673806
0.0028547486826968143 9.941910835262538e-05
0.0007243392179976992 9.941910835262538e-05
0.7532133676092545 0.8181766535528129
0.7532133676092545 0.8181766535528129
0.7532133676092545 0.8181766535528129
0.7532133676092545 0.8181766535528129
0.7532133676092545 0.8181766535528129
0.7532133676092545 0.8181766535528129
0.0036216960899884956 0.010098140862673806
0.0036216960899884956 0.010098140862673806
0.15125907199363717 0.15151472112940106
8.521637858796461e-05 9.941910835262538e-05
0.2532204689741368 0.3131275831214759
0.2532204689741368 0.3131275831214759
0.1616412674516042 0.14141658026672727
0.004303427118692213 0.030308625317786077
0.46717039014898665 0.4343478816628556
0.46717039014898665 0.4343478816628556
0.0028405459529321536 9.941910835262538e-05
0.3254839580167308 0.28283316053345453
0.652288769901575 0.6868724168785241
0.652288769901575 0.6868724168785241
0.652288769901575 0.6868724168785241
0.652288769901575 0.6868724168785241
0.32326833217344375 0.29293130139612833
0.003437060603047906 9.941910835262538e-05
0.003437060603047906 9.941910835262538e-05
0.0009089747049382892 9.941910835262538e-05
0.012810862247724012 0.010098140862673806