5.792684921154709e-06 7.4532326473143615e-06
5.792684921154709e-06 7.4532326473143615e-06
5.792684921154709e-06 7.4532326473143615e-06
5.792684921154709e-06 7.4532326473143615e-06
5.792684921154709e-06 7.4532326473143615e-06
5.792684921154709e-06 7.4532326473143615e-06
5.792684921154709e-06 7.4532326473143615e-06
5.792684921154709e-06 7.4532326473143615e-06
5.792684921154709e-06 7.4532326473143615e-06
5.792684921154709e-06 7.4532326473143615e-06
5.792684921154709e-06 7.4532326473143615e-06
5.792684921154709e-06 7.4532326473143615e-06
5.7104231112171895e-06 7.45323092651523e-06
5.7104231112171895e-06 7.45323092651523e-06
5.7104231112171895e-06 7.45323092651523e-06
5.7104231112171895e-06 7.45323092651523e-06
5.7104231112171895e-06 7.45323092651523e-06
5.7104231112171895e-06 7.45323092651523e-06
5.7104231112171895e-06 7.45323092651523e-06
5.7104231112171895e-06 7.45323092651523e-06
5.7104231112171895e-06 7.45323092651523e-06
5.7104231112171895e-06 7.45323092651523e-06
5.7104231112171895e-06 7.45323092651523e-06
5.7104231112171895e-06 7.45323092651523e-06
5.7104231112171895e-06 7.45323092651523e-06
6.172963708216884e-06 7.453229914619557e-06
6.172963708216884e-06 7.453229914619557e-06
6.172963708216884e-06 7.453229914619557e-06
6.172963708216884e-06 7.453229914619557e-06
6.172963708216884e-06 7.453229914619557e-06
6.172963708216884e-06 7.453229914619557e-06
6.172963708216884e-06 7.453229914619557e-06
6.172963708216884e-06 7.453229914619557e-06
6.172963708216884e-06 7.453229914619557e-06
6.172963708216884e-06 7.453229914619557e-06
6.172963708216884e-06 7.453229914619557e-06
6.172963708216884e-06 7.453229914619557e-06
6.172963708216884e-06 7.453229914619557e-06
6.172963708216884e-06 7.453229914619557e-06
6.172963708216884e-06 7.453229914619557e-06
6.172963708216884e-06 7.453229914619557e-06
6.172963708216884e-06 7.453229914619557e-06
6.172963708216884e-06 7.453229914619557e-06
6.172963708216884e-06 7.453229914619557e-06
6.172963708216884e-06 7.453229914619557e-06
6.172963708216884e-06 7.453229914619557e-06
6.172963708216884e-06 7.453229914619557e-06
6.400332246447176e-06 7.453230571119714e-06
6.400332246447176e-06 7.453230571119714e-06
6.400332246447176e-06 7.453230571119714e-06
6.400332246447176e-06 7.453230571119714e-06
6.400332246447176e-06 7.453230571119714e-06
6.400332246447176e-06 7.453230571119714e-06
6.400332246447176e-06 7.453230571119714e-06
6.400332246447176e-06 7.453230571119714e-06
6.400332246447176e-06 7.453230571119714e-06
6.400332246447176e-06 7.453230571119714e-06
4.287036412130904e-06 7.453233046161283e-06
6.24019912111523e-06 7.453231846757768e-06
6.24019912111523e-06 7.453231846757768e-06
6.24019912111523e-06 7.453231846757768e-06
6.24019912111523e-06 7.453231846757768e-06
6.24019912111523e-06 7.453231846757768e-06
6.24019912111523e-06 7.453231846757768e-06
6.24019912111523e-06 7.453231846757768e-06
6.24019912111523e-06 7.453231846757768e-06
6.24019912111523e-06 7.453231846757768e-06
6.24019912111523e-06 7.453231846757768e-06
6.24019912111523e-06 7.453231846757768e-06
6.24019912111523e-06 7.453231846757768e-06
6.24019912111523e-06 7.453231846757768e-06
6.24019912111523e-06 7.453231846757768e-06
6.24019912111523e-06 7.453231846757768e-06
6.24019912111523e-06 7.453231846757768e-06
6.24019912111523e-06 7.453231846757768e-06
6.24019912111523e-06 7.453231846757768e-06
6.24019912111523e-06 7.453231846757768e-06
6.24019912111523e-06 7.453231846757768e-06
6.24019912111523e-06 7.453231846757768e-06
6.24019912111523e-06 7.453231846757768e-06
6.24019912111523e-06 7.453231846757768e-06
6.24019912111523e-06 7.453231846757768e-06
6.24019912111523e-06 7.453231846757768e-06
6.24019912111523e-06 7.453231846757768e-06
6.24019912111523e-06 7.453231846757768e-06
6.24019912111523e-06 7.453231846757768e-06
6.24019912111523e-06 7.453231846757768e-06
6.24019912111523e-06 7.453231846757768e-06
6.24019912111523e-06 7.453231846757768e-06
6.775887747966166e-06 7.4532320334144216e-06
6.775887747966166e-06 7.4532320334144216e-06
6.775887747966166e-06 7.4532320334144216e-06
6.775887747966166e-06 7.4532320334144216e-06
6.775887747966166e-06 7.4532320334144216e-06
6.775887747966166e-06 7.4532320334144216e-06
6.775887747966166e-06 7.4532320334144216e-06
6.775887747966166e-06 7.4532320334144216e-06
6.775887747966166e-06 7.4532320334144216e-06
6.775887747966166e-06 7.4532320334144216e-06
6.775887747966166e-06 7.4532320334144216e-06
6.775887747966166e-06 7.4532320334144216e-06
6.775887747966166e-06 7.4532320334144216e-06
6.775887747966166e-06 7.4532320334144216e-06
6.775887747966166e-06 7.4532320334144216e-06
6.775887747966166e-06 7.4532320334144216e-06
6.775887747966166e-06 7.4532320334144216e-06
6.775887747966166e-06 7.4532320334144216e-06
6.775887747966166e-06 7.4532320334144216e-06
6.775887747966166e-06 7.4532320334144216e-06
6.775887747966166e-06 7.4532320334144216e-06
6.775887747966166e-06 7.4532320334144216e-06
6.775887747966166e-06 7.4532320334144216e-06
6.775887747966166e-06 7.4532320334144216e-06
6.775887747966166e-06 7.4532320334144216e-06
6.775887747966166e-06 7.4532320334144216e-06
6.775887747966166e-06 7.4532320334144216e-06
6.775887747966166e-06 7.4532320334144216e-06
6.775887747966166e-06 7.4532320334144216e-06
6.775887747966166e-06 7.4532320334144216e-06
6.775887747966166e-06 7.4532320334144216e-06
6.775887747966166e-06 7.4532320334144216e-06
6.775887747966166e-06 7.4532320334144216e-06
6.775887747966166e-06 7.4532320334144216e-06
6.775887747966166e-06 7.4532320334144216e-06
6.775887747966166e-06 7.4532320334144216e-06
6.775887747966166e-06 7.4532320334144216e-06
6.775887747966166e-06 7.4532320334144216e-06
6.775887747966166e-06 7.4532320334144216e-06
1.0368491692213405e-05 7.4532720844070995e-06
1.0368491692213405e-05 7.4532720844070995e-06
1.0368491692213405e-05 7.4532720844070995e-06
1.0368491692213405e-05 7.4532720844070995e-06
1.0368491692213405e-05 7.4532720844070995e-06
1.0368491692213405e-05 7.4532720844070995e-06
6.414291239251005e-06 7.453229759697122e-06
6.414291239251005e-06 7.453229759697122e-06
6.414291239251005e-06 7.453229759697122e-06
6.414291239251005e-06 7.453229759697122e-06
6.414291239251005e-06 7.453229759697122e-06
6.414291239251005e-06 7.453229759697122e-06
6.414291239251005e-06 7.453229759697122e-06
6.414291239251005e-06 7.453229759697122e-06
6.414291239251005e-06 7.453229759697122e-06
6.414291239251005e-06 7.453229759697122e-06
6.414291239251005e-06 7.453229759697122e-06
6.414291239251005e-06 7.453229759697122e-06
6.414291239251005e-06 7.453229759697122e-06
6.414291239251005e-06 7.453229759697122e-06
6.414291239251005e-06 7.453229759697122e-06
6.414291239251005e-06 7.453229759697122e-06
6.414291239251005e-06 7.453229759697122e-06
6.414291239251005e-06 7.453229759697122e-06
6.414291239251005e-06 7.453229759697122e-06
6.414291239251005e-06 7.453229759697122e-06
6.414291239251005e-06 7.453229759697122e-06
6.414291239251005e-06 7.453229759697122e-06
6.414291239251005e-06 7.453229759697122e-06
6.414291239251005e-06 7.453229759697122e-06
5.78687852559845e-06 7.453232609920163e-06
5.78687852559845e-06 7.453232609920163e-06
5.78687852559845e-06 7.453232609920163e-06
5.78687852559845e-06 7.453232609920163e-06
6.255441774738328e-06 7.453229927287993e-06
6.255441774738328e-06 7.453229927287993e-06
6.255441774738328e-06 7.453229927287993e-06
6.255441774738328e-06 7.453229927287993e-06
6.255441774738328e-06 7.453229927287993e-06
6.255441774738328e-06 7.453229927287993e-06
6.255441774738328e-06 7.453229927287993e-06
6.255441774738328e-06 7.453229927287993e-06
6.255441774738328e-06 7.453229927287993e-06
6.255441774738328e-06 7.453229927287993e-06
6.255441774738328e-06 7.453229927287993e-06
6.255441774738328e-06 7.453229927287993e-06
6.255441774738328e-06 7.453229927287993e-06
6.255441774738328e-06 7.453229927287993e-06
6.255441774738328e-06 7.453229927287993e-06
6.255441774738328e-06 7.453229927287993e-06
6.255441774738328e-06 7.453229927287993e-06
6.255441774738328e-06 7.453229927287993e-06
6.255441774738328e-06 7.453229927287993e-06
6.255441774738328e-06 7.453229927287993e-06
6.255441774738328e-06 7.453229927287993e-06
6.255441774738328e-06 7.453229927287993e-06
6.255441774738328e-06 7.453229927287993e-06
6.255441774738328e-06 7.453229927287993e-06
6.255441774738328e-06 7.453229927287993e-06
6.255441774738328e-06 7.453229927287993e-06
6.255441774738328e-06 7.453229927287993e-06
6.255441774738328e-06 7.453229927287993e-06
6.255441774738328e-06 7.453229927287993e-06
6.255441774738328e-06 7.453229927287993e-06
6.255441774738328e-06 7.453229927287993e-06
6.255441774738328e-06 7.453229927287993e-06
6.255441774738328e-06 7.453229927287993e-06
6.255441774738328e-06 7.453229927287993e-06
6.405314819584098e-06 7.453231930320014e-06
6.405314819584098e-06 7.453231930320014e-06
6.405314819584098e-06 7.453231930320014e-06
6.405314819584098e-06 7.453231930320014e-06
6.405314819584098e-06 7.453231930320014e-06
6.405314819584098e-06 7.453231930320014e-06
6.405314819584098e-06 7.453231930320014e-06
6.405314819584098e-06 7.453231930320014e-06
6.405314819584098e-06 7.453231930320014e-06
6.405314819584098e-06 7.453231930320014e-06
6.405314819584098e-06 7.453231930320014e-06
6.405314819584098e-06 7.453231930320014e-06
6.405314819584098e-06 7.453231930320014e-06
6.405314819584098e-06 7.453231930320014e-06
6.405314819584098e-06 7.453231930320014e-06
6.405314819584098e-06 7.453231930320014e-06
6.405314819584098e-06 7.453231930320014e-06
6.405314819584098e-06 7.453231930320014e-06
6.405314819584098e-06 7.453231930320014e-06
6.405314819584098e-06 7.453231930320014e-06
6.405314819584098e-06 7.453231930320014e-06
6.405314819584098e-06 7.453231930320014e-06
6.405314819584098e-06 7.453231930320014e-06
6.405314819584098e-06 7.453231930320014e-06
6.405314819584098e-06 7.453231930320014e-06
6.405314819584098e-06 7.453231930320014e-06
6.405314819584098e-06 7.453231930320014e-06
6.405314819584098e-06 7.453231930320014e-06
4.759783946057799e-06 7.45322997880551e-06
4.759783946057799e-06 7.45322997880551e-06
4.759783946057799e-06 7.45322997880551e-06
4.759783946057799e-06 7.45322997880551e-06
4.759783946057799e-06 7.45322997880551e-06
4.759783946057799e-06 7.45322997880551e-06
4.342205862628194e-06 7.453229927287993e-06
4.342205862628194e-06 7.453229927287993e-06
4.342205862628194e-06 7.453229927287993e-06
4.342205862628194e-06 7.453229927287993e-06
4.342205862628194e-06 7.453229927287993e-06
4.342205862628194e-06 7.453229927287993e-06
4.342205862628194e-06 7.453229927287993e-06
4.342205862628194e-06 7.453229927287993e-06
4.342205862628194e-06 7.453229927287993e-06
4.342205862628194e-06 7.453229927287993e-06
4.342205862628194e-06 7.453229927287993e-06
4.342205862628194e-06 7.453229927287993e-06
4.342205862628194e-06 7.453229927287993e-06
4.342205862628194e-06 7.453229927287993e-06
4.342205862628194e-06 7.453229927287993e-06
4.342205862628194e-06 7.453229927287993e-06
4.342205862628194e-06 7.453229927287993e-06
5.615208105730969e-06 7.453229211919414e-06
5.615208105730969e-06 7.453229211919414e-06
5.615208105730969e-06 7.453229211919414e-06
5.615208105730969e-06 7.453229211919414e-06
5.615208105730969e-06 7.453229211919414e-06
5.615208105730969e-06 7.453229211919414e-06
5.615208105730969e-06 7.453229211919414e-06
5.615208105730969e-06 7.453229211919414e-06
5.615208105730969e-06 7.453229211919414e-06
5.615208105730969e-06 7.453229211919414e-06
5.615208105730969e-06 7.453229211919414e-06
5.615208105730969e-06 7.453229211919414e-06
5.802418503766156e-06 7.4532320317658e-06
5.802418503766156e-06 7.4532320317658e-06
5.802418503766156e-06 7.4532320317658e-06
5.802418503766156e-06 7.4532320317658e-06
5.802418503766156e-06 7.4532320317658e-06
5.802418503766156e-06 7.4532320317658e-06
5.802418503766156e-06 7.4532320317658e-06
5.802418503766156e-06 7.4532320317658e-06
5.802418503766156e-06 7.4532320317658e-06
5.802418503766156e-06 7.4532320317658e-06
5.802418503766156e-06 7.4532320317658e-06
5.802418503766156e-06 7.4532320317658e-06
5.802418503766156e-06 7.4532320317658e-06
5.802418503766156e-06 7.4532320317658e-06
5.802418503766156e-06 7.4532320317658e-06
5.802418503766156e-06 7.4532320317658e-06
5.802418503766156e-06 7.4532320317658e-06
5.802418503766156e-06 7.4532320317658e-06
5.802418503766156e-06 7.4532320317658e-06
5.802418503766156e-06 7.4532320317658e-06
5.802418503766156e-06 7.4532320317658e-06
5.802418503766156e-06 7.4532320317658e-06
5.802418503766156e-06 7.4532320317658e-06
5.802418503766156e-06 7.4532320317658e-06
5.802418503766156e-06 7.4532320317658e-06
5.802418503766156e-06 7.4532320317658e-06
5.802418503766156e-06 7.4532320317658e-06
5.802418503766156e-06 7.4532320317658e-06
5.802418503766156e-06 7.4532320317658e-06
5.802418503766156e-06 7.4532320317658e-06
5.802418503766156e-06 7.4532320317658e-06
5.802418503766156e-06 7.4532320317658e-06
5.802418503766156e-06 7.4532320317658e-06
5.722150955904382e-06 7.453232728900335e-06
5.722150955904382e-06 7.453232728900335e-06
5.722150955904382e-06 7.453232728900335e-06
5.722150955904382e-06 7.453232728900335e-06
5.722150955904382e-06 7.453232728900335e-06
5.722150955904382e-06 7.453232728900335e-06
5.722150955904382e-06 7.453232728900335e-06
6.144009725292458e-06 7.4532308109785905e-06
6.144009725292458e-06 7.4532308109785905e-06
6.144009725292458e-06 7.4532308109785905e-06
6.144009725292458e-06 7.4532308109785905e-06
6.144009725292458e-06 7.4532308109785905e-06
6.144009725292458e-06 7.4532308109785905e-06
6.144009725292458e-06 7.4532308109785905e-06
6.144009725292458e-06 7.4532308109785905e-06
6.144009725292458e-06 7.4532308109785905e-06
6.144009725292458e-06 7.4532308109785905e-06
6.144009725292458e-06 7.4532308109785905e-06
6.144009725292458e-06 7.4532308109785905e-06
6.144009725292458e-06 7.4532308109785905e-06
6.144009725292458e-06 7.4532308109785905e-06
6.144009725292458e-06 7.4532308109785905e-06
6.144009725292458e-06 7.4532308109785905e-06
6.144009725292458e-06 7.4532308109785905e-06
6.144009725292458e-06 7.4532308109785905e-06
6.144009725292458e-06 7.4532308109785905e-06
6.144009725292458e-06 7.4532308109785905e-06
6.144009725292458e-06 7.4532308109785905e-06
6.144009725292458e-06 7.4532308109785905e-06
6.144009725292458e-06 7.4532308109785905e-06
6.144009725292458e-06 7.4532308109785905e-06
6.144009725292458e-06 7.4532308109785905e-06
6.144009725292458e-06 7.4532308109785905e-06
6.144009725292458e-06 7.4532308109785905e-06
6.144009725292458e-06 7.4532308109785905e-06
6.144009725292458e-06 7.4532308109785905e-06
6.144009725292458e-06 7.4532308109785905e-06
6.144009725292458e-06 7.4532308109785905e-06
6.144009725292458e-06 7.4532308109785905e-06
5.157572943460703e-06 7.4532326473143615e-06
5.157572943460703e-06 7.4532326473143615e-06
5.157572943460703e-06 7.4532326473143615e-06
5.157572943460703e-06 7.4532326473143615e-06
5.157572943460703e-06 7.4532326473143615e-06
5.157572943460703e-06 7.4532326473143615e-06
5.157572943460703e-06 7.4532326473143615e-06
5.157572943460703e-06 7.4532326473143615e-06
5.157572943460703e-06 7.4532326473143615e-06
5.157572943460703e-06 7.4532326473143615e-06
5.157572943460703e-06 7.4532326473143615e-06
5.157572943460703e-06 7.4532326473143615e-06
4.6035732100921405e-06 7.453213534238347e-06
6.034083213772157e-06 7.45322997880551e-06
6.034083213772157e-06 7.45322997880551e-06
6.034083213772157e-06 7.45322997880551e-06
6.034083213772157e-06 7.45322997880551e-06
6.034083213772157e-06 7.45322997880551e-06
6.034083213772157e-06 7.45322997880551e-06
6.034083213772157e-06 7.45322997880551e-06
6.034083213772157e-06 7.45322997880551e-06
6.034083213772157e-06 7.45322997880551e-06
6.401329233180892e-06 7.45322886332859e-06
6.401329233180892e-06 7.45322886332859e-06
6.401329233180892e-06 7.45322886332859e-06
6.401329233180892e-06 7.45322886332859e-06
6.401329233180892e-06 7.45322886332859e-06
6.401329233180892e-06 7.45322886332859e-06
6.401329233180892e-06 7.45322886332859e-06
6.401329233180892e-06 7.45322886332859e-06
6.401329233180892e-06 7.45322886332859e-06
6.401329233180892e-06 7.45322886332859e-06
6.401329233180892e-06 7.45322886332859e-06
5.9331997001952415e-06 7.453229211919414e-06
5.9331997001952415e-06 7.453229211919414e-06
5.9331997001952415e-06 7.453229211919414e-06
5.9331997001952415e-06 7.453229211919414e-06
5.9331997001952415e-06 7.453229211919414e-06
5.9331997001952415e-06 7.453229211919414e-06
5.9331997001952415e-06 7.453229211919414e-06
5.9331997001952415e-06 7.453229211919414e-06
5.9331997001952415e-06 7.453229211919414e-06
5.9331997001952415e-06 7.453229211919414e-06
5.117231817411526e-06 7.4532311536341286e-06
5.117231817411526e-06 7.4532311536341286e-06
4.546213055171044e-06 7.453226971896574e-06
4.546213055171044e-06 7.453226971896574e-06
4.546213055171044e-06 7.453226971896574e-06
6.07452761818904e-06 7.4532320317658e-06
6.07452761818904e-06 7.4532320317658e-06
6.07452761818904e-06 7.4532320317658e-06
6.07452761818904e-06 7.4532320317658e-06
6.07452761818904e-06 7.4532320317658e-06
6.07452761818904e-06 7.4532320317658e-06
6.07452761818904e-06 7.4532320317658e-06
6.07452761818904e-06 7.4532320317658e-06
6.07452761818904e-06 7.4532320317658e-06
6.07452761818904e-06 7.4532320317658e-06
6.07452761818904e-06 7.4532320317658e-06
6.07452761818904e-06 7.4532320317658e-06
6.07452761818904e-06 7.4532320317658e-06
6.07452761818904e-06 7.4532320317658e-06
6.07452761818904e-06 7.4532320317658e-06
6.07452761818904e-06 7.4532320317658e-06
6.07452761818904e-06 7.4532320317658e-06
6.07452761818904e-06 7.4532320317658e-06
6.07452761818904e-06 7.4532320317658e-06
6.07452761818904e-06 7.4532320317658e-06
7.978306094860313e-06 7.447574938672281e-06