2.0749676236414736e-07 3.9549259113215607e-07
2.0749676236414736e-07 3.9549259113215607e-07
2.0749676236414736e-07 3.9549259113215607e-07
2.0749676236414736e-07 3.9549259113215607e-07
2.0749676236414736e-07 3.9549259113215607e-07
2.0749676236414736e-07 3.9549259113215607e-07
2.0749676236414736e-07 3.9549259113215607e-07
2.0749676236414736e-07 3.9549259113215607e-07
2.0749676236414736e-07 3.9549259113215607e-07
2.0749676236414736e-07 3.9549259113215607e-07
2.0749676236414736e-07 3.9549259113215607e-07
2.0749676236414736e-07 3.9549259113215607e-07
2.0749676236414736e-07 3.9549259113215607e-07
2.0749676236414736e-07 3.9549259113215607e-07
2.0749676236414736e-07 3.9549259113215607e-07
2.0749676236414736e-07 3.9549259113215607e-07
2.0749676236414736e-07 3.9549259113215607e-07
2.0749676236414736e-07 3.9549259113215607e-07
2.0749676236414736e-07 3.9549259113215607e-07
2.0749676236414736e-07 3.9549259113215607e-07
2.0749676236414736e-07 3.9549259113215607e-07
2.0749676236414736e-07 3.9549259113215607e-07
2.0749676236414736e-07 3.9549259113215607e-07
2.0749676236414736e-07 3.9549259113215607e-07
2.0749676236414736e-07 3.9549259113215607e-07
2.0749676236414736e-07 3.9549259113215607e-07
3.709775204156929e-07 3.954930885358409e-07
3.709775204156929e-07 3.954930885358409e-07
2.5953387362666935e-07 3.95489827059146e-07
2.5953387362666935e-07 3.95489827059146e-07
2.5953387362666935e-07 3.95489827059146e-07
2.5953387362666935e-07 3.95489827059146e-07
2.5953387362666935e-07 3.95489827059146e-07
2.5953387362666935e-07 3.95489827059146e-07
2.5953387362666935e-07 3.95489827059146e-07
2.5953387362666935e-07 3.95489827059146e-07
2.5953387362666935e-07 3.95489827059146e-07
2.5953387362666935e-07 3.95489827059146e-07
1.9570082155038258e-07 3.9549497977033667e-07
1.9570082155038258e-07 3.9549497977033667e-07
1.9570082155038258e-07 3.9549497977033667e-07
1.9570082155038258e-07 3.9549497977033667e-07
1.9570082155038258e-07 3.9549497977033667e-07
1.9570082155038258e-07 3.9549497977033667e-07
1.9570082155038258e-07 3.9549497977033667e-07
1.9570082155038258e-07 3.9549497977033667e-07
1.9570082155038258e-07 3.9549497977033667e-07
1.9570082155038258e-07 3.9549497977033667e-07
1.9570082155038258e-07 3.9549497977033667e-07
1.9570082155038258e-07 3.9549497977033667e-07