0.23495682901623496 0.05555666677778889
0.23495682901623496 0.05555666677778889
0.0034503450345034505 0.05555666677778889
0.03900996160222083 0.05555457506534967
0.03900996160222083 0.05555457506534967
0.03900996160222083 0.05555457506534967
0.015476547654765476 0.05555555555555555
0.015476547654765476 0.05555555555555555
0.015476547654765476 0.05555555555555555
0.07712715716016046 0.05555457506534967
0.07712715716016046 0.05555457506534967
0.07712715716016046 0.05555457506534967
0.07712715716016046 0.05555457506534967
0.07712715716016046 0.05555457506534967
0.07712715716016046 0.05555457506534967
0.07712715716016046 0.05555457506534967
0.07712715716016046 0.05555457506534967
0.04388772210554389 0.05555555555555555
0.00592059205920592 0.05555555555555555
0.021266229187021268 0.05555457506534967
0.021266229187021268 0.05555457506534967
0.021266229187021268 0.05555457506534967
0.021266229187021268 0.05555457506534967
0.021266229187021268 0.05555457506534967
0.0493001681120493 0.05555555555555555
0.0493001681120493 0.05555555555555555
0.061878915164243695 0.05555457506534967
0.061878915164243695 0.05555457506534967
0.015994932826615994 0.05555555555555555
0.015994932826615994 0.05555555555555555
0.015994932826615994 0.05555555555555555
0.06244791145781245 0.05555666677778889
0.07045228332357045 0.05555457506534967
0.07045228332357045 0.05555457506534967
0.07045228332357045 0.05555457506534967
0.07045228332357045 0.05555457506534967
0.07045228332357045 0.05555457506534967
0.07045228332357045 0.05555457506534967
0.07045228332357045 0.05555457506534967
0.07045228332357045 0.05555457506534967
0.07045228332357045 0.05555457506534967
0.04434887933237768 0.05555555555555555
0.07063039637297062 0.05555555555555555
0.07063039637297062 0.05555555555555555
0.07063039637297062 0.05555555555555555
0.07824418805516915 0.05555457506534967
0.07824418805516915 0.05555457506534967
0.07824418805516915 0.05555457506534967
0.07824418805516915 0.05555457506534967
0.07824418805516915 0.05555457506534967