4.9335103683139597e-05 4.257796733879057e-06
3.846966908496816e-06 4.255365449159098e-06
3.846966908496816e-06 4.255365449159098e-06
3.858549126924459e-06 4.255364375904062e-06
3.858549126924459e-06 4.255364375904062e-06
3.858549126924459e-06 4.255364375904062e-06
3.858549126924459e-06 4.255364375904062e-06
3.858549126924459e-06 4.255364375904062e-06
3.843156275028463e-06 4.255367315730344e-06
3.843156275028463e-06 4.255367315730344e-06
3.873368181981218e-05 4.257796733879057e-06
3.873368181981218e-05 4.257796733879057e-06
3.873368181981218e-05 4.257796733879057e-06
3.873368181981218e-05 4.257796733879057e-06
3.843156275028463e-06 4.255367315730344e-06
3.843156275028463e-06 4.255367315730344e-06
3.873368181981218e-05 4.257796733879057e-06
3.873368181981218e-05 4.257796733879057e-06
3.726691664173488e-06 4.255367315730344e-06
3.726691664173488e-06 4.255367315730344e-06
3.726691664173488e-06 4.255367315730344e-06
3.726691664173488e-06 4.255367315730344e-06
3.726691664173488e-06 4.255367315730344e-06
3.92051625166334e-06 4.2553675985449144e-06
3.92051625166334e-06 4.2553675985449144e-06
3.92051625166334e-06 4.2553675985449144e-06
3.92051625166334e-06 4.2553675985449144e-06
3.92051625166334e-06 4.2553675985449144e-06
3.92051625166334e-06 4.2553675985449144e-06
3.92051625166334e-06 4.2553675985449144e-06
3.92051625166334e-06 4.2553675985449144e-06
3.92051625166334e-06 4.2553675985449144e-06
3.846966908496816e-06 4.255365449159098e-06
3.846966908496816e-06 4.255365449159098e-06
3.846966908496816e-06 4.255365449159098e-06
4.9335103683139597e-05 4.257796733879057e-06
4.9335103683139597e-05 4.257796733879057e-06
3.7215419520006213e-06 4.255367315730344e-06
3.7215419520006213e-06 4.255367315730344e-06
3.858549126924459e-06 4.255364375904062e-06
3.858549126924459e-06 4.255364375904062e-06
3.92051625166334e-06 4.2553675985449144e-06
3.92051625166334e-06 4.2553675985449144e-06
3.92051625166334e-06 4.2553675985449144e-06
3.92051625166334e-06 4.2553675985449144e-06
3.92051625166334e-06 4.2553675985449144e-06
3.7215419520006213e-06 4.255367315730344e-06
3.7215419520006213e-06 4.255367315730344e-06
3.7215419520006213e-06 4.255367315730344e-06
3.7215419520006213e-06 4.255367315730344e-06