3.2369048514537803e-07 3.9553061036991436e-07
3.5433826021959707e-07 3.9553035647649835e-07
3.5433826021959707e-07 3.9553035647649835e-07
3.9707270990142297e-07 3.9553067894962634e-07
3.9707270990142297e-07 3.9553067894962634e-07
3.534969599777883e-07 3.9553029839248676e-07
3.534969599777883e-07 3.9553029839248676e-07
2.9345269085470245e-07 3.9552973075518236e-07
3.1789652959253974e-07 3.955305052499722e-07
3.1789652959253974e-07 3.955305052499722e-07
3.1789652959253974e-07 3.955305052499722e-07
3.1789652959253974e-07 3.955305052499722e-07
3.1789652959253974e-07 3.955305052499722e-07
3.1789652959253974e-07 3.955305052499722e-07
3.1789652959253974e-07 3.955305052499722e-07
3.1789652959253974e-07 3.955305052499722e-07
3.1789652959253974e-07 3.955305052499722e-07
3.1789652959253974e-07 3.955305052499722e-07
3.4473203162198683e-07 3.955309238590969e-07
3.4473203162198683e-07 3.955309238590969e-07
5.121170746510779e-07 3.955308008918883e-07
3.7709013844926635e-07 3.9553145362815696e-07
3.1097053377537487e-07 3.9553049532412853e-07
3.0517581824402236e-07 3.9553094250612513e-07
3.248873710817717e-07 3.95530836284191e-07
3.248873710817717e-07 3.95530836284191e-07
3.247415188774139e-07 3.955308527416977e-07
3.247415188774139e-07 3.955308527416977e-07
3.247415188774139e-07 3.955308527416977e-07
3.247415188774139e-07 3.955308527416977e-07
3.247415188774139e-07 3.955308527416977e-07
3.247415188774139e-07 3.955308527416977e-07
2.9891231692922866e-07 3.955305047531719e-07
3.932639742522423e-07 3.9552749248645563e-07
3.932639742522423e-07 3.9552749248645563e-07
3.358201215719485e-07 3.9553066504358707e-07
3.358201215719485e-07 3.9553066504358707e-07
3.358201215719485e-07 3.9553066504358707e-07
3.358201215719485e-07 3.9553066504358707e-07
3.358201215719485e-07 3.9553066504358707e-07
3.358201215719485e-07 3.9553066504358707e-07
3.674309774950299e-07 3.9553011181038715e-07
3.674309774950299e-07 3.9553011181038715e-07
4.440979112829585e-07 3.95530389852899e-07
3.094232893729215e-07 3.9553078784439724e-07
3.094232893729215e-07 3.9553078784439724e-07
3.094232893729215e-07 3.9553078784439724e-07
3.7443863690106156e-07 3.9553080607569145e-07
2.9776046587391e-07 3.955305326734201e-07
2.9776046587391e-07 3.955305326734201e-07