6.136573205506937e-07 2.151764903053022e-06
6.136573205506937e-07 2.151764903053022e-06
6.136573205506937e-07 2.151764903053022e-06
6.136573205506937e-07 2.151764903053022e-06
6.1347833793701e-07 2.151964927131106e-06
6.1347833793701e-07 2.151964927131106e-06
6.1347833793701e-07 2.151964927131106e-06
6.139354723161164e-07 2.1517854097232118e-06
6.139354723161164e-07 2.1517854097232118e-06
5.32252395245796e-07 2.1518175228079086e-06
5.329423972204999e-07 2.1518665918129434e-06
5.329423972204999e-07 2.1518665918129434e-06
6.173871536381512e-07 2.151894190139254e-06
6.173871536381512e-07 2.151894190139254e-06
6.19938147124485e-07 2.151764903053022e-06
6.003018862773607e-07 2.15029215128482e-06
5.919135076206857e-07 2.15029215128482e-06
5.919135076206857e-07 2.15029215128482e-06
5.329423972204999e-07 2.1518665918129434e-06
5.329423972204999e-07 2.1518665918129434e-06
5.712473454808772e-07 2.15029215128482e-06
5.120697402600213e-07 2.150848848509659e-06
6.173871536381512e-07 2.151894190139254e-06
6.184530063194198e-07 2.1518665918129434e-06
6.184530063194198e-07 2.1518665918129434e-06
6.136573205506937e-07 2.151764903053022e-06
6.075231937473093e-07 2.151964927131106e-06
6.19938147124485e-07 2.151764903053022e-06
6.19938147124485e-07 2.151764903053022e-06
6.19938147124485e-07 2.151764903053022e-06
6.19938147124485e-07 2.151764903053022e-06
6.19938147124485e-07 2.151764903053022e-06
6.19938147124485e-07 2.151764903053022e-06
6.139354723161164e-07 2.1517854097232118e-06
6.139354723161164e-07 2.1517854097232118e-06
6.139354723161164e-07 2.1517854097232118e-06
6.139354723161164e-07 2.1517854097232118e-06
5.32252395245796e-07 2.1518175228079086e-06
6.003018862773607e-07 2.15029215128482e-06
5.120697402600213e-07 2.150848848509659e-06
6.224351225058595e-07 2.151764903053022e-06
6.224351225058595e-07 2.151764903053022e-06
6.224351225058595e-07 2.151764903053022e-06
6.224351225058595e-07 2.151764903053022e-06
6.240223443489528e-07 2.1519464473979404e-06
5.031756466227197e-07 2.15029215128482e-06
6.139354723161164e-07 2.1518175228079086e-06
6.139354723161164e-07 2.1518175228079086e-06
6.224351225058595e-07 2.151764903053022e-06
6.224351225058595e-07 2.151764903053022e-06