5.034646516186169e-05 5.311932056569541e-06
5.034646516186169e-05 5.311932056569541e-06
2.3474117959185266e-06 5.306905479105758e-06
2.3474117959185266e-06 5.306905479105758e-06
2.3474117959185266e-06 5.306905479105758e-06
2.3474117959185266e-06 5.306905479105758e-06
2.3474117959185266e-06 5.306905479105758e-06
2.3474117959185266e-06 5.306905479105758e-06
2.3474117959185266e-06 5.306905479105758e-06
2.3474117959185266e-06 5.306905479105758e-06
2.3474117959185266e-06 5.306905479105758e-06
2.3474117959185266e-06 5.306905479105758e-06
2.3474117959185266e-06 5.306905479105758e-06
2.3474117959185266e-06 5.306905479105758e-06
2.3474117959185266e-06 5.306905479105758e-06
2.3474117959185266e-06 5.306905479105758e-06
2.3474117959185266e-06 5.306905479105758e-06
2.3474117959185266e-06 5.306905479105758e-06
2.3474117959185266e-06 5.306905479105758e-06
2.3474117959185266e-06 5.306905479105758e-06
2.3474117959185266e-06 5.306905479105758e-06
2.3474117959185266e-06 5.306905479105758e-06
2.3474117959185266e-06 5.306905479105758e-06
2.3474117959185266e-06 5.306905479105758e-06
2.3474117959185266e-06 5.306905479105758e-06
2.3474117959185266e-06 5.306905479105758e-06
2.3474117959185266e-06 5.306905479105758e-06
2.3474117959185266e-06 5.306905479105758e-06
2.3474117959185266e-06 5.306905479105758e-06
2.3474117959185266e-06 5.306905479105758e-06
2.3474117959185266e-06 5.306905479105758e-06
2.3474117959185266e-06 5.306905479105758e-06
2.3474117959185266e-06 5.306905479105758e-06
2.3474117959185266e-06 5.306905479105758e-06
2.3474117959185266e-06 5.306905479105758e-06
2.3474117959185266e-06 5.306905479105758e-06
2.3474117959185266e-06 5.306905479105758e-06
2.3474117959185266e-06 5.306905479105758e-06
2.3474117959185266e-06 5.306905479105758e-06
2.3474117959185266e-06 5.306905479105758e-06
2.3474117959185266e-06 5.306905479105758e-06
2.3474117959185266e-06 5.306905479105758e-06
2.3474117959185266e-06 5.306905479105758e-06
2.3474117959185266e-06 5.306905479105758e-06
2.3474117959185266e-06 5.306905479105758e-06
2.3474117959185266e-06 5.306905479105758e-06
2.3474117959185266e-06 5.306905479105758e-06
2.3474117959185266e-06 5.306905479105758e-06
2.3474117959185266e-06 5.306905479105758e-06
2.3474117959185266e-06 5.306905479105758e-06
2.3474117959185266e-06 5.306905479105758e-06
2.3474117959185266e-06 5.306905479105758e-06
2.3474117959185266e-06 5.306905479105758e-06
2.3474117959185266e-06 5.306905479105758e-06
2.3474117959185266e-06 5.306905479105758e-06
2.3474117959185266e-06 5.306905479105758e-06
2.3474117959185266e-06 5.306905479105758e-06
2.3474117959185266e-06 5.306905479105758e-06
2.3474117959185266e-06 5.306905479105758e-06
2.3474117959185266e-06 5.306905479105758e-06
2.3474117959185266e-06 5.306905479105758e-06
2.3474117959185266e-06 5.306905479105758e-06
2.3474117959185266e-06 5.306905479105758e-06
2.3474117959185266e-06 5.306905479105758e-06
2.3474117959185266e-06 5.306905479105758e-06
2.3474117959185266e-06 5.306905479105758e-06
2.3474117959185266e-06 5.306905479105758e-06
2.3474117959185266e-06 5.306905479105758e-06
2.3474117959185266e-06 5.306905479105758e-06
2.3474117959185266e-06 5.306905479105758e-06
2.3474117959185266e-06 5.306905479105758e-06
2.3474117959185266e-06 5.306905479105758e-06
2.3474117959185266e-06 5.306905479105758e-06
2.3474117959185266e-06 5.306905479105758e-06
2.3474117959185266e-06 5.306905479105758e-06
2.3474117959185266e-06 5.306905479105758e-06
2.3474117959185266e-06 5.306905479105758e-06
2.3474117959185266e-06 5.306905479105758e-06
2.3474117959185266e-06 5.306905479105758e-06
2.3474117959185266e-06 5.306905479105758e-06
2.3474117959185266e-06 5.306905479105758e-06
2.3474117959185266e-06 5.306905479105758e-06
2.3474117959185266e-06 5.306905479105758e-06
2.3474117959185266e-06 5.306905479105758e-06
2.3474117959185266e-06 5.306905479105758e-06
2.3474117959185266e-06 5.306905479105758e-06
2.3474117959185266e-06 5.306905479105758e-06
2.3474117959185266e-06 5.306905479105758e-06
2.3474117959185266e-06 5.306905479105758e-06
2.3474117959185266e-06 5.306905479105758e-06
2.3474117959185266e-06 5.306905479105758e-06
2.3474117959185266e-06 5.306905479105758e-06
2.3474117959185266e-06 5.306905479105758e-06
2.3474117959185266e-06 5.306905479105758e-06
2.3474117959185266e-06 5.306905479105758e-06
2.3474117959185266e-06 5.306905479105758e-06
2.3474117959185266e-06 5.306905479105758e-06
2.3474117959185266e-06 5.306905479105758e-06
2.3474117959185266e-06 5.306905479105758e-06
2.3474117959185266e-06 5.306905479105758e-06
2.3474117959185266e-06 5.306905479105758e-06
2.3474117959185266e-06 5.306905479105758e-06
2.3474117959185266e-06 5.306905479105758e-06
2.3474117959185266e-06 5.306905479105758e-06
2.3474117959185266e-06 5.306905479105758e-06
2.3474117959185266e-06 5.306905479105758e-06
2.3474117959185266e-06 5.306905479105758e-06
2.3474117959185266e-06 5.306905479105758e-06
2.3474117959185266e-06 5.306905479105758e-06
2.3474117959185266e-06 5.306905479105758e-06
2.3474117959185266e-06 5.306905479105758e-06
2.3474117959185266e-06 5.306905479105758e-06
2.3474117959185266e-06 5.306905479105758e-06
2.3474117959185266e-06 5.306905479105758e-06
2.3474117959185266e-06 5.306905479105758e-06
2.3474117959185266e-06 5.306905479105758e-06
2.3474117959185266e-06 5.306905479105758e-06
2.3474117959185266e-06 5.306905479105758e-06
2.3474117959185266e-06 5.306905479105758e-06
2.3474117959185266e-06 5.306905479105758e-06
2.3474117959185266e-06 5.306905479105758e-06
2.3474117959185266e-06 5.306905479105758e-06
2.3474117959185266e-06 5.306905479105758e-06
2.3474117959185266e-06 5.306905479105758e-06
2.3474117959185266e-06 5.306905479105758e-06
2.3474117959185266e-06 5.306905479105758e-06
2.3474117959185266e-06 5.306905479105758e-06
2.3474117959185266e-06 5.306905479105758e-06
2.3474117959185266e-06 5.306905479105758e-06
2.3474117959185266e-06 5.306905479105758e-06
2.3474117959185266e-06 5.306905479105758e-06
2.3474117959185266e-06 5.306905479105758e-06
2.3474117959185266e-06 5.306905479105758e-06
2.3474117959185266e-06 5.306905479105758e-06
5.697620259915509e-06 5.304004665519443e-06
5.054237895184105e-06 5.306779485480596e-06
5.054237895184105e-06 5.306779485480596e-06
5.054237895184105e-06 5.306779485480596e-06
5.054237895184105e-06 5.306779485480596e-06
5.054237895184105e-06 5.306779485480596e-06
5.054237895184105e-06 5.306779485480596e-06
5.054237895184105e-06 5.306779485480596e-06
5.054237895184105e-06 5.306779485480596e-06
5.054237895184105e-06 5.306779485480596e-06
5.054237895184105e-06 5.306779485480596e-06
5.054237895184105e-06 5.306779485480596e-06
5.054237895184105e-06 5.306779485480596e-06
5.054237895184105e-06 5.306779485480596e-06
5.054237895184105e-06 5.306779485480596e-06
5.054237895184105e-06 5.306779485480596e-06
5.054237895184105e-06 5.306779485480596e-06
5.054237895184105e-06 5.306779485480596e-06
5.054237895184105e-06 5.306779485480596e-06
5.054237895184105e-06 5.306779485480596e-06
5.054237895184105e-06 5.306779485480596e-06
5.054237895184105e-06 5.306779485480596e-06
5.054237895184105e-06 5.306779485480596e-06
5.054237895184105e-06 5.306779485480596e-06
5.054237895184105e-06 5.306779485480596e-06
5.054237895184105e-06 5.306779485480596e-06
5.054237895184105e-06 5.306779485480596e-06
5.054237895184105e-06 5.306779485480596e-06
5.054237895184105e-06 5.306779485480596e-06
5.054237895184105e-06 5.306779485480596e-06
5.054237895184105e-06 5.306779485480596e-06
5.054237895184105e-06 5.306779485480596e-06
5.054237895184105e-06 5.306779485480596e-06
5.054237895184105e-06 5.306779485480596e-06
5.054237895184105e-06 5.306779485480596e-06
5.054237895184105e-06 5.306779485480596e-06
5.054237895184105e-06 5.306779485480596e-06
5.054237895184105e-06 5.306779485480596e-06
5.054237895184105e-06 5.306779485480596e-06
5.054237895184105e-06 5.306779485480596e-06
5.054237895184105e-06 5.306779485480596e-06
5.054237895184105e-06 5.306779485480596e-06
5.054237895184105e-06 5.306779485480596e-06
5.054237895184105e-06 5.306779485480596e-06
5.054237895184105e-06 5.306779485480596e-06
8.438800361371539e-07 5.306980938776363e-06
4.373877780908685e-06 5.307028721323902e-06
9.804945606172701e-06 5.306742886865077e-06
9.804945606172701e-06 5.306742886865077e-06
9.804945606172701e-06 5.306742886865077e-06
9.804945606172701e-06 5.306742886865077e-06
9.804945606172701e-06 5.306742886865077e-06
9.804945606172701e-06 5.306742886865077e-06
9.804945606172701e-06 5.306742886865077e-06
9.804945606172701e-06 5.306742886865077e-06
9.804945606172701e-06 5.306742886865077e-06
9.804945606172701e-06 5.306742886865077e-06
9.804945606172701e-06 5.306742886865077e-06
9.804945606172701e-06 5.306742886865077e-06
9.804945606172701e-06 5.306742886865077e-06
9.804945606172701e-06 5.306742886865077e-06
9.804945606172701e-06 5.306742886865077e-06
9.804945606172701e-06 5.306742886865077e-06
9.804945606172701e-06 5.306742886865077e-06
9.804945606172701e-06 5.306742886865077e-06
9.804945606172701e-06 5.306742886865077e-06
9.804945606172701e-06 5.306742886865077e-06
9.804945606172701e-06 5.306742886865077e-06
9.804945606172701e-06 5.306742886865077e-06
9.804945606172701e-06 5.306742886865077e-06
9.804945606172701e-06 5.306742886865077e-06
9.804945606172701e-06 5.306742886865077e-06
9.804945606172701e-06 5.306742886865077e-06
9.804945606172701e-06 5.306742886865077e-06
9.804945606172701e-06 5.306742886865077e-06
9.804945606172701e-06 5.306742886865077e-06
9.804945606172701e-06 5.306742886865077e-06
9.804945606172701e-06 5.306742886865077e-06
9.804945606172701e-06 5.306742886865077e-06
9.804945606172701e-06 5.306742886865077e-06
9.804945606172701e-06 5.306742886865077e-06
9.804945606172701e-06 5.306742886865077e-06
9.804945606172701e-06 5.306742886865077e-06
9.804945606172701e-06 5.306742886865077e-06
9.804945606172701e-06 5.306742886865077e-06
9.804945606172701e-06 5.306742886865077e-06
9.804945606172701e-06 5.306742886865077e-06
9.804945606172701e-06 5.306742886865077e-06
9.804945606172701e-06 5.306742886865077e-06
9.804945606172701e-06 5.306742886865077e-06
9.804945606172701e-06 5.306742886865077e-06
8.876000970209879e-06 5.306965953176409e-06
8.876000970209879e-06 5.306965953176409e-06
5.551059962254672e-06 5.3067601456164845e-06
5.551059962254672e-06 5.3067601456164845e-06
5.551059962254672e-06 5.3067601456164845e-06
5.551059962254672e-06 5.3067601456164845e-06
5.551059962254672e-06 5.3067601456164845e-06
5.551059962254672e-06 5.3067601456164845e-06
5.551059962254672e-06 5.3067601456164845e-06
5.551059962254672e-06 5.3067601456164845e-06
5.551059962254672e-06 5.3067601456164845e-06
5.551059962254672e-06 5.3067601456164845e-06
5.551059962254672e-06 5.3067601456164845e-06
5.551059962254672e-06 5.3067601456164845e-06
5.551059962254672e-06 5.3067601456164845e-06
5.551059962254672e-06 5.3067601456164845e-06
5.551059962254672e-06 5.3067601456164845e-06
5.551059962254672e-06 5.3067601456164845e-06
5.551059962254672e-06 5.3067601456164845e-06
5.551059962254672e-06 5.3067601456164845e-06
5.551059962254672e-06 5.3067601456164845e-06
5.551059962254672e-06 5.3067601456164845e-06
5.551059962254672e-06 5.3067601456164845e-06
5.551059962254672e-06 5.3067601456164845e-06
5.551059962254672e-06 5.3067601456164845e-06
5.551059962254672e-06 5.3067601456164845e-06
5.551059962254672e-06 5.3067601456164845e-06
5.551059962254672e-06 5.3067601456164845e-06
5.551059962254672e-06 5.3067601456164845e-06
5.551059962254672e-06 5.3067601456164845e-06
5.551059962254672e-06 5.3067601456164845e-06
5.551059962254672e-06 5.3067601456164845e-06
5.551059962254672e-06 5.3067601456164845e-06
5.551059962254672e-06 5.3067601456164845e-06
5.551059962254672e-06 5.3067601456164845e-06
5.551059962254672e-06 5.3067601456164845e-06
5.551059962254672e-06 5.3067601456164845e-06
5.551059962254672e-06 5.3067601456164845e-06
5.551059962254672e-06 5.3067601456164845e-06
5.551059962254672e-06 5.3067601456164845e-06
5.551059962254672e-06 5.3067601456164845e-06
5.551059962254672e-06 5.3067601456164845e-06
5.551059962254672e-06 5.3067601456164845e-06
5.551059962254672e-06 5.3067601456164845e-06
5.551059962254672e-06 5.3067601456164845e-06
5.551059962254672e-06 5.3067601456164845e-06
5.551059962254672e-06 5.3067601456164845e-06
5.551059962254672e-06 5.3067601456164845e-06
5.551059962254672e-06 5.3067601456164845e-06
5.551059962254672e-06 5.3067601456164845e-06
5.551059962254672e-06 5.3067601456164845e-06
5.551059962254672e-06 5.3067601456164845e-06
5.551059962254672e-06 5.3067601456164845e-06
5.551059962254672e-06 5.3067601456164845e-06
5.551059962254672e-06 5.3067601456164845e-06
5.551059962254672e-06 5.3067601456164845e-06
5.551059962254672e-06 5.3067601456164845e-06
5.551059962254672e-06 5.3067601456164845e-06
5.551059962254672e-06 5.3067601456164845e-06
5.551059962254672e-06 5.3067601456164845e-06
5.551059962254672e-06 5.3067601456164845e-06
5.551059962254672e-06 5.3067601456164845e-06
5.551059962254672e-06 5.3067601456164845e-06
5.551059962254672e-06 5.3067601456164845e-06
5.551059962254672e-06 5.3067601456164845e-06
5.551059962254672e-06 5.3067601456164845e-06
5.551059962254672e-06 5.3067601456164845e-06
5.551059962254672e-06 5.3067601456164845e-06
5.551059962254672e-06 5.3067601456164845e-06
5.551059962254672e-06 5.3067601456164845e-06
5.551059962254672e-06 5.3067601456164845e-06
5.551059962254672e-06 5.3067601456164845e-06
5.551059962254672e-06 5.3067601456164845e-06
5.551059962254672e-06 5.3067601456164845e-06
5.551059962254672e-06 5.3067601456164845e-06
5.551059962254672e-06 5.3067601456164845e-06
5.551059962254672e-06 5.3067601456164845e-06
5.551059962254672e-06 5.3067601456164845e-06
5.551059962254672e-06 5.3067601456164845e-06
5.551059962254672e-06 5.3067601456164845e-06
5.551059962254672e-06 5.3067601456164845e-06
5.551059962254672e-06 5.3067601456164845e-06
5.551059962254672e-06 5.3067601456164845e-06
5.551059962254672e-06 5.3067601456164845e-06
5.551059962254672e-06 5.3067601456164845e-06
5.551059962254672e-06 5.3067601456164845e-06
5.551059962254672e-06 5.3067601456164845e-06
5.551059962254672e-06 5.3067601456164845e-06
5.551059962254672e-06 5.3067601456164845e-06
5.551059962254672e-06 5.3067601456164845e-06
7.342777570816339e-06 5.306938496438836e-06
7.342777570816339e-06 5.306938496438836e-06
8.765615082678026e-06 5.30884403631077e-06
8.765615082678026e-06 5.30884403631077e-06
8.765615082678026e-06 5.30884403631077e-06
8.765615082678026e-06 5.30884403631077e-06
6.700106552455077e-06 5.306477869430049e-06
6.700106552455077e-06 5.306477869430049e-06
6.700106552455077e-06 5.306477869430049e-06
6.700106552455077e-06 5.306477869430049e-06
6.700106552455077e-06 5.306477869430049e-06
6.700106552455077e-06 5.306477869430049e-06
6.700106552455077e-06 5.306477869430049e-06
6.700106552455077e-06 5.306477869430049e-06
6.700106552455077e-06 5.306477869430049e-06
6.700106552455077e-06 5.306477869430049e-06
6.700106552455077e-06 5.306477869430049e-06
6.700106552455077e-06 5.306477869430049e-06
6.700106552455077e-06 5.306477869430049e-06
6.700106552455077e-06 5.306477869430049e-06
6.700106552455077e-06 5.306477869430049e-06
6.700106552455077e-06 5.306477869430049e-06
6.700106552455077e-06 5.306477869430049e-06
6.700106552455077e-06 5.306477869430049e-06
6.700106552455077e-06 5.306477869430049e-06
6.700106552455077e-06 5.306477869430049e-06
6.700106552455077e-06 5.306477869430049e-06
6.700106552455077e-06 5.306477869430049e-06
6.700106552455077e-06 5.306477869430049e-06
6.700106552455077e-06 5.306477869430049e-06
6.700106552455077e-06 5.306477869430049e-06
6.700106552455077e-06 5.306477869430049e-06
6.700106552455077e-06 5.306477869430049e-06
6.700106552455077e-06 5.306477869430049e-06
6.700106552455077e-06 5.306477869430049e-06
6.700106552455077e-06 5.306477869430049e-06
6.700106552455077e-06 5.306477869430049e-06
6.700106552455077e-06 5.306477869430049e-06
6.700106552455077e-06 5.306477869430049e-06
6.700106552455077e-06 5.306477869430049e-06
6.700106552455077e-06 5.306477869430049e-06
6.700106552455077e-06 5.306477869430049e-06
6.700106552455077e-06 5.306477869430049e-06
6.700106552455077e-06 5.306477869430049e-06
6.700106552455077e-06 5.306477869430049e-06
6.700106552455077e-06 5.306477869430049e-06
6.700106552455077e-06 5.306477869430049e-06
6.700106552455077e-06 5.306477869430049e-06
6.700106552455077e-06 5.306477869430049e-06
6.700106552455077e-06 5.306477869430049e-06
8.773126209571444e-06 5.318771418006481e-06
8.773126209571444e-06 5.318771418006481e-06
5.585243498705446e-06 5.307285208978247e-06
6.999820649453428e-06 5.306568257443143e-06
6.999820649453428e-06 5.306568257443143e-06
6.999820649453428e-06 5.306568257443143e-06
6.999820649453428e-06 5.306568257443143e-06
6.999820649453428e-06 5.306568257443143e-06
6.999820649453428e-06 5.306568257443143e-06
6.999820649453428e-06 5.306568257443143e-06
6.999820649453428e-06 5.306568257443143e-06
6.999820649453428e-06 5.306568257443143e-06
6.999820649453428e-06 5.306568257443143e-06
6.999820649453428e-06 5.306568257443143e-06
6.999820649453428e-06 5.306568257443143e-06
6.999820649453428e-06 5.306568257443143e-06
6.999820649453428e-06 5.306568257443143e-06
6.999820649453428e-06 5.306568257443143e-06
6.999820649453428e-06 5.306568257443143e-06
6.999820649453428e-06 5.306568257443143e-06
6.999820649453428e-06 5.306568257443143e-06
6.999820649453428e-06 5.306568257443143e-06
6.999820649453428e-06 5.306568257443143e-06
6.999820649453428e-06 5.306568257443143e-06
6.999820649453428e-06 5.306568257443143e-06
6.999820649453428e-06 5.306568257443143e-06
6.999820649453428e-06 5.306568257443143e-06
6.999820649453428e-06 5.306568257443143e-06
6.999820649453428e-06 5.306568257443143e-06
6.999820649453428e-06 5.306568257443143e-06
6.999820649453428e-06 5.306568257443143e-06
6.999820649453428e-06 5.306568257443143e-06
6.999820649453428e-06 5.306568257443143e-06
6.999820649453428e-06 5.306568257443143e-06
6.999820649453428e-06 5.306568257443143e-06
6.999820649453428e-06 5.306568257443143e-06
6.999820649453428e-06 5.306568257443143e-06
6.999820649453428e-06 5.306568257443143e-06
6.999820649453428e-06 5.306568257443143e-06
6.999820649453428e-06 5.306568257443143e-06
6.999820649453428e-06 5.306568257443143e-06
6.999820649453428e-06 5.306568257443143e-06
6.999820649453428e-06 5.306568257443143e-06
6.999820649453428e-06 5.306568257443143e-06
6.999820649453428e-06 5.306568257443143e-06
6.999820649453428e-06 5.306568257443143e-06
6.999820649453428e-06 5.306568257443143e-06
5.8223869914655e-06 5.306759388959412e-06
5.8223869914655e-06 5.306759388959412e-06
5.8223869914655e-06 5.306759388959412e-06
5.8223869914655e-06 5.306759388959412e-06
5.8223869914655e-06 5.306759388959412e-06
5.8223869914655e-06 5.306759388959412e-06
5.8223869914655e-06 5.306759388959412e-06
5.8223869914655e-06 5.306759388959412e-06
5.8223869914655e-06 5.306759388959412e-06
5.8223869914655e-06 5.306759388959412e-06
5.8223869914655e-06 5.306759388959412e-06
5.8223869914655e-06 5.306759388959412e-06
5.8223869914655e-06 5.306759388959412e-06
5.8223869914655e-06 5.306759388959412e-06
5.8223869914655e-06 5.306759388959412e-06
5.8223869914655e-06 5.306759388959412e-06
5.8223869914655e-06 5.306759388959412e-06
5.8223869914655e-06 5.306759388959412e-06
5.8223869914655e-06 5.306759388959412e-06
5.8223869914655e-06 5.306759388959412e-06
5.8223869914655e-06 5.306759388959412e-06
5.8223869914655e-06 5.306759388959412e-06
5.8223869914655e-06 5.306759388959412e-06
5.8223869914655e-06 5.306759388959412e-06
5.8223869914655e-06 5.306759388959412e-06
5.8223869914655e-06 5.306759388959412e-06
5.8223869914655e-06 5.306759388959412e-06
5.8223869914655e-06 5.306759388959412e-06
5.8223869914655e-06 5.306759388959412e-06
5.8223869914655e-06 5.306759388959412e-06
5.8223869914655e-06 5.306759388959412e-06
5.8223869914655e-06 5.306759388959412e-06
5.8223869914655e-06 5.306759388959412e-06
5.8223869914655e-06 5.306759388959412e-06
5.8223869914655e-06 5.306759388959412e-06
5.8223869914655e-06 5.306759388959412e-06
5.8223869914655e-06 5.306759388959412e-06
5.8223869914655e-06 5.306759388959412e-06
5.8223869914655e-06 5.306759388959412e-06
5.8223869914655e-06 5.306759388959412e-06
5.8223869914655e-06 5.306759388959412e-06
5.8223869914655e-06 5.306759388959412e-06
5.8223869914655e-06 5.306759388959412e-06
5.8223869914655e-06 5.306759388959412e-06
2.8192287717771927e-05 5.310607533501833e-06
2.8192287717771927e-05 5.310607533501833e-06
5.099373674446706e-06 5.306783773843946e-06
5.099373674446706e-06 5.306783773843946e-06
5.099373674446706e-06 5.306783773843946e-06
5.099373674446706e-06 5.306783773843946e-06
5.099373674446706e-06 5.306783773843946e-06
5.099373674446706e-06 5.306783773843946e-06
5.099373674446706e-06 5.306783773843946e-06
5.099373674446706e-06 5.306783773843946e-06
5.099373674446706e-06 5.306783773843946e-06
5.099373674446706e-06 5.306783773843946e-06
5.099373674446706e-06 5.306783773843946e-06
5.099373674446706e-06 5.306783773843946e-06
5.099373674446706e-06 5.306783773843946e-06
5.099373674446706e-06 5.306783773843946e-06
5.099373674446706e-06 5.306783773843946e-06
5.099373674446706e-06 5.306783773843946e-06
5.099373674446706e-06 5.306783773843946e-06
5.099373674446706e-06 5.306783773843946e-06
5.099373674446706e-06 5.306783773843946e-06
5.099373674446706e-06 5.306783773843946e-06
5.099373674446706e-06 5.306783773843946e-06
5.099373674446706e-06 5.306783773843946e-06
5.099373674446706e-06 5.306783773843946e-06
5.099373674446706e-06 5.306783773843946e-06
5.099373674446706e-06 5.306783773843946e-06
5.099373674446706e-06 5.306783773843946e-06
5.099373674446706e-06 5.306783773843946e-06
5.099373674446706e-06 5.306783773843946e-06
5.099373674446706e-06 5.306783773843946e-06
5.099373674446706e-06 5.306783773843946e-06
5.099373674446706e-06 5.306783773843946e-06
5.099373674446706e-06 5.306783773843946e-06
5.099373674446706e-06 5.306783773843946e-06
5.099373674446706e-06 5.306783773843946e-06
5.099373674446706e-06 5.306783773843946e-06
5.099373674446706e-06 5.306783773843946e-06
5.099373674446706e-06 5.306783773843946e-06
5.099373674446706e-06 5.306783773843946e-06
5.099373674446706e-06 5.306783773843946e-06
5.099373674446706e-06 5.306783773843946e-06
5.099373674446706e-06 5.306783773843946e-06
5.099373674446706e-06 5.306783773843946e-06
5.099373674446706e-06 5.306783773843946e-06
5.099373674446706e-06 5.306783773843946e-06
8.991540043064055e-07 5.306989617017428e-06
1.788703149409762e-05 5.310018869386188e-06
1.788703149409762e-05 5.310018869386188e-06
7.677755719210712e-06 5.3203154503702445e-06
7.677755719210712e-06 5.3203154503702445e-06
4.4547584400369736e-05 5.316709926530849e-06
4.4547584400369736e-05 5.316709926530849e-06
4.4547584400369736e-05 5.316709926530849e-06
4.4547584400369736e-05 5.316709926530849e-06
4.4547584400369736e-05 5.316709926530849e-06
4.4547584400369736e-05 5.316709926530849e-06
1.3054081542781056e-05 5.306629508936549e-06
1.3054081542781056e-05 5.306629508936549e-06
3.4891291710983878e-06 5.30675663487461e-06
3.4891291710983878e-06 5.30675663487461e-06
3.4891291710983878e-06 5.30675663487461e-06
3.4891291710983878e-06 5.30675663487461e-06
3.4891291710983878e-06 5.30675663487461e-06
3.4891291710983878e-06 5.30675663487461e-06
3.4891291710983878e-06 5.30675663487461e-06
3.4891291710983878e-06 5.30675663487461e-06
3.4891291710983878e-06 5.30675663487461e-06
3.4891291710983878e-06 5.30675663487461e-06
3.4891291710983878e-06 5.30675663487461e-06
3.4891291710983878e-06 5.30675663487461e-06
3.4891291710983878e-06 5.30675663487461e-06
3.4891291710983878e-06 5.30675663487461e-06
3.4891291710983878e-06 5.30675663487461e-06
3.4891291710983878e-06 5.30675663487461e-06
3.4891291710983878e-06 5.30675663487461e-06
3.4891291710983878e-06 5.30675663487461e-06
3.4891291710983878e-06 5.30675663487461e-06
3.4891291710983878e-06 5.30675663487461e-06
3.4891291710983878e-06 5.30675663487461e-06
3.4891291710983878e-06 5.30675663487461e-06
3.4891291710983878e-06 5.30675663487461e-06
3.4891291710983878e-06 5.30675663487461e-06
3.4891291710983878e-06 5.30675663487461e-06
3.4891291710983878e-06 5.30675663487461e-06
3.4891291710983878e-06 5.30675663487461e-06
3.4891291710983878e-06 5.30675663487461e-06
3.4891291710983878e-06 5.30675663487461e-06
3.4891291710983878e-06 5.30675663487461e-06
3.4891291710983878e-06 5.30675663487461e-06
3.4891291710983878e-06 5.30675663487461e-06
3.4891291710983878e-06 5.30675663487461e-06
3.4891291710983878e-06 5.30675663487461e-06
3.4891291710983878e-06 5.30675663487461e-06
3.4891291710983878e-06 5.30675663487461e-06
3.4891291710983878e-06 5.30675663487461e-06
3.4891291710983878e-06 5.30675663487461e-06
3.4891291710983878e-06 5.30675663487461e-06
3.4891291710983878e-06 5.30675663487461e-06
3.4891291710983878e-06 5.30675663487461e-06
3.4891291710983878e-06 5.30675663487461e-06
3.4891291710983878e-06 5.30675663487461e-06
3.4891291710983878e-06 5.30675663487461e-06
5.0353752561061655e-06 5.306588565484358e-06
5.0353752561061655e-06 5.306588565484358e-06
5.0353752561061655e-06 5.306588565484358e-06
5.0353752561061655e-06 5.306588565484358e-06
5.0353752561061655e-06 5.306588565484358e-06
5.0353752561061655e-06 5.306588565484358e-06
5.0353752561061655e-06 5.306588565484358e-06
5.0353752561061655e-06 5.306588565484358e-06
5.0353752561061655e-06 5.306588565484358e-06
5.0353752561061655e-06 5.306588565484358e-06
5.0353752561061655e-06 5.306588565484358e-06
5.0353752561061655e-06 5.306588565484358e-06
5.0353752561061655e-06 5.306588565484358e-06
5.0353752561061655e-06 5.306588565484358e-06
5.0353752561061655e-06 5.306588565484358e-06
5.0353752561061655e-06 5.306588565484358e-06
5.0353752561061655e-06 5.306588565484358e-06
5.0353752561061655e-06 5.306588565484358e-06
5.0353752561061655e-06 5.306588565484358e-06
5.0353752561061655e-06 5.306588565484358e-06
5.0353752561061655e-06 5.306588565484358e-06
5.0353752561061655e-06 5.306588565484358e-06
5.0353752561061655e-06 5.306588565484358e-06
5.0353752561061655e-06 5.306588565484358e-06
5.0353752561061655e-06 5.306588565484358e-06
5.0353752561061655e-06 5.306588565484358e-06
5.0353752561061655e-06 5.306588565484358e-06
5.0353752561061655e-06 5.306588565484358e-06
5.0353752561061655e-06 5.306588565484358e-06
5.0353752561061655e-06 5.306588565484358e-06
5.0353752561061655e-06 5.306588565484358e-06
5.0353752561061655e-06 5.306588565484358e-06
5.0353752561061655e-06 5.306588565484358e-06
5.0353752561061655e-06 5.306588565484358e-06
5.0353752561061655e-06 5.306588565484358e-06
5.0353752561061655e-06 5.306588565484358e-06
5.0353752561061655e-06 5.306588565484358e-06
5.0353752561061655e-06 5.306588565484358e-06
5.0353752561061655e-06 5.306588565484358e-06
5.0353752561061655e-06 5.306588565484358e-06
5.0353752561061655e-06 5.306588565484358e-06
5.0353752561061655e-06 5.306588565484358e-06
5.0353752561061655e-06 5.306588565484358e-06
5.0353752561061655e-06 5.306588565484358e-06
8.973900011312153e-06 5.306567496041023e-06
1.6173371549116125e-06 5.281138441002543e-06
1.6173371549116125e-06 5.281138441002543e-06
3.4891291710983878e-06 5.30675663487461e-06
3.4891291710983878e-06 5.30675663487461e-06
3.4891291710983878e-06 5.30675663487461e-06
3.4891291710983878e-06 5.30675663487461e-06
3.4891291710983878e-06 5.30675663487461e-06
3.4891291710983878e-06 5.30675663487461e-06
3.4891291710983878e-06 5.30675663487461e-06
3.4891291710983878e-06 5.30675663487461e-06
3.4891291710983878e-06 5.30675663487461e-06
3.4891291710983878e-06 5.30675663487461e-06
3.4891291710983878e-06 5.30675663487461e-06
3.4891291710983878e-06 5.30675663487461e-06
3.4891291710983878e-06 5.30675663487461e-06
3.4891291710983878e-06 5.30675663487461e-06
3.4891291710983878e-06 5.30675663487461e-06
3.4891291710983878e-06 5.30675663487461e-06
3.4891291710983878e-06 5.30675663487461e-06
3.4891291710983878e-06 5.30675663487461e-06
3.4891291710983878e-06 5.30675663487461e-06
3.4891291710983878e-06 5.30675663487461e-06
3.4891291710983878e-06 5.30675663487461e-06
3.4891291710983878e-06 5.30675663487461e-06
3.4891291710983878e-06 5.30675663487461e-06
3.4891291710983878e-06 5.30675663487461e-06
3.4891291710983878e-06 5.30675663487461e-06
3.4891291710983878e-06 5.30675663487461e-06
3.4891291710983878e-06 5.30675663487461e-06
3.4891291710983878e-06 5.30675663487461e-06
3.4891291710983878e-06 5.30675663487461e-06
3.4891291710983878e-06 5.30675663487461e-06
3.4891291710983878e-06 5.30675663487461e-06
3.4891291710983878e-06 5.30675663487461e-06
3.4891291710983878e-06 5.30675663487461e-06
3.4891291710983878e-06 5.30675663487461e-06
3.4891291710983878e-06 5.30675663487461e-06
3.4891291710983878e-06 5.30675663487461e-06
3.4891291710983878e-06 5.30675663487461e-06
3.4891291710983878e-06 5.30675663487461e-06
3.4891291710983878e-06 5.30675663487461e-06
3.4891291710983878e-06 5.30675663487461e-06
3.4891291710983878e-06 5.30675663487461e-06
3.4891291710983878e-06 5.30675663487461e-06
3.4891291710983878e-06 5.30675663487461e-06
3.4891291710983878e-06 5.30675663487461e-06
3.4891291710983878e-06 5.30675663487461e-06
3.4891291710983878e-06 5.30675663487461e-06
3.4891291710983878e-06 5.30675663487461e-06
3.4891291710983878e-06 5.30675663487461e-06
3.4891291710983878e-06 5.30675663487461e-06
3.4891291710983878e-06 5.30675663487461e-06
3.4891291710983878e-06 5.30675663487461e-06
3.4891291710983878e-06 5.30675663487461e-06
3.4891291710983878e-06 5.30675663487461e-06
3.4891291710983878e-06 5.30675663487461e-06
3.4891291710983878e-06 5.30675663487461e-06
3.4891291710983878e-06 5.30675663487461e-06
3.4891291710983878e-06 5.30675663487461e-06
3.4891291710983878e-06 5.30675663487461e-06
3.4891291710983878e-06 5.30675663487461e-06
3.4891291710983878e-06 5.30675663487461e-06
3.4891291710983878e-06 5.30675663487461e-06
3.4891291710983878e-06 5.30675663487461e-06
3.4891291710983878e-06 5.30675663487461e-06
3.4891291710983878e-06 5.30675663487461e-06
3.4891291710983878e-06 5.30675663487461e-06
3.4891291710983878e-06 5.30675663487461e-06
3.4891291710983878e-06 5.30675663487461e-06
3.4891291710983878e-06 5.30675663487461e-06
3.4891291710983878e-06 5.30675663487461e-06
3.4891291710983878e-06 5.30675663487461e-06
3.4891291710983878e-06 5.30675663487461e-06
3.4891291710983878e-06 5.30675663487461e-06
3.4891291710983878e-06 5.30675663487461e-06
3.4891291710983878e-06 5.30675663487461e-06
3.4891291710983878e-06 5.30675663487461e-06
3.4891291710983878e-06 5.30675663487461e-06
3.4891291710983878e-06 5.30675663487461e-06
3.4891291710983878e-06 5.30675663487461e-06
3.4891291710983878e-06 5.30675663487461e-06
3.4891291710983878e-06 5.30675663487461e-06
3.4891291710983878e-06 5.30675663487461e-06
3.4891291710983878e-06 5.30675663487461e-06
3.4891291710983878e-06 5.30675663487461e-06
3.4891291710983878e-06 5.30675663487461e-06
3.4891291710983878e-06 5.30675663487461e-06
3.4891291710983878e-06 5.30675663487461e-06
3.4891291710983878e-06 5.30675663487461e-06
3.4891291710983878e-06 5.30675663487461e-06
6.942993924528092e-06 5.309523072090049e-06
1.8975878641568424e-06 5.292404190945381e-06
1.8975878641568424e-06 5.292404190945381e-06
1.8975878641568424e-06 5.292404190945381e-06
1.8975878641568424e-06 5.292404190945381e-06
1.8975878641568424e-06 5.292404190945381e-06
1.8975878641568424e-06 5.292404190945381e-06
7.817658367896163e-06 5.306523946093334e-06
7.817658367896163e-06 5.306523946093334e-06
3.518848135498765e-05 5.30636502566648e-06
3.518848135498765e-05 5.30636502566648e-06
3.518848135498765e-05 5.30636502566648e-06
3.518848135498765e-05 5.30636502566648e-06
1.362971575696987e-05 5.308324266166998e-06
1.362971575696987e-05 5.308324266166998e-06
1.362971575696987e-05 5.308324266166998e-06
2.6481287749507814e-05 5.305483034920319e-06
2.6481287749507814e-05 5.305483034920319e-06
2.6481287749507814e-05 5.305483034920319e-06
2.6481287749507814e-05 5.305483034920319e-06
4.436774009729239e-06 5.30679869286776e-06
5.027702223091783e-06 5.307029172468119e-06
5.027702223091783e-06 5.307029172468119e-06
9.399495762565173e-06 5.306639469454086e-06
9.399495762565173e-06 5.306639469454086e-06
9.399495762565173e-06 5.306639469454086e-06
9.399495762565173e-06 5.306639469454086e-06
3.817832371556469e-05 5.307186557561911e-06
3.817832371556469e-05 5.307186557561911e-06
3.817832371556469e-05 5.307186557561911e-06
3.817832371556469e-05 5.307186557561911e-06
3.6215004293906435e-05 5.306926879025126e-06
3.6215004293906435e-05 5.306926879025126e-06
7.074943948893676e-06 5.3076557792824616e-06
2.1966379241616104e-05 5.304668582071463e-06
2.1966379241616104e-05 5.304668582071463e-06
2.1966379241616104e-05 5.304668582071463e-06
2.1966379241616104e-05 5.304668582071463e-06
2.0420652881908205e-05 5.307033249579549e-06
2.0420652881908205e-05 5.307033249579549e-06
1.3982665852307723e-05 5.306770430434866e-06
1.3982665852307723e-05 5.306770430434866e-06
1.3982665852307723e-05 5.306770430434866e-06
1.3982665852307723e-05 5.306770430434866e-06
1.3982665852307723e-05 5.306770430434866e-06
1.3982665852307723e-05 5.306770430434866e-06
1.3982665852307723e-05 5.306770430434866e-06
1.3982665852307723e-05 5.306770430434866e-06
1.3982665852307723e-05 5.306770430434866e-06
1.3982665852307723e-05 5.306770430434866e-06
1.3982665852307723e-05 5.306770430434866e-06
1.3982665852307723e-05 5.306770430434866e-06
1.3982665852307723e-05 5.306770430434866e-06
1.3982665852307723e-05 5.306770430434866e-06
1.3982665852307723e-05 5.306770430434866e-06
1.3982665852307723e-05 5.306770430434866e-06
1.3982665852307723e-05 5.306770430434866e-06
1.3982665852307723e-05 5.306770430434866e-06
1.3982665852307723e-05 5.306770430434866e-06
1.3982665852307723e-05 5.306770430434866e-06
1.3982665852307723e-05 5.306770430434866e-06
1.3982665852307723e-05 5.306770430434866e-06
1.3982665852307723e-05 5.306770430434866e-06
1.3982665852307723e-05 5.306770430434866e-06
1.3982665852307723e-05 5.306770430434866e-06
1.3982665852307723e-05 5.306770430434866e-06
1.3982665852307723e-05 5.306770430434866e-06
1.3982665852307723e-05 5.306770430434866e-06
1.3982665852307723e-05 5.306770430434866e-06
1.3982665852307723e-05 5.306770430434866e-06
1.3982665852307723e-05 5.306770430434866e-06
1.3982665852307723e-05 5.306770430434866e-06
1.3982665852307723e-05 5.306770430434866e-06
1.3982665852307723e-05 5.306770430434866e-06
1.3982665852307723e-05 5.306770430434866e-06
1.3982665852307723e-05 5.306770430434866e-06
1.3982665852307723e-05 5.306770430434866e-06
1.3982665852307723e-05 5.306770430434866e-06
1.3982665852307723e-05 5.306770430434866e-06
1.3982665852307723e-05 5.306770430434866e-06
1.3982665852307723e-05 5.306770430434866e-06
1.3982665852307723e-05 5.306770430434866e-06
1.3982665852307723e-05 5.306770430434866e-06
1.3982665852307723e-05 5.306770430434866e-06
7.465227632716891e-07 5.3036425018098815e-06
7.092255963675258e-07 5.306574466204543e-06
7.092255963675258e-07 5.306574466204543e-06
7.234121215006739e-06 5.307860193856979e-06
5.9836864045522166e-06 5.312600072414558e-06
5.9836864045522166e-06 5.312600072414558e-06
5.9836864045522166e-06 5.312600072414558e-06
5.9836864045522166e-06 5.312600072414558e-06
1.3790594986601575e-05 5.310229224964429e-06
1.3790594986601575e-05 5.310229224964429e-06
6.499536820642163e-06 5.305036031547253e-06
6.499536820642163e-06 5.305036031547253e-06
7.401555431458148e-07 5.307625034919005e-06
7.401555431458148e-07 5.307625034919005e-06
2.4143281302409883e-05 5.302345917085064e-06
2.4143281302409883e-05 5.302345917085064e-06
5.585243498705446e-06 5.307285208978247e-06
5.585243498705446e-06 5.307285208978247e-06
9.115514408836182e-06 5.3068309137964434e-06
9.115514408836182e-06 5.3068309137964434e-06
1.002214717664618e-05 5.304828208363428e-06
8.126537836764337e-06 5.306791935884327e-06
5.9836864045522166e-06 5.312600072414558e-06
5.9836864045522166e-06 5.312600072414558e-06
7.224909766379433e-06 5.2996944582557034e-06
7.224909766379433e-06 5.2996944582557034e-06
7.224909766379433e-06 5.2996944582557034e-06
7.224909766379433e-06 5.2996944582557034e-06
9.763705406006339e-06 5.305697111945037e-06
5.0340939856935e-06 5.306724690776778e-06
5.0340939856935e-06 5.306724690776778e-06
5.0340939856935e-06 5.306724690776778e-06
5.0340939856935e-06 5.306724690776778e-06
5.0340939856935e-06 5.306724690776778e-06
5.0340939856935e-06 5.306724690776778e-06
5.0340939856935e-06 5.306724690776778e-06
5.0340939856935e-06 5.306724690776778e-06
5.0340939856935e-06 5.306724690776778e-06
5.0340939856935e-06 5.306724690776778e-06
5.0340939856935e-06 5.306724690776778e-06
5.0340939856935e-06 5.306724690776778e-06
5.0340939856935e-06 5.306724690776778e-06
5.0340939856935e-06 5.306724690776778e-06
5.0340939856935e-06 5.306724690776778e-06
5.0340939856935e-06 5.306724690776778e-06
5.0340939856935e-06 5.306724690776778e-06
5.0340939856935e-06 5.306724690776778e-06
5.0340939856935e-06 5.306724690776778e-06
5.0340939856935e-06 5.306724690776778e-06
5.0340939856935e-06 5.306724690776778e-06
5.0340939856935e-06 5.306724690776778e-06
5.0340939856935e-06 5.306724690776778e-06
5.0340939856935e-06 5.306724690776778e-06
5.0340939856935e-06 5.306724690776778e-06
5.0340939856935e-06 5.306724690776778e-06
5.0340939856935e-06 5.306724690776778e-06
5.0340939856935e-06 5.306724690776778e-06
5.0340939856935e-06 5.306724690776778e-06
5.0340939856935e-06 5.306724690776778e-06
5.0340939856935e-06 5.306724690776778e-06
5.0340939856935e-06 5.306724690776778e-06
5.0340939856935e-06 5.306724690776778e-06
5.0340939856935e-06 5.306724690776778e-06
5.0340939856935e-06 5.306724690776778e-06
5.0340939856935e-06 5.306724690776778e-06
5.0340939856935e-06 5.306724690776778e-06
5.0340939856935e-06 5.306724690776778e-06
5.0340939856935e-06 5.306724690776778e-06
5.0340939856935e-06 5.306724690776778e-06
5.0340939856935e-06 5.306724690776778e-06
5.0340939856935e-06 5.306724690776778e-06
5.0340939856935e-06 5.306724690776778e-06
5.0340939856935e-06 5.306724690776778e-06
1.4234169458866713e-05 5.306726201518158e-06
1.4234169458866713e-05 5.306726201518158e-06
1.4234169458866713e-05 5.306726201518158e-06
1.4234169458866713e-05 5.306726201518158e-06
1.4234169458866713e-05 5.306726201518158e-06
1.4234169458866713e-05 5.306726201518158e-06
1.4234169458866713e-05 5.306726201518158e-06
1.4234169458866713e-05 5.306726201518158e-06
1.4234169458866713e-05 5.306726201518158e-06
1.4234169458866713e-05 5.306726201518158e-06
1.4234169458866713e-05 5.306726201518158e-06
1.4234169458866713e-05 5.306726201518158e-06
1.4234169458866713e-05 5.306726201518158e-06
1.4234169458866713e-05 5.306726201518158e-06
1.4234169458866713e-05 5.306726201518158e-06
1.4234169458866713e-05 5.306726201518158e-06
1.4234169458866713e-05 5.306726201518158e-06
1.4234169458866713e-05 5.306726201518158e-06
1.4234169458866713e-05 5.306726201518158e-06
1.4234169458866713e-05 5.306726201518158e-06
1.4234169458866713e-05 5.306726201518158e-06
1.4234169458866713e-05 5.306726201518158e-06
1.4234169458866713e-05 5.306726201518158e-06
1.4234169458866713e-05 5.306726201518158e-06
1.4234169458866713e-05 5.306726201518158e-06
1.4234169458866713e-05 5.306726201518158e-06
1.4234169458866713e-05 5.306726201518158e-06
1.4234169458866713e-05 5.306726201518158e-06
1.4234169458866713e-05 5.306726201518158e-06
1.4234169458866713e-05 5.306726201518158e-06
1.4234169458866713e-05 5.306726201518158e-06
1.4234169458866713e-05 5.306726201518158e-06
1.4234169458866713e-05 5.306726201518158e-06
1.4234169458866713e-05 5.306726201518158e-06
1.4234169458866713e-05 5.306726201518158e-06
1.4234169458866713e-05 5.306726201518158e-06
1.4234169458866713e-05 5.306726201518158e-06
1.4234169458866713e-05 5.306726201518158e-06
1.4234169458866713e-05 5.306726201518158e-06
1.4234169458866713e-05 5.306726201518158e-06
1.4234169458866713e-05 5.306726201518158e-06
1.4234169458866713e-05 5.306726201518158e-06
1.4234169458866713e-05 5.306726201518158e-06
1.4234169458866713e-05 5.306726201518158e-06
8.108449351729475e-06 5.310096250269803e-06
8.108449351729475e-06 5.310096250269803e-06
9.535028416891632e-06 5.306812851351366e-06
1.132196656073793e-05 5.307575140205434e-06
1.132196656073793e-05 5.307575140205434e-06
3.605202309787087e-05 5.306762740352854e-06
3.605202309787087e-05 5.306762740352854e-06
7.835222880906775e-08 5.305175858737284e-06
4.991209094698789e-06 5.306052479056791e-06
8.933196161579158e-06 5.307441744051945e-06
8.933196161579158e-06 5.307441744051945e-06
5.326239500985474e-06 5.306792449923007e-06
5.326239500985474e-06 5.306792449923007e-06
5.326239500985474e-06 5.306792449923007e-06
5.326239500985474e-06 5.306792449923007e-06
5.326239500985474e-06 5.306792449923007e-06
5.326239500985474e-06 5.306792449923007e-06
5.326239500985474e-06 5.306792449923007e-06
5.326239500985474e-06 5.306792449923007e-06
5.326239500985474e-06 5.306792449923007e-06
5.326239500985474e-06 5.306792449923007e-06
5.326239500985474e-06 5.306792449923007e-06
5.326239500985474e-06 5.306792449923007e-06
5.326239500985474e-06 5.306792449923007e-06
5.326239500985474e-06 5.306792449923007e-06
5.326239500985474e-06 5.306792449923007e-06
5.326239500985474e-06 5.306792449923007e-06
5.326239500985474e-06 5.306792449923007e-06
5.326239500985474e-06 5.306792449923007e-06
5.326239500985474e-06 5.306792449923007e-06
5.326239500985474e-06 5.306792449923007e-06
5.326239500985474e-06 5.306792449923007e-06
5.326239500985474e-06 5.306792449923007e-06
5.326239500985474e-06 5.306792449923007e-06
5.326239500985474e-06 5.306792449923007e-06
5.326239500985474e-06 5.306792449923007e-06
5.326239500985474e-06 5.306792449923007e-06
5.326239500985474e-06 5.306792449923007e-06
5.326239500985474e-06 5.306792449923007e-06
5.326239500985474e-06 5.306792449923007e-06
5.326239500985474e-06 5.306792449923007e-06
5.326239500985474e-06 5.306792449923007e-06
5.326239500985474e-06 5.306792449923007e-06
5.326239500985474e-06 5.306792449923007e-06
5.326239500985474e-06 5.306792449923007e-06
5.326239500985474e-06 5.306792449923007e-06
5.326239500985474e-06 5.306792449923007e-06
5.326239500985474e-06 5.306792449923007e-06
5.326239500985474e-06 5.306792449923007e-06
5.326239500985474e-06 5.306792449923007e-06
5.326239500985474e-06 5.306792449923007e-06
5.326239500985474e-06 5.306792449923007e-06
5.326239500985474e-06 5.306792449923007e-06
5.326239500985474e-06 5.306792449923007e-06
5.326239500985474e-06 5.306792449923007e-06
5.326239500985474e-06 5.306792449923007e-06
5.326239500985474e-06 5.306792449923007e-06
5.326239500985474e-06 5.306792449923007e-06
5.326239500985474e-06 5.306792449923007e-06
5.326239500985474e-06 5.306792449923007e-06
5.326239500985474e-06 5.306792449923007e-06
5.326239500985474e-06 5.306792449923007e-06
5.326239500985474e-06 5.306792449923007e-06
5.326239500985474e-06 5.306792449923007e-06
5.326239500985474e-06 5.306792449923007e-06
5.326239500985474e-06 5.306792449923007e-06
5.326239500985474e-06 5.306792449923007e-06
5.326239500985474e-06 5.306792449923007e-06
5.326239500985474e-06 5.306792449923007e-06
5.326239500985474e-06 5.306792449923007e-06
5.326239500985474e-06 5.306792449923007e-06
5.326239500985474e-06 5.306792449923007e-06
5.326239500985474e-06 5.306792449923007e-06
5.326239500985474e-06 5.306792449923007e-06
5.326239500985474e-06 5.306792449923007e-06
5.326239500985474e-06 5.306792449923007e-06
5.326239500985474e-06 5.306792449923007e-06
5.326239500985474e-06 5.306792449923007e-06
5.326239500985474e-06 5.306792449923007e-06
5.326239500985474e-06 5.306792449923007e-06
5.326239500985474e-06 5.306792449923007e-06
5.326239500985474e-06 5.306792449923007e-06
5.326239500985474e-06 5.306792449923007e-06
5.326239500985474e-06 5.306792449923007e-06
5.326239500985474e-06 5.306792449923007e-06
5.326239500985474e-06 5.306792449923007e-06
5.326239500985474e-06 5.306792449923007e-06
5.326239500985474e-06 5.306792449923007e-06
5.326239500985474e-06 5.306792449923007e-06
5.326239500985474e-06 5.306792449923007e-06
5.326239500985474e-06 5.306792449923007e-06
5.326239500985474e-06 5.306792449923007e-06
5.326239500985474e-06 5.306792449923007e-06
5.326239500985474e-06 5.306792449923007e-06
5.326239500985474e-06 5.306792449923007e-06
5.326239500985474e-06 5.306792449923007e-06
5.326239500985474e-06 5.306792449923007e-06
5.326239500985474e-06 5.306792449923007e-06
5.326239500985474e-06 5.306792449923007e-06
2.2575263877212893e-06 5.306904948009993e-06
2.2575263877212893e-06 5.306904948009993e-06
2.2575263877212893e-06 5.306904948009993e-06
2.2575263877212893e-06 5.306904948009993e-06
2.2575263877212893e-06 5.306904948009993e-06
2.2575263877212893e-06 5.306904948009993e-06
2.2575263877212893e-06 5.306904948009993e-06
2.2575263877212893e-06 5.306904948009993e-06
2.2575263877212893e-06 5.306904948009993e-06
2.2575263877212893e-06 5.306904948009993e-06
2.2575263877212893e-06 5.306904948009993e-06
2.2575263877212893e-06 5.306904948009993e-06
2.2575263877212893e-06 5.306904948009993e-06
2.2575263877212893e-06 5.306904948009993e-06
2.2575263877212893e-06 5.306904948009993e-06
2.2575263877212893e-06 5.306904948009993e-06
2.2575263877212893e-06 5.306904948009993e-06
2.2575263877212893e-06 5.306904948009993e-06
2.2575263877212893e-06 5.306904948009993e-06
2.2575263877212893e-06 5.306904948009993e-06
2.2575263877212893e-06 5.306904948009993e-06
2.2575263877212893e-06 5.306904948009993e-06
2.2575263877212893e-06 5.306904948009993e-06
2.2575263877212893e-06 5.306904948009993e-06
2.2575263877212893e-06 5.306904948009993e-06
2.2575263877212893e-06 5.306904948009993e-06
2.2575263877212893e-06 5.306904948009993e-06
2.2575263877212893e-06 5.306904948009993e-06
2.2575263877212893e-06 5.306904948009993e-06
2.2575263877212893e-06 5.306904948009993e-06
2.2575263877212893e-06 5.306904948009993e-06
2.2575263877212893e-06 5.306904948009993e-06
2.2575263877212893e-06 5.306904948009993e-06
2.2575263877212893e-06 5.306904948009993e-06
2.2575263877212893e-06 5.306904948009993e-06
2.2575263877212893e-06 5.306904948009993e-06
2.2575263877212893e-06 5.306904948009993e-06
2.2575263877212893e-06 5.306904948009993e-06
2.2575263877212893e-06 5.306904948009993e-06
2.2575263877212893e-06 5.306904948009993e-06
2.2575263877212893e-06 5.306904948009993e-06
2.2575263877212893e-06 5.306904948009993e-06
2.2575263877212893e-06 5.306904948009993e-06
2.2575263877212893e-06 5.306904948009993e-06
9.840717361528905e-07 5.302796035198167e-06
9.840717361528905e-07 5.302796035198167e-06
8.510765206778533e-06 5.3067221575359535e-06
8.510765206778533e-06 5.3067221575359535e-06
8.845052697105693e-06 5.3065761906561595e-06
8.845052697105693e-06 5.3065761906561595e-06
7.253327329027889e-07 5.306720103179766e-06
4.530990929299117e-06 5.3059558086317395e-06
4.530990929299117e-06 5.3059558086317395e-06
1.2298431762131607e-05 5.306900259366989e-06
1.2298431762131607e-05 5.306900259366989e-06
1.2298431762131607e-05 5.306900259366989e-06
1.2298431762131607e-05 5.306900259366989e-06
4.752400095341655e-07 5.3071159364319315e-06
7.39747355403461e-06 5.306430776365597e-06
7.316816082896057e-06 5.30636502566648e-06
7.316816082896057e-06 5.30636502566648e-06
2.932194606199948e-06 5.307841023310481e-06
4.144327240818873e-06 5.306795814574153e-06
4.144327240818873e-06 5.306795814574153e-06
4.144327240818873e-06 5.306795814574153e-06
4.144327240818873e-06 5.306795814574153e-06
4.144327240818873e-06 5.306795814574153e-06
4.144327240818873e-06 5.306795814574153e-06
4.144327240818873e-06 5.306795814574153e-06
4.144327240818873e-06 5.306795814574153e-06
4.144327240818873e-06 5.306795814574153e-06
4.144327240818873e-06 5.306795814574153e-06
4.144327240818873e-06 5.306795814574153e-06
4.144327240818873e-06 5.306795814574153e-06
4.144327240818873e-06 5.306795814574153e-06
4.144327240818873e-06 5.306795814574153e-06
4.144327240818873e-06 5.306795814574153e-06
4.144327240818873e-06 5.306795814574153e-06
4.144327240818873e-06 5.306795814574153e-06
4.144327240818873e-06 5.306795814574153e-06
4.144327240818873e-06 5.306795814574153e-06
4.144327240818873e-06 5.306795814574153e-06
4.144327240818873e-06 5.306795814574153e-06
4.144327240818873e-06 5.306795814574153e-06
4.144327240818873e-06 5.306795814574153e-06
4.144327240818873e-06 5.306795814574153e-06
4.144327240818873e-06 5.306795814574153e-06
4.144327240818873e-06 5.306795814574153e-06
4.144327240818873e-06 5.306795814574153e-06
4.144327240818873e-06 5.306795814574153e-06
4.144327240818873e-06 5.306795814574153e-06
4.144327240818873e-06 5.306795814574153e-06
4.144327240818873e-06 5.306795814574153e-06
4.144327240818873e-06 5.306795814574153e-06
4.144327240818873e-06 5.306795814574153e-06
4.144327240818873e-06 5.306795814574153e-06
4.144327240818873e-06 5.306795814574153e-06
4.144327240818873e-06 5.306795814574153e-06
4.144327240818873e-06 5.306795814574153e-06
4.144327240818873e-06 5.306795814574153e-06
4.144327240818873e-06 5.306795814574153e-06
4.144327240818873e-06 5.306795814574153e-06
4.144327240818873e-06 5.306795814574153e-06
4.144327240818873e-06 5.306795814574153e-06
4.144327240818873e-06 5.306795814574153e-06
4.144327240818873e-06 5.306795814574153e-06
4.144327240818873e-06 5.306795814574153e-06
4.144327240818873e-06 5.306795814574153e-06
4.144327240818873e-06 5.306795814574153e-06
4.144327240818873e-06 5.306795814574153e-06
4.144327240818873e-06 5.306795814574153e-06
4.144327240818873e-06 5.306795814574153e-06
4.144327240818873e-06 5.306795814574153e-06
4.144327240818873e-06 5.306795814574153e-06
4.144327240818873e-06 5.306795814574153e-06
4.144327240818873e-06 5.306795814574153e-06
4.144327240818873e-06 5.306795814574153e-06
4.144327240818873e-06 5.306795814574153e-06
4.144327240818873e-06 5.306795814574153e-06
4.144327240818873e-06 5.306795814574153e-06
4.144327240818873e-06 5.306795814574153e-06
4.144327240818873e-06 5.306795814574153e-06
4.144327240818873e-06 5.306795814574153e-06
4.144327240818873e-06 5.306795814574153e-06
4.144327240818873e-06 5.306795814574153e-06
4.144327240818873e-06 5.306795814574153e-06
4.144327240818873e-06 5.306795814574153e-06
4.144327240818873e-06 5.306795814574153e-06
4.144327240818873e-06 5.306795814574153e-06
4.144327240818873e-06 5.306795814574153e-06
4.144327240818873e-06 5.306795814574153e-06
4.144327240818873e-06 5.306795814574153e-06
4.144327240818873e-06 5.306795814574153e-06
4.144327240818873e-06 5.306795814574153e-06
4.144327240818873e-06 5.306795814574153e-06
4.144327240818873e-06 5.306795814574153e-06
4.144327240818873e-06 5.306795814574153e-06
4.144327240818873e-06 5.306795814574153e-06
4.144327240818873e-06 5.306795814574153e-06
4.144327240818873e-06 5.306795814574153e-06
4.144327240818873e-06 5.306795814574153e-06
4.144327240818873e-06 5.306795814574153e-06
4.144327240818873e-06 5.306795814574153e-06
4.144327240818873e-06 5.306795814574153e-06
4.144327240818873e-06 5.306795814574153e-06
4.144327240818873e-06 5.306795814574153e-06
4.144327240818873e-06 5.306795814574153e-06
4.144327240818873e-06 5.306795814574153e-06
4.144327240818873e-06 5.306795814574153e-06
4.144327240818873e-06 5.306795814574153e-06
3.9337358601693967e-07 5.307604081753531e-06
3.9337358601693967e-07 5.307604081753531e-06
4.8844393736919825e-06 5.306825776705356e-06
3.021849459270258e-07 5.292374842551848e-06
3.021849459270258e-07 5.292374842551848e-06
7.631630789669911e-06 5.308253338348728e-06
2.1966379241616104e-05 5.304668582071463e-06
2.1966379241616104e-05 5.304668582071463e-06
1.1682103976252232e-07 5.3073115711951536e-06
1.1682103976252232e-07 5.3073115711951536e-06
4.685126442338551e-06 5.308432681090151e-06
4.685126442338551e-06 5.308432681090151e-06
4.685126442338551e-06 5.308432681090151e-06
4.685126442338551e-06 5.308432681090151e-06
8.612795154098373e-06 5.306634647070654e-06
5.198503643216948e-06 5.307570531595841e-06
1.9159589128834462e-05 5.3068433669612855e-06
2.4216740766105994e-06 5.306545156416891e-06
2.4216740766105994e-06 5.306545156416891e-06
2.4216740766105994e-06 5.306545156416891e-06
2.4216740766105994e-06 5.306545156416891e-06
2.4216740766105994e-06 5.306545156416891e-06
2.4216740766105994e-06 5.306545156416891e-06
2.4216740766105994e-06 5.306545156416891e-06
2.4216740766105994e-06 5.306545156416891e-06
2.4216740766105994e-06 5.306545156416891e-06
2.4216740766105994e-06 5.306545156416891e-06
2.4216740766105994e-06 5.306545156416891e-06
2.4216740766105994e-06 5.306545156416891e-06
2.4216740766105994e-06 5.306545156416891e-06
2.4216740766105994e-06 5.306545156416891e-06
2.4216740766105994e-06 5.306545156416891e-06
2.4216740766105994e-06 5.306545156416891e-06
2.4216740766105994e-06 5.306545156416891e-06
2.4216740766105994e-06 5.306545156416891e-06
2.4216740766105994e-06 5.306545156416891e-06
2.4216740766105994e-06 5.306545156416891e-06
2.4216740766105994e-06 5.306545156416891e-06
2.4216740766105994e-06 5.306545156416891e-06
2.4216740766105994e-06 5.306545156416891e-06
2.4216740766105994e-06 5.306545156416891e-06
2.4216740766105994e-06 5.306545156416891e-06
2.4216740766105994e-06 5.306545156416891e-06
2.4216740766105994e-06 5.306545156416891e-06
2.4216740766105994e-06 5.306545156416891e-06
2.4216740766105994e-06 5.306545156416891e-06
2.4216740766105994e-06 5.306545156416891e-06
2.4216740766105994e-06 5.306545156416891e-06
2.4216740766105994e-06 5.306545156416891e-06
2.4216740766105994e-06 5.306545156416891e-06
2.4216740766105994e-06 5.306545156416891e-06
2.4216740766105994e-06 5.306545156416891e-06
2.4216740766105994e-06 5.306545156416891e-06
2.4216740766105994e-06 5.306545156416891e-06
2.4216740766105994e-06 5.306545156416891e-06
2.4216740766105994e-06 5.306545156416891e-06
2.4216740766105994e-06 5.306545156416891e-06
2.4216740766105994e-06 5.306545156416891e-06
2.4216740766105994e-06 5.306545156416891e-06
2.4216740766105994e-06 5.306545156416891e-06
2.4216740766105994e-06 5.306545156416891e-06
6.354965751032091e-06 5.306754618305434e-06
6.354965751032091e-06 5.306754618305434e-06
6.354965751032091e-06 5.306754618305434e-06
6.354965751032091e-06 5.306754618305434e-06
6.354965751032091e-06 5.306754618305434e-06
6.354965751032091e-06 5.306754618305434e-06
6.354965751032091e-06 5.306754618305434e-06
6.354965751032091e-06 5.306754618305434e-06
6.354965751032091e-06 5.306754618305434e-06
6.354965751032091e-06 5.306754618305434e-06
6.354965751032091e-06 5.306754618305434e-06
6.354965751032091e-06 5.306754618305434e-06
6.354965751032091e-06 5.306754618305434e-06
6.354965751032091e-06 5.306754618305434e-06
6.354965751032091e-06 5.306754618305434e-06
6.354965751032091e-06 5.306754618305434e-06
6.354965751032091e-06 5.306754618305434e-06
6.354965751032091e-06 5.306754618305434e-06
6.354965751032091e-06 5.306754618305434e-06
6.354965751032091e-06 5.306754618305434e-06
6.354965751032091e-06 5.306754618305434e-06
6.354965751032091e-06 5.306754618305434e-06
6.354965751032091e-06 5.306754618305434e-06
6.354965751032091e-06 5.306754618305434e-06
6.354965751032091e-06 5.306754618305434e-06
6.354965751032091e-06 5.306754618305434e-06
6.354965751032091e-06 5.306754618305434e-06
6.354965751032091e-06 5.306754618305434e-06
6.354965751032091e-06 5.306754618305434e-06
6.354965751032091e-06 5.306754618305434e-06
6.354965751032091e-06 5.306754618305434e-06
6.354965751032091e-06 5.306754618305434e-06
6.354965751032091e-06 5.306754618305434e-06
6.354965751032091e-06 5.306754618305434e-06
6.354965751032091e-06 5.306754618305434e-06
6.354965751032091e-06 5.306754618305434e-06
6.354965751032091e-06 5.306754618305434e-06
6.354965751032091e-06 5.306754618305434e-06
6.354965751032091e-06 5.306754618305434e-06
6.354965751032091e-06 5.306754618305434e-06
6.354965751032091e-06 5.306754618305434e-06
6.354965751032091e-06 5.306754618305434e-06
6.354965751032091e-06 5.306754618305434e-06
6.354965751032091e-06 5.306754618305434e-06
6.354965751032091e-06 5.306754618305434e-06
6.354965751032091e-06 5.306754618305434e-06
6.354965751032091e-06 5.306754618305434e-06
6.354965751032091e-06 5.306754618305434e-06
6.354965751032091e-06 5.306754618305434e-06
6.354965751032091e-06 5.306754618305434e-06
6.354965751032091e-06 5.306754618305434e-06
6.354965751032091e-06 5.306754618305434e-06
6.354965751032091e-06 5.306754618305434e-06
6.354965751032091e-06 5.306754618305434e-06
6.354965751032091e-06 5.306754618305434e-06
6.354965751032091e-06 5.306754618305434e-06
6.354965751032091e-06 5.306754618305434e-06
6.354965751032091e-06 5.306754618305434e-06
6.354965751032091e-06 5.306754618305434e-06
6.354965751032091e-06 5.306754618305434e-06
6.354965751032091e-06 5.306754618305434e-06
6.354965751032091e-06 5.306754618305434e-06
6.354965751032091e-06 5.306754618305434e-06
6.354965751032091e-06 5.306754618305434e-06
6.354965751032091e-06 5.306754618305434e-06
6.354965751032091e-06 5.306754618305434e-06
6.354965751032091e-06 5.306754618305434e-06
6.354965751032091e-06 5.306754618305434e-06
6.354965751032091e-06 5.306754618305434e-06
6.354965751032091e-06 5.306754618305434e-06
6.354965751032091e-06 5.306754618305434e-06
6.354965751032091e-06 5.306754618305434e-06
6.354965751032091e-06 5.306754618305434e-06
6.354965751032091e-06 5.306754618305434e-06
6.354965751032091e-06 5.306754618305434e-06
6.354965751032091e-06 5.306754618305434e-06
6.354965751032091e-06 5.306754618305434e-06
6.354965751032091e-06 5.306754618305434e-06
6.354965751032091e-06 5.306754618305434e-06
6.354965751032091e-06 5.306754618305434e-06
6.354965751032091e-06 5.306754618305434e-06
6.354965751032091e-06 5.306754618305434e-06
6.354965751032091e-06 5.306754618305434e-06
6.354965751032091e-06 5.306754618305434e-06
6.354965751032091e-06 5.306754618305434e-06
6.354965751032091e-06 5.306754618305434e-06
6.354965751032091e-06 5.306754618305434e-06
6.354965751032091e-06 5.306754618305434e-06
5.5515899383477435e-06 5.3097937921158545e-06
5.5515899383477435e-06 5.3097937921158545e-06
3.9501449571527775e-07 5.3086363526733455e-06
1.3557811624004097e-06 5.3057734089035455e-06
1.3557811624004097e-06 5.3057734089035455e-06
1.3557811624004097e-06 5.3057734089035455e-06
8.861430315723607e-05 5.307938481449597e-06
8.861430315723607e-05 5.307938481449597e-06
7.108836283500391e-06 5.315616105085814e-06
7.108836283500391e-06 5.315616105085814e-06
8.861430315723607e-05 5.307938481449597e-06
4.667631981545467e-06 5.307618326303125e-06
4.667631981545467e-06 5.307618326303125e-06
7.055913796615509e-06 5.30679338694454e-06
7.055913796615509e-06 5.30679338694454e-06
7.055913796615509e-06 5.30679338694454e-06
7.055913796615509e-06 5.30679338694454e-06
7.055913796615509e-06 5.30679338694454e-06
7.055913796615509e-06 5.30679338694454e-06
7.055913796615509e-06 5.30679338694454e-06
7.055913796615509e-06 5.30679338694454e-06
7.055913796615509e-06 5.30679338694454e-06
7.055913796615509e-06 5.30679338694454e-06
7.055913796615509e-06 5.30679338694454e-06
7.055913796615509e-06 5.30679338694454e-06
7.055913796615509e-06 5.30679338694454e-06
7.055913796615509e-06 5.30679338694454e-06
7.055913796615509e-06 5.30679338694454e-06
7.055913796615509e-06 5.30679338694454e-06
7.055913796615509e-06 5.30679338694454e-06
7.055913796615509e-06 5.30679338694454e-06
7.055913796615509e-06 5.30679338694454e-06
7.055913796615509e-06 5.30679338694454e-06
7.055913796615509e-06 5.30679338694454e-06
7.055913796615509e-06 5.30679338694454e-06
7.055913796615509e-06 5.30679338694454e-06
7.055913796615509e-06 5.30679338694454e-06
7.055913796615509e-06 5.30679338694454e-06
7.055913796615509e-06 5.30679338694454e-06
7.055913796615509e-06 5.30679338694454e-06
7.055913796615509e-06 5.30679338694454e-06
7.055913796615509e-06 5.30679338694454e-06
7.055913796615509e-06 5.30679338694454e-06
7.055913796615509e-06 5.30679338694454e-06
7.055913796615509e-06 5.30679338694454e-06
7.055913796615509e-06 5.30679338694454e-06
7.055913796615509e-06 5.30679338694454e-06
7.055913796615509e-06 5.30679338694454e-06
7.055913796615509e-06 5.30679338694454e-06
7.055913796615509e-06 5.30679338694454e-06
7.055913796615509e-06 5.30679338694454e-06
7.055913796615509e-06 5.30679338694454e-06
7.055913796615509e-06 5.30679338694454e-06
7.055913796615509e-06 5.30679338694454e-06
7.055913796615509e-06 5.30679338694454e-06
7.055913796615509e-06 5.30679338694454e-06
7.055913796615509e-06 5.30679338694454e-06