0.20385471278240863 0.2008916380643458
0.20385471278240863 0.2008916380643458
0.08021725191415532 0.07924263568815298
0.3064202466714442 0.3026500207445404
0.3064202466714442 0.3026500207445404
0.3064202466714442 0.3026500207445404
0.3064202466714442 0.3026500207445404
0.3064202466714442 0.3026500207445404
0.3064202466714442 0.3026500207445404
0.14449515332101234 0.14182627390336816
0.042400331912646624 0.040330403952777885
0.4678308754196055 0.46635084675442234
0.7423603515256667 0.7398317806359145
0.4127590238750801 0.4079960773959944
0.4127590238750801 0.4079960773959944
0.3214498547882171 0.3173462075208388
0.3214498547882171 0.3173462075208388
0.21398257458605213 0.2097431448723268
0.21398257458605213 0.2097431448723268
0.21398257458605213 0.2097431448723268
0.21398257458605213 0.2097431448723268
0.21398257458605213 0.2097431448723268
0.21398257458605213 0.2097431448723268
0.21398257458605213 0.2097431448723268
0.21398257458605213 0.2097431448723268
0.21398257458605213 0.2097431448723268
0.5051966959604722 0.5009044619620564
0.5051966959604722 0.5009044619620564
0.5051966959604722 0.5009044619620564
0.1268811526421001 0.12342322634179459
0.1268811526421001 0.12342322634179459
0.1268811526421001 0.12342322634179459
0.1268811526421001 0.12342322634179459
0.05112812582506695 0.04819522498397013
0.05112812582506695 0.04819522498397013
0.11141704069701656 0.10798476219213216
1.5086938483008335e-06 1.5086938483008335e-06
0.06378154113076603 0.06115641383472259
0.06378154113076603 0.06115641383472259
0.06378154113076603 0.06115641383472259
0.13822954776901897 0.13451514351450233
0.13822954776901897 0.13451514351450233
0.13822954776901897 0.13451514351450233
0.13822954776901897 0.13451514351450233
0.13822954776901897 0.13451514351450233
0.13822954776901897 0.13451514351450233
0.13822954776901897 0.13451514351450233
0.23066721985441105 0.22742201938671594
0.5435839022366387 0.5415788481122468
0.5435839022366387 0.5415788481122468