6.335529650278763e-05 0.002398081534772182
6.335529650278763e-05 0.002398081534772182
6.335529650278763e-05 0.002398081534772182
6.335529650278763e-05 0.002398081534772182
6.335529650278763e-05 0.002398081534772182
6.335529650278763e-05 0.002398081534772182
6.335529650278763e-05 0.002398081534772182
6.335529650278763e-05 0.002398081534772182
6.335529650278763e-05 0.002398081534772182
4.6809466746554824e-06 4.7508872281898645e-06
4.6809466746554824e-06 4.7508872281898645e-06
4.6809466746554824e-06 4.7508872281898645e-06
4.6809466746554824e-06 4.7508872281898645e-06
4.6809466746554824e-06 4.7508872281898645e-06
4.6809466746554824e-06 4.7508872281898645e-06
4.6809466746554824e-06 4.7508872281898645e-06
4.6809466746554824e-06 4.7508872281898645e-06
2.6227925921846027e-06 2.6393859732471836e-06
2.6227925921846027e-06 2.6393859732471836e-06
2.6227925921846027e-06 2.6393859732471836e-06
2.6227925921846027e-06 2.6393859732471836e-06
2.6227925921846027e-06 2.6393859732471836e-06
2.6227925921846027e-06 2.6393859732471836e-06
2.6227925921846027e-06 2.6393859732471836e-06
2.6227925921846027e-06 2.6393859732471836e-06
2.6227925921846027e-06 2.6393859732471836e-06
2.6227925921846027e-06 2.6393859732471836e-06
6.116918785669283e-06 7.918157919741551e-06
6.116918785669283e-06 7.918157919741551e-06
6.116918785669283e-06 7.918157919741551e-06
6.116918785669283e-06 7.918157919741551e-06
6.116918785669283e-06 7.918157919741551e-06
3.491644494724125e-06 3.3935000899277522e-06
3.491644494724125e-06 3.3935000899277522e-06
3.491644494724125e-06 3.3935000899277522e-06
3.491644494724125e-06 3.3935000899277522e-06
3.491644494724125e-06 3.3935000899277522e-06
3.491644494724125e-06 3.3935000899277522e-06
1.8141642689462246e-06 2.1595007234327424e-06
1.8141642689462246e-06 2.1595007234327424e-06
1.8141642689462246e-06 2.1595007234327424e-06
1.8141642689462246e-06 2.1595007234327424e-06
1.8141642689462246e-06 2.1595007234327424e-06
1.8141642689462246e-06 2.1595007234327424e-06
1.8141642689462246e-06 2.1595007234327424e-06
4.763742205326816e-06 4.7508872281898645e-06
4.763742205326816e-06 4.7508872281898645e-06
4.763742205326816e-06 4.7508872281898645e-06
4.763742205326816e-06 4.7508872281898645e-06
4.763742205326816e-06 4.7508872281898645e-06
4.763742205326816e-06 4.7508872281898645e-06
4.56056660479498e-06 1.1877189856879861e-05
4.56056660479498e-06 1.1877189856879861e-05
4.56056660479498e-06 1.1877189856879861e-05
4.56056660479498e-06 1.1877189856879861e-05
4.56056660479498e-06 1.1877189856879861e-05
4.56056660479498e-06 1.1877189856879861e-05
4.56056660479498e-06 1.1877189856879861e-05
4.56056660479498e-06 1.1877189856879861e-05
4.56056660479498e-06 1.1877189856879861e-05
2.115631981585539e-06 1.4846553446850082e-06
2.115631981585539e-06 1.4846553446850082e-06
2.115631981585539e-06 1.4846553446850082e-06
2.115631981585539e-06 1.4846553446850082e-06
2.115631981585539e-06 1.4846553446850082e-06
2.115631981585539e-06 1.4846553446850082e-06
2.115631981585539e-06 1.4846553446850082e-06
2.475229144338037e-06 2.6393859732471836e-06
2.475229144338037e-06 2.6393859732471836e-06
2.475229144338037e-06 2.6393859732471836e-06
2.475229144338037e-06 2.6393859732471836e-06
2.475229144338037e-06 2.6393859732471836e-06
2.475229144338037e-06 2.6393859732471836e-06
2.475229144338037e-06 2.6393859732471836e-06
1.413287731249205e-05 1.1877189856879861e-05
1.413287731249205e-05 1.1877189856879861e-05
1.413287731249205e-05 1.1877189856879861e-05
1.413287731249205e-05 1.1877189856879861e-05
1.413287731249205e-05 1.1877189856879861e-05
1.413287731249205e-05 1.1877189856879861e-05
1.413287731249205e-05 1.1877189856879861e-05
1.413287731249205e-05 1.1877189856879861e-05
1.413287731249205e-05 1.1877189856879861e-05
1.413287731249205e-05 1.1877189856879861e-05
1.413287731249205e-05 1.1877189856879861e-05
1.413287731249205e-05 1.1877189856879861e-05
6.452029163171818e-05 2.375466185238853e-05
6.452029163171818e-05 2.375466185238853e-05
6.452029163171818e-05 2.375466185238853e-05
6.452029163171818e-05 2.375466185238853e-05
6.452029163171818e-05 2.375466185238853e-05
6.452029163171818e-05 2.375466185238853e-05
6.452029163171818e-05 2.375466185238853e-05
6.452029163171818e-05 2.375466185238853e-05
6.452029163171818e-05 2.375466185238853e-05
4.9713649379573655e-06 4.7508872281898645e-06
4.9713649379573655e-06 4.7508872281898645e-06
4.9713649379573655e-06 4.7508872281898645e-06
4.9713649379573655e-06 4.7508872281898645e-06
4.9713649379573655e-06 4.7508872281898645e-06
4.9713649379573655e-06 4.7508872281898645e-06
4.9713649379573655e-06 4.7508872281898645e-06
4.9713649379573655e-06 4.7508872281898645e-06
4.9713649379573655e-06 4.7508872281898645e-06
0.00011619800139437602 0.002398081534772182
0.00011619800139437602 0.002398081534772182
0.00011619800139437602 0.002398081534772182
0.00011619800139437602 0.002398081534772182
0.00011619800139437602 0.002398081534772182
0.00011619800139437602 0.002398081534772182
0.00011619800139437602 0.002398081534772182
0.0003827018752391887 0.002398081534772182
0.0003827018752391887 0.002398081534772182
0.0003827018752391887 0.002398081534772182
0.0003827018752391887 0.002398081534772182
0.0003827018752391887 0.002398081534772182
0.0003827018752391887 0.002398081534772182
0.0003827018752391887 0.002398081534772182
0.0003827018752391887 0.002398081534772182
6.461450983432839e-06 5.938630195559092e-06
6.461450983432839e-06 5.938630195559092e-06
6.461450983432839e-06 5.938630195559092e-06
6.461450983432839e-06 5.938630195559092e-06
6.461450983432839e-06 5.938630195559092e-06
6.461450983432839e-06 5.938630195559092e-06
3.706174486694834e-05 2.375466185238853e-05
3.706174486694834e-05 2.375466185238853e-05
3.706174486694834e-05 2.375466185238853e-05
3.706174486694834e-05 2.375466185238853e-05
3.706174486694834e-05 2.375466185238853e-05
3.706174486694834e-05 2.375466185238853e-05
3.706174486694834e-05 2.375466185238853e-05
3.706174486694834e-05 2.375466185238853e-05
2.9147380816359843e-06 2.969315097779546e-06
2.9147380816359843e-06 2.969315097779546e-06
2.9147380816359843e-06 2.969315097779546e-06
2.9147380816359843e-06 2.969315097779546e-06
2.311689752741664e-06 2.3754492568407e-06
2.311689752741664e-06 2.3754492568407e-06
2.311689752741664e-06 2.3754492568407e-06
2.311689752741664e-06 2.3754492568407e-06
4.070186292426604e-06 7.918157919741551e-06
4.070186292426604e-06 7.918157919741551e-06
4.070186292426604e-06 7.918157919741551e-06
4.070186292426604e-06 7.918157919741551e-06
4.070186292426604e-06 7.918157919741551e-06
4.070186292426604e-06 7.918157919741551e-06
2.539869603094577e-06 1.979539479935388e-06
2.539869603094577e-06 1.979539479935388e-06
2.539869603094577e-06 1.979539479935388e-06
2.539869603094577e-06 1.979539479935388e-06
2.539869603094577e-06 1.979539479935388e-06
2.539869603094577e-06 1.979539479935388e-06
2.539869603094577e-06 1.979539479935388e-06
2.539869603094577e-06 1.979539479935388e-06
2.539869603094577e-06 1.979539479935388e-06
2.539869603094577e-06 1.979539479935388e-06
2.539869603094577e-06 1.979539479935388e-06
2.539869603094577e-06 1.979539479935388e-06
2.539869603094577e-06 1.979539479935388e-06
2.539869603094577e-06 1.979539479935388e-06
2.539869603094577e-06 1.979539479935388e-06
2.539869603094577e-06 1.979539479935388e-06
4.601488121258415e-06 3.959078959870776e-06
4.601488121258415e-06 3.959078959870776e-06
4.601488121258415e-06 3.959078959870776e-06
4.601488121258415e-06 3.959078959870776e-06
4.601488121258415e-06 3.959078959870776e-06
4.601488121258415e-06 3.959078959870776e-06
4.601488121258415e-06 3.959078959870776e-06
2.7989330467225892e-06 2.969315097779546e-06
2.7989330467225892e-06 2.969315097779546e-06
2.7989330467225892e-06 2.969315097779546e-06
2.7989330467225892e-06 2.969315097779546e-06
2.7989330467225892e-06 2.969315097779546e-06
2.7989330467225892e-06 2.969315097779546e-06
2.7989330467225892e-06 2.969315097779546e-06
2.7989330467225892e-06 2.969315097779546e-06
2.7989330467225892e-06 2.969315097779546e-06
6.843549612312914e-06 7.918157919741551e-06
6.843549612312914e-06 7.918157919741551e-06
6.843549612312914e-06 7.918157919741551e-06
6.843549612312914e-06 7.918157919741551e-06
6.843549612312914e-06 7.918157919741551e-06
6.843549612312914e-06 7.918157919741551e-06
6.843549612312914e-06 7.918157919741551e-06
1.2485407679774264e-06 1.1311666966425841e-06
1.2485407679774264e-06 1.1311666966425841e-06
1.2485407679774264e-06 1.1311666966425841e-06
1.2485407679774264e-06 1.1311666966425841e-06
1.2485407679774264e-06 1.1311666966425841e-06
1.2485407679774264e-06 1.1311666966425841e-06
1.2485407679774264e-06 1.1311666966425841e-06
1.2485407679774264e-06 1.1311666966425841e-06
1.2485407679774264e-06 1.1311666966425841e-06
1.2485407679774264e-06 1.1311666966425841e-06
4.034405409330773e-06 3.959078959870776e-06
4.034405409330773e-06 3.959078959870776e-06
4.034405409330773e-06 3.959078959870776e-06
4.034405409330773e-06 3.959078959870776e-06
4.034405409330773e-06 3.959078959870776e-06
4.034405409330773e-06 3.959078959870776e-06
4.034405409330773e-06 3.959078959870776e-06
4.034405409330773e-06 3.959078959870776e-06
4.034405409330773e-06 3.959078959870776e-06
4.034405409330773e-06 3.959078959870776e-06
4.034405409330773e-06 3.959078959870776e-06
4.034405409330773e-06 3.959078959870776e-06
4.034405409330773e-06 3.959078959870776e-06
4.034405409330773e-06 3.959078959870776e-06
4.034405409330773e-06 3.959078959870776e-06
1.697216564833673e-05 1.1877189856879861e-05
1.697216564833673e-05 1.1877189856879861e-05
1.697216564833673e-05 1.1877189856879861e-05
1.697216564833673e-05 1.1877189856879861e-05
1.697216564833673e-05 1.1877189856879861e-05
1.697216564833673e-05 1.1877189856879861e-05
1.697216564833673e-05 1.1877189856879861e-05
1.697216564833673e-05 1.1877189856879861e-05
1.697216564833673e-05 1.1877189856879861e-05
1.697216564833673e-05 1.1877189856879861e-05
1.697216564833673e-05 1.1877189856879861e-05
1.697216564833673e-05 1.1877189856879861e-05
1.697216564833673e-05 1.1877189856879861e-05
1.697216564833673e-05 1.1877189856879861e-05
1.697216564833673e-05 1.1877189856879861e-05
1.697216564833673e-05 1.1877189856879861e-05
1.697216564833673e-05 1.1877189856879861e-05
1.697216564833673e-05 1.1877189856879861e-05
1.697216564833673e-05 1.1877189856879861e-05
1.697216564833673e-05 1.1877189856879861e-05
1.697216564833673e-05 1.1877189856879861e-05
1.697216564833673e-05 1.1877189856879861e-05
1.697216564833673e-05 1.1877189856879861e-05
1.697216564833673e-05 1.1877189856879861e-05
1.697216564833673e-05 1.1877189856879861e-05
1.697216564833673e-05 1.1877189856879861e-05
1.697216564833673e-05 1.1877189856879861e-05
4.831408017238464e-06 4.7508872281898645e-06
4.831408017238464e-06 4.7508872281898645e-06
4.831408017238464e-06 4.7508872281898645e-06
4.831408017238464e-06 4.7508872281898645e-06
4.831408017238464e-06 4.7508872281898645e-06
1.1439815132587458e-05 1.1877189856879861e-05
1.1439815132587458e-05 1.1877189856879861e-05
1.1439815132587458e-05 1.1877189856879861e-05
1.1439815132587458e-05 1.1877189856879861e-05
1.1439815132587458e-05 1.1877189856879861e-05
1.1439815132587458e-05 1.1877189856879861e-05
1.1439815132587458e-05 1.1877189856879861e-05
1.1439815132587458e-05 1.1877189856879861e-05
1.1439815132587458e-05 1.1877189856879861e-05
1.0549079592805528e-05 1.1877189856879861e-05
1.0549079592805528e-05 1.1877189856879861e-05
1.0549079592805528e-05 1.1877189856879861e-05