0.5764399958093697 0.6015035319435258
0.33284400187368307 0.3204956534947342
0.7161074011436345 0.7257837450033261
0.3033675663678348 0.25253961435373695
0.3077279236413648 0.22784673883934187
0.6130022905170429 0.6363997644840255
0.8946416294546544 0.8629202133909747
0.39645019216078264 0.3506984437030524
0.39645019216078264 0.3506984437030524
0.5593029924476307 0.575790384413912
0.8910120850010143 0.8745523970501274
0.6557202900705943 0.6193598843946466
0.21959667411703004 0.17856352451120722
0.7544064510232813 0.7257837450033261
0.7744794431429218 0.7421093709946601
0.10412570107876888 0.09091438854212873
0.12591570527895238 0.11120646528925698
0.6368592690152242 0.6229311548848707
0.6807475243914749 0.6768062301554068
0.05376330389808234 0.0708041392983369
0.7688571202026278 0.7306813054259429
0.7329374312773239 0.690478957844997
0.7779328919584796 0.7337424399085577
0.08001301770286584 0.10101584574149479
0.8992389038253513 0.8955717838106013
0.7102898763477447 0.7029276138658915
0.2512907046022738 0.2039703356866886
0.6036036236852136 0.6272166794731396
0.7544064510232813 0.7257837450033261
0.3311486435063221 0.29070109946728684
0.7779328919584796 0.7337424399085577
0.7503310948276604 0.7061925480019833
0.7766358982262743 0.7306813054259429
0.6954446637767451 0.7098660367559044
0.7989567368363734 0.8172079511161057
0.5608601491749776 0.5486487286882085
0.7150294920389169 0.690478957844997
0.5725143049842708 0.525792597550774
0.7130867081547565 0.690478957844997
0.8786322113631682 0.8661854659640249
0.7756595705113365 0.7214982204150571
0.6833956461388404 0.698846207368058
0.6429032024886485 0.627726815480749
0.5725143049842708 0.525792597550774
0.5571825207405952 0.525792597550774
0.6456118272581399 0.6486443024144846
0.6560466879531159 0.6235431907192185
0.6399818618308406 0.6657864007675605
0.9434261715056877 0.9021022889567019
0.7960487705308249 0.7584353154229527