0.7891183919248425 0.7874220581362067
0.5310734872666273 0.5298756915585474
0.5614654700786574 0.5610451908828399
0.9189556786603238 0.9181730898129395
0.9189556786603238 0.9181730898129395
0.19068429423891423 0.19230816609723667
0.19068429423891423 0.19230816609723667
0.25247185759781454 0.255115268815646
0.07118007876611825 0.07034821580612086
0.7804867267859148 0.7800715199252193
0.13045103928523552 0.13196042129366284
0.13045103928523552 0.13196042129366284
0.43813309082740653 0.44041998934809623
0.4343027531910423 0.43618676337918966
0.24307499447477782 0.24511914552891775
0.6108171169571787 0.6110149380269341
0.6037035292583159 0.6038107729151797
0.08644998134105294 0.08636592550188944
0.2705793693638205 0.2737727666327303
0.47520244051781296 0.4765741448586449
0.6185821374095585 0.6185227186267015
0.8217675638661338 0.8208074432894817
0.032282514573905734 0.028852891412174328
0.032282514573905734 0.028852891412174328
0.026029049987862627 0.025441383733021263
0.4544435467216411 0.4567536330600311
0.8089164405250592 0.8078751625864561
0.5095225845721304 0.5091820134996576
0.1397348617969834 0.1410862767973276
0.8186386577152028 0.8162706018325622
0.40057824620390065 0.40041882995721123
0.40057824620390065 0.40041882995721123
0.33158217001742707 0.3337611002619499
0.8241138811696804 0.8210212059839062
0.5260953526540993 0.5253489947718717
0.7793990732119113 0.779831670935882
0.540237022974055 0.539071110515313
0.78643077892952 0.7865575873075683
0.323951204136127 0.32584318513660887
0.3751223700848167 0.3765216099591677
0.5977326662004949 0.596610955519244
0.5977326662004949 0.596610955519244
0.4302948838254102 0.4320202023861714
0.5262257841286634 0.5254989909676204
0.3456296398279754 0.34793103073472775
0.3387218440112026 0.34091236816457554
0.3387218440112026 0.34091236816457554
0.3387218440112026 0.34091236816457554
0.837023698674309 0.8359998115989812
0.20201806475922712 0.20277021959587982