0.21095853676286788 0.21098543217767426
0.21095853676286788 0.21098543217767426
0.7760865747581785 0.7688263948436743
0.6917785463186505 0.6857298466328523
0.6057848082040508 0.6018078464999573
0.6057848082040508 0.6018078464999573
0.6500439819136246 0.643831141093346
0.9065471350054898 0.9022612715519287
0.9065471350054898 0.9022612715519287
0.7093206851053193 0.7035124620695548
0.7093206851053193 0.7035124620695548
0.6211923212008644 0.6167490404665247
0.9147941393309054 0.9105438727498821
0.7817931489468072 0.774934422650369
0.7817931489468072 0.774934422650369
0.9091919826350545 0.9050109321950772
0.9280800787244612 0.92497286727271
0.9280800787244612 0.92497286727271
0.7400977411015729 0.7330444185685944
0.7400977411015729 0.7330444185685944
0.7400977411015729 0.7330444185685944
0.7466519163774091 0.7392192893914992
0.5463934039786229 0.5444177775527704
0.9130589895550866 0.9090108341059173
0.9130589895550866 0.9090108341059173
0.9130589895550866 0.9090108341059173
0.9130589895550866 0.9090108341059173
0.9130589895550866 0.9090108341059173
0.4382073889614889 0.43825445593740014
0.4382073889614889 0.43825445593740014
0.567361148465854 0.5645921073032126
0.884029740000443 0.8793958182376226
0.5873602624992486 0.5842332750071985
0.5873602624992486 0.5842332750071985
0.7328237179588595 0.7255366426295489
0.9139216204329212 0.9092940270029964
0.9139216204329212 0.9092940270029964
0.31045456415189265 0.3101662294843358
0.6823655466572164 0.6765217267489139
0.9024234350823791 0.8981446910033255
0.9115595701796297 0.9069940735162433
0.8972104708596091 0.8926283623223716
0.8972104708596091 0.8926283623223716
0.523219839956461 0.5229101471653815
0.523219839956461 0.5229101471653815
0.9209148238033914 0.9169105711636855
0.9209148238033914 0.9169105711636855
0.9108753191852904 0.9061440993041998
0.9108753191852904 0.9061440993041998
0.9108753191852904 0.9061440993041998