4.744079060719106e-07 4.369712647696288e-06
4.744079060719106e-07 4.369712647696288e-06
4.744079060719106e-07 4.369712647696288e-06
4.6833112749792485e-07 4.369712647696288e-06
4.6833112749792485e-07 4.369712647696288e-06
4.6833112749792485e-07 4.369712647696288e-06
4.6833112749792485e-07 4.369712647696288e-06
4.6833112749792485e-07 4.369712647696288e-06
4.6833112749792485e-07 4.369712647696288e-06
4.770422670335186e-07 4.369712647696288e-06
4.770422670335186e-07 4.369712647696288e-06
4.770422670335186e-07 4.369712647696288e-06
4.770422670335186e-07 4.369712647696288e-06
4.770422670335186e-07 4.369712647696288e-06
4.770422670335186e-07 4.369712647696288e-06
4.770422670335186e-07 4.369712647696288e-06
4.770422670335186e-07 4.369712647696288e-06
4.770422670335186e-07 4.369712647696288e-06
4.765594545401791e-07 4.369712647696288e-06
4.765594545401791e-07 4.369712647696288e-06
4.765594545401791e-07 4.369712647696288e-06
4.765594545401791e-07 4.369712647696288e-06
4.765594545401791e-07 4.369712647696288e-06
4.765594545401791e-07 4.369712647696288e-06
4.731026924202399e-07 4.369712647696288e-06
4.731026924202399e-07 4.369712647696288e-06
4.731026924202399e-07 4.369712647696288e-06
4.731026924202399e-07 4.369712647696288e-06
4.4912110903836513e-07 4.369712647696288e-06
4.4912110903836513e-07 4.369712647696288e-06
4.4912110903836513e-07 4.369712647696288e-06
4.4912110903836513e-07 4.369712647696288e-06
4.4912110903836513e-07 4.369712647696288e-06
4.4912110903836513e-07 4.369712647696288e-06
4.1239182832977456e-07 4.369712647696288e-06
4.1239182832977456e-07 4.369712647696288e-06
4.1239182832977456e-07 4.369712647696288e-06
4.1239182832977456e-07 4.369712647696288e-06
4.1239182832977456e-07 4.369712647696288e-06
4.1239182832977456e-07 4.369712647696288e-06
4.1239182832977456e-07 4.369712647696288e-06
4.6681320480267654e-07 4.369712647696288e-06
4.6681320480267654e-07 4.369712647696288e-06
4.6681320480267654e-07 4.369712647696288e-06
4.6681320480267654e-07 4.369712647696288e-06
4.6681320480267654e-07 4.369712647696288e-06
4.695112745240368e-07 4.369712647696288e-06
4.695112745240368e-07 4.369712647696288e-06
4.695112745240368e-07 4.369712647696288e-06
4.695112745240368e-07 4.369712647696288e-06