1.1539865488180634e-06 1.9763905125422698e-06
1.4897579143389198e-06 2.004312308299675e-06
1.7256152163369285e-06 1.9763905125422698e-06
1.7256152163369285e-06 1.9763905125422698e-06
1.4492753623188406e-06 2.004312308299675e-06
1.6376426758962224e-06 1.9763905125422698e-06
1.7997527589647371e-06 1.9763905125422698e-06
3.0303030303030305e-06 2.004312308299675e-06
1.7126406658381545e-06 1.9763905125422698e-06
2.0050125313283207e-06 2.004312308299675e-06
6.028368794326241e-06 2.004312308299675e-06
1.7120809793460507e-06 1.9763905125422698e-06
1.7256152163369285e-06 1.9763905125422698e-06
1.6620851038946735e-06 1.9763905125422698e-06
1.7096161348609569e-06 1.9763905125422698e-06
1.388888888888889e-06 2.004312308299675e-06
1.360544217687075e-06 2.004312308299675e-06
1.4705882352941177e-06 2.004312308299675e-06
1.6872682115294412e-06 1.9763905125422698e-06
1.7493001310709647e-06 1.9763905125422698e-06
1.5048608373100421e-06 1.9763905125422698e-06
1.760627698987243e-06 1.9763905125422698e-06
1.4492753623188406e-06 2.004312308299675e-06
1.3698630136986302e-06 2.004312308299675e-06
1.2987012987012986e-06 2.004312308299675e-06
1.6022978699416276e-06 1.9763905125422698e-06
1.7126406658381545e-06 1.9763905125422698e-06
1.7126406658381545e-06 1.9763905125422698e-06
1.5037593984962406e-06 2.004312308299675e-06
1.661508391506091e-06 1.9763905125422698e-06
1.1305553498572905e-06 1.9763905125422698e-06
1.282051282051282e-06 2.004312308299675e-06
1.4388489208633094e-06 2.004312308299675e-06
1.8375044221450763e-06 1.9763905125422698e-06
1.4705882352941177e-06 2.004312308299675e-06
1.7001481215411162e-06 1.9763905125422698e-06
1.7506993473012247e-06 1.9763905125422698e-06
1.7506993473012247e-06 1.9763905125422698e-06
1.8473739542293152e-06 1.9763905125422698e-06
1.7120809793460507e-06 1.9763905125422698e-06
1.5151515151515152e-06 2.004312308299675e-06
1.3513513513513513e-06 2.004312308299675e-06
1.9753086419753087e-06 2.004312308299675e-06
1.6745819843750845e-06 1.9763905125422698e-06
1.5037593984962406e-06 2.004312308299675e-06
1.4084507042253521e-06 2.004312308299675e-06
1.5151515151515152e-06 2.004312308299675e-06
2.2022137046585563e-06 1.9763905125422698e-06
1.015228426395939e-06 2.004312308299675e-06
1.6872682115294412e-06 1.9763905125422698e-06
1.4705882352941177e-06 2.004312308299675e-06
1.4806639407299176e-06 1.9763905125422698e-06
1.5037593984962406e-06 2.004312308299675e-06
1.4925373134328358e-06 2.004312308299675e-06
1.8936247553855597e-06 1.9763905125422698e-06
1.5151515151515152e-06 2.004312308299675e-06
1.6365233029120143e-06 1.9763905125422698e-06
2.0050125313283207e-06 2.004312308299675e-06
1.4598540145985402e-06 2.004312308299675e-06
1.5254753693279878e-06 1.9763905125422698e-06
1.6022978699416276e-06 1.9763905125422698e-06
1.3245033112582782e-06 2.004312308299675e-06
1.5037593984962406e-06 2.004312308299675e-06
1.4925373134328358e-06 2.004312308299675e-06
1.6872682115294412e-06 1.9763905125422698e-06
1.5037593984962406e-06 2.004312308299675e-06
1.5151515151515152e-06 2.004312308299675e-06
1.9073466739028464e-06 1.9763905125422698e-06
1.8264840182648401e-06 2.004312308299675e-06
2.6116757955056777e-06 1.9763905125422698e-06
1.5037593984962406e-06 2.004312308299675e-06
1.5267175572519084e-06 2.004312308299675e-06
1.8819530051674536e-06 1.9763905125422698e-06
1.4814814814814815e-06 2.004312308299675e-06
1.6376426758962224e-06 1.9763905125422698e-06
1.723947955258342e-06 1.9763905125422698e-06
1.3698630136986302e-06 2.004312308299675e-06
1.5151515151515152e-06 2.004312308299675e-06
1.4492753623188406e-06 2.004312308299675e-06
1.546662527235321e-06 1.9763905125422698e-06
1.4705882352941177e-06 2.004312308299675e-06
1.7532507672875758e-06 1.9763905125422698e-06
1.4705882352941177e-06 2.004312308299675e-06
1.6256890797217973e-06 1.9763905125422698e-06
1.0362694300518134e-06 2.004312308299675e-06
1.4388489208633094e-06 2.004312308299675e-06
1.709180785705148e-06 1.9763905125422698e-06
1.4814814814814815e-06 2.004312308299675e-06
1.9605581331151956e-06 1.9763905125422698e-06
1.7622579098196386e-06 1.9763905125422698e-06
1.6872682115294412e-06 1.9763905125422698e-06
1.4388489208633094e-06 2.004312308299675e-06
1.5151515151515152e-06 2.004312308299675e-06
1.7126406658381545e-06 1.9763905125422698e-06
1.6497733623843425e-06 1.9763905125422698e-06
1.7376344267989768e-06 1.9763905125422698e-06
1.5151515151515152e-06 2.004312308299675e-06
1.5267175572519084e-06 2.004312308299675e-06
1.6988248431152593e-06 1.9763905125422698e-06
1.4598540145985402e-06 2.004312308299675e-06