0.8937603458767559 0.8963348468278318
0.8937603458767559 0.8963348468278318
0.8937603458767559 0.8963348468278318
0.8937603458767559 0.8963348468278318
0.8937603458767559 0.8963348468278318
0.8937603458767559 0.8963348468278318
0.8937603458767559 0.8963348468278318
0.8937603458767559 0.8963348468278318
0.8937603458767559 0.8963348468278318
0.8937603458767559 0.8963348468278318
0.8937603458767559 0.8963348468278318
0.8937603458767559 0.8963348468278318
0.8937603458767559 0.8963348468278318
0.8937603458767559 0.8963348468278318
0.8937603458767559 0.8963348468278318
0.8937603458767559 0.8963348468278318
0.8937603458767559 0.8963348468278318
0.8937603458767559 0.8963348468278318
0.8937603458767559 0.8963348468278318
0.8937603458767559 0.8963348468278318
0.8937603458767559 0.8963348468278318
0.8937603458767559 0.8963348468278318
0.8937603458767559 0.8963348468278318
0.8937603458767559 0.8963348468278318
0.8937603458767559 0.8963348468278318
0.8937603458767559 0.8963348468278318
0.8937603458767559 0.8963348468278318
0.8937603458767559 0.8963348468278318
0.8937603458767559 0.8963348468278318
0.8937603458767559 0.8963348468278318
0.8937603458767559 0.8963348468278318
0.8937603458767559 0.8963348468278318
0.5371557934782146 0.5349004455376026
0.5371557934782146 0.5349004455376026
0.5371557934782146 0.5349004455376026
0.5371557934782146 0.5349004455376026
0.5371557934782146 0.5349004455376026
0.5371557934782146 0.5349004455376026
0.5371557934782146 0.5349004455376026
0.5371557934782146 0.5349004455376026
0.5371557934782146 0.5349004455376026
0.5371557934782146 0.5349004455376026
0.5371557934782146 0.5349004455376026
0.5371557934782146 0.5349004455376026
0.5371557934782146 0.5349004455376026
0.5371557934782146 0.5349004455376026
0.5371557934782146 0.5349004455376026
0.5371557934782146 0.5349004455376026
0.5371557934782146 0.5349004455376026
0.5371557934782146 0.5349004455376026