0.03484038717780075 0.033628866864979436
0.0002481109137368263 2.3035442668022557e-05
0.00014205189645280579 2.3035442668022557e-05
0.00014205189645280579 2.3035442668022557e-05
0.006960063021131899 0.008407216716244859
0.0015129006877279399 0.0023340182378318274
0.04023044080959023 0.037832355246837965
0.000280504504988733 4.151178730799898e-05
0.0019198601748630052 0.0023340182378318274
0.0019198601748630052 0.0023340182378318274
0.0008415135149661991 0.0023340182378318274
0.025431128705496905 0.016814433432489718
0.025431128705496905 0.016814433432489718
0.01050584152431283 0.014003869474463172
0.0018893862038334337 0.0023340182378318274
0.06678910644318128 0.0714609821592896
0.06678910644318128 0.0714609821592896
0.011445255670618125 0.011669851236631345
0.008045368304334671 0.007002054713495482
0.008045368304334671 0.007002054713495482
0.027287401460495055 0.030341757186758172
0.027287401460495055 0.030341757186758172
0.02003747578579054 0.008407216716244859
0.01874941061660361 0.018671905950126827
0.04154610051947323 0.03967783013808548
0.04154610051947323 0.03967783013808548
0.013966436880127636 0.004668036475663655
0.041268715397345786 0.04623957196308282
0.009342791622105483 0.008407216716244859
0.01797316418919681 0.016814433432489718
0.01797316418919681 0.016814433432489718
0.008447528740913897 0.009335832998799518
0.008447528740913897 0.009335832998799518
0.0026123631700704334 0.0042034883818585335
0.05242890746494713 0.04623957196308282
0.0005307749914756864 2.3035442668022557e-05
0.01019030395026648 0.009335832998799518
0.015618270081447087 0.025221650148734575
0.051279534856823926 0.06725749377743108