6.158200606060375e-07 2.856130970741794e-06
7.56752650367484e-07 2.856130970741794e-06
7.56752650367484e-07 2.856130970741794e-06
5.040140817536718e-07 2.856130970741794e-06
5.040140817536718e-07 2.856130970741794e-06
5.040140817536718e-07 2.856130970741794e-06
4.87123982513128e-07 2.856130970741794e-06
6.31506345289643e-07 2.856130970741794e-06
3.5856189675979236e-07 2.856130970741794e-06
5.024421787445294e-07 2.856130970741794e-06
5.024421787445294e-07 2.856130970741794e-06
6.610442731694822e-07 2.856130970741794e-06
5.104112381173548e-07 2.856130970741794e-06
5.054703205854702e-07 2.856130970741794e-06
5.464233970402573e-07 2.856130970741794e-06
6.989718233352854e-07 2.856130970741794e-06
4.7188250820951387e-07 2.856130970741794e-06
6.179129504008689e-07 2.856130970741794e-06
4.257105782948474e-07 2.856130970741794e-06
5.374660084896455e-07 2.856130970741794e-06
5.374660084896455e-07 2.856130970741794e-06
5.624196235307948e-07 2.856130970741794e-06
6.05476437458164e-07 2.856130970741794e-06
5.481463479201424e-07 2.856130970741794e-06
5.564080171892713e-07 2.856130970741794e-06
4.09142728591111e-07 2.856130970741794e-06
4.09142728591111e-07 2.856130970741794e-06
5.66940264411838e-07 2.856130970741794e-06
4.560333535450869e-07 2.856130970741794e-06
8.907735205778863e-07 2.856130970741794e-06
5.994348950939568e-07 2.856130970741794e-06
4.943303603206951e-07 2.856130970741794e-06
4.943303603206951e-07 2.856130970741794e-06
4.943303603206951e-07 2.856130970741794e-06
4.943303603206951e-07 2.856130970741794e-06
4.943303603206951e-07 2.856130970741794e-06
4.2259080689546956e-07 2.856130970741794e-06
6.034079515651679e-07 2.856130970741794e-06
6.034079515651679e-07 2.856130970741794e-06
6.544326283205421e-07 2.856130970741794e-06
7.632763801120313e-07 2.856130970741794e-06
6.481999366222512e-07 2.856130970741794e-06
5.342403254624939e-07 2.856130970741794e-06
5.342403254624939e-07 2.856130970741794e-06
5.342403254624939e-07 2.856130970741794e-06
3.8764960133312963e-07 2.856130970741794e-06
6.864735841958348e-07 2.856130970741794e-06
4.366811814770512e-07 2.856130970741794e-06
7.334475302509139e-07 2.856130970741794e-06
4.2029670431833376e-07 2.856130970741794e-06