4.279817236298157e-06 7.103051594987205e-06
2.894306504427631e-06 7.1034083359435006e-06
3.4287294271150843e-06 7.1030247394532665e-06
2.9600861977100775e-06 7.1034083359435006e-06
4.604578529771231e-06 7.1034083359435006e-06
8.973343064756335e-06 7.1034083359435006e-06
1.3419057429619016e-05 7.1034083359435006e-06
5.262248216840238e-06 7.10298690703674e-06
7.498885034198862e-06 7.1034083359435006e-06
3.109896111290844e-06 7.103030307038338e-06
5.920172395420155e-06 7.1034083359435006e-06
5.042887921615664e-06 7.103224157611254e-06
4.510607539367737e-06 7.1034083359435006e-06
4.553978765707811e-06 7.1034083359435006e-06
7.028182802759719e-06 7.1034083359435006e-06
6.202085366630638e-06 7.1034083359435006e-06
6.765911309051606e-06 7.1034083359435006e-06
7.329737251472572e-06 7.1034083359435006e-06
3.46676761893973e-06 7.1034083359435006e-06
8.551360126718e-06 7.1034083359435006e-06
5.525494235725478e-06 7.1034083359435006e-06
3.42872736858484e-06 7.1030247394532665e-06
7.048984415946083e-06 7.1034083359435006e-06
4.604578529771231e-06 7.1034083359435006e-06
5.213879369009589e-06 7.103036999767294e-06
7.73288867240675e-06 7.1023983060730375e-06
9.866953992366925e-06 7.1034083359435006e-06
1.0187731508991199e-05 7.1034083359435006e-06
5.700906751145334e-06 7.1034083359435006e-06
4.440129296565116e-06 7.1034083359435006e-06
2.6311877312978464e-06 7.1034083359435006e-06
4.278419301844004e-06 7.103051594987205e-06
1.0656310311756279e-05 7.1034083359435006e-06
3.94678159694677e-06 7.1034083359435006e-06
7.235766261069078e-06 7.1034083359435006e-06
6.236626054995166e-06 7.1034083359435006e-06
4.28007514308834e-06 7.103051594987205e-06
8.682919513282894e-06 7.1034083359435006e-06
3.382955654525803e-06 7.1034083359435006e-06
4.440129296565116e-06 7.1034083359435006e-06
4.10911708679548e-06 7.102418296627702e-06
9.407039773218581e-06 7.1034083359435006e-06
2.6311877312978464e-06 7.1034083359435006e-06
5.920172395420155e-06 7.1034083359435006e-06
4.604578529771231e-06 7.1034083359435006e-06
4.440129296565116e-06 7.1034083359435006e-06
3.4205440506872004e-06 7.1034083359435006e-06
1.973390798473385e-06 7.1034083359435006e-06
4.279362293978201e-06 7.103051594987205e-06
5.074433481788704e-06 7.1034083359435006e-06