0.6361947204003375 0.25000370134580935
0.6361947204003375 0.25000370134580935
0.6361947204003375 0.25000370134580935
0.6361947204003375 0.25000370134580935
0.6361947204003375 0.25000370134580935
0.6361947204003375 0.25000370134580935
0.6361947204003375 0.25000370134580935
0.6361947204003375 0.25000370134580935
0.6361947204003375 0.25000370134580935
0.6361947204003375 0.25000370134580935
0.6361947204003375 0.25000370134580935
0.6361947204003375 0.25000370134580935
0.6361947204003375 0.25000370134580935
0.6361947204003375 0.25000370134580935
0.6361947204003375 0.25000370134580935
0.6361947204003375 0.25000370134580935
0.6361947204003375 0.25000370134580935
0.6361947204003375 0.25000370134580935
0.6361947204003375 0.25000370134580935
0.6361947204003375 0.25000370134580935
0.6361947204003375 0.25000370134580935
0.6361947204003375 0.25000370134580935
0.6361947204003375 0.25000370134580935
0.6361947204003375 0.25000370134580935
0.6361947204003375 0.25000370134580935
0.6361947204003375 0.25000370134580935
0.6361947204003375 0.25000370134580935
0.6361947204003375 0.25000370134580935
0.6361947204003375 0.25000370134580935
0.6361947204003375 0.25000370134580935
0.6361947204003375 0.25000370134580935
0.6361947204003375 0.25000370134580935
0.6361947204003375 0.25000370134580935
0.6361947204003375 0.25000370134580935
0.6361947204003375 0.25000370134580935
0.6361947204003375 0.25000370134580935
0.6361947204003375 0.25000370134580935
0.6361947204003375 0.25000370134580935
0.6361947204003375 0.25000370134580935
0.3638052795996624 0.25000370134580935
0.3638052795996624 0.25000370134580935
0.3638052795996624 0.25000370134580935
0.3638052795996624 0.25000370134580935
0.3638052795996624 0.25000370134580935
0.3638052795996624 0.25000370134580935
0.3638052795996624 0.25000370134580935
0.3638052795996624 0.25000370134580935
0.3638052795996624 0.25000370134580935
0.3638052795996624 0.25000370134580935
0.3638052795996624 0.25000370134580935