2.5078611203679253e-07 3.184188134463014e-07
1.5162399571073477e-07 3.1841881000934096e-07
1.5170456391364192e-07 3.1841880868637227e-07
1.1418381566965837e-07 3.184188132577007e-07
1.5494285923794657e-07 3.1841881321788774e-07
2.2026929920507054e-07 3.1841880756552645e-07
1.5958941653118001e-07 3.184188046433871e-07
1.491006687349166e-07 3.184188047273327e-07
1.0124795030027696e-07 3.184188226898224e-07
1.5885380923569523e-07 3.1841880146719426e-07
1.2003841753282063e-07 3.1841880088302375e-07
1.1982325955950636e-07 3.1841890875394394e-07
1.3206256675272684e-07 3.184188138488637e-07
1.0798913737885547e-07 3.1841885159744535e-07
1.2800607448807647e-07 3.1841881173459477e-07
1.6248841593871914e-07 3.1841879501762033e-07
1.280215509434678e-07 3.1841877482370086e-07
1.4973493106246256e-07 3.1841880617941044e-07
1.1636643563487234e-07 3.1841877876862224e-07
1.3431502056123777e-07 3.184188130397482e-07
1.4817000963695924e-07 3.1841881159511316e-07
2.1329155246014063e-07 3.1841881099888016e-07
1.2507862149598105e-07 3.184188104293793e-07
1.5264595733446097e-07 3.184188100320981e-07
1.3824994536911758e-07 3.1841880288951346e-07
2.191330855344975e-07 3.1841881009437613e-07
2.4710204963707244e-07 3.1841881099888016e-07
1.3769512963773805e-07 3.1841882117695654e-07
2.097480330987683e-07 3.1841880250371727e-07
1.547325172163669e-07 3.1841880705643916e-07
2.310017309375902e-07 3.184188211462196e-07
1.3023075244689866e-07 3.184187939030056e-07
1.0937689589823875e-07 3.184188097727621e-07
1.2824999360568685e-07 3.1841881736990486e-07
1.26773942332707e-07 3.184188015732344e-07
1.245264538414501e-07 3.184188169948284e-07
1.708659236682712e-07 3.184188390895362e-07
1.1456253943644054e-07 3.1841881007620595e-07
1.2475195048717013e-07 3.1841880782361474e-07
1.6987136479563054e-07 3.18418811520414e-07
1.3944670480784246e-07 3.184188182624008e-07
1.5458475086018784e-07 3.1841880830715583e-07
1.7747862591963512e-07 3.184188015732344e-07
2.5439613504131605e-07 3.184188009393911e-07
1.4563340815344056e-07 3.1841880547922707e-07
1.3788599110000755e-07 3.184187966924167e-07
1.6291602653101773e-07 3.1841879265492447e-07
1.551140318923735e-07 3.1841881436741976e-07
1.7130459588706415e-07 3.184188166980312e-07
1.2827772751768816e-07 3.1841881529289754e-07