3.3975032739768486e-07 3.184188670947706e-07
9.827842141172896e-08 3.1841881393887943e-07
9.618736664834478e-08 3.1841948042729766e-07
1.2642017525047674e-07 3.1841880760269293e-07
1.0354875660216991e-07 3.1841881384987225e-07
1.1046058986599128e-07 3.1841882906977074e-07
1.0089473840739968e-07 3.184187971856388e-07
8.316047560163011e-08 3.184186804118245e-07
1.459580168995469e-07 3.1841880823252566e-07
1.0909600603226627e-07 3.1841968427305074e-07
9.887689488879042e-08 3.1841889337068853e-07
2.1329155246014063e-07 3.184188165103461e-07
1.1827004675138406e-07 3.184188115160769e-07
1.2899990844720334e-07 3.1841881513736805e-07
1.4942089489819653e-07 3.1841882184194215e-07
1.2984251550652355e-07 3.184188098416184e-07
9.04942916077962e-08 3.1841873677066105e-07
1.3552443789524713e-07 3.1841882111601665e-07
1.0662051344274673e-07 3.184187974727269e-07
1.4169726881225602e-07 3.184188852327291e-07
1.1926640659555053e-07 3.1841880748223907e-07
2.2361462620597618e-07 3.1841883023028587e-07
2.9265923786080116e-07 3.1841881558599333e-07