0.6211923212008644 0.6167490404665247
0.6211923212008644 0.6167490404665247
0.26186048240881665 0.2619593626103108
0.26186048240881665 0.2619593626103108
0.21095853676286788 0.21098543217767426
0.21095853676286788 0.21098543217767426
0.21095853676286788 0.21098543217767426
0.21095853676286788 0.21098543217767426
0.21095853676286788 0.21098543217767426
0.21095853676286788 0.21098543217767426
0.21095853676286788 0.21098543217767426
0.21095853676286788 0.21098543217767426
0.9065471350054898 0.9022612715519287
0.9065471350054898 0.9022612715519287
0.9065471350054898 0.9022612715519287
0.8760066004512101 0.8711464407873711
0.8760066004512101 0.8711464407873711
0.8760066004512101 0.8711464407873711
0.8760066004512101 0.8711464407873711
0.8760066004512101 0.8711464407873711
0.8760066004512101 0.8711464407873711
0.8760066004512101 0.8711464407873711
0.8760066004512101 0.8711464407873711
0.8760066004512101 0.8711464407873711
0.8760066004512101 0.8711464407873711
0.8760066004512101 0.8711464407873711
0.8760066004512101 0.8711464407873711
0.8760066004512101 0.8711464407873711
0.8760066004512101 0.8711464407873711
0.8760066004512101 0.8711464407873711
0.8760066004512101 0.8711464407873711
0.8760066004512101 0.8711464407873711
0.8760066004512101 0.8711464407873711
0.8760066004512101 0.8711464407873711
0.8760066004512101 0.8711464407873711
0.6917785463186505 0.6857298466328523
0.6917785463186505 0.6857298466328523
0.6917785463186505 0.6857298466328523
0.6917785463186505 0.6857298466328523
0.6917785463186505 0.6857298466328523
0.6917785463186505 0.6857298466328523
0.6917785463186505 0.6857298466328523
0.6917785463186505 0.6857298466328523
0.6917785463186505 0.6857298466328523
0.6917785463186505 0.6857298466328523
0.4006309347896937 0.401113865693791
0.4006309347896937 0.401113865693791
0.4006309347896937 0.401113865693791
0.4006309347896937 0.401113865693791
0.4006309347896937 0.401113865693791
0.4006309347896937 0.401113865693791
0.4006309347896937 0.401113865693791
0.4006309347896937 0.401113865693791
0.9219008571726907 0.9169813693879553
0.9219008571726907 0.9169813693879553
0.9219008571726907 0.9169813693879553
0.9219008571726907 0.9169813693879553
0.8542248741452796 0.8488726865988059
0.8542248741452796 0.8488726865988059
0.7093206851053193 0.7035124620695548
0.7093206851053193 0.7035124620695548
0.7093206851053193 0.7035124620695548
0.7093206851053193 0.7035124620695548
0.7093206851053193 0.7035124620695548
0.7093206851053193 0.7035124620695548
0.7093206851053193 0.7035124620695548
0.7093206851053193 0.7035124620695548
0.9115595701796297 0.9069940735162433
0.9115595701796297 0.9069940735162433
0.9115595701796297 0.9069940735162433
0.9115595701796297 0.9069940735162433
0.9115595701796297 0.9069940735162433
0.9115595701796297 0.9069940735162433
0.9115595701796297 0.9069940735162433
0.9115595701796297 0.9069940735162433
0.9115595701796297 0.9069940735162433
0.8378602007980028 0.8321484848388965
0.8378602007980028 0.8321484848388965
0.8378602007980028 0.8321484848388965
0.8378602007980028 0.8321484848388965
0.8378602007980028 0.8321484848388965
0.8378602007980028 0.8321484848388965
0.8378602007980028 0.8321484848388965
0.8378602007980028 0.8321484848388965
0.8378602007980028 0.8321484848388965
0.8378602007980028 0.8321484848388965
0.8378602007980028 0.8321484848388965
0.8378602007980028 0.8321484848388965
0.917726926107221 0.9133172646413892
0.917726926107221 0.9133172646413892
0.4382073889614889 0.43825445593740014
0.7760865747581785 0.7688263948436743
0.7760865747581785 0.7688263948436743
0.7760865747581785 0.7688263948436743
0.7760865747581785 0.7688263948436743
0.7760865747581785 0.7688263948436743
0.8972104708596091 0.8926283623223716
0.8972104708596091 0.8926283623223716
0.8972104708596091 0.8926283623223716
0.8972104708596091 0.8926283623223716
0.8972104708596091 0.8926283623223716
0.8972104708596091 0.8926283623223716
0.9091919826350545 0.9050109321950772
0.9091919826350545 0.9050109321950772
0.9091919826350545 0.9050109321950772
0.9091919826350545 0.9050109321950772
0.9091919826350545 0.9050109321950772
0.9091919826350545 0.9050109321950772
0.9091919826350545 0.9050109321950772
0.9269832995294884 0.9231020538604413
0.9269832995294884 0.9231020538604413
0.9269832995294884 0.9231020538604413
0.9269832995294884 0.9231020538604413
0.9269832995294884 0.9231020538604413
0.9269832995294884 0.9231020538604413
0.9269832995294884 0.9231020538604413
0.9269832995294884 0.9231020538604413
0.9269832995294884 0.9231020538604413
0.9248700318631561 0.9205936609089385
0.9248700318631561 0.9205936609089385
0.9248700318631561 0.9205936609089385
0.9147941393309054 0.9105438727498821
0.9147941393309054 0.9105438727498821
0.9147941393309054 0.9105438727498821
0.9147941393309054 0.9105438727498821
0.9147941393309054 0.9105438727498821
0.9147941393309054 0.9105438727498821
0.9147941393309054 0.9105438727498821
0.5873602624992486 0.5842332750071985
0.5873602624992486 0.5842332750071985
0.5873602624992486 0.5842332750071985
0.5873602624992486 0.5842332750071985
0.5873602624992486 0.5842332750071985
0.5873602624992486 0.5842332750071985
0.5873602624992486 0.5842332750071985
0.7400977411015729 0.7330444185685944
0.7400977411015729 0.7330444185685944
0.7400977411015729 0.7330444185685944
0.7400977411015729 0.7330444185685944
0.7400977411015729 0.7330444185685944
0.7400977411015729 0.7330444185685944
0.7400977411015729 0.7330444185685944
0.7400977411015729 0.7330444185685944
0.7400977411015729 0.7330444185685944
0.7400977411015729 0.7330444185685944
0.7400977411015729 0.7330444185685944
0.7400977411015729 0.7330444185685944
0.7400977411015729 0.7330444185685944
0.7400977411015729 0.7330444185685944
0.7400977411015729 0.7330444185685944
0.7400977411015729 0.7330444185685944
0.7400977411015729 0.7330444185685944
0.7400977411015729 0.7330444185685944
0.7400977411015729 0.7330444185685944
0.7400977411015729 0.7330444185685944
0.7400977411015729 0.7330444185685944
0.7400977411015729 0.7330444185685944
0.7400977411015729 0.7330444185685944
0.7400977411015729 0.7330444185685944
0.7400977411015729 0.7330444185685944
0.7400977411015729 0.7330444185685944
0.7400977411015729 0.7330444185685944
0.7400977411015729 0.7330444185685944
0.7400977411015729 0.7330444185685944
0.7400977411015729 0.7330444185685944
0.7400977411015729 0.7330444185685944
0.7400977411015729 0.7330444185685944
0.7400977411015729 0.7330444185685944
0.7400977411015729 0.7330444185685944
0.7400977411015729 0.7330444185685944
0.7400977411015729 0.7330444185685944
0.7400977411015729 0.7330444185685944
0.7400977411015729 0.7330444185685944
0.7328237179588595 0.7255366426295489
0.7328237179588595 0.7255366426295489
0.7328237179588595 0.7255366426295489
0.7328237179588595 0.7255366426295489
0.7328237179588595 0.7255366426295489
0.7328237179588595 0.7255366426295489
0.7328237179588595 0.7255366426295489
0.7328237179588595 0.7255366426295489
0.7328237179588595 0.7255366426295489
0.7328237179588595 0.7255366426295489
0.567361148465854 0.5645921073032126
0.567361148465854 0.5645921073032126
0.567361148465854 0.5645921073032126
0.567361148465854 0.5645921073032126
0.567361148465854 0.5645921073032126
0.567361148465854 0.5645921073032126
0.4716656805014571 0.4714283680178712
0.4716656805014571 0.4714283680178712
0.4716656805014571 0.4714283680178712
0.4716656805014571 0.4714283680178712
0.4716656805014571 0.4714283680178712
0.4716656805014571 0.4714283680178712
0.4716656805014571 0.4714283680178712
0.4716656805014571 0.4714283680178712
0.4716656805014571 0.4714283680178712
0.4716656805014571 0.4714283680178712
0.4716656805014571 0.4714283680178712
0.4716656805014571 0.4714283680178712
0.4716656805014571 0.4714283680178712
0.8877836279699657 0.8830041545505459
0.8877836279699657 0.8830041545505459
0.8877836279699657 0.8830041545505459
0.8877836279699657 0.8830041545505459
0.8877836279699657 0.8830041545505459
0.8877836279699657 0.8830041545505459
0.8877836279699657 0.8830041545505459
0.8877836279699657 0.8830041545505459
0.8877836279699657 0.8830041545505459
0.8877836279699657 0.8830041545505459
0.8877836279699657 0.8830041545505459
0.8877836279699657 0.8830041545505459
0.8877836279699657 0.8830041545505459
0.8877836279699657 0.8830041545505459
0.8877836279699657 0.8830041545505459
0.8877836279699657 0.8830041545505459
0.8877836279699657 0.8830041545505459
0.8877836279699657 0.8830041545505459
0.8877836279699657 0.8830041545505459
0.8877836279699657 0.8830041545505459
0.8877836279699657 0.8830041545505459
0.8877836279699657 0.8830041545505459
0.8877836279699657 0.8830041545505459
0.8877836279699657 0.8830041545505459
0.8877836279699657 0.8830041545505459
0.8877836279699657 0.8830041545505459
0.8877836279699657 0.8830041545505459
0.9080687035460814 0.9039026828967311
0.9080687035460814 0.9039026828967311
0.9080687035460814 0.9039026828967311
0.9080687035460814 0.9039026828967311
0.9228631592936315 0.9181853347213477
0.9228631592936315 0.9181853347213477
0.9228631592936315 0.9181853347213477
0.9228631592936315 0.9181853347213477
0.9228631592936315 0.9181853347213477
0.9228631592936315 0.9181853347213477
0.9228631592936315 0.9181853347213477
0.9228631592936315 0.9181853347213477
0.9228631592936315 0.9181853347213477
0.9228631592936315 0.9181853347213477
0.6619202851546803 0.6558059290150899
0.6619202851546803 0.6558059290150899
0.6619202851546803 0.6558059290150899
0.6619202851546803 0.6558059290150899
0.6619202851546803 0.6558059290150899
0.6619202851546803 0.6558059290150899
0.6619202851546803 0.6558059290150899
0.49847289416812485 0.49833604396925696
0.49847289416812485 0.49833604396925696
0.49847289416812485 0.49833604396925696
0.49847289416812485 0.49833604396925696
0.49847289416812485 0.49833604396925696
0.49847289416812485 0.49833604396925696
0.49847289416812485 0.49833604396925696
0.49847289416812485 0.49833604396925696
0.49847289416812485 0.49833604396925696
0.49847289416812485 0.49833604396925696
0.49847289416812485 0.49833604396925696
0.49847289416812485 0.49833604396925696
0.49847289416812485 0.49833604396925696
0.49847289416812485 0.49833604396925696