0.04295959561402008 0.1428572042338117
0.04295959561402008 0.1428572042338117
0.04295959561402008 0.1428572042338117
0.034928208704032945 0.14285731837823426
0.034928208704032945 0.14285731837823426
0.034928208704032945 0.14285731837823426
0.034928208704032945 0.14285731837823426
0.034928208704032945 0.14285731837823426
0.034928208704032945 0.14285731837823426
0.034928208704032945 0.14285731837823426
0.034928208704032945 0.14285731837823426
0.034928208704032945 0.14285731837823426
0.03449616913190843 0.14285714285714285
0.03449616913190843 0.14285714285714285
0.03449616913190843 0.14285714285714285
0.03449616913190843 0.14285714285714285
0.03449616913190843 0.14285714285714285
0.03449616913190843 0.14285714285714285
0.03449616913190843 0.14285714285714285
0.03449616913190843 0.14285714285714285
0.03449616913190843 0.14285714285714285
0.6665185531958787 0.1428573696236911
0.6665185531958787 0.1428573696236911
0.6665185531958787 0.1428573696236911
0.0317629336647718 0.1428572466431958
0.0317629336647718 0.1428572466431958
0.0317629336647718 0.1428572466431958
0.0317629336647718 0.1428572466431958
0.0317629336647718 0.1428572466431958
0.0317629336647718 0.1428572466431958
0.04298914449397934 0.1428573465574679
0.04298914449397934 0.1428573465574679
0.04298914449397934 0.1428573465574679
0.02398060454106502 0.14285696068717427
0.02398060454106502 0.14285696068717427
0.02398060454106502 0.14285696068717427
0.02398060454106502 0.14285696068717427
0.02398060454106502 0.14285696068717427
0.02398060454106502 0.14285696068717427
0.02398060454106502 0.14285696068717427
0.02398060454106502 0.14285696068717427
0.02398060454106502 0.14285696068717427
0.02398060454106502 0.14285696068717427
0.02398060454106502 0.14285696068717427
0.02398060454106502 0.14285696068717427
0.02398060454106502 0.14285696068717427
0.02398060454106502 0.14285696068717427
0.02398060454106502 0.14285696068717427
0.02398060454106502 0.14285696068717427
0.02398060454106502 0.14285696068717427
0.02398060454106502 0.14285696068717427
0.6458983145891017 0.14285733341929804
0.6458983145891017 0.14285733341929804
0.6458983145891017 0.14285733341929804
0.6458983145891017 0.14285733341929804
0.6458983145891017 0.14285733341929804
0.6458983145891017 0.14285733341929804
0.6676255161676107 0.14285714285714285
0.6676255161676107 0.14285714285714285
0.6676255161676107 0.14285714285714285
0.6676255161676107 0.14285714285714285
0.6676255161676107 0.14285714285714285
0.6676255161676107 0.14285714285714285
0.04338665227346959 0.14285701853965363
0.04338665227346959 0.14285701853965363
0.04338665227346959 0.14285701853965363
0.20278664915753852 0.1428573696236911
0.20278664915753852 0.1428573696236911
0.20278664915753852 0.1428573696236911
0.20278664915753852 0.1428573696236911
0.20278664915753852 0.1428573696236911
0.20278664915753852 0.1428573696236911
0.20278664915753852 0.1428573696236911
0.20278664915753852 0.1428573696236911
0.20278664915753852 0.1428573696236911
0.20278664915753852 0.1428573696236911
0.20278664915753852 0.1428573696236911
0.20278664915753852 0.1428573696236911
0.20278664915753852 0.1428573696236911
0.20278664915753852 0.1428573696236911
0.20278664915753852 0.1428573696236911
0.20278664915753852 0.1428573696236911
0.20278664915753852 0.1428573696236911
0.20278664915753852 0.1428573696236911
0.20278664915753852 0.1428573696236911
0.20278664915753852 0.1428573696236911
0.20278664915753852 0.1428573696236911
0.20278664915753852 0.1428573696236911
0.20278664915753852 0.1428573696236911
0.20278664915753852 0.1428573696236911
0.20278664915753852 0.1428573696236911
0.20278664915753852 0.1428573696236911
0.20278664915753852 0.1428573696236911
0.20278664915753852 0.1428573696236911
0.20278664915753852 0.1428573696236911
0.20278664915753852 0.1428573696236911
0.20278664915753852 0.1428573696236911
0.20278664915753852 0.1428573696236911
0.20278664915753852 0.1428573696236911
0.20278664915753852 0.1428573696236911
0.20278664915753852 0.1428573696236911
0.20278664915753852 0.1428573696236911
0.20278664915753852 0.1428573696236911
0.20278664915753852 0.1428573696236911
0.20278664915753852 0.1428573696236911
0.20278664915753852 0.1428573696236911
0.20278664915753852 0.1428573696236911
0.20278664915753852 0.1428573696236911
0.20278664915753852 0.1428573696236911
0.20278664915753852 0.1428573696236911
0.0408495930167554 0.14285736159683474
0.0408495930167554 0.14285736159683474
0.0408495930167554 0.14285736159683474
0.24782467672474404 0.14285660724696636
0.24782467672474404 0.14285660724696636
0.24782467672474404 0.14285660724696636
0.24782467672474404 0.14285660724696636
0.24782467672474404 0.14285660724696636
0.24782467672474404 0.14285660724696636
0.24782467672474404 0.14285660724696636
0.24782467672474404 0.14285660724696636
0.24782467672474404 0.14285660724696636
0.24782467672474404 0.14285660724696636
0.24782467672474404 0.14285660724696636
0.24782467672474404 0.14285660724696636
0.24782467672474404 0.14285660724696636
0.24782467672474404 0.14285660724696636
0.24782467672474404 0.14285660724696636
0.24782467672474404 0.14285660724696636
0.24782467672474404 0.14285660724696636
0.24782467672474404 0.14285660724696636
0.24782467672474404 0.14285660724696636
0.24782467672474404 0.14285660724696636
0.24782467672474404 0.14285660724696636
0.24782467672474404 0.14285660724696636
0.24782467672474404 0.14285660724696636
0.24782467672474404 0.14285660724696636
0.24782467672474404 0.14285660724696636
0.24782467672474404 0.14285660724696636
0.24782467672474404 0.14285660724696636
0.24782467672474404 0.14285660724696636
0.24782467672474404 0.14285660724696636
0.24782467672474404 0.14285660724696636
0.24782467672474404 0.14285660724696636
0.24782467672474404 0.14285660724696636
0.24782467672474404 0.14285660724696636
0.24782467672474404 0.14285660724696636
0.24782467672474404 0.14285660724696636
0.24782467672474404 0.14285660724696636
0.24782467672474404 0.14285660724696636
0.24782467672474404 0.14285660724696636
0.24782467672474404 0.14285660724696636
0.24782467672474404 0.14285660724696636
0.24782467672474404 0.14285660724696636
0.24782467672474404 0.14285660724696636
0.24782467672474404 0.14285660724696636
0.24782467672474404 0.14285660724696636
0.6687469653437695 0.14285731837823426
0.6687469653437695 0.14285731837823426
0.6687469653437695 0.14285731837823426
0.6687469653437695 0.14285731837823426
0.6687469653437695 0.14285731837823426
0.6687469653437695 0.14285731837823426
0.6687469653437695 0.14285731837823426
0.6687469653437695 0.14285731837823426
0.6687469653437695 0.14285731837823426
0.6322538018098154 0.1428572042338117
0.6322538018098154 0.1428572042338117
0.6322538018098154 0.1428572042338117
0.6671548000547249 0.1428572466431958
0.6671548000547249 0.1428572466431958
0.6671548000547249 0.1428572466431958
0.6671548000547249 0.1428572466431958
0.6671548000547249 0.1428572466431958
0.6671548000547249 0.1428572466431958
0.6609830381685734 0.1428572986121219
0.6609830381685734 0.1428572986121219
0.6609830381685734 0.1428572986121219
0.04280472231608493 0.14285700603619803
0.04280472231608493 0.14285700603619803
0.04280472231608493 0.14285700603619803
0.193324674823314 0.14285722230595244
0.193324674823314 0.14285722230595244
0.193324674823314 0.14285722230595244
0.193324674823314 0.14285722230595244
0.193324674823314 0.14285722230595244
0.193324674823314 0.14285722230595244
0.193324674823314 0.14285722230595244
0.193324674823314 0.14285722230595244
0.193324674823314 0.14285722230595244
0.193324674823314 0.14285722230595244
0.193324674823314 0.14285722230595244
0.193324674823314 0.14285722230595244
0.193324674823314 0.14285722230595244
0.193324674823314 0.14285722230595244
0.193324674823314 0.14285722230595244
0.193324674823314 0.14285722230595244
0.193324674823314 0.14285722230595244
0.193324674823314 0.14285722230595244
0.193324674823314 0.14285722230595244
0.193324674823314 0.14285722230595244
0.193324674823314 0.14285722230595244
0.193324674823314 0.14285722230595244
0.193324674823314 0.14285722230595244
0.193324674823314 0.14285722230595244
0.193324674823314 0.14285722230595244
0.193324674823314 0.14285722230595244
0.193324674823314 0.14285722230595244
0.193324674823314 0.14285722230595244
0.193324674823314 0.14285722230595244
0.193324674823314 0.14285722230595244
0.193324674823314 0.14285722230595244
0.193324674823314 0.14285722230595244
0.193324674823314 0.14285722230595244
0.193324674823314 0.14285722230595244
0.193324674823314 0.14285722230595244
0.193324674823314 0.14285722230595244
0.193324674823314 0.14285722230595244
0.193324674823314 0.14285722230595244
0.193324674823314 0.14285722230595244
0.193324674823314 0.14285722230595244
0.193324674823314 0.14285722230595244
0.193324674823314 0.14285722230595244
0.193324674823314 0.14285722230595244
0.193324674823314 0.14285722230595244
0.6430323645192261 0.14285733015755087
0.6430323645192261 0.14285733015755087
0.6430323645192261 0.14285733015755087
0.6336287107538467 0.14285714285714285
0.6336287107538467 0.14285714285714285
0.6336287107538467 0.14285714285714285
0.20633494872244534 0.14285700603619803
0.20633494872244534 0.14285700603619803
0.20633494872244534 0.14285700603619803
0.20633494872244534 0.14285700603619803
0.20633494872244534 0.14285700603619803
0.20633494872244534 0.14285700603619803
0.20633494872244534 0.14285700603619803
0.20633494872244534 0.14285700603619803
0.20633494872244534 0.14285700603619803
0.20633494872244534 0.14285700603619803
0.20633494872244534 0.14285700603619803
0.20633494872244534 0.14285700603619803
0.20633494872244534 0.14285700603619803
0.20633494872244534 0.14285700603619803
0.20633494872244534 0.14285700603619803
0.20633494872244534 0.14285700603619803
0.20633494872244534 0.14285700603619803
0.20633494872244534 0.14285700603619803
0.20633494872244534 0.14285700603619803
0.20633494872244534 0.14285700603619803
0.20633494872244534 0.14285700603619803
0.20633494872244534 0.14285700603619803
0.20633494872244534 0.14285700603619803
0.20633494872244534 0.14285700603619803
0.20633494872244534 0.14285700603619803
0.20633494872244534 0.14285700603619803
0.20633494872244534 0.14285700603619803
0.20633494872244534 0.14285700603619803
0.20633494872244534 0.14285700603619803
0.20633494872244534 0.14285700603619803
0.20633494872244534 0.14285700603619803
0.20633494872244534 0.14285700603619803
0.20633494872244534 0.14285700603619803
0.20633494872244534 0.14285700603619803
0.20633494872244534 0.14285700603619803
0.20633494872244534 0.14285700603619803
0.20633494872244534 0.14285700603619803
0.20633494872244534 0.14285700603619803
0.20633494872244534 0.14285700603619803
0.20633494872244534 0.14285700603619803
0.20633494872244534 0.14285700603619803
0.20633494872244534 0.14285700603619803
0.20633494872244534 0.14285700603619803
0.20633494872244534 0.14285700603619803
0.6549098990973856 0.14285692237964887
0.6549098990973856 0.14285692237964887
0.6549098990973856 0.14285692237964887
0.6686008199980461 0.14285714285714285
0.6686008199980461 0.14285714285714285
0.6686008199980461 0.14285714285714285
0.6686008199980461 0.14285714285714285
0.6686008199980461 0.14285714285714285
0.6686008199980461 0.14285714285714285
0.6686008199980461 0.14285714285714285
0.6686008199980461 0.14285714285714285
0.6686008199980461 0.14285714285714285
0.02783491662341765 0.14285714285714285
0.02783491662341765 0.14285714285714285
0.02783491662341765 0.14285714285714285
0.02783491662341765 0.14285714285714285
0.02783491662341765 0.14285714285714285
0.02783491662341765 0.14285714285714285
0.03569807024106107 0.14285714285714285
0.03569807024106107 0.14285714285714285
0.03569807024106107 0.14285714285714285
0.04305258763820637 0.14285714285714285
0.04305258763820637 0.14285714285714285
0.04305258763820637 0.14285714285714285
0.20053096957130104 0.14285746702166283
0.20053096957130104 0.14285746702166283
0.20053096957130104 0.14285746702166283
0.20053096957130104 0.14285746702166283
0.20053096957130104 0.14285746702166283
0.20053096957130104 0.14285746702166283
0.20053096957130104 0.14285746702166283
0.20053096957130104 0.14285746702166283
0.20053096957130104 0.14285746702166283
0.20053096957130104 0.14285746702166283
0.20053096957130104 0.14285746702166283
0.20053096957130104 0.14285746702166283
0.20053096957130104 0.14285746702166283
0.20053096957130104 0.14285746702166283
0.20053096957130104 0.14285746702166283
0.20053096957130104 0.14285746702166283
0.20053096957130104 0.14285746702166283
0.20053096957130104 0.14285746702166283
0.20053096957130104 0.14285746702166283
0.20053096957130104 0.14285746702166283
0.20053096957130104 0.14285746702166283
0.20053096957130104 0.14285746702166283
0.20053096957130104 0.14285746702166283
0.20053096957130104 0.14285746702166283
0.20053096957130104 0.14285746702166283
0.20053096957130104 0.14285746702166283
0.20053096957130104 0.14285746702166283
0.20053096957130104 0.14285746702166283
0.20053096957130104 0.14285746702166283
0.20053096957130104 0.14285746702166283
0.20053096957130104 0.14285746702166283
0.20053096957130104 0.14285746702166283
0.20053096957130104 0.14285746702166283
0.20053096957130104 0.14285746702166283
0.20053096957130104 0.14285746702166283
0.20053096957130104 0.14285746702166283
0.20053096957130104 0.14285746702166283
0.20053096957130104 0.14285746702166283
0.20053096957130104 0.14285746702166283
0.20053096957130104 0.14285746702166283
0.20053096957130104 0.14285746702166283
0.20053096957130104 0.14285746702166283
0.20053096957130104 0.14285746702166283
0.20053096957130104 0.14285746702166283
0.20053096957130104 0.14285746702166283
0.20053096957130104 0.14285746702166283
0.20053096957130104 0.14285746702166283
0.20053096957130104 0.14285746702166283
0.20053096957130104 0.14285746702166283
0.20053096957130104 0.14285746702166283
0.20053096957130104 0.14285746702166283
0.20053096957130104 0.14285746702166283
0.20053096957130104 0.14285746702166283
0.20053096957130104 0.14285746702166283
0.20053096957130104 0.14285746702166283
0.20053096957130104 0.14285746702166283
0.20053096957130104 0.14285746702166283
0.20053096957130104 0.14285746702166283
0.20053096957130104 0.14285746702166283
0.20053096957130104 0.14285746702166283
0.20053096957130104 0.14285746702166283
0.20053096957130104 0.14285746702166283
0.20053096957130104 0.14285746702166283
0.20053096957130104 0.14285746702166283
0.20053096957130104 0.14285746702166283
0.20053096957130104 0.14285746702166283
0.20053096957130104 0.14285746702166283
0.20053096957130104 0.14285746702166283
0.20053096957130104 0.14285746702166283
0.20053096957130104 0.14285746702166283
0.20053096957130104 0.14285746702166283
0.20053096957130104 0.14285746702166283
0.20053096957130104 0.14285746702166283
0.20053096957130104 0.14285746702166283
0.20053096957130104 0.14285746702166283
0.20053096957130104 0.14285746702166283
0.20053096957130104 0.14285746702166283
0.20053096957130104 0.14285746702166283
0.20053096957130104 0.14285746702166283
0.20053096957130104 0.14285746702166283
0.20053096957130104 0.14285746702166283
0.20053096957130104 0.14285746702166283
0.20053096957130104 0.14285746702166283
0.20053096957130104 0.14285746702166283
0.20053096957130104 0.14285746702166283
0.20053096957130104 0.14285746702166283
0.20053096957130104 0.14285746702166283
0.20053096957130104 0.14285746702166283
0.20053096957130104 0.14285746702166283
0.20053096957130104 0.14285746702166283
0.20053096957130104 0.14285746702166283
0.20053096957130104 0.14285746702166283
0.20053096957130104 0.14285746702166283
0.20053096957130104 0.14285746702166283
0.20053096957130104 0.14285746702166283
0.20053096957130104 0.14285746702166283
0.20053096957130104 0.14285746702166283
0.20053096957130104 0.14285746702166283
0.20053096957130104 0.14285746702166283
0.20053096957130104 0.14285746702166283
0.20053096957130104 0.14285746702166283
0.20053096957130104 0.14285746702166283
0.20053096957130104 0.14285746702166283
0.20053096957130104 0.14285746702166283
0.20053096957130104 0.14285746702166283
0.20053096957130104 0.14285746702166283
0.20053096957130104 0.14285746702166283
0.20053096957130104 0.14285746702166283
0.20053096957130104 0.14285746702166283
0.20053096957130104 0.14285746702166283
0.20053096957130104 0.14285746702166283
0.20053096957130104 0.14285746702166283
0.20053096957130104 0.14285746702166283
0.20053096957130104 0.14285746702166283
0.20053096957130104 0.14285746702166283
0.20053096957130104 0.14285746702166283
0.20053096957130104 0.14285746702166283
0.20053096957130104 0.14285746702166283
0.20053096957130104 0.14285746702166283
0.20053096957130104 0.14285746702166283
0.20053096957130104 0.14285746702166283
0.20053096957130104 0.14285746702166283
0.20053096957130104 0.14285746702166283
0.20053096957130104 0.14285746702166283
0.20053096957130104 0.14285746702166283
0.20053096957130104 0.14285746702166283
0.20053096957130104 0.14285746702166283
0.20053096957130104 0.14285746702166283
0.20053096957130104 0.14285746702166283
0.20053096957130104 0.14285746702166283
0.20053096957130104 0.14285746702166283
0.20053096957130104 0.14285746702166283
0.20053096957130104 0.14285746702166283
0.20053096957130104 0.14285746702166283
0.20053096957130104 0.14285746702166283
0.20053096957130104 0.14285746702166283
0.20053096957130104 0.14285746702166283
0.20053096957130104 0.14285746702166283
0.20053096957130104 0.14285746702166283
0.20053096957130104 0.14285746702166283
0.20053096957130104 0.14285746702166283
0.20053096957130104 0.14285746702166283
0.20053096957130104 0.14285746702166283
0.20053096957130104 0.14285746702166283
0.20053096957130104 0.14285746702166283
0.20053096957130104 0.14285746702166283
0.20053096957130104 0.14285746702166283
0.20053096957130104 0.14285746702166283
0.20053096957130104 0.14285746702166283
0.20053096957130104 0.14285746702166283
0.20053096957130104 0.14285746702166283
0.20053096957130104 0.14285746702166283
0.20053096957130104 0.14285746702166283
0.20053096957130104 0.14285746702166283
0.20053096957130104 0.14285746702166283
0.20053096957130104 0.14285746702166283
0.20053096957130104 0.14285746702166283
0.20053096957130104 0.14285746702166283
0.20053096957130104 0.14285746702166283
0.20053096957130104 0.14285746702166283
0.20053096957130104 0.14285746702166283
0.20053096957130104 0.14285746702166283
0.20053096957130104 0.14285746702166283
0.20053096957130104 0.14285746702166283
0.20053096957130104 0.14285746702166283
0.20053096957130104 0.14285746702166283
0.20053096957130104 0.14285746702166283
0.20053096957130104 0.14285746702166283
0.20053096957130104 0.14285746702166283
0.20053096957130104 0.14285746702166283
0.20053096957130104 0.14285746702166283
0.20053096957130104 0.14285746702166283
0.20053096957130104 0.14285746702166283
0.20053096957130104 0.14285746702166283
0.20053096957130104 0.14285746702166283
0.20053096957130104 0.14285746702166283
0.20053096957130104 0.14285746702166283
0.20053096957130104 0.14285746702166283
0.20053096957130104 0.14285746702166283
0.20053096957130104 0.14285746702166283
0.20053096957130104 0.14285746702166283
0.20053096957130104 0.14285746702166283
0.20053096957130104 0.14285746702166283
0.20053096957130104 0.14285746702166283
0.20053096957130104 0.14285746702166283
0.20053096957130104 0.14285746702166283
0.20053096957130104 0.14285746702166283
0.20053096957130104 0.14285746702166283
0.20053096957130104 0.14285746702166283
0.20053096957130104 0.14285746702166283
0.20053096957130104 0.14285746702166283
0.20053096957130104 0.14285746702166283
0.20053096957130104 0.14285746702166283
0.20053096957130104 0.14285746702166283
0.20053096957130104 0.14285746702166283
0.20053096957130104 0.14285746702166283
0.20053096957130104 0.14285746702166283
0.20053096957130104 0.14285746702166283
0.20053096957130104 0.14285746702166283
0.20053096957130104 0.14285746702166283
0.20053096957130104 0.14285746702166283
0.20053096957130104 0.14285746702166283
0.20053096957130104 0.14285746702166283
0.20053096957130104 0.14285746702166283
0.20053096957130104 0.14285746702166283
0.20053096957130104 0.14285746702166283
0.20053096957130104 0.14285746702166283
0.20053096957130104 0.14285746702166283
0.20053096957130104 0.14285746702166283
0.20053096957130104 0.14285746702166283
0.20053096957130104 0.14285746702166283
0.20053096957130104 0.14285746702166283
0.20053096957130104 0.14285746702166283
0.20053096957130104 0.14285746702166283
0.20053096957130104 0.14285746702166283
0.20053096957130104 0.14285746702166283
0.20053096957130104 0.14285746702166283
0.20053096957130104 0.14285746702166283
0.20053096957130104 0.14285746702166283
0.20053096957130104 0.14285746702166283
0.19995679486718976 0.14285736159683474
0.19995679486718976 0.14285736159683474
0.19995679486718976 0.14285736159683474
0.19995679486718976 0.14285736159683474
0.19995679486718976 0.14285736159683474
0.19995679486718976 0.14285736159683474
0.19995679486718976 0.14285736159683474
0.19995679486718976 0.14285736159683474
0.19995679486718976 0.14285736159683474
0.19995679486718976 0.14285736159683474
0.19995679486718976 0.14285736159683474
0.19995679486718976 0.14285736159683474
0.19995679486718976 0.14285736159683474
0.19995679486718976 0.14285736159683474
0.19995679486718976 0.14285736159683474
0.19995679486718976 0.14285736159683474
0.19995679486718976 0.14285736159683474
0.19995679486718976 0.14285736159683474
0.19995679486718976 0.14285736159683474
0.19995679486718976 0.14285736159683474
0.19995679486718976 0.14285736159683474
0.19995679486718976 0.14285736159683474
0.19995679486718976 0.14285736159683474
0.19995679486718976 0.14285736159683474
0.19995679486718976 0.14285736159683474
0.19995679486718976 0.14285736159683474
0.19995679486718976 0.14285736159683474
0.19995679486718976 0.14285736159683474
0.19995679486718976 0.14285736159683474
0.19995679486718976 0.14285736159683474
0.19995679486718976 0.14285736159683474
0.19995679486718976 0.14285736159683474
0.19995679486718976 0.14285736159683474
0.19995679486718976 0.14285736159683474
0.19995679486718976 0.14285736159683474
0.19995679486718976 0.14285736159683474
0.19995679486718976 0.14285736159683474
0.19995679486718976 0.14285736159683474
0.19995679486718976 0.14285736159683474
0.19995679486718976 0.14285736159683474
0.19995679486718976 0.14285736159683474
0.19995679486718976 0.14285736159683474
0.19995679486718976 0.14285736159683474
0.19995679486718976 0.14285736159683474
0.03745053757214276 0.14285722230595244
0.03745053757214276 0.14285722230595244
0.03745053757214276 0.14285722230595244
0.20709960290260634 0.1428573465574679
0.20709960290260634 0.1428573465574679
0.20709960290260634 0.1428573465574679
0.20709960290260634 0.1428573465574679
0.20709960290260634 0.1428573465574679
0.20709960290260634 0.1428573465574679
0.20709960290260634 0.1428573465574679
0.20709960290260634 0.1428573465574679
0.20709960290260634 0.1428573465574679
0.20709960290260634 0.1428573465574679
0.20709960290260634 0.1428573465574679
0.20709960290260634 0.1428573465574679
0.20709960290260634 0.1428573465574679
0.20709960290260634 0.1428573465574679
0.20709960290260634 0.1428573465574679
0.20709960290260634 0.1428573465574679
0.20709960290260634 0.1428573465574679
0.20709960290260634 0.1428573465574679
0.20709960290260634 0.1428573465574679
0.20709960290260634 0.1428573465574679
0.20709960290260634 0.1428573465574679
0.20709960290260634 0.1428573465574679
0.20709960290260634 0.1428573465574679
0.20709960290260634 0.1428573465574679
0.20709960290260634 0.1428573465574679
0.20709960290260634 0.1428573465574679
0.20709960290260634 0.1428573465574679
0.20709960290260634 0.1428573465574679
0.20709960290260634 0.1428573465574679
0.20709960290260634 0.1428573465574679
0.20709960290260634 0.1428573465574679
0.20709960290260634 0.1428573465574679
0.20709960290260634 0.1428573465574679
0.20709960290260634 0.1428573465574679
0.20709960290260634 0.1428573465574679
0.20709960290260634 0.1428573465574679
0.20709960290260634 0.1428573465574679
0.20709960290260634 0.1428573465574679
0.20709960290260634 0.1428573465574679
0.20709960290260634 0.1428573465574679
0.20709960290260634 0.1428573465574679
0.20709960290260634 0.1428573465574679
0.20709960290260634 0.1428573465574679
0.20709960290260634 0.1428573465574679
0.6686701881102888 0.14285714285714285
0.6686701881102888 0.14285714285714285
0.6686701881102888 0.14285714285714285
0.6686701881102888 0.14285714285714285
0.6686701881102888 0.14285714285714285
0.6686701881102888 0.14285714285714285
0.6686701881102888 0.14285714285714285
0.6686701881102888 0.14285714285714285
0.6686701881102888 0.14285714285714285
0.23027249867428454 0.1428572042338117
0.23027249867428454 0.1428572042338117
0.23027249867428454 0.1428572042338117
0.23027249867428454 0.1428572042338117
0.23027249867428454 0.1428572042338117
0.23027249867428454 0.1428572042338117
0.23027249867428454 0.1428572042338117
0.23027249867428454 0.1428572042338117
0.23027249867428454 0.1428572042338117
0.23027249867428454 0.1428572042338117
0.23027249867428454 0.1428572042338117
0.23027249867428454 0.1428572042338117
0.23027249867428454 0.1428572042338117
0.23027249867428454 0.1428572042338117
0.23027249867428454 0.1428572042338117
0.23027249867428454 0.1428572042338117
0.23027249867428454 0.1428572042338117
0.23027249867428454 0.1428572042338117
0.23027249867428454 0.1428572042338117
0.23027249867428454 0.1428572042338117
0.23027249867428454 0.1428572042338117
0.23027249867428454 0.1428572042338117
0.23027249867428454 0.1428572042338117
0.23027249867428454 0.1428572042338117
0.23027249867428454 0.1428572042338117
0.23027249867428454 0.1428572042338117
0.23027249867428454 0.1428572042338117
0.23027249867428454 0.1428572042338117
0.23027249867428454 0.1428572042338117
0.23027249867428454 0.1428572042338117
0.23027249867428454 0.1428572042338117
0.23027249867428454 0.1428572042338117
0.23027249867428454 0.1428572042338117
0.23027249867428454 0.1428572042338117
0.23027249867428454 0.1428572042338117
0.23027249867428454 0.1428572042338117
0.23027249867428454 0.1428572042338117
0.23027249867428454 0.1428572042338117
0.23027249867428454 0.1428572042338117
0.23027249867428454 0.1428572042338117
0.23027249867428454 0.1428572042338117
0.23027249867428454 0.1428572042338117
0.23027249867428454 0.1428572042338117
0.23027249867428454 0.1428572042338117
0.038030404677875246 0.1428572986121219
0.038030404677875246 0.1428572986121219
0.038030404677875246 0.1428572986121219
0.6436152396400336 0.14285701783710839
0.6436152396400336 0.14285701783710839
0.6436152396400336 0.14285701783710839
0.654226387813117 0.14285736159683474
0.654226387813117 0.14285736159683474
0.654226387813117 0.14285736159683474
0.04326446479117199 0.14285714285714285
0.04326446479117199 0.14285714285714285
0.04326446479117199 0.14285714285714285
0.19422962024646928 0.1428572986121219
0.19422962024646928 0.1428572986121219
0.19422962024646928 0.1428572986121219
0.19422962024646928 0.1428572986121219
0.19422962024646928 0.1428572986121219
0.19422962024646928 0.1428572986121219
0.19422962024646928 0.1428572986121219
0.19422962024646928 0.1428572986121219
0.19422962024646928 0.1428572986121219
0.19422962024646928 0.1428572986121219
0.19422962024646928 0.1428572986121219
0.19422962024646928 0.1428572986121219
0.19422962024646928 0.1428572986121219
0.19422962024646928 0.1428572986121219
0.19422962024646928 0.1428572986121219
0.19422962024646928 0.1428572986121219
0.19422962024646928 0.1428572986121219
0.19422962024646928 0.1428572986121219
0.19422962024646928 0.1428572986121219
0.19422962024646928 0.1428572986121219
0.19422962024646928 0.1428572986121219
0.19422962024646928 0.1428572986121219
0.19422962024646928 0.1428572986121219
0.19422962024646928 0.1428572986121219
0.19422962024646928 0.1428572986121219
0.19422962024646928 0.1428572986121219
0.19422962024646928 0.1428572986121219
0.19422962024646928 0.1428572986121219
0.19422962024646928 0.1428572986121219
0.19422962024646928 0.1428572986121219
0.19422962024646928 0.1428572986121219
0.19422962024646928 0.1428572986121219
0.19422962024646928 0.1428572986121219
0.19422962024646928 0.1428572986121219
0.19422962024646928 0.1428572986121219
0.19422962024646928 0.1428572986121219
0.19422962024646928 0.1428572986121219
0.19422962024646928 0.1428572986121219
0.19422962024646928 0.1428572986121219
0.19422962024646928 0.1428572986121219
0.19422962024646928 0.1428572986121219
0.19422962024646928 0.1428572986121219
0.19422962024646928 0.1428572986121219
0.19422962024646928 0.1428572986121219
0.6623980763768823 0.14285722230595244
0.6623980763768823 0.14285722230595244
0.6623980763768823 0.14285722230595244
0.0422361098572764 0.14285700316240937
0.0422361098572764 0.14285700316240937
0.0422361098572764 0.14285700316240937
0.6676284970122044 0.14285714285714285
0.6676284970122044 0.14285714285714285
0.6676284970122044 0.14285714285714285
0.19307409803332298 0.14285714285714285
0.19307409803332298 0.14285714285714285
0.19307409803332298 0.14285714285714285
0.19307409803332298 0.14285714285714285
0.19307409803332298 0.14285714285714285
0.19307409803332298 0.14285714285714285
0.19307409803332298 0.14285714285714285
0.19307409803332298 0.14285714285714285
0.19307409803332298 0.14285714285714285
0.19307409803332298 0.14285714285714285
0.19307409803332298 0.14285714285714285
0.19307409803332298 0.14285714285714285
0.19307409803332298 0.14285714285714285
0.19307409803332298 0.14285714285714285
0.19307409803332298 0.14285714285714285
0.19307409803332298 0.14285714285714285
0.19307409803332298 0.14285714285714285
0.19307409803332298 0.14285714285714285
0.19307409803332298 0.14285714285714285
0.19307409803332298 0.14285714285714285
0.19307409803332298 0.14285714285714285
0.19307409803332298 0.14285714285714285
0.19307409803332298 0.14285714285714285
0.19307409803332298 0.14285714285714285
0.19307409803332298 0.14285714285714285
0.19307409803332298 0.14285714285714285
0.19307409803332298 0.14285714285714285
0.19307409803332298 0.14285714285714285
0.19307409803332298 0.14285714285714285
0.19307409803332298 0.14285714285714285
0.19307409803332298 0.14285714285714285
0.19307409803332298 0.14285714285714285
0.19307409803332298 0.14285714285714285
0.19307409803332298 0.14285714285714285
0.19307409803332298 0.14285714285714285
0.19307409803332298 0.14285714285714285
0.19307409803332298 0.14285714285714285
0.19307409803332298 0.14285714285714285
0.19307409803332298 0.14285714285714285
0.19307409803332298 0.14285714285714285
0.19307409803332298 0.14285714285714285
0.19307409803332298 0.14285714285714285
0.19307409803332298 0.14285714285714285
0.19307409803332298 0.14285714285714285
0.19307409803332298 0.14285714285714285
0.19307409803332298 0.14285714285714285
0.19307409803332298 0.14285714285714285
0.19307409803332298 0.14285714285714285
0.19307409803332298 0.14285714285714285
0.19307409803332298 0.14285714285714285
0.19307409803332298 0.14285714285714285
0.19307409803332298 0.14285714285714285
0.19307409803332298 0.14285714285714285
0.19307409803332298 0.14285714285714285
0.19307409803332298 0.14285714285714285
0.19307409803332298 0.14285714285714285
0.19307409803332298 0.14285714285714285
0.19307409803332298 0.14285714285714285
0.19307409803332298 0.14285714285714285
0.19307409803332298 0.14285714285714285
0.19307409803332298 0.14285714285714285
0.19307409803332298 0.14285714285714285
0.19307409803332298 0.14285714285714285
0.19307409803332298 0.14285714285714285
0.19307409803332298 0.14285714285714285
0.19307409803332298 0.14285714285714285
0.19307409803332298 0.14285714285714285
0.19307409803332298 0.14285714285714285
0.19307409803332298 0.14285714285714285
0.19307409803332298 0.14285714285714285
0.19307409803332298 0.14285714285714285
0.19307409803332298 0.14285714285714285
0.19307409803332298 0.14285714285714285
0.19307409803332298 0.14285714285714285
0.19307409803332298 0.14285714285714285
0.19307409803332298 0.14285714285714285
0.19307409803332298 0.14285714285714285
0.19307409803332298 0.14285714285714285
0.19307409803332298 0.14285714285714285
0.19307409803332298 0.14285714285714285
0.19307409803332298 0.14285714285714285
0.19307409803332298 0.14285714285714285
0.19307409803332298 0.14285714285714285
0.19307409803332298 0.14285714285714285
0.19307409803332298 0.14285714285714285
0.19307409803332298 0.14285714285714285
0.19307409803332298 0.14285714285714285
0.19307409803332298 0.14285714285714285
0.19307409803332298 0.14285714285714285
0.19307409803332298 0.14285714285714285
0.19307409803332298 0.14285714285714285
0.19307409803332298 0.14285714285714285
0.19307409803332298 0.14285714285714285
0.19307409803332298 0.14285714285714285
0.19307409803332298 0.14285714285714285
0.19307409803332298 0.14285714285714285
0.19307409803332298 0.14285714285714285
0.19307409803332298 0.14285714285714285
0.19307409803332298 0.14285714285714285
0.19307409803332298 0.14285714285714285
0.19307409803332298 0.14285714285714285
0.19307409803332298 0.14285714285714285
0.19307409803332298 0.14285714285714285
0.19307409803332298 0.14285714285714285
0.19307409803332298 0.14285714285714285
0.19307409803332298 0.14285714285714285
0.19307409803332298 0.14285714285714285
0.19307409803332298 0.14285714285714285
0.19307409803332298 0.14285714285714285
0.19307409803332298 0.14285714285714285
0.19307409803332298 0.14285714285714285
0.19307409803332298 0.14285714285714285
0.19307409803332298 0.14285714285714285
0.19307409803332298 0.14285714285714285
0.19307409803332298 0.14285714285714285
0.19307409803332298 0.14285714285714285
0.19307409803332298 0.14285714285714285
0.19307409803332298 0.14285714285714285
0.19307409803332298 0.14285714285714285
0.19307409803332298 0.14285714285714285
0.19307409803332298 0.14285714285714285
0.19307409803332298 0.14285714285714285
0.19307409803332298 0.14285714285714285
0.19307409803332298 0.14285714285714285
0.19307409803332298 0.14285714285714285
0.19307409803332298 0.14285714285714285
0.19307409803332298 0.14285714285714285
0.19307409803332298 0.14285714285714285
0.19307409803332298 0.14285714285714285
0.19307409803332298 0.14285714285714285
0.19307409803332298 0.14285714285714285
0.19307409803332298 0.14285714285714285
0.030905694694008376 0.14285746702166283
0.030905694694008376 0.14285746702166283
0.030905694694008376 0.14285746702166283
0.030905694694008376 0.14285746702166283
0.030905694694008376 0.14285746702166283
0.030905694694008376 0.14285746702166283
0.030905694694008376 0.14285746702166283
0.030905694694008376 0.14285746702166283
0.030905694694008376 0.14285746702166283
0.030905694694008376 0.14285746702166283
0.030905694694008376 0.14285746702166283
0.030905694694008376 0.14285746702166283
0.030905694694008376 0.14285746702166283
0.030905694694008376 0.14285746702166283
0.030905694694008376 0.14285746702166283
0.03775185219325972 0.14285690695682615
0.03775185219325972 0.14285690695682615
0.03775185219325972 0.14285690695682615
0.03775185219325972 0.14285690695682615
0.03775185219325972 0.14285690695682615
0.03775185219325972 0.14285690695682615
0.03775185219325972 0.14285690695682615
0.03775185219325972 0.14285690695682615
0.03775185219325972 0.14285690695682615
0.03775185219325972 0.14285690695682615
0.03775185219325972 0.14285690695682615
0.03775185219325972 0.14285690695682615
0.6660132604967877 0.14285730091922585
0.6660132604967877 0.14285730091922585
0.6660132604967877 0.14285730091922585
0.021682924954393674 0.14285660724696636
0.021682924954393674 0.14285660724696636
0.021682924954393674 0.14285660724696636
0.02891025544268514 0.14285714285714285
0.02891025544268514 0.14285714285714285
0.02891025544268514 0.14285714285714285
0.21663448584660966 0.14285701783710839
0.21663448584660966 0.14285701783710839
0.21663448584660966 0.14285701783710839
0.21663448584660966 0.14285701783710839
0.21663448584660966 0.14285701783710839
0.21663448584660966 0.14285701783710839
0.21663448584660966 0.14285701783710839
0.21663448584660966 0.14285701783710839
0.21663448584660966 0.14285701783710839
0.21663448584660966 0.14285701783710839
0.21663448584660966 0.14285701783710839
0.21663448584660966 0.14285701783710839
0.21663448584660966 0.14285701783710839
0.21663448584660966 0.14285701783710839
0.21663448584660966 0.14285701783710839
0.21663448584660966 0.14285701783710839
0.21663448584660966 0.14285701783710839
0.21663448584660966 0.14285701783710839
0.21663448584660966 0.14285701783710839
0.21663448584660966 0.14285701783710839
0.21663448584660966 0.14285701783710839
0.21663448584660966 0.14285701783710839
0.21663448584660966 0.14285701783710839
0.21663448584660966 0.14285701783710839
0.21663448584660966 0.14285701783710839
0.21663448584660966 0.14285701783710839
0.21663448584660966 0.14285701783710839
0.21663448584660966 0.14285701783710839
0.21663448584660966 0.14285701783710839
0.21663448584660966 0.14285701783710839
0.21663448584660966 0.14285701783710839
0.21663448584660966 0.14285701783710839
0.21663448584660966 0.14285701783710839
0.21663448584660966 0.14285701783710839
0.21663448584660966 0.14285701783710839
0.21663448584660966 0.14285701783710839
0.21663448584660966 0.14285701783710839
0.21663448584660966 0.14285701783710839
0.21663448584660966 0.14285701783710839
0.21663448584660966 0.14285701783710839
0.21663448584660966 0.14285701783710839
0.21663448584660966 0.14285701783710839
0.21663448584660966 0.14285701783710839
0.21663448584660966 0.14285701783710839
0.6404159761022101 0.14285701853965363
0.6404159761022101 0.14285701853965363
0.6404159761022101 0.14285701853965363
0.1992453326361528 0.14285692237964887
0.1992453326361528 0.14285692237964887
0.1992453326361528 0.14285692237964887
0.1992453326361528 0.14285692237964887
0.1992453326361528 0.14285692237964887
0.1992453326361528 0.14285692237964887
0.1992453326361528 0.14285692237964887
0.1992453326361528 0.14285692237964887
0.1992453326361528 0.14285692237964887
0.1992453326361528 0.14285692237964887
0.1992453326361528 0.14285692237964887
0.1992453326361528 0.14285692237964887
0.1992453326361528 0.14285692237964887
0.1992453326361528 0.14285692237964887
0.1992453326361528 0.14285692237964887
0.1992453326361528 0.14285692237964887
0.1992453326361528 0.14285692237964887
0.1992453326361528 0.14285692237964887
0.1992453326361528 0.14285692237964887
0.1992453326361528 0.14285692237964887
0.1992453326361528 0.14285692237964887
0.1992453326361528 0.14285692237964887
0.1992453326361528 0.14285692237964887
0.1992453326361528 0.14285692237964887
0.1992453326361528 0.14285692237964887
0.1992453326361528 0.14285692237964887
0.1992453326361528 0.14285692237964887
0.1992453326361528 0.14285692237964887
0.1992453326361528 0.14285692237964887
0.1992453326361528 0.14285692237964887
0.1992453326361528 0.14285692237964887
0.1992453326361528 0.14285692237964887
0.1992453326361528 0.14285692237964887
0.1992453326361528 0.14285692237964887
0.1992453326361528 0.14285692237964887
0.1992453326361528 0.14285692237964887
0.1992453326361528 0.14285692237964887
0.1992453326361528 0.14285692237964887
0.1992453326361528 0.14285692237964887
0.1992453326361528 0.14285692237964887
0.1992453326361528 0.14285692237964887
0.1992453326361528 0.14285692237964887
0.1992453326361528 0.14285692237964887
0.1992453326361528 0.14285692237964887
0.19147083626911604 0.14285731837823426
0.19147083626911604 0.14285731837823426
0.19147083626911604 0.14285731837823426
0.19147083626911604 0.14285731837823426
0.19147083626911604 0.14285731837823426
0.19147083626911604 0.14285731837823426
0.19147083626911604 0.14285731837823426
0.19147083626911604 0.14285731837823426
0.19147083626911604 0.14285731837823426
0.19147083626911604 0.14285731837823426
0.19147083626911604 0.14285731837823426
0.19147083626911604 0.14285731837823426
0.19147083626911604 0.14285731837823426
0.19147083626911604 0.14285731837823426
0.19147083626911604 0.14285731837823426
0.19147083626911604 0.14285731837823426
0.19147083626911604 0.14285731837823426
0.19147083626911604 0.14285731837823426
0.19147083626911604 0.14285731837823426
0.19147083626911604 0.14285731837823426
0.19147083626911604 0.14285731837823426
0.19147083626911604 0.14285731837823426
0.19147083626911604 0.14285731837823426
0.19147083626911604 0.14285731837823426
0.19147083626911604 0.14285731837823426
0.19147083626911604 0.14285731837823426
0.19147083626911604 0.14285731837823426
0.19147083626911604 0.14285731837823426
0.19147083626911604 0.14285731837823426
0.19147083626911604 0.14285731837823426
0.19147083626911604 0.14285731837823426
0.19147083626911604 0.14285731837823426
0.19147083626911604 0.14285731837823426
0.19147083626911604 0.14285731837823426
0.19147083626911604 0.14285731837823426
0.19147083626911604 0.14285731837823426
0.19147083626911604 0.14285731837823426
0.19147083626911604 0.14285731837823426
0.19147083626911604 0.14285731837823426
0.19147083626911604 0.14285731837823426
0.19147083626911604 0.14285731837823426
0.19147083626911604 0.14285731837823426
0.19147083626911604 0.14285731837823426
0.19147083626911604 0.14285731837823426
0.19147083626911604 0.14285731837823426
0.19147083626911604 0.14285731837823426
0.19147083626911604 0.14285731837823426
0.19147083626911604 0.14285731837823426
0.19147083626911604 0.14285731837823426
0.19147083626911604 0.14285731837823426
0.19147083626911604 0.14285731837823426
0.19147083626911604 0.14285731837823426
0.19147083626911604 0.14285731837823426
0.19147083626911604 0.14285731837823426
0.19147083626911604 0.14285731837823426
0.19147083626911604 0.14285731837823426
0.19147083626911604 0.14285731837823426
0.19147083626911604 0.14285731837823426
0.19147083626911604 0.14285731837823426
0.19147083626911604 0.14285731837823426
0.19147083626911604 0.14285731837823426
0.19147083626911604 0.14285731837823426
0.19147083626911604 0.14285731837823426
0.19147083626911604 0.14285731837823426
0.19147083626911604 0.14285731837823426
0.19147083626911604 0.14285731837823426
0.19147083626911604 0.14285731837823426
0.19147083626911604 0.14285731837823426
0.19147083626911604 0.14285731837823426
0.19147083626911604 0.14285731837823426
0.19147083626911604 0.14285731837823426
0.19147083626911604 0.14285731837823426
0.19147083626911604 0.14285731837823426
0.19147083626911604 0.14285731837823426
0.19147083626911604 0.14285731837823426
0.19147083626911604 0.14285731837823426
0.19147083626911604 0.14285731837823426
0.19147083626911604 0.14285731837823426
0.19147083626911604 0.14285731837823426
0.19147083626911604 0.14285731837823426
0.19147083626911604 0.14285731837823426
0.19147083626911604 0.14285731837823426
0.19147083626911604 0.14285731837823426
0.19147083626911604 0.14285731837823426
0.19147083626911604 0.14285731837823426
0.19147083626911604 0.14285731837823426
0.19147083626911604 0.14285731837823426
0.19147083626911604 0.14285731837823426
0.19147083626911604 0.14285731837823426
0.19147083626911604 0.14285731837823426
0.19147083626911604 0.14285731837823426
0.19147083626911604 0.14285731837823426
0.19147083626911604 0.14285731837823426
0.19147083626911604 0.14285731837823426
0.19147083626911604 0.14285731837823426
0.19147083626911604 0.14285731837823426
0.19147083626911604 0.14285731837823426
0.19147083626911604 0.14285731837823426
0.19147083626911604 0.14285731837823426
0.19147083626911604 0.14285731837823426
0.19147083626911604 0.14285731837823426
0.19147083626911604 0.14285731837823426
0.19147083626911604 0.14285731837823426
0.19147083626911604 0.14285731837823426
0.19147083626911604 0.14285731837823426
0.19147083626911604 0.14285731837823426
0.19147083626911604 0.14285731837823426
0.19147083626911604 0.14285731837823426
0.19147083626911604 0.14285731837823426
0.19147083626911604 0.14285731837823426
0.19147083626911604 0.14285731837823426
0.19147083626911604 0.14285731837823426
0.19147083626911604 0.14285731837823426
0.19147083626911604 0.14285731837823426
0.19147083626911604 0.14285731837823426
0.19147083626911604 0.14285731837823426
0.19147083626911604 0.14285731837823426
0.19147083626911604 0.14285731837823426
0.19147083626911604 0.14285731837823426
0.19147083626911604 0.14285731837823426
0.19147083626911604 0.14285731837823426
0.19147083626911604 0.14285731837823426
0.19147083626911604 0.14285731837823426
0.19147083626911604 0.14285731837823426
0.19147083626911604 0.14285731837823426
0.19147083626911604 0.14285731837823426
0.19147083626911604 0.14285731837823426
0.19147083626911604 0.14285731837823426
0.19147083626911604 0.14285731837823426
0.19147083626911604 0.14285731837823426
0.19147083626911604 0.14285731837823426
0.19147083626911604 0.14285731837823426
0.637166745679438 0.1428572665884561
0.637166745679438 0.1428572665884561
0.637166745679438 0.1428572665884561
0.19835274888106944 0.1428572466431958
0.19835274888106944 0.1428572466431958
0.19835274888106944 0.1428572466431958
0.19835274888106944 0.1428572466431958
0.19835274888106944 0.1428572466431958
0.19835274888106944 0.1428572466431958
0.19835274888106944 0.1428572466431958
0.19835274888106944 0.1428572466431958
0.19835274888106944 0.1428572466431958
0.19835274888106944 0.1428572466431958
0.19835274888106944 0.1428572466431958
0.19835274888106944 0.1428572466431958
0.19835274888106944 0.1428572466431958
0.19835274888106944 0.1428572466431958
0.19835274888106944 0.1428572466431958
0.19835274888106944 0.1428572466431958
0.19835274888106944 0.1428572466431958
0.19835274888106944 0.1428572466431958
0.19835274888106944 0.1428572466431958
0.19835274888106944 0.1428572466431958
0.19835274888106944 0.1428572466431958
0.19835274888106944 0.1428572466431958
0.19835274888106944 0.1428572466431958
0.19835274888106944 0.1428572466431958
0.19835274888106944 0.1428572466431958
0.19835274888106944 0.1428572466431958
0.19835274888106944 0.1428572466431958
0.19835274888106944 0.1428572466431958
0.19835274888106944 0.1428572466431958
0.19835274888106944 0.1428572466431958
0.19835274888106944 0.1428572466431958
0.19835274888106944 0.1428572466431958
0.19835274888106944 0.1428572466431958
0.19835274888106944 0.1428572466431958
0.19835274888106944 0.1428572466431958
0.19835274888106944 0.1428572466431958
0.19835274888106944 0.1428572466431958
0.19835274888106944 0.1428572466431958
0.19835274888106944 0.1428572466431958
0.19835274888106944 0.1428572466431958
0.19835274888106944 0.1428572466431958
0.19835274888106944 0.1428572466431958
0.19835274888106944 0.1428572466431958
0.19835274888106944 0.1428572466431958
0.19835274888106944 0.1428572466431958
0.19835274888106944 0.1428572466431958
0.19835274888106944 0.1428572466431958
0.19835274888106944 0.1428572466431958
0.19835274888106944 0.1428572466431958
0.19835274888106944 0.1428572466431958
0.19835274888106944 0.1428572466431958
0.19835274888106944 0.1428572466431958
0.19835274888106944 0.1428572466431958
0.19835274888106944 0.1428572466431958
0.19835274888106944 0.1428572466431958
0.19835274888106944 0.1428572466431958
0.19835274888106944 0.1428572466431958
0.19835274888106944 0.1428572466431958
0.19835274888106944 0.1428572466431958
0.19835274888106944 0.1428572466431958
0.19835274888106944 0.1428572466431958
0.19835274888106944 0.1428572466431958
0.19835274888106944 0.1428572466431958
0.19835274888106944 0.1428572466431958
0.19835274888106944 0.1428572466431958
0.19835274888106944 0.1428572466431958
0.19835274888106944 0.1428572466431958
0.19835274888106944 0.1428572466431958
0.19835274888106944 0.1428572466431958
0.19835274888106944 0.1428572466431958
0.19835274888106944 0.1428572466431958
0.19835274888106944 0.1428572466431958
0.19835274888106944 0.1428572466431958
0.19835274888106944 0.1428572466431958
0.19835274888106944 0.1428572466431958
0.19835274888106944 0.1428572466431958
0.19835274888106944 0.1428572466431958
0.19835274888106944 0.1428572466431958
0.19835274888106944 0.1428572466431958
0.19835274888106944 0.1428572466431958
0.19835274888106944 0.1428572466431958
0.19835274888106944 0.1428572466431958
0.19835274888106944 0.1428572466431958
0.19835274888106944 0.1428572466431958
0.19835274888106944 0.1428572466431958
0.19835274888106944 0.1428572466431958
0.19835274888106944 0.1428572466431958
0.19835274888106944 0.1428572466431958
0.043535513879239804 0.14285733015755087
0.043535513879239804 0.14285733015755087
0.043535513879239804 0.14285733015755087
0.6492642826964213 0.14285700603619803
0.6492642826964213 0.14285700603619803
0.6492642826964213 0.14285700603619803
0.22130126225689364 0.14285730091922585
0.22130126225689364 0.14285730091922585
0.22130126225689364 0.14285730091922585
0.22130126225689364 0.14285730091922585
0.22130126225689364 0.14285730091922585
0.22130126225689364 0.14285730091922585
0.22130126225689364 0.14285730091922585
0.22130126225689364 0.14285730091922585
0.22130126225689364 0.14285730091922585
0.22130126225689364 0.14285730091922585
0.22130126225689364 0.14285730091922585
0.22130126225689364 0.14285730091922585
0.22130126225689364 0.14285730091922585
0.22130126225689364 0.14285730091922585
0.22130126225689364 0.14285730091922585
0.22130126225689364 0.14285730091922585
0.22130126225689364 0.14285730091922585
0.22130126225689364 0.14285730091922585
0.22130126225689364 0.14285730091922585
0.22130126225689364 0.14285730091922585
0.22130126225689364 0.14285730091922585
0.22130126225689364 0.14285730091922585
0.22130126225689364 0.14285730091922585
0.22130126225689364 0.14285730091922585
0.22130126225689364 0.14285730091922585
0.22130126225689364 0.14285730091922585
0.22130126225689364 0.14285730091922585
0.22130126225689364 0.14285730091922585
0.22130126225689364 0.14285730091922585
0.22130126225689364 0.14285730091922585
0.22130126225689364 0.14285730091922585
0.22130126225689364 0.14285730091922585
0.22130126225689364 0.14285730091922585
0.22130126225689364 0.14285730091922585
0.22130126225689364 0.14285730091922585
0.22130126225689364 0.14285730091922585
0.22130126225689364 0.14285730091922585
0.22130126225689364 0.14285730091922585
0.22130126225689364 0.14285730091922585
0.22130126225689364 0.14285730091922585
0.22130126225689364 0.14285730091922585
0.22130126225689364 0.14285730091922585
0.22130126225689364 0.14285730091922585
0.22130126225689364 0.14285730091922585
0.6553324246441019 0.14285660724696636
0.6553324246441019 0.14285660724696636
0.6553324246441019 0.14285660724696636
0.19119328407190192 0.14285714285714285
0.19119328407190192 0.14285714285714285
0.19119328407190192 0.14285714285714285
0.19119328407190192 0.14285714285714285
0.19119328407190192 0.14285714285714285
0.19119328407190192 0.14285714285714285
0.19119328407190192 0.14285714285714285
0.19119328407190192 0.14285714285714285
0.19119328407190192 0.14285714285714285
0.19119328407190192 0.14285714285714285
0.19119328407190192 0.14285714285714285
0.19119328407190192 0.14285714285714285
0.19119328407190192 0.14285714285714285
0.19119328407190192 0.14285714285714285
0.19119328407190192 0.14285714285714285
0.19119328407190192 0.14285714285714285
0.19119328407190192 0.14285714285714285
0.19119328407190192 0.14285714285714285
0.19119328407190192 0.14285714285714285
0.19119328407190192 0.14285714285714285
0.19119328407190192 0.14285714285714285
0.19119328407190192 0.14285714285714285
0.19119328407190192 0.14285714285714285
0.19119328407190192 0.14285714285714285
0.19119328407190192 0.14285714285714285
0.19119328407190192 0.14285714285714285
0.19119328407190192 0.14285714285714285
0.19119328407190192 0.14285714285714285
0.19119328407190192 0.14285714285714285
0.19119328407190192 0.14285714285714285
0.19119328407190192 0.14285714285714285
0.19119328407190192 0.14285714285714285
0.19119328407190192 0.14285714285714285
0.19119328407190192 0.14285714285714285
0.19119328407190192 0.14285714285714285
0.19119328407190192 0.14285714285714285
0.19119328407190192 0.14285714285714285
0.19119328407190192 0.14285714285714285
0.19119328407190192 0.14285714285714285
0.19119328407190192 0.14285714285714285
0.19119328407190192 0.14285714285714285
0.19119328407190192 0.14285714285714285
0.19119328407190192 0.14285714285714285
0.19119328407190192 0.14285714285714285
0.04392390155972704 0.14285733341929804
0.04392390155972704 0.14285733341929804
0.04392390155972704 0.14285733341929804
0.04392390155972704 0.14285733341929804
0.04392390155972704 0.14285733341929804
0.04392390155972704 0.14285733341929804
0.2131199449502903 0.14285733341929804
0.2131199449502903 0.14285733341929804
0.2131199449502903 0.14285733341929804
0.2131199449502903 0.14285733341929804
0.2131199449502903 0.14285733341929804
0.2131199449502903 0.14285733341929804
0.2131199449502903 0.14285733341929804
0.2131199449502903 0.14285733341929804
0.2131199449502903 0.14285733341929804
0.2131199449502903 0.14285733341929804
0.2131199449502903 0.14285733341929804
0.2131199449502903 0.14285733341929804
0.2131199449502903 0.14285733341929804
0.2131199449502903 0.14285733341929804
0.2131199449502903 0.14285733341929804
0.2131199449502903 0.14285733341929804
0.2131199449502903 0.14285733341929804
0.2131199449502903 0.14285733341929804
0.2131199449502903 0.14285733341929804
0.2131199449502903 0.14285733341929804
0.2131199449502903 0.14285733341929804
0.2131199449502903 0.14285733341929804
0.2131199449502903 0.14285733341929804
0.2131199449502903 0.14285733341929804
0.2131199449502903 0.14285733341929804
0.2131199449502903 0.14285733341929804
0.2131199449502903 0.14285733341929804
0.2131199449502903 0.14285733341929804
0.2131199449502903 0.14285733341929804
0.2131199449502903 0.14285733341929804
0.2131199449502903 0.14285733341929804
0.2131199449502903 0.14285733341929804
0.2131199449502903 0.14285733341929804
0.2131199449502903 0.14285733341929804
0.2131199449502903 0.14285733341929804
0.2131199449502903 0.14285733341929804
0.2131199449502903 0.14285733341929804
0.2131199449502903 0.14285733341929804
0.2131199449502903 0.14285733341929804
0.2131199449502903 0.14285733341929804
0.2131199449502903 0.14285733341929804
0.2131199449502903 0.14285733341929804
0.2131199449502903 0.14285733341929804
0.2131199449502903 0.14285733341929804
0.2131199449502903 0.14285733341929804
0.2131199449502903 0.14285733341929804
0.2131199449502903 0.14285733341929804
0.2131199449502903 0.14285733341929804
0.2131199449502903 0.14285733341929804
0.2131199449502903 0.14285733341929804
0.2131199449502903 0.14285733341929804
0.2131199449502903 0.14285733341929804
0.2131199449502903 0.14285733341929804
0.2131199449502903 0.14285733341929804
0.2131199449502903 0.14285733341929804
0.2131199449502903 0.14285733341929804
0.2131199449502903 0.14285733341929804
0.2131199449502903 0.14285733341929804
0.2131199449502903 0.14285733341929804
0.2131199449502903 0.14285733341929804
0.2131199449502903 0.14285733341929804
0.2131199449502903 0.14285733341929804
0.2131199449502903 0.14285733341929804
0.2131199449502903 0.14285733341929804
0.2131199449502903 0.14285733341929804
0.2131199449502903 0.14285733341929804
0.2131199449502903 0.14285733341929804
0.2131199449502903 0.14285733341929804
0.2131199449502903 0.14285733341929804
0.2131199449502903 0.14285733341929804
0.2131199449502903 0.14285733341929804
0.2131199449502903 0.14285733341929804
0.2131199449502903 0.14285733341929804
0.2131199449502903 0.14285733341929804
0.2131199449502903 0.14285733341929804
0.2131199449502903 0.14285733341929804
0.2131199449502903 0.14285733341929804
0.2131199449502903 0.14285733341929804
0.2131199449502903 0.14285733341929804
0.2131199449502903 0.14285733341929804
0.2131199449502903 0.14285733341929804
0.2131199449502903 0.14285733341929804
0.2131199449502903 0.14285733341929804
0.2131199449502903 0.14285733341929804
0.2131199449502903 0.14285733341929804
0.2131199449502903 0.14285733341929804
0.2131199449502903 0.14285733341929804
0.2131199449502903 0.14285733341929804
0.19375662374200037 0.14285690695682615
0.19375662374200037 0.14285690695682615
0.19375662374200037 0.14285690695682615
0.19375662374200037 0.14285690695682615
0.19375662374200037 0.14285690695682615
0.19375662374200037 0.14285690695682615
0.19375662374200037 0.14285690695682615
0.19375662374200037 0.14285690695682615
0.19375662374200037 0.14285690695682615
0.19375662374200037 0.14285690695682615
0.19375662374200037 0.14285690695682615
0.19375662374200037 0.14285690695682615
0.19375662374200037 0.14285690695682615
0.19375662374200037 0.14285690695682615
0.19375662374200037 0.14285690695682615
0.19375662374200037 0.14285690695682615
0.19375662374200037 0.14285690695682615
0.19375662374200037 0.14285690695682615
0.19375662374200037 0.14285690695682615
0.19375662374200037 0.14285690695682615
0.19375662374200037 0.14285690695682615
0.19375662374200037 0.14285690695682615
0.19375662374200037 0.14285690695682615
0.19375662374200037 0.14285690695682615
0.19375662374200037 0.14285690695682615
0.19375662374200037 0.14285690695682615
0.19375662374200037 0.14285690695682615
0.19375662374200037 0.14285690695682615
0.19375662374200037 0.14285690695682615
0.19375662374200037 0.14285690695682615
0.19375662374200037 0.14285690695682615
0.19375662374200037 0.14285690695682615
0.19375662374200037 0.14285690695682615
0.19375662374200037 0.14285690695682615
0.19375662374200037 0.14285690695682615
0.19375662374200037 0.14285690695682615
0.19375662374200037 0.14285690695682615
0.19375662374200037 0.14285690695682615
0.19375662374200037 0.14285690695682615
0.19375662374200037 0.14285690695682615
0.19375662374200037 0.14285690695682615
0.19375662374200037 0.14285690695682615
0.19375662374200037 0.14285690695682615
0.19375662374200037 0.14285690695682615
0.19375662374200037 0.14285690695682615
0.19375662374200037 0.14285690695682615
0.19375662374200037 0.14285690695682615
0.19375662374200037 0.14285690695682615
0.19375662374200037 0.14285690695682615
0.19375662374200037 0.14285690695682615
0.19375662374200037 0.14285690695682615
0.19375662374200037 0.14285690695682615
0.19375662374200037 0.14285690695682615
0.19375662374200037 0.14285690695682615
0.19375662374200037 0.14285690695682615
0.19375662374200037 0.14285690695682615
0.19375662374200037 0.14285690695682615
0.19375662374200037 0.14285690695682615
0.19375662374200037 0.14285690695682615
0.19375662374200037 0.14285690695682615
0.19375662374200037 0.14285690695682615
0.19375662374200037 0.14285690695682615
0.19375662374200037 0.14285690695682615
0.19375662374200037 0.14285690695682615
0.19375662374200037 0.14285690695682615
0.19375662374200037 0.14285690695682615
0.19375662374200037 0.14285690695682615
0.19375662374200037 0.14285690695682615
0.19375662374200037 0.14285690695682615
0.19375662374200037 0.14285690695682615
0.19375662374200037 0.14285690695682615
0.19375662374200037 0.14285690695682615
0.19375662374200037 0.14285690695682615
0.19375662374200037 0.14285690695682615
0.19375662374200037 0.14285690695682615
0.19375662374200037 0.14285690695682615
0.19375662374200037 0.14285690695682615
0.19375662374200037 0.14285690695682615
0.19375662374200037 0.14285690695682615
0.19375662374200037 0.14285690695682615
0.19375662374200037 0.14285690695682615
0.19375662374200037 0.14285690695682615
0.19375662374200037 0.14285690695682615
0.19375662374200037 0.14285690695682615
0.19375662374200037 0.14285690695682615
0.19375662374200037 0.14285690695682615
0.19375662374200037 0.14285690695682615
0.19375662374200037 0.14285690695682615
0.19375662374200037 0.14285690695682615
0.19375662374200037 0.14285690695682615
0.19375662374200037 0.14285690695682615
0.19375662374200037 0.14285690695682615
0.19375662374200037 0.14285690695682615
0.19375662374200037 0.14285690695682615
0.19375662374200037 0.14285690695682615
0.19375662374200037 0.14285690695682615
0.19375662374200037 0.14285690695682615
0.19375662374200037 0.14285690695682615
0.19375662374200037 0.14285690695682615
0.19375662374200037 0.14285690695682615
0.19375662374200037 0.14285690695682615
0.19375662374200037 0.14285690695682615
0.19375662374200037 0.14285690695682615
0.19375662374200037 0.14285690695682615
0.19375662374200037 0.14285690695682615
0.19375662374200037 0.14285690695682615
0.19375662374200037 0.14285690695682615
0.19375662374200037 0.14285690695682615
0.19375662374200037 0.14285690695682615
0.19375662374200037 0.14285690695682615
0.19375662374200037 0.14285690695682615
0.19375662374200037 0.14285690695682615
0.19375662374200037 0.14285690695682615
0.19375662374200037 0.14285690695682615
0.19375662374200037 0.14285690695682615
0.19375662374200037 0.14285690695682615
0.19375662374200037 0.14285690695682615
0.19375662374200037 0.14285690695682615
0.19375662374200037 0.14285690695682615
0.19375662374200037 0.14285690695682615
0.19375662374200037 0.14285690695682615
0.19375662374200037 0.14285690695682615
0.19375662374200037 0.14285690695682615
0.19375662374200037 0.14285690695682615
0.19375662374200037 0.14285690695682615
0.19375662374200037 0.14285690695682615
0.19375662374200037 0.14285690695682615
0.19375662374200037 0.14285690695682615
0.19375662374200037 0.14285690695682615
0.19375662374200037 0.14285690695682615
0.19375662374200037 0.14285690695682615
0.19375662374200037 0.14285690695682615
0.19375662374200037 0.14285690695682615
0.19375662374200037 0.14285690695682615
0.19375662374200037 0.14285690695682615
0.19375662374200037 0.14285690695682615
0.19375662374200037 0.14285690695682615
0.19375662374200037 0.14285690695682615
0.19375662374200037 0.14285690695682615
0.19375662374200037 0.14285690695682615
0.19375662374200037 0.14285690695682615
0.19375662374200037 0.14285690695682615
0.19375662374200037 0.14285690695682615
0.19375662374200037 0.14285690695682615
0.19375662374200037 0.14285690695682615
0.19375662374200037 0.14285690695682615
0.19375662374200037 0.14285690695682615
0.19375662374200037 0.14285690695682615
0.19375662374200037 0.14285690695682615
0.19375662374200037 0.14285690695682615
0.19375662374200037 0.14285690695682615
0.19375662374200037 0.14285690695682615
0.19375662374200037 0.14285690695682615
0.19375662374200037 0.14285690695682615
0.19375662374200037 0.14285690695682615
0.19375662374200037 0.14285690695682615
0.19375662374200037 0.14285690695682615
0.19375662374200037 0.14285690695682615
0.19375662374200037 0.14285690695682615
0.19375662374200037 0.14285690695682615
0.19375662374200037 0.14285690695682615
0.19375662374200037 0.14285690695682615
0.19375662374200037 0.14285690695682615
0.19375662374200037 0.14285690695682615
0.19375662374200037 0.14285690695682615
0.19375662374200037 0.14285690695682615
0.19375662374200037 0.14285690695682615
0.19375662374200037 0.14285690695682615
0.19375662374200037 0.14285690695682615
0.19375662374200037 0.14285690695682615
0.19375662374200037 0.14285690695682615
0.19375662374200037 0.14285690695682615
0.19375662374200037 0.14285690695682615
0.19375662374200037 0.14285690695682615
0.19375662374200037 0.14285690695682615
0.19375662374200037 0.14285690695682615
0.0334875715993531 0.14285686119096347
0.0334875715993531 0.14285686119096347
0.0334875715993531 0.14285686119096347
0.2226814802208297 0.14285714285714285
0.2226814802208297 0.14285714285714285
0.2226814802208297 0.14285714285714285
0.2226814802208297 0.14285714285714285
0.2226814802208297 0.14285714285714285
0.2226814802208297 0.14285714285714285
0.2226814802208297 0.14285714285714285
0.2226814802208297 0.14285714285714285
0.2226814802208297 0.14285714285714285
0.2226814802208297 0.14285714285714285
0.2226814802208297 0.14285714285714285
0.2226814802208297 0.14285714285714285
0.2226814802208297 0.14285714285714285
0.2226814802208297 0.14285714285714285
0.2226814802208297 0.14285714285714285
0.2226814802208297 0.14285714285714285
0.2226814802208297 0.14285714285714285
0.2226814802208297 0.14285714285714285
0.2226814802208297 0.14285714285714285
0.2226814802208297 0.14285714285714285
0.2226814802208297 0.14285714285714285
0.2226814802208297 0.14285714285714285
0.2226814802208297 0.14285714285714285
0.2226814802208297 0.14285714285714285
0.2226814802208297 0.14285714285714285
0.2226814802208297 0.14285714285714285
0.2226814802208297 0.14285714285714285
0.2226814802208297 0.14285714285714285
0.2226814802208297 0.14285714285714285
0.2226814802208297 0.14285714285714285
0.2226814802208297 0.14285714285714285
0.2226814802208297 0.14285714285714285
0.2226814802208297 0.14285714285714285
0.2226814802208297 0.14285714285714285
0.2226814802208297 0.14285714285714285
0.2226814802208297 0.14285714285714285
0.2226814802208297 0.14285714285714285
0.2226814802208297 0.14285714285714285
0.2226814802208297 0.14285714285714285
0.2226814802208297 0.14285714285714285
0.2226814802208297 0.14285714285714285
0.2226814802208297 0.14285714285714285
0.2226814802208297 0.14285714285714285
0.2226814802208297 0.14285714285714285
0.04055929372756651 0.14285692237964887
0.04055929372756651 0.14285692237964887
0.04055929372756651 0.14285692237964887
0.2204688936269384 0.14285701853965363
0.2204688936269384 0.14285701853965363
0.2204688936269384 0.14285701853965363
0.2204688936269384 0.14285701853965363
0.2204688936269384 0.14285701853965363
0.2204688936269384 0.14285701853965363
0.2204688936269384 0.14285701853965363
0.2204688936269384 0.14285701853965363
0.2204688936269384 0.14285701853965363
0.2204688936269384 0.14285701853965363
0.2204688936269384 0.14285701853965363
0.2204688936269384 0.14285701853965363
0.2204688936269384 0.14285701853965363
0.2204688936269384 0.14285701853965363
0.2204688936269384 0.14285701853965363
0.2204688936269384 0.14285701853965363
0.2204688936269384 0.14285701853965363
0.2204688936269384 0.14285701853965363
0.2204688936269384 0.14285701853965363
0.2204688936269384 0.14285701853965363
0.2204688936269384 0.14285701853965363
0.2204688936269384 0.14285701853965363
0.2204688936269384 0.14285701853965363
0.2204688936269384 0.14285701853965363
0.2204688936269384 0.14285701853965363
0.2204688936269384 0.14285701853965363
0.2204688936269384 0.14285701853965363
0.2204688936269384 0.14285701853965363
0.2204688936269384 0.14285701853965363
0.2204688936269384 0.14285701853965363
0.2204688936269384 0.14285701853965363
0.2204688936269384 0.14285701853965363
0.2204688936269384 0.14285701853965363
0.2204688936269384 0.14285701853965363
0.2204688936269384 0.14285701853965363
0.2204688936269384 0.14285701853965363
0.2204688936269384 0.14285701853965363
0.2204688936269384 0.14285701853965363
0.2204688936269384 0.14285701853965363
0.2204688936269384 0.14285701853965363
0.2204688936269384 0.14285701853965363
0.2204688936269384 0.14285701853965363
0.2204688936269384 0.14285701853965363
0.2204688936269384 0.14285701853965363
0.2041715323542745 0.14285700316240937
0.2041715323542745 0.14285700316240937
0.2041715323542745 0.14285700316240937
0.2041715323542745 0.14285700316240937
0.2041715323542745 0.14285700316240937
0.2041715323542745 0.14285700316240937
0.2041715323542745 0.14285700316240937
0.2041715323542745 0.14285700316240937
0.2041715323542745 0.14285700316240937
0.2041715323542745 0.14285700316240937
0.2041715323542745 0.14285700316240937
0.2041715323542745 0.14285700316240937
0.2041715323542745 0.14285700316240937
0.2041715323542745 0.14285700316240937
0.2041715323542745 0.14285700316240937
0.2041715323542745 0.14285700316240937
0.2041715323542745 0.14285700316240937
0.2041715323542745 0.14285700316240937
0.2041715323542745 0.14285700316240937
0.2041715323542745 0.14285700316240937
0.2041715323542745 0.14285700316240937
0.2041715323542745 0.14285700316240937
0.2041715323542745 0.14285700316240937
0.2041715323542745 0.14285700316240937
0.2041715323542745 0.14285700316240937
0.2041715323542745 0.14285700316240937
0.2041715323542745 0.14285700316240937
0.2041715323542745 0.14285700316240937
0.2041715323542745 0.14285700316240937
0.2041715323542745 0.14285700316240937
0.2041715323542745 0.14285700316240937
0.2041715323542745 0.14285700316240937
0.2041715323542745 0.14285700316240937
0.2041715323542745 0.14285700316240937
0.2041715323542745 0.14285700316240937
0.2041715323542745 0.14285700316240937
0.2041715323542745 0.14285700316240937
0.2041715323542745 0.14285700316240937
0.2041715323542745 0.14285700316240937
0.2041715323542745 0.14285700316240937
0.2041715323542745 0.14285700316240937
0.2041715323542745 0.14285700316240937
0.2041715323542745 0.14285700316240937
0.2041715323542745 0.14285700316240937
0.660351421662679 0.14285696068717427
0.660351421662679 0.14285696068717427
0.660351421662679 0.14285696068717427
0.660351421662679 0.14285696068717427
0.660351421662679 0.14285696068717427
0.660351421662679 0.14285696068717427
0.660351421662679 0.14285696068717427
0.660351421662679 0.14285696068717427
0.660351421662679 0.14285696068717427
0.660351421662679 0.14285696068717427
0.660351421662679 0.14285696068717427
0.660351421662679 0.14285696068717427
0.660351421662679 0.14285696068717427
0.660351421662679 0.14285696068717427
0.660351421662679 0.14285696068717427
0.660351421662679 0.14285696068717427
0.660351421662679 0.14285696068717427
0.660351421662679 0.14285696068717427
0.20916488029424374 0.14285714285714285
0.20916488029424374 0.14285714285714285
0.20916488029424374 0.14285714285714285
0.20916488029424374 0.14285714285714285
0.20916488029424374 0.14285714285714285
0.20916488029424374 0.14285714285714285
0.20916488029424374 0.14285714285714285
0.20916488029424374 0.14285714285714285
0.20916488029424374 0.14285714285714285
0.20916488029424374 0.14285714285714285
0.20916488029424374 0.14285714285714285
0.20916488029424374 0.14285714285714285
0.20916488029424374 0.14285714285714285
0.20916488029424374 0.14285714285714285
0.20916488029424374 0.14285714285714285
0.20916488029424374 0.14285714285714285
0.20916488029424374 0.14285714285714285
0.20916488029424374 0.14285714285714285
0.20916488029424374 0.14285714285714285
0.20916488029424374 0.14285714285714285
0.20916488029424374 0.14285714285714285
0.20916488029424374 0.14285714285714285
0.20916488029424374 0.14285714285714285
0.20916488029424374 0.14285714285714285
0.20916488029424374 0.14285714285714285
0.20916488029424374 0.14285714285714285
0.20916488029424374 0.14285714285714285
0.20916488029424374 0.14285714285714285
0.20916488029424374 0.14285714285714285
0.20916488029424374 0.14285714285714285
0.20916488029424374 0.14285714285714285
0.20916488029424374 0.14285714285714285
0.20916488029424374 0.14285714285714285
0.20916488029424374 0.14285714285714285
0.20916488029424374 0.14285714285714285
0.20916488029424374 0.14285714285714285
0.20916488029424374 0.14285714285714285
0.20916488029424374 0.14285714285714285
0.20916488029424374 0.14285714285714285
0.20916488029424374 0.14285714285714285
0.20916488029424374 0.14285714285714285
0.20916488029424374 0.14285714285714285
0.20916488029424374 0.14285714285714285
0.20916488029424374 0.14285714285714285
0.20916488029424374 0.14285714285714285
0.20916488029424374 0.14285714285714285
0.20916488029424374 0.14285714285714285
0.20916488029424374 0.14285714285714285
0.20916488029424374 0.14285714285714285
0.20916488029424374 0.14285714285714285
0.20916488029424374 0.14285714285714285
0.20916488029424374 0.14285714285714285
0.20916488029424374 0.14285714285714285
0.20916488029424374 0.14285714285714285
0.20916488029424374 0.14285714285714285
0.20916488029424374 0.14285714285714285
0.20916488029424374 0.14285714285714285
0.20916488029424374 0.14285714285714285
0.20916488029424374 0.14285714285714285
0.20916488029424374 0.14285714285714285
0.20916488029424374 0.14285714285714285
0.20916488029424374 0.14285714285714285
0.20916488029424374 0.14285714285714285
0.20916488029424374 0.14285714285714285
0.20916488029424374 0.14285714285714285
0.20916488029424374 0.14285714285714285
0.20916488029424374 0.14285714285714285
0.20916488029424374 0.14285714285714285
0.20916488029424374 0.14285714285714285
0.20916488029424374 0.14285714285714285
0.20916488029424374 0.14285714285714285
0.20916488029424374 0.14285714285714285
0.20916488029424374 0.14285714285714285
0.20916488029424374 0.14285714285714285
0.20916488029424374 0.14285714285714285
0.20916488029424374 0.14285714285714285
0.20916488029424374 0.14285714285714285
0.20916488029424374 0.14285714285714285
0.20916488029424374 0.14285714285714285
0.20916488029424374 0.14285714285714285
0.20916488029424374 0.14285714285714285
0.20916488029424374 0.14285714285714285
0.20916488029424374 0.14285714285714285
0.20916488029424374 0.14285714285714285
0.20916488029424374 0.14285714285714285
0.20916488029424374 0.14285714285714285
0.20916488029424374 0.14285714285714285
0.20916488029424374 0.14285714285714285
0.21732563455939194 0.14285733015755087
0.21732563455939194 0.14285733015755087
0.21732563455939194 0.14285733015755087
0.21732563455939194 0.14285733015755087
0.21732563455939194 0.14285733015755087
0.21732563455939194 0.14285733015755087
0.21732563455939194 0.14285733015755087
0.21732563455939194 0.14285733015755087
0.21732563455939194 0.14285733015755087
0.21732563455939194 0.14285733015755087
0.21732563455939194 0.14285733015755087
0.21732563455939194 0.14285733015755087
0.21732563455939194 0.14285733015755087
0.21732563455939194 0.14285733015755087
0.21732563455939194 0.14285733015755087
0.21732563455939194 0.14285733015755087
0.21732563455939194 0.14285733015755087
0.21732563455939194 0.14285733015755087
0.21732563455939194 0.14285733015755087
0.21732563455939194 0.14285733015755087
0.21732563455939194 0.14285733015755087
0.21732563455939194 0.14285733015755087
0.21732563455939194 0.14285733015755087
0.21732563455939194 0.14285733015755087
0.21732563455939194 0.14285733015755087
0.21732563455939194 0.14285733015755087
0.21732563455939194 0.14285733015755087
0.21732563455939194 0.14285733015755087
0.21732563455939194 0.14285733015755087
0.21732563455939194 0.14285733015755087
0.21732563455939194 0.14285733015755087
0.21732563455939194 0.14285733015755087
0.21732563455939194 0.14285733015755087
0.21732563455939194 0.14285733015755087
0.21732563455939194 0.14285733015755087
0.21732563455939194 0.14285733015755087
0.21732563455939194 0.14285733015755087
0.21732563455939194 0.14285733015755087
0.21732563455939194 0.14285733015755087
0.21732563455939194 0.14285733015755087
0.21732563455939194 0.14285733015755087
0.21732563455939194 0.14285733015755087
0.21732563455939194 0.14285733015755087
0.21732563455939194 0.14285733015755087
0.6506751778584762 0.14285700316240937
0.6506751778584762 0.14285700316240937
0.6506751778584762 0.14285700316240937
0.2052706961236644 0.14285714285714285
0.2052706961236644 0.14285714285714285
0.2052706961236644 0.14285714285714285
0.2052706961236644 0.14285714285714285
0.2052706961236644 0.14285714285714285
0.2052706961236644 0.14285714285714285
0.2052706961236644 0.14285714285714285
0.2052706961236644 0.14285714285714285
0.2052706961236644 0.14285714285714285
0.2052706961236644 0.14285714285714285
0.2052706961236644 0.14285714285714285
0.2052706961236644 0.14285714285714285
0.2052706961236644 0.14285714285714285
0.2052706961236644 0.14285714285714285
0.2052706961236644 0.14285714285714285
0.2052706961236644 0.14285714285714285
0.2052706961236644 0.14285714285714285
0.2052706961236644 0.14285714285714285
0.2052706961236644 0.14285714285714285
0.2052706961236644 0.14285714285714285
0.2052706961236644 0.14285714285714285
0.2052706961236644 0.14285714285714285
0.2052706961236644 0.14285714285714285
0.2052706961236644 0.14285714285714285
0.2052706961236644 0.14285714285714285
0.2052706961236644 0.14285714285714285
0.2052706961236644 0.14285714285714285
0.2052706961236644 0.14285714285714285
0.2052706961236644 0.14285714285714285
0.2052706961236644 0.14285714285714285
0.2052706961236644 0.14285714285714285
0.2052706961236644 0.14285714285714285
0.2052706961236644 0.14285714285714285
0.2052706961236644 0.14285714285714285
0.2052706961236644 0.14285714285714285
0.2052706961236644 0.14285714285714285
0.2052706961236644 0.14285714285714285
0.2052706961236644 0.14285714285714285
0.2052706961236644 0.14285714285714285
0.2052706961236644 0.14285714285714285
0.2052706961236644 0.14285714285714285
0.2052706961236644 0.14285714285714285
0.2052706961236644 0.14285714285714285
0.2052706961236644 0.14285714285714285
0.23236967561273292 0.14285696068717427
0.23236967561273292 0.14285696068717427
0.23236967561273292 0.14285696068717427
0.23236967561273292 0.14285696068717427
0.23236967561273292 0.14285696068717427
0.23236967561273292 0.14285696068717427
0.23236967561273292 0.14285696068717427
0.23236967561273292 0.14285696068717427
0.23236967561273292 0.14285696068717427
0.23236967561273292 0.14285696068717427
0.23236967561273292 0.14285696068717427
0.23236967561273292 0.14285696068717427
0.23236967561273292 0.14285696068717427
0.23236967561273292 0.14285696068717427
0.23236967561273292 0.14285696068717427
0.23236967561273292 0.14285696068717427
0.23236967561273292 0.14285696068717427
0.23236967561273292 0.14285696068717427
0.23236967561273292 0.14285696068717427
0.23236967561273292 0.14285696068717427
0.23236967561273292 0.14285696068717427
0.23236967561273292 0.14285696068717427
0.23236967561273292 0.14285696068717427
0.23236967561273292 0.14285696068717427
0.23236967561273292 0.14285696068717427
0.23236967561273292 0.14285696068717427
0.23236967561273292 0.14285696068717427
0.23236967561273292 0.14285696068717427
0.23236967561273292 0.14285696068717427
0.23236967561273292 0.14285696068717427
0.23236967561273292 0.14285696068717427
0.23236967561273292 0.14285696068717427
0.23236967561273292 0.14285696068717427
0.23236967561273292 0.14285696068717427
0.23236967561273292 0.14285696068717427
0.23236967561273292 0.14285696068717427
0.23236967561273292 0.14285696068717427
0.23236967561273292 0.14285696068717427
0.23236967561273292 0.14285696068717427
0.23236967561273292 0.14285696068717427
0.23236967561273292 0.14285696068717427
0.23236967561273292 0.14285696068717427
0.23236967561273292 0.14285696068717427
0.23236967561273292 0.14285696068717427
0.23236967561273292 0.14285696068717427
0.23236967561273292 0.14285696068717427
0.23236967561273292 0.14285696068717427
0.23236967561273292 0.14285696068717427
0.23236967561273292 0.14285696068717427
0.23236967561273292 0.14285696068717427
0.23236967561273292 0.14285696068717427
0.23236967561273292 0.14285696068717427
0.23236967561273292 0.14285696068717427
0.23236967561273292 0.14285696068717427
0.23236967561273292 0.14285696068717427
0.23236967561273292 0.14285696068717427
0.23236967561273292 0.14285696068717427
0.23236967561273292 0.14285696068717427
0.23236967561273292 0.14285696068717427
0.23236967561273292 0.14285696068717427
0.23236967561273292 0.14285696068717427
0.23236967561273292 0.14285696068717427
0.23236967561273292 0.14285696068717427
0.23236967561273292 0.14285696068717427
0.23236967561273292 0.14285696068717427
0.23236967561273292 0.14285696068717427
0.23236967561273292 0.14285696068717427
0.23236967561273292 0.14285696068717427
0.23236967561273292 0.14285696068717427
0.23236967561273292 0.14285696068717427
0.23236967561273292 0.14285696068717427
0.23236967561273292 0.14285696068717427
0.23236967561273292 0.14285696068717427
0.23236967561273292 0.14285696068717427
0.23236967561273292 0.14285696068717427
0.23236967561273292 0.14285696068717427
0.23236967561273292 0.14285696068717427
0.23236967561273292 0.14285696068717427
0.23236967561273292 0.14285696068717427
0.23236967561273292 0.14285696068717427
0.23236967561273292 0.14285696068717427
0.23236967561273292 0.14285696068717427
0.23236967561273292 0.14285696068717427
0.23236967561273292 0.14285696068717427
0.23236967561273292 0.14285696068717427
0.23236967561273292 0.14285696068717427
0.23236967561273292 0.14285696068717427
0.23236967561273292 0.14285696068717427
0.23236967561273292 0.14285696068717427
0.23236967561273292 0.14285696068717427
0.23236967561273292 0.14285696068717427
0.23236967561273292 0.14285696068717427
0.23236967561273292 0.14285696068717427
0.23236967561273292 0.14285696068717427
0.23236967561273292 0.14285696068717427
0.23236967561273292 0.14285696068717427
0.23236967561273292 0.14285696068717427
0.23236967561273292 0.14285696068717427
0.23236967561273292 0.14285696068717427
0.23236967561273292 0.14285696068717427
0.23236967561273292 0.14285696068717427
0.23236967561273292 0.14285696068717427
0.23236967561273292 0.14285696068717427
0.23236967561273292 0.14285696068717427
0.23236967561273292 0.14285696068717427
0.23236967561273292 0.14285696068717427
0.23236967561273292 0.14285696068717427
0.23236967561273292 0.14285696068717427
0.23236967561273292 0.14285696068717427
0.23236967561273292 0.14285696068717427
0.23236967561273292 0.14285696068717427
0.23236967561273292 0.14285696068717427
0.23236967561273292 0.14285696068717427
0.23236967561273292 0.14285696068717427
0.23236967561273292 0.14285696068717427
0.23236967561273292 0.14285696068717427
0.23236967561273292 0.14285696068717427
0.23236967561273292 0.14285696068717427
0.23236967561273292 0.14285696068717427
0.23236967561273292 0.14285696068717427
0.23236967561273292 0.14285696068717427
0.23236967561273292 0.14285696068717427
0.23236967561273292 0.14285696068717427
0.23236967561273292 0.14285696068717427
0.23236967561273292 0.14285696068717427
0.23236967561273292 0.14285696068717427
0.23236967561273292 0.14285696068717427
0.23236967561273292 0.14285696068717427
0.23236967561273292 0.14285696068717427
0.23236967561273292 0.14285696068717427
0.23236967561273292 0.14285696068717427
0.23236967561273292 0.14285696068717427
0.23236967561273292 0.14285696068717427
0.23236967561273292 0.14285696068717427
0.23236967561273292 0.14285696068717427
0.23236967561273292 0.14285696068717427
0.23236967561273292 0.14285696068717427
0.23236967561273292 0.14285696068717427
0.23236967561273292 0.14285696068717427
0.23236967561273292 0.14285696068717427
0.23236967561273292 0.14285696068717427
0.23236967561273292 0.14285696068717427
0.23236967561273292 0.14285696068717427
0.23236967561273292 0.14285696068717427
0.23236967561273292 0.14285696068717427
0.23236967561273292 0.14285696068717427
0.23236967561273292 0.14285696068717427
0.23236967561273292 0.14285696068717427
0.23236967561273292 0.14285696068717427
0.23236967561273292 0.14285696068717427
0.23236967561273292 0.14285696068717427
0.23236967561273292 0.14285696068717427
0.23236967561273292 0.14285696068717427
0.23236967561273292 0.14285696068717427
0.23236967561273292 0.14285696068717427
0.23236967561273292 0.14285696068717427
0.23236967561273292 0.14285696068717427
0.23236967561273292 0.14285696068717427
0.23236967561273292 0.14285696068717427
0.23236967561273292 0.14285696068717427
0.23236967561273292 0.14285696068717427
0.23236967561273292 0.14285696068717427
0.23236967561273292 0.14285696068717427
0.23236967561273292 0.14285696068717427
0.23236967561273292 0.14285696068717427
0.23236967561273292 0.14285696068717427
0.23236967561273292 0.14285696068717427
0.23236967561273292 0.14285696068717427
0.23236967561273292 0.14285696068717427
0.23236967561273292 0.14285696068717427
0.23236967561273292 0.14285696068717427
0.23236967561273292 0.14285696068717427
0.23236967561273292 0.14285696068717427
0.23236967561273292 0.14285696068717427
0.23236967561273292 0.14285696068717427
0.23236967561273292 0.14285696068717427
0.23236967561273292 0.14285696068717427
0.23236967561273292 0.14285696068717427
0.23236967561273292 0.14285696068717427
0.23236967561273292 0.14285696068717427
0.23236967561273292 0.14285696068717427
0.23236967561273292 0.14285696068717427
0.23236967561273292 0.14285696068717427
0.23236967561273292 0.14285696068717427
0.23236967561273292 0.14285696068717427
0.23236967561273292 0.14285696068717427
0.23236967561273292 0.14285696068717427
0.23236967561273292 0.14285696068717427
0.23236967561273292 0.14285696068717427
0.23236967561273292 0.14285696068717427
0.23236967561273292 0.14285696068717427
0.23236967561273292 0.14285696068717427
0.23236967561273292 0.14285696068717427
0.23236967561273292 0.14285696068717427
0.23236967561273292 0.14285696068717427
0.23236967561273292 0.14285696068717427
0.23236967561273292 0.14285696068717427
0.23236967561273292 0.14285696068717427
0.23236967561273292 0.14285696068717427
0.23236967561273292 0.14285696068717427
0.23236967561273292 0.14285696068717427
0.23236967561273292 0.14285696068717427
0.23236967561273292 0.14285696068717427
0.23236967561273292 0.14285696068717427
0.23236967561273292 0.14285696068717427
0.23236967561273292 0.14285696068717427
0.23236967561273292 0.14285696068717427
0.23236967561273292 0.14285696068717427
0.23236967561273292 0.14285696068717427
0.23236967561273292 0.14285696068717427
0.23236967561273292 0.14285696068717427
0.23236967561273292 0.14285696068717427
0.23236967561273292 0.14285696068717427
0.23236967561273292 0.14285696068717427
0.23236967561273292 0.14285696068717427
0.23236967561273292 0.14285696068717427
0.23236967561273292 0.14285696068717427
0.23236967561273292 0.14285696068717427
0.23236967561273292 0.14285696068717427
0.23236967561273292 0.14285696068717427
0.23236967561273292 0.14285696068717427
0.23236967561273292 0.14285696068717427
0.23236967561273292 0.14285696068717427
0.23236967561273292 0.14285696068717427
0.23236967561273292 0.14285696068717427
0.23236967561273292 0.14285696068717427
0.23236967561273292 0.14285696068717427
0.23236967561273292 0.14285696068717427
0.23236967561273292 0.14285696068717427
0.23236967561273292 0.14285696068717427
0.23236967561273292 0.14285696068717427
0.23236967561273292 0.14285696068717427
0.23236967561273292 0.14285696068717427
0.23236967561273292 0.14285696068717427
0.23236967561273292 0.14285696068717427
0.23236967561273292 0.14285696068717427
0.23236967561273292 0.14285696068717427
0.23236967561273292 0.14285696068717427
0.23236967561273292 0.14285696068717427
0.23236967561273292 0.14285696068717427
0.23236967561273292 0.14285696068717427
0.23236967561273292 0.14285696068717427
0.23236967561273292 0.14285696068717427
0.23236967561273292 0.14285696068717427
0.23236967561273292 0.14285696068717427
0.23236967561273292 0.14285696068717427
0.23236967561273292 0.14285696068717427
0.23236967561273292 0.14285696068717427
0.23236967561273292 0.14285696068717427
0.23236967561273292 0.14285696068717427
0.23236967561273292 0.14285696068717427
0.23236967561273292 0.14285696068717427
0.23236967561273292 0.14285696068717427
0.23236967561273292 0.14285696068717427
0.23236967561273292 0.14285696068717427
0.23236967561273292 0.14285696068717427
0.23236967561273292 0.14285696068717427
0.23236967561273292 0.14285696068717427
0.23236967561273292 0.14285696068717427
0.23236967561273292 0.14285696068717427
0.23236967561273292 0.14285696068717427
0.23236967561273292 0.14285696068717427
0.23236967561273292 0.14285696068717427
0.23236967561273292 0.14285696068717427
0.03398897723626102 0.14285714285714285
0.03398897723626102 0.14285714285714285
0.03398897723626102 0.14285714285714285
0.03398897723626102 0.14285714285714285
0.03398897723626102 0.14285714285714285
0.03398897723626102 0.14285714285714285
0.03398897723626102 0.14285714285714285
0.03398897723626102 0.14285714285714285
0.03398897723626102 0.14285714285714285
0.6666941323477942 0.14285746702166283
0.6666941323477942 0.14285746702166283
0.6666941323477942 0.14285746702166283
0.6666941323477942 0.14285746702166283
0.6666941323477942 0.14285746702166283
0.6666941323477942 0.14285746702166283
0.6666941323477942 0.14285746702166283
0.6666941323477942 0.14285746702166283
0.6666941323477942 0.14285746702166283
0.6666941323477942 0.14285746702166283
0.6666941323477942 0.14285746702166283
0.6666941323477942 0.14285746702166283
0.6666941323477942 0.14285746702166283
0.6666941323477942 0.14285746702166283
0.6666941323477942 0.14285746702166283
0.22859949444688735 0.14285714285714285
0.22859949444688735 0.14285714285714285
0.22859949444688735 0.14285714285714285
0.22859949444688735 0.14285714285714285
0.22859949444688735 0.14285714285714285
0.22859949444688735 0.14285714285714285
0.22859949444688735 0.14285714285714285
0.22859949444688735 0.14285714285714285
0.22859949444688735 0.14285714285714285
0.22859949444688735 0.14285714285714285
0.22859949444688735 0.14285714285714285
0.22859949444688735 0.14285714285714285
0.22859949444688735 0.14285714285714285
0.22859949444688735 0.14285714285714285
0.22859949444688735 0.14285714285714285
0.22859949444688735 0.14285714285714285
0.22859949444688735 0.14285714285714285
0.22859949444688735 0.14285714285714285
0.22859949444688735 0.14285714285714285
0.22859949444688735 0.14285714285714285
0.22859949444688735 0.14285714285714285
0.22859949444688735 0.14285714285714285
0.22859949444688735 0.14285714285714285
0.22859949444688735 0.14285714285714285
0.22859949444688735 0.14285714285714285
0.22859949444688735 0.14285714285714285
0.22859949444688735 0.14285714285714285
0.22859949444688735 0.14285714285714285
0.22859949444688735 0.14285714285714285
0.22859949444688735 0.14285714285714285
0.22859949444688735 0.14285714285714285
0.22859949444688735 0.14285714285714285
0.22859949444688735 0.14285714285714285
0.22859949444688735 0.14285714285714285
0.22859949444688735 0.14285714285714285
0.22859949444688735 0.14285714285714285
0.22859949444688735 0.14285714285714285
0.22859949444688735 0.14285714285714285
0.22859949444688735 0.14285714285714285
0.22859949444688735 0.14285714285714285
0.22859949444688735 0.14285714285714285
0.22859949444688735 0.14285714285714285
0.22859949444688735 0.14285714285714285
0.22859949444688735 0.14285714285714285
0.6616711220393953 0.14285690695682615
0.6616711220393953 0.14285690695682615
0.6616711220393953 0.14285690695682615
0.6616711220393953 0.14285690695682615
0.6616711220393953 0.14285690695682615
0.6616711220393953 0.14285690695682615
0.6616711220393953 0.14285690695682615
0.6616711220393953 0.14285690695682615
0.6616711220393953 0.14285690695682615
0.6616711220393953 0.14285690695682615
0.6616711220393953 0.14285690695682615
0.6616711220393953 0.14285690695682615
0.6670689448314313 0.14285714285714285
0.6670689448314313 0.14285714285714285
0.6670689448314313 0.14285714285714285
0.030027890295526046 0.1428573696236911
0.030027890295526046 0.1428573696236911
0.030027890295526046 0.1428573696236911
0.043576300339608194 0.14285701783710839
0.043576300339608194 0.14285701783710839
0.043576300339608194 0.14285701783710839
0.22431409731500238 0.1428572665884561
0.22431409731500238 0.1428572665884561
0.22431409731500238 0.1428572665884561
0.22431409731500238 0.1428572665884561
0.22431409731500238 0.1428572665884561
0.22431409731500238 0.1428572665884561
0.22431409731500238 0.1428572665884561
0.22431409731500238 0.1428572665884561
0.22431409731500238 0.1428572665884561
0.22431409731500238 0.1428572665884561
0.22431409731500238 0.1428572665884561
0.22431409731500238 0.1428572665884561
0.22431409731500238 0.1428572665884561
0.22431409731500238 0.1428572665884561
0.22431409731500238 0.1428572665884561
0.22431409731500238 0.1428572665884561
0.22431409731500238 0.1428572665884561
0.22431409731500238 0.1428572665884561
0.22431409731500238 0.1428572665884561
0.22431409731500238 0.1428572665884561
0.22431409731500238 0.1428572665884561
0.22431409731500238 0.1428572665884561
0.22431409731500238 0.1428572665884561
0.22431409731500238 0.1428572665884561
0.22431409731500238 0.1428572665884561
0.22431409731500238 0.1428572665884561
0.22431409731500238 0.1428572665884561
0.22431409731500238 0.1428572665884561
0.22431409731500238 0.1428572665884561
0.22431409731500238 0.1428572665884561
0.22431409731500238 0.1428572665884561
0.22431409731500238 0.1428572665884561
0.22431409731500238 0.1428572665884561
0.22431409731500238 0.1428572665884561
0.22431409731500238 0.1428572665884561
0.22431409731500238 0.1428572665884561
0.22431409731500238 0.1428572665884561
0.22431409731500238 0.1428572665884561
0.22431409731500238 0.1428572665884561
0.22431409731500238 0.1428572665884561
0.22431409731500238 0.1428572665884561
0.22431409731500238 0.1428572665884561
0.22431409731500238 0.1428572665884561
0.22431409731500238 0.1428572665884561
0.6487463014050412 0.1428573465574679
0.6487463014050412 0.1428573465574679
0.6487463014050412 0.1428573465574679
0.6385967352414834 0.14285714285714285
0.6385967352414834 0.14285714285714285
0.6385967352414834 0.14285714285714285
0.04327328362711718 0.1428572665884561
0.04327328362711718 0.1428572665884561
0.04327328362711718 0.1428572665884561
0.19376174007402652 0.14285686119096347
0.19376174007402652 0.14285686119096347
0.19376174007402652 0.14285686119096347
0.19376174007402652 0.14285686119096347
0.19376174007402652 0.14285686119096347
0.19376174007402652 0.14285686119096347
0.19376174007402652 0.14285686119096347
0.19376174007402652 0.14285686119096347
0.19376174007402652 0.14285686119096347
0.19376174007402652 0.14285686119096347
0.19376174007402652 0.14285686119096347
0.19376174007402652 0.14285686119096347
0.19376174007402652 0.14285686119096347
0.19376174007402652 0.14285686119096347
0.19376174007402652 0.14285686119096347
0.19376174007402652 0.14285686119096347
0.19376174007402652 0.14285686119096347
0.19376174007402652 0.14285686119096347
0.19376174007402652 0.14285686119096347
0.19376174007402652 0.14285686119096347
0.19376174007402652 0.14285686119096347
0.19376174007402652 0.14285686119096347
0.19376174007402652 0.14285686119096347
0.19376174007402652 0.14285686119096347
0.19376174007402652 0.14285686119096347
0.19376174007402652 0.14285686119096347
0.19376174007402652 0.14285686119096347
0.19376174007402652 0.14285686119096347
0.19376174007402652 0.14285686119096347
0.19376174007402652 0.14285686119096347
0.19376174007402652 0.14285686119096347
0.19376174007402652 0.14285686119096347
0.19376174007402652 0.14285686119096347
0.19376174007402652 0.14285686119096347
0.19376174007402652 0.14285686119096347
0.19376174007402652 0.14285686119096347
0.19376174007402652 0.14285686119096347
0.19376174007402652 0.14285686119096347
0.19376174007402652 0.14285686119096347
0.19376174007402652 0.14285686119096347
0.19376174007402652 0.14285686119096347
0.19376174007402652 0.14285686119096347
0.19376174007402652 0.14285686119096347
0.19376174007402652 0.14285686119096347
0.6687106991126348 0.14285686119096347
0.6687106991126348 0.14285686119096347
0.6687106991126348 0.14285686119096347
0.19233552592688466 0.14285714285714285
0.19233552592688466 0.14285714285714285
0.19233552592688466 0.14285714285714285
0.19233552592688466 0.14285714285714285
0.19233552592688466 0.14285714285714285
0.19233552592688466 0.14285714285714285
0.19233552592688466 0.14285714285714285
0.19233552592688466 0.14285714285714285
0.19233552592688466 0.14285714285714285
0.19233552592688466 0.14285714285714285
0.19233552592688466 0.14285714285714285
0.19233552592688466 0.14285714285714285
0.19233552592688466 0.14285714285714285
0.19233552592688466 0.14285714285714285
0.19233552592688466 0.14285714285714285
0.19233552592688466 0.14285714285714285
0.19233552592688466 0.14285714285714285
0.19233552592688466 0.14285714285714285
0.19233552592688466 0.14285714285714285
0.19233552592688466 0.14285714285714285
0.19233552592688466 0.14285714285714285
0.19233552592688466 0.14285714285714285
0.19233552592688466 0.14285714285714285
0.19233552592688466 0.14285714285714285
0.19233552592688466 0.14285714285714285
0.19233552592688466 0.14285714285714285
0.19233552592688466 0.14285714285714285
0.19233552592688466 0.14285714285714285
0.19233552592688466 0.14285714285714285
0.19233552592688466 0.14285714285714285
0.19233552592688466 0.14285714285714285
0.19233552592688466 0.14285714285714285
0.19233552592688466 0.14285714285714285
0.19233552592688466 0.14285714285714285
0.19233552592688466 0.14285714285714285
0.19233552592688466 0.14285714285714285
0.19233552592688466 0.14285714285714285
0.19233552592688466 0.14285714285714285
0.19233552592688466 0.14285714285714285
0.19233552592688466 0.14285714285714285
0.19233552592688466 0.14285714285714285
0.19233552592688466 0.14285714285714285
0.19233552592688466 0.14285714285714285
0.19233552592688466 0.14285714285714285
0.19233552592688466 0.14285714285714285
0.19233552592688466 0.14285714285714285
0.19233552592688466 0.14285714285714285
0.19233552592688466 0.14285714285714285
0.19233552592688466 0.14285714285714285
0.19233552592688466 0.14285714285714285
0.19233552592688466 0.14285714285714285
0.19233552592688466 0.14285714285714285
0.19233552592688466 0.14285714285714285
0.19233552592688466 0.14285714285714285
0.19233552592688466 0.14285714285714285
0.19233552592688466 0.14285714285714285
0.19233552592688466 0.14285714285714285
0.19233552592688466 0.14285714285714285
0.19233552592688466 0.14285714285714285
0.19233552592688466 0.14285714285714285
0.19233552592688466 0.14285714285714285
0.19233552592688466 0.14285714285714285
0.19233552592688466 0.14285714285714285
0.19233552592688466 0.14285714285714285
0.19233552592688466 0.14285714285714285
0.19233552592688466 0.14285714285714285
0.19233552592688466 0.14285714285714285
0.19233552592688466 0.14285714285714285
0.19233552592688466 0.14285714285714285
0.19233552592688466 0.14285714285714285
0.19233552592688466 0.14285714285714285
0.19233552592688466 0.14285714285714285
0.19233552592688466 0.14285714285714285
0.19233552592688466 0.14285714285714285
0.19233552592688466 0.14285714285714285
0.19233552592688466 0.14285714285714285
0.19233552592688466 0.14285714285714285
0.19233552592688466 0.14285714285714285
0.19233552592688466 0.14285714285714285
0.19233552592688466 0.14285714285714285
0.19233552592688466 0.14285714285714285
0.19233552592688466 0.14285714285714285
0.19233552592688466 0.14285714285714285
0.19233552592688466 0.14285714285714285
0.19233552592688466 0.14285714285714285
0.19233552592688466 0.14285714285714285
0.19233552592688466 0.14285714285714285
0.19233552592688466 0.14285714285714285
0.19233552592688466 0.14285714285714285
0.19233552592688466 0.14285714285714285
0.19233552592688466 0.14285714285714285
0.19233552592688466 0.14285714285714285
0.19233552592688466 0.14285714285714285
0.19233552592688466 0.14285714285714285
0.19233552592688466 0.14285714285714285
0.19233552592688466 0.14285714285714285
0.19233552592688466 0.14285714285714285
0.19233552592688466 0.14285714285714285
0.19233552592688466 0.14285714285714285
0.19233552592688466 0.14285714285714285
0.19233552592688466 0.14285714285714285
0.19233552592688466 0.14285714285714285
0.19233552592688466 0.14285714285714285
0.19233552592688466 0.14285714285714285
0.19233552592688466 0.14285714285714285
0.19233552592688466 0.14285714285714285
0.19233552592688466 0.14285714285714285
0.19233552592688466 0.14285714285714285
0.19233552592688466 0.14285714285714285
0.19233552592688466 0.14285714285714285
0.19233552592688466 0.14285714285714285
0.19233552592688466 0.14285714285714285
0.19233552592688466 0.14285714285714285
0.19233552592688466 0.14285714285714285
0.19233552592688466 0.14285714285714285
0.19233552592688466 0.14285714285714285
0.19233552592688466 0.14285714285714285
0.19233552592688466 0.14285714285714285
0.19233552592688466 0.14285714285714285
0.19233552592688466 0.14285714285714285
0.19233552592688466 0.14285714285714285
0.19233552592688466 0.14285714285714285
0.19233552592688466 0.14285714285714285
0.19233552592688466 0.14285714285714285
0.19233552592688466 0.14285714285714285
0.19233552592688466 0.14285714285714285
0.19233552592688466 0.14285714285714285
0.19233552592688466 0.14285714285714285
0.19233552592688466 0.14285714285714285
0.19233552592688466 0.14285714285714285
0.19233552592688466 0.14285714285714285
0.19233552592688466 0.14285714285714285
0.025385548336025455 0.14285730091922585
0.025385548336025455 0.14285730091922585
0.025385548336025455 0.14285730091922585