2.9119649719477658e-05 7.5097831899981745e-06
1.2346136276652221e-05 7.507364615659846e-06
1.543267034581528e-05 7.507364615659846e-06
1.8519204414978332e-05 7.507364615659846e-06
2.9116849081374516e-05 7.5097831899981745e-06
2.9120915052759014e-05 7.5097831899981745e-06
2.9121147808979267e-05 7.5097831899981745e-06
8.714919724695686e-06 7.507364615659846e-06
2.912254836761764e-05 7.5097831899981745e-06
2.2223045297974e-05 7.507364615659846e-06
2.874535050327283e-06 7.509701331709956e-06
2.8739970055406454e-06 7.509701331709956e-06
2.9119047125414482e-05 7.5097831899981745e-06
7.0685809243502085e-06 7.507364615659846e-06
2.911663511433223e-05 7.5097831899981745e-06
1.0450300048398511e-05 7.509625245290812e-06
2.160573848414139e-05 7.507364615659846e-06
5.527746013874051e-06 7.510029226682033e-06
3.086534069163056e-05 7.507364615659846e-06
1.8519204414978332e-05 7.507364615659846e-06
2.9110547929727755e-05 7.5097831899981745e-06
3.5210368318963287e-06 7.50969305821862e-06
2.9116926171961803e-05 7.5097831899981745e-06
2.9118035375641027e-05 7.5097831899981745e-06
2.912118727190212e-05 7.5097831899981745e-06
2.9121129082709424e-05 7.5097831899981745e-06
1.0101384226351817e-05 7.507364615659846e-06
2.657103242149065e-05 7.507364615659846e-06
2.9120915052759014e-05 7.5097831899981745e-06
1.543267034581528e-05 7.507364615659846e-06
2.911770498099183e-05 7.5097831899981745e-06
2.9120447560539545e-05 7.5097831899981745e-06
2.912118727190212e-05 7.5097831899981745e-06
2.912202262331577e-05 7.5097831899981745e-06
6.944701655616875e-06 7.507364615659846e-06
2.9120759217438055e-05 7.5097831899981745e-06
1.6461515035536294e-05 7.507364615659846e-06
1.1111522648987e-05 7.507364615659846e-06
1.620430386310604e-05 7.507364615659846e-06
2.912081740806609e-05 7.5097831899981745e-06
2.874517185994137e-06 7.509701331709956e-06
2.2223045297974e-05 7.507364615659846e-06
1.0447453096963928e-05 7.509625245290812e-06
2.9121401303853258e-05 7.5097831899981745e-06
2.057689379442037e-05 7.507364615659846e-06
6.105232224718132e-07 7.507364615659846e-06
3.5208303097087256e-06 7.50969305821862e-06
2.9120331175557815e-05 7.5097831899981745e-06
2.873976823969476e-06 7.509701331709956e-06
2.912070102595467e-05 7.5097831899981745e-06