3.2395774589922325e-05 8.645614443818523e-06
5.392553426247773e-06 8.644574511126481e-06
2.2431409015053515e-05 8.645614443818523e-06
5.391189087038067e-06 8.644574511126481e-06
4.813230965213587e-05 8.645614443818523e-06
1.1725509257868882e-05 8.645614443818523e-06
3.167796772743539e-05 8.645614443818523e-06
1.7518745057211216e-05 8.645614443818523e-06
2.78075318368432e-06 8.645614443818523e-06
8.02733466646153e-06 8.64458095619448e-06
5.376122821789685e-06 8.645614443818523e-06
8.514632445544645e-06 8.644575736675559e-06
8.724613113809554e-06 8.645614443818523e-06
6.502684368000256e-06 8.645614443818523e-06
4.449205093894912e-06 8.645614443818523e-06
8.940547981432157e-06 8.644576599951894e-06
3.453430620499384e-05 8.645614443818523e-06
3.1378534736223776e-05 8.645614443818523e-06
1.3204472938711196e-05 8.64452697577062e-06
3.3941532124551436e-06 8.64458293318113e-06
3.687035319552633e-05 8.64469456712213e-06
2.0911263941306088e-05 8.645614443818523e-06
8.936905869782002e-06 8.644576599951894e-06
8.940463488491337e-06 8.644576599951894e-06
4.390662921606821e-06 8.645614443818523e-06
2.673806130085446e-05 8.64469456712213e-06
1.6566189179395949e-06 8.645614443818523e-06
3.877164438965566e-05 8.645614443818523e-06
1.7796820375579647e-05 8.645614443818523e-06
3.994778791158309e-05 8.644770310402801e-06
4.487938024292934e-06 8.644577592768797e-06
3.971551676402085e-05 8.644770310402801e-06
8.93771555155192e-06 8.644576599951894e-06
2.854906601915902e-05 8.645614443818523e-06
2.0180323104451922e-05 8.645614443818523e-06
3.092197540256964e-05 8.645614443818523e-06
3.077366856610647e-05 8.645614443818523e-06
5.856362092879995e-06 8.645614443818523e-06
4.531340920535406e-06 8.644577592768797e-06
3.3913423526348494e-06 8.64458293318113e-06
7.850753498962494e-06 8.64457897515182e-06
6.254940817219106e-06 8.644591468621345e-06
1.3624351998122218e-06 8.64457476827677e-06
3.929500333133011e-05 8.644770310402801e-06
1.112301273473728e-06 8.645614443818523e-06
9.055057017501528e-05 8.645614443818523e-06
2.5424029107970925e-06 8.645614443818523e-06
5.390995066488192e-06 8.644574511126481e-06
8.025463889872506e-06 8.64458095619448e-06
5.836737733617395e-05 8.645614443818523e-06