1.6874298257416138e-06 1.9758192837090047e-06
1.6874298257416138e-06 1.9758192837090047e-06
1.6874298257416138e-06 1.9758192837090047e-06
1.6874298257416138e-06 1.9758192837090047e-06
1.6874298257416138e-06 1.9758192837090047e-06
1.6874298257416138e-06 1.9758192837090047e-06
1.6874298257416138e-06 1.9758192837090047e-06
1.6874298257416138e-06 1.9758192837090047e-06
1.6874298257416138e-06 1.9758192837090047e-06
1.6874298257416138e-06 1.9758192837090047e-06
1.6874298257416138e-06 1.9758192837090047e-06
1.6874298257416138e-06 1.9758192837090047e-06
1.6874298257416138e-06 1.9758192837090047e-06
1.6874298257416138e-06 1.9758192837090047e-06
1.6874298257416138e-06 1.9758192837090047e-06
1.6874298257416138e-06 1.9758192837090047e-06
1.6874298257416138e-06 1.9758192837090047e-06
1.6874298257416138e-06 1.9758192837090047e-06
1.6874298257416138e-06 1.9758192837090047e-06
1.6874298257416138e-06 1.9758192837090047e-06
1.6874298257416138e-06 1.9758192837090047e-06
1.6874298257416138e-06 1.9758192837090047e-06
1.6874298257416138e-06 1.9758192837090047e-06
1.6874298257416138e-06 1.9758192837090047e-06
1.6874298257416138e-06 1.9758192837090047e-06
1.6874298257416138e-06 1.9758192837090047e-06
1.6874298257416138e-06 1.9758192837090047e-06
1.6874298257416138e-06 1.9758192837090047e-06
1.6874298257416138e-06 1.9758192837090047e-06
1.6874298257416138e-06 1.9758192837090047e-06
1.6874298257416138e-06 1.9758192837090047e-06
1.6874298257416138e-06 1.9758192837090047e-06
1.6874298257416138e-06 1.9758192837090047e-06
9.94472808826247e-07 1.975813518798689e-06
9.94472808826247e-07 1.975813518798689e-06
1.5886516383370613e-06 1.9758240573961282e-06
1.5886516383370613e-06 1.9758240573961282e-06
1.5886516383370613e-06 1.9758240573961282e-06
1.0078436375949235e-06 1.9758658523373366e-06
1.0078436375949235e-06 1.9758658523373366e-06
1.0078436375949235e-06 1.9758658523373366e-06
1.0078436375949235e-06 1.9758658523373366e-06
8.842873108629726e-07 1.9757839436552372e-06
8.842873108629726e-07 1.9757839436552372e-06
2.0779671108612336e-06 1.9758126104994064e-06
2.0779671108612336e-06 1.9758126104994064e-06
2.0779671108612336e-06 1.9758126104994064e-06
2.0779671108612336e-06 1.9758126104994064e-06
2.0779671108612336e-06 1.9758126104994064e-06
2.0779671108612336e-06 1.9758126104994064e-06