1.0551279994618882e-06 1.975826650082383e-06
1.0551279994618882e-06 1.975826650082383e-06
2.2826109824905864e-06 1.9758123579285523e-06
2.2826109824905864e-06 1.9758123579285523e-06
1.0549005063119199e-06 1.975826650082383e-06
1.0549005063119199e-06 1.975826650082383e-06
8.377700237507802e-07 1.9756753116479106e-06
8.377700237507802e-07 1.9756753116479106e-06
8.377700237507802e-07 1.9756753116479106e-06
8.377700237507802e-07 1.9756753116479106e-06
2.1803612435215953e-06 1.9757612360144247e-06
2.1803612435215953e-06 1.9757612360144247e-06
2.1803612435215953e-06 1.9757612360144247e-06
2.1803612435215953e-06 1.9757612360144247e-06
1.0550142445275493e-06 1.975826650082383e-06
1.0550142445275493e-06 1.975826650082383e-06
1.0551771642031368e-06 1.975826650082383e-06
1.0551771642031368e-06 1.975826650082383e-06
1.9037078254274903e-06 1.9758442108483194e-06
1.9037078254274903e-06 1.9758442108483194e-06
1.963176030334074e-06 1.9758499974366825e-06
1.963176030334074e-06 1.9758499974366825e-06
1.963176030334074e-06 1.9758499974366825e-06
1.963176030334074e-06 1.9758499974366825e-06
1.025718341872607e-06 1.975833734915741e-06
1.025718341872607e-06 1.975833734915741e-06
1.025718341872607e-06 1.975833734915741e-06
1.025718341872607e-06 1.975833734915741e-06
1.025865972677792e-06 1.975833734915741e-06
1.025865972677792e-06 1.975833734915741e-06
1.025865972677792e-06 1.975833734915741e-06
1.025865972677792e-06 1.975833734915741e-06
9.308555819453113e-07 1.9756753116479106e-06
9.308555819453113e-07 1.9756753116479106e-06
9.308555819453113e-07 1.9756753116479106e-06
9.308555819453113e-07 1.9756753116479106e-06
1.0556195219270912e-06 1.975826650082383e-06
1.0556195219270912e-06 1.975826650082383e-06
1.055091784325473e-06 1.975826650082383e-06
1.055091784325473e-06 1.975826650082383e-06
7.854093972663564e-07 1.9756753116479106e-06
7.854093972663564e-07 1.9756753116479106e-06
7.854093972663564e-07 1.9756753116479106e-06
7.854093972663564e-07 1.9756753116479106e-06
1.0252402374861646e-06 1.975833734915741e-06
1.0252402374861646e-06 1.975833734915741e-06
1.0252402374861646e-06 1.975833734915741e-06
1.0252402374861646e-06 1.975833734915741e-06
1.90375501266611e-06 1.9758442108483194e-06
1.90375501266611e-06 1.9758442108483194e-06
1.0253237682641893e-06 1.975833734915741e-06
1.0253237682641893e-06 1.975833734915741e-06
1.0253237682641893e-06 1.975833734915741e-06
1.0253237682641893e-06 1.975833734915741e-06
2.1802636882086857e-06 1.9757612360144247e-06
2.1802636882086857e-06 1.9757612360144247e-06
2.1802636882086857e-06 1.9757612360144247e-06
2.1802636882086857e-06 1.9757612360144247e-06
1.0550400608499913e-06 1.975826650082383e-06
1.0550400608499913e-06 1.975826650082383e-06
1.0252238757560168e-06 1.975833734915741e-06
1.0252238757560168e-06 1.975833734915741e-06
1.0252238757560168e-06 1.975833734915741e-06
1.0252238757560168e-06 1.975833734915741e-06
1.0252848024405315e-06 1.975833734915741e-06
1.0252848024405315e-06 1.975833734915741e-06
1.0252848024405315e-06 1.975833734915741e-06
1.0252848024405315e-06 1.975833734915741e-06
2.2762082957394314e-06 1.9758370225414256e-06
2.2762082957394314e-06 1.9758370225414256e-06
2.2762082957394314e-06 1.9758370225414256e-06
2.2762082957394314e-06 1.9758370225414256e-06
1.025208159489528e-06 1.975833734915741e-06
1.025208159489528e-06 1.975833734915741e-06
1.025208159489528e-06 1.975833734915741e-06
1.025208159489528e-06 1.975833734915741e-06
1.0550530130018387e-06 1.975826650082383e-06
1.0550530130018387e-06 1.975826650082383e-06
4.927467675812047e-07 1.9769542279341223e-06
4.927467675812047e-07 1.9769542279341223e-06
1.963234860019884e-06 1.9758499974366825e-06
1.963234860019884e-06 1.9758499974366825e-06
1.963234860019884e-06 1.9758499974366825e-06
1.963234860019884e-06 1.9758499974366825e-06
1.8326219269548316e-06 1.9756753116479106e-06
1.8326219269548316e-06 1.9756753116479106e-06
1.8326219269548316e-06 1.9756753116479106e-06
1.8326219269548316e-06 1.9756753116479106e-06
1.0250725509411575e-06 1.975833734915741e-06
1.0250725509411575e-06 1.975833734915741e-06
1.0250725509411575e-06 1.975833734915741e-06
1.0250725509411575e-06 1.975833734915741e-06
1.0472125296884753e-06 1.9756753116479106e-06
1.0472125296884753e-06 1.9756753116479106e-06
1.0472125296884753e-06 1.9756753116479106e-06
1.0472125296884753e-06 1.9756753116479106e-06
1.0551927457682696e-06 1.975826650082383e-06
1.0551927457682696e-06 1.975826650082383e-06
1.0252540158806889e-06 1.975833734915741e-06
1.0252540158806889e-06 1.975833734915741e-06
1.0252540158806889e-06 1.975833734915741e-06
1.0252540158806889e-06 1.975833734915741e-06
1.025261551188758e-06 1.975833734915741e-06
1.025261551188758e-06 1.975833734915741e-06
1.025261551188758e-06 1.975833734915741e-06
1.025261551188758e-06 1.975833734915741e-06
2.0944250593769506e-06 1.9756753116479106e-06
2.0944250593769506e-06 1.9756753116479106e-06
2.0944250593769506e-06 1.9756753116479106e-06
2.0944250593769506e-06 1.9756753116479106e-06
1.0252540158806889e-06 1.975833734915741e-06
1.0252540158806889e-06 1.975833734915741e-06
1.0252540158806889e-06 1.975833734915741e-06
1.0252540158806889e-06 1.975833734915741e-06
1.0558393767667453e-06 1.975826650082383e-06
1.0558393767667453e-06 1.975826650082383e-06
2.759545858928292e-06 1.9758956388914506e-06
2.759545858928292e-06 1.9758956388914506e-06
1.0255713277256614e-06 1.975833734915741e-06
1.0255713277256614e-06 1.975833734915741e-06
1.0255713277256614e-06 1.975833734915741e-06
1.0255713277256614e-06 1.975833734915741e-06
2.276151356191596e-06 1.9758370225414256e-06
2.276151356191596e-06 1.9758370225414256e-06
2.276151356191596e-06 1.9758370225414256e-06
2.276151356191596e-06 1.9758370225414256e-06
1.0550840298327834e-06 1.975826650082383e-06
1.0550840298327834e-06 1.975826650082383e-06
8.212446126353411e-07 1.9769542279341223e-06
8.212446126353411e-07 1.9769542279341223e-06
1.0549444684531758e-06 1.975826650082383e-06
1.0549444684531758e-06 1.975826650082383e-06
1.0556014896482564e-06 1.975826650082383e-06
1.0556014896482564e-06 1.975826650082383e-06
1.3659293865501852e-06 1.9756753116479106e-06
1.3659293865501852e-06 1.9756753116479106e-06
1.3659293865501852e-06 1.9756753116479106e-06
1.3659293865501852e-06 1.9756753116479106e-06
1.396283372917967e-06 1.9756753116479106e-06
1.396283372917967e-06 1.9756753116479106e-06
1.396283372917967e-06 1.9756753116479106e-06
1.396283372917967e-06 1.9756753116479106e-06
3.275999480366526e-06 1.9756753116479106e-06
3.275999480366526e-06 1.9756753116479106e-06
3.275999480366526e-06 1.9756753116479106e-06
3.275999480366526e-06 1.9756753116479106e-06
5.474964084235608e-07 1.9769542279341223e-06
5.474964084235608e-07 1.9769542279341223e-06
1.0252471264302703e-06 1.975833734915741e-06
1.0252471264302703e-06 1.975833734915741e-06
1.0252471264302703e-06 1.975833734915741e-06
1.0252471264302703e-06 1.975833734915741e-06
4.6542779097265565e-07 1.9756753116479106e-06
4.6542779097265565e-07 1.9756753116479106e-06
4.6542779097265565e-07 1.9756753116479106e-06
4.6542779097265565e-07 1.9756753116479106e-06
1.0553324010537838e-06 1.975826650082383e-06
1.0553324010537838e-06 1.975826650082383e-06
9.308555819453113e-07 1.9756753116479106e-06
9.308555819453113e-07 1.9756753116479106e-06
9.308555819453113e-07 1.9756753116479106e-06
9.308555819453113e-07 1.9756753116479106e-06
1.963250488572264e-06 1.9758499974366825e-06
1.963250488572264e-06 1.9758499974366825e-06
1.963250488572264e-06 1.9758499974366825e-06
1.963250488572264e-06 1.9758499974366825e-06
1.0251108660695357e-06 1.975833734915741e-06
1.0251108660695357e-06 1.975833734915741e-06
1.0251108660695357e-06 1.975833734915741e-06
1.0251108660695357e-06 1.975833734915741e-06
9.854935351624093e-07 1.9769542279341223e-06
9.854935351624093e-07 1.9769542279341223e-06
5.474964084235608e-07 1.9769542279341223e-06
5.474964084235608e-07 1.9769542279341223e-06
1.0551279994618882e-06 1.975826650082383e-06
1.0551279994618882e-06 1.975826650082383e-06
5.474964084235608e-07 1.9769542279341223e-06
5.474964084235608e-07 1.9769542279341223e-06
2.680414952595735e-06 1.9757906498650862e-06
2.680414952595735e-06 1.9757906498650862e-06
2.680414952595735e-06 1.9757906498650862e-06
2.680414952595735e-06 1.9757906498650862e-06
1.0253935175718943e-06 1.975833734915741e-06
1.0253935175718943e-06 1.975833734915741e-06
1.0253935175718943e-06 1.975833734915741e-06
1.0253935175718943e-06 1.975833734915741e-06
1.0550633235295632e-06 1.975826650082383e-06
1.0550633235295632e-06 1.975826650082383e-06
1.0253564817129669e-06 1.975833734915741e-06
1.0253564817129669e-06 1.975833734915741e-06
1.0253564817129669e-06 1.975833734915741e-06
1.0253564817129669e-06 1.975833734915741e-06
9.239001892147588e-07 1.9769542279341223e-06
9.239001892147588e-07 1.9769542279341223e-06
6.981416864589835e-07 1.9756753116479106e-06
6.981416864589835e-07 1.9756753116479106e-06
6.981416864589835e-07 1.9756753116479106e-06
6.981416864589835e-07 1.9756753116479106e-06
3.8080455625035465e-07 1.9756753116479106e-06
3.8080455625035465e-07 1.9756753116479106e-06
3.8080455625035465e-07 1.9756753116479106e-06
3.8080455625035465e-07 1.9756753116479106e-06
2.3188083180291985e-06 1.9769542279341223e-06
2.3188083180291985e-06 1.9769542279341223e-06
1.055091784325473e-06 1.975826650082383e-06
1.055091784325473e-06 1.975826650082383e-06
1.0550995389321488e-06 1.975826650082383e-06
1.0550995389321488e-06 1.975826650082383e-06
1.0252307644026434e-06 1.975833734915741e-06
1.0252307644026434e-06 1.975833734915741e-06
1.0252307644026434e-06 1.975833734915741e-06
1.0252307644026434e-06 1.975833734915741e-06
1.0252848024405315e-06 1.975833734915741e-06
1.0252848024405315e-06 1.975833734915741e-06
1.0252848024405315e-06 1.975833734915741e-06
1.0252848024405315e-06 1.975833734915741e-06
1.5398336486912646e-06 1.9769542279341223e-06
1.5398336486912646e-06 1.9769542279341223e-06
3.7975838988702947e-06 1.9756753116479106e-06
3.7975838988702947e-06 1.9756753116479106e-06
3.7975838988702947e-06 1.9756753116479106e-06
3.7975838988702947e-06 1.9756753116479106e-06
1.4996640752471446e-06 1.9769542279341223e-06
1.4996640752471446e-06 1.9769542279341223e-06
8.212446126353411e-07 1.9769542279341223e-06
8.212446126353411e-07 1.9769542279341223e-06
1.9037078254274903e-06 1.9758442108483194e-06
1.9037078254274903e-06 1.9758442108483194e-06
1.0251930901012286e-06 1.975833734915741e-06
1.0251930901012286e-06 1.975833734915741e-06
1.0251930901012286e-06 1.975833734915741e-06
1.0251930901012286e-06 1.975833734915741e-06
3.453357423344742e-06 1.9769542279341223e-06
3.453357423344742e-06 1.9769542279341223e-06
4.4795160689200424e-07 1.9769542279341223e-06
4.4795160689200424e-07 1.9769542279341223e-06
6.981416864589835e-07 1.9756753116479106e-06
6.981416864589835e-07 1.9756753116479106e-06
6.981416864589835e-07 1.9756753116479106e-06
6.981416864589835e-07 1.9756753116479106e-06
4.188850118753901e-07 1.9756753116479106e-06
4.188850118753901e-07 1.9756753116479106e-06
4.188850118753901e-07 1.9756753116479106e-06
4.188850118753901e-07 1.9756753116479106e-06
4.927467675812047e-07 1.9769542279341223e-06
4.927467675812047e-07 1.9769542279341223e-06
4.162627226132429e-06 1.9769542279341223e-06
4.162627226132429e-06 1.9769542279341223e-06
1.0550245529668347e-06 1.975826650082383e-06
1.0550245529668347e-06 1.975826650082383e-06
1.9633047387053717e-06 1.9758499974366825e-06
1.9633047387053717e-06 1.9758499974366825e-06
1.9633047387053717e-06 1.9758499974366825e-06
1.9633047387053717e-06 1.9758499974366825e-06
1.0550245529668347e-06 1.975826650082383e-06
1.0550245529668347e-06 1.975826650082383e-06
2.2822883838929e-06 1.9758123579285523e-06
2.2822883838929e-06 1.9758123579285523e-06
1.0252848024405315e-06 1.975833734915741e-06
1.0252848024405315e-06 1.975833734915741e-06
1.0252848024405315e-06 1.975833734915741e-06
1.0252848024405315e-06 1.975833734915741e-06
4.188850118753901e-07 1.9756753116479106e-06
4.188850118753901e-07 1.9756753116479106e-06
4.188850118753901e-07 1.9756753116479106e-06
4.188850118753901e-07 1.9756753116479106e-06
1.0552625403158962e-06 1.975826650082383e-06
1.0552625403158962e-06 1.975826650082383e-06
4.188850118753901e-07 1.9756753116479106e-06
4.188850118753901e-07 1.9756753116479106e-06
4.188850118753901e-07 1.9756753116479106e-06
4.188850118753901e-07 1.9756753116479106e-06
1.2318669189530117e-06 1.9769542279341223e-06
1.2318669189530117e-06 1.9769542279341223e-06
1.9712235852959535e-06 1.9756753116479106e-06
1.9712235852959535e-06 1.9756753116479106e-06
1.9712235852959535e-06 1.9756753116479106e-06
1.9712235852959535e-06 1.9756753116479106e-06
1.025700787645092e-06 1.975833734915741e-06
1.025700787645092e-06 1.975833734915741e-06
1.025700787645092e-06 1.975833734915741e-06
1.025700787645092e-06 1.975833734915741e-06
1.0253080533505307e-06 1.975833734915741e-06
1.0253080533505307e-06 1.975833734915741e-06
1.0253080533505307e-06 1.975833734915741e-06
1.0253080533505307e-06 1.975833734915741e-06
2.3334926793857884e-06 1.9758341940558635e-06
2.3334926793857884e-06 1.9758341940558635e-06
1.055091784325473e-06 1.975826650082383e-06
1.055091784325473e-06 1.975826650082383e-06
8.212446126353411e-07 1.9769542279341223e-06
8.212446126353411e-07 1.9769542279341223e-06
1.9037982612572037e-06 1.9758442108483194e-06
1.9037982612572037e-06 1.9758442108483194e-06
4.927467675812047e-07 1.9769542279341223e-06
4.927467675812047e-07 1.9769542279341223e-06
2.3334319912386855e-06 1.9758341940558635e-06
2.3334319912386855e-06 1.9758341940558635e-06
4.927467675812047e-07 1.9769542279341223e-06
4.927467675812047e-07 1.9769542279341223e-06