1.3394479935618573e-05 1.1135471393156459e-05
1.2183738718170444e-05 1.1138326509125988e-05
1.2183738718170444e-05 1.1138326509125988e-05
1.2183738718170444e-05 1.1138326509125988e-05
1.7015572070752242e-05 1.1139397085703797e-05
1.7015572070752242e-05 1.1139397085703797e-05
1.7015572070752242e-05 1.1139397085703797e-05
1.7015572070752242e-05 1.1139397085703797e-05
1.7015572070752242e-05 1.1139397085703797e-05
1.7015572070752242e-05 1.1139397085703797e-05
1.7015572070752242e-05 1.1139397085703797e-05
1.7015572070752242e-05 1.1139397085703797e-05
1.7015572070752242e-05 1.1139397085703797e-05
1.7015572070752242e-05 1.1139397085703797e-05
1.7015572070752242e-05 1.1139397085703797e-05
1.7015572070752242e-05 1.1139397085703797e-05
1.7015572070752242e-05 1.1139397085703797e-05
8.71050314916497e-06 1.1138240391938972e-05
8.71050314916497e-06 1.1138240391938972e-05
8.71050314916497e-06 1.1138240391938972e-05
8.71050314916497e-06 1.1138240391938972e-05
8.71050314916497e-06 1.1138240391938972e-05
8.71050314916497e-06 1.1138240391938972e-05
2.014072880437351e-05 1.113762425863602e-05
2.014072880437351e-05 1.113762425863602e-05
2.014072880437351e-05 1.113762425863602e-05
2.014072880437351e-05 1.113762425863602e-05
1.380018259485468e-05 1.1138282111389619e-05
1.380018259485468e-05 1.1138282111389619e-05
1.3502959004939195e-05 1.1138128803687548e-05
1.3103672391365747e-05 1.1137239032041207e-05
6.231799947254431e-06 1.1139443574356387e-05
7.797080435377053e-06 1.1138048017208547e-05
7.797080435377053e-06 1.1138048017208547e-05
7.797080435377053e-06 1.1138048017208547e-05
7.797080435377053e-06 1.1138048017208547e-05
5.785792168436585e-06 1.1139335298929654e-05
5.785792168436585e-06 1.1139335298929654e-05
5.785792168436585e-06 1.1139335298929654e-05
1.4011634819763844e-05 1.1138322686360167e-05
1.4011634819763844e-05 1.1138322686360167e-05
1.4011634819763844e-05 1.1138322686360167e-05
1.4011634819763844e-05 1.1138322686360167e-05
1.4011634819763844e-05 1.1138322686360167e-05
1.4011634819763844e-05 1.1138322686360167e-05
1.4011634819763844e-05 1.1138322686360167e-05
1.4011634819763844e-05 1.1138322686360167e-05
1.4011634819763844e-05 1.1138322686360167e-05
1.4011634819763844e-05 1.1138322686360167e-05
1.4011634819763844e-05 1.1138322686360167e-05