6.383060209279267e-05 8.51074694570569e-05
6.383060209279267e-05 8.51074694570569e-05
6.383060209279267e-05 8.51074694570569e-05
6.383060209279267e-05 8.51074694570569e-05
0.0013234211500572348 0.0011319293437788568
0.0013234211500572348 0.0011319293437788568
0.0013234211500572348 0.0011319293437788568
0.0013234211500572348 0.0011319293437788568
0.0013234211500572348 0.0011319293437788568
0.0013234211500572348 0.0011319293437788568
0.0013234211500572348 0.0011319293437788568
0.0013234211500572348 0.0011319293437788568
0.0013234211500572348 0.0011319293437788568
0.0013234211500572348 0.0011319293437788568
0.0017659799912339306 0.0014681038481342316
0.0017659799912339306 0.0014681038481342316
0.0017659799912339306 0.0014681038481342316
0.0017659799912339306 0.0014681038481342316
0.0017659799912339306 0.0014681038481342316
0.0017659799912339306 0.0014681038481342316
0.0017659799912339306 0.0014681038481342316
0.0017659799912339306 0.0014681038481342316
0.0017659799912339306 0.0014681038481342316
0.0017659799912339306 0.0014681038481342316
0.0017659799912339306 0.0014681038481342316
0.0017659799912339306 0.0014681038481342316
0.0017659799912339306 0.0014681038481342316
0.0017659799912339306 0.0014681038481342316
0.0007276688638578365 0.0005659646718894284
0.0007276688638578365 0.0005659646718894284
0.0007276688638578365 0.0005659646718894284
0.001068098741686064 0.0008978838027719503
0.001068098741686064 0.0008978838027719503
0.001068098741686064 0.0008978838027719503
0.001068098741686064 0.0008978838027719503
0.001068098741686064 0.0008978838027719503
0.001068098741686064 0.0008978838027719503
0.001068098741686064 0.0008978838027719503
0.001068098741686064 0.0008978838027719503
0.001068098741686064 0.0008978838027719503
0.001068098741686064 0.0008978838027719503
0.001068098741686064 0.0008978838027719503
0.001068098741686064 0.0008978838027719503
0.001068098741686064 0.0008978838027719503
0.001068098741686064 0.0008978838027719503
0.001068098741686064 0.0008978838027719503
0.001068098741686064 0.0008978838027719503
0.001068098741686064 0.0008978838027719503
0.001068098741686064 0.0008978838027719503
0.001068098741686064 0.0008978838027719503
0.001068098741686064 0.0008978838027719503
0.001068098741686064 0.0008978838027719503
0.001068098741686064 0.0008978838027719503
0.001068098741686064 0.0008978838027719503
0.001068098741686064 0.0008978838027719503
0.001068098741686064 0.0008978838027719503
0.001068098741686064 0.0008978838027719503
0.001068098741686064 0.0008978838027719503
0.001068098741686064 0.0008978838027719503
0.001068098741686064 0.0008978838027719503
0.00048511257590522433 0.00040000510644816744
0.00048511257590522433 0.00040000510644816744
0.0011361847172517096 0.001234058307127325
0.0011361847172517096 0.001234058307127325
0.0011361847172517096 0.001234058307127325
0.0011361847172517096 0.001234058307127325
0.0011361847172517096 0.001234058307127325
0.0011361847172517096 0.001234058307127325
0.0011361847172517096 0.001234058307127325
0.0011361847172517096 0.001234058307127325
0.0011361847172517096 0.001234058307127325
0.0011361847172517096 0.001234058307127325
0.0011361847172517096 0.001234058307127325
0.0011361847172517096 0.001234058307127325
0.0011361847172517096 0.001234058307127325
8.085209598420406e-05 8.51074694570569e-05
8.085209598420406e-05 8.51074694570569e-05
8.085209598420406e-05 8.51074694570569e-05
8.085209598420406e-05 8.51074694570569e-05
8.085209598420406e-05 8.51074694570569e-05
8.085209598420406e-05 8.51074694570569e-05
8.085209598420406e-05 8.51074694570569e-05
8.085209598420406e-05 8.51074694570569e-05
8.085209598420406e-05 8.51074694570569e-05
8.085209598420406e-05 8.51074694570569e-05
0.02484712570798776 0.024668400022127942
0.02484712570798776 0.024668400022127942
0.02484712570798776 0.024668400022127942
0.02484712570798776 0.024668400022127942
0.02484712570798776 0.024668400022127942
0.02484712570798776 0.024668400022127942
0.02484712570798776 0.024668400022127942
0.02484712570798776 0.024668400022127942
0.02484712570798776 0.024668400022127942
0.02484712570798776 0.024668400022127942
0.00023830091447975932 0.0003319191308825219
0.00023830091447975932 0.0003319191308825219
0.00023830091447975932 0.0003319191308825219
0.00023830091447975932 0.0003319191308825219
0.00023830091447975932 0.0003319191308825219
0.00023830091447975932 0.0003319191308825219
0.007174559675229897 0.006434124690953501
0.007174559675229897 0.006434124690953501
0.007174559675229897 0.006434124690953501
0.007174559675229897 0.006434124690953501
0.007174559675229897 0.006434124690953501
0.007174559675229897 0.006434124690953501
0.007174559675229897 0.006434124690953501
0.3610386515572539 0.3657323284978106
0.3610386515572539 0.3657323284978106
0.3610386515572539 0.3657323284978106
0.3610386515572539 0.3657323284978106
0.3610386515572539 0.3657323284978106
0.3610386515572539 0.3657323284978106
0.3610386515572539 0.3657323284978106
0.3610386515572539 0.3657323284978106
0.3610386515572539 0.3657323284978106
0.3610386515572539 0.3657323284978106
0.0007872440924777763 0.0005319216841066057
0.0007872440924777763 0.0005319216841066057
0.0011106524764145926 0.0009659697783375958
0.0011106524764145926 0.0009659697783375958
0.0011106524764145926 0.0009659697783375958
0.0011106524764145926 0.0009659697783375958
0.0011106524764145926 0.0009659697783375958
0.0011106524764145926 0.0009659697783375958
0.0011106524764145926 0.0009659697783375958
0.0011106524764145926 0.0009659697783375958
0.0011106524764145926 0.0009659697783375958
0.0011106524764145926 0.0009659697783375958
0.0011106524764145926 0.0009659697783375958
0.0011106524764145926 0.0009659697783375958
0.0011106524764145926 0.0009659697783375958
0.0011106524764145926 0.0009659697783375958
0.0011106524764145926 0.0009659697783375958
0.0011106524764145926 0.0009659697783375958
0.0011106524764145926 0.0009659697783375958
0.0013787410052043217 0.0014000178725685859
0.0013787410052043217 0.0014000178725685859
0.0013787410052043217 0.0014000178725685859
0.0013787410052043217 0.0014000178725685859
0.0013787410052043217 0.0014000178725685859
0.0013787410052043217 0.0014000178725685859
0.0013787410052043217 0.0014000178725685859
0.0013787410052043217 0.0014000178725685859
0.0013787410052043217 0.0014000178725685859
0.0038596237398775303 0.004400056170929842
0.004434099158712664 0.004297927207581373
0.004434099158712664 0.004297927207581373
0.004434099158712664 0.004297927207581373
0.004434099158712664 0.004297927207581373
0.004434099158712664 0.004297927207581373
0.004434099158712664 0.004297927207581373
0.004434099158712664 0.004297927207581373
0.004434099158712664 0.004297927207581373
0.004434099158712664 0.004297927207581373
0.004434099158712664 0.004297927207581373
0.004434099158712664 0.004297927207581373
0.004434099158712664 0.004297927207581373
0.004434099158712664 0.004297927207581373
0.004434099158712664 0.004297927207581373
0.003212806972003898 0.0032340838393681622
0.003212806972003898 0.0032340838393681622
0.003212806972003898 0.0032340838393681622
0.003212806972003898 0.0032340838393681622
0.003212806972003898 0.0032340838393681622
0.0003872389860296089 0.00029787614309969917
0.0003872389860296089 0.00029787614309969917
0.0003872389860296089 0.00029787614309969917
0.0003872389860296089 0.00029787614309969917
0.0003872389860296089 0.00029787614309969917
0.0003872389860296089 0.00029787614309969917
0.0003872389860296089 0.00029787614309969917
0.0003872389860296089 0.00029787614309969917
0.0003872389860296089 0.00029787614309969917
0.0003872389860296089 0.00029787614309969917
0.0003872389860296089 0.00029787614309969917
0.0003872389860296089 0.00029787614309969917
0.0003872389860296089 0.00029787614309969917
0.003191530104639634 0.0030979118882368713
0.003191530104639634 0.0030979118882368713
0.003191530104639634 0.0030979118882368713
0.003191530104639634 0.0030979118882368713
0.003191530104639634 0.0030979118882368713
0.003191530104639634 0.0030979118882368713
0.003191530104639634 0.0030979118882368713
0.003191530104639634 0.0030979118882368713
0.003191530104639634 0.0030979118882368713
0.003191530104639634 0.0030979118882368713
0.00019574717975123088 0.00036596211866534464
0.00019574717975123088 0.00036596211866534464
0.00019574717975123088 0.00036596211866534464
0.00019574717975123088 0.00036596211866534464
0.00019574717975123088 0.00036596211866534464
0.00019574717975123088 0.00036596211866534464
0.00019574717975123088 0.00036596211866534464
0.00019574717975123088 0.00036596211866534464
0.0011872491989259437 0.001234058307127325
0.0011872491989259437 0.001234058307127325
0.0011872491989259437 0.001234058307127325
0.0011872491989259437 0.001234058307127325
0.0011872491989259437 0.001234058307127325
0.0011872491989259437 0.001234058307127325
0.0011872491989259437 0.001234058307127325
0.0011872491989259437 0.001234058307127325
0.0011872491989259437 0.001234058307127325
0.0011872491989259437 0.001234058307127325
0.0011872491989259437 0.001234058307127325
0.0011872491989259437 0.001234058307127325
0.0011872491989259437 0.001234058307127325
0.0011872491989259437 0.001234058307127325
0.0011872491989259437 0.001234058307127325
0.0011872491989259437 0.001234058307127325
0.0011872491989259437 0.001234058307127325
0.04423035187683247 0.04409843529917403
0.04423035187683247 0.04409843529917403
0.04423035187683247 0.04409843529917403
0.04423035187683247 0.04409843529917403
0.04423035187683247 0.04409843529917403
0.04423035187683247 0.04409843529917403
0.04423035187683247 0.04409843529917403
0.04423035187683247 0.04409843529917403
0.04423035187683247 0.04409843529917403
0.04423035187683247 0.04409843529917403
0.04423035187683247 0.04409843529917403
0.04423035187683247 0.04409843529917403
0.04423035187683247 0.04409843529917403
0.04423035187683247 0.04409843529917403
0.04423035187683247 0.04409843529917403
0.04423035187683247 0.04409843529917403
0.04423035187683247 0.04409843529917403
0.04423035187683247 0.04409843529917403
0.04423035187683247 0.04409843529917403
3.829836125567561e-05 8.51074694570569e-05
3.829836125567561e-05 8.51074694570569e-05
3.829836125567561e-05 8.51074694570569e-05
3.829836125567561e-05 8.51074694570569e-05
3.829836125567561e-05 8.51074694570569e-05
0.005685178959731401 0.005668157465839989
0.0682774673719239 0.06929875700540858
0.0682774673719239 0.06929875700540858
0.0682774673719239 0.06929875700540858
0.0682774673719239 0.06929875700540858
0.0682774673719239 0.06929875700540858
0.002689396034842998 0.003000038298361256
0.002689396034842998 0.003000038298361256
0.000851074694570569 0.0006978812495478666
0.000851074694570569 0.0006978812495478666
0.000851074694570569 0.0006978812495478666
0.000851074694570569 0.0006978812495478666
0.000851074694570569 0.0006978812495478666
0.000851074694570569 0.0006978812495478666
0.000851074694570569 0.0006978812495478666
0.0034213202721736875 0.003000038298361256
0.0034213202721736875 0.003000038298361256
0.0034213202721736875 0.003000038298361256
0.0034213202721736875 0.003000038298361256
0.0034213202721736875 0.003000038298361256
0.0034213202721736875 0.003000038298361256
0.0034213202721736875 0.003000038298361256
0.0034213202721736875 0.003000038298361256
0.0034213202721736875 0.003000038298361256
0.0034213202721736875 0.003000038298361256
0.0034213202721736875 0.003000038298361256
0.0004553249615952544 0.0004978786963237828