3.3157011713267006e-06 7.515589321673855e-06
1.9894207027960203e-06 7.515589321673855e-06
2.2104674475511336e-07 7.515589321673855e-06
2.873607681816474e-06 7.515589321673855e-06
6.631402342653401e-07 7.515589321673855e-06
2.2104674475511336e-07 7.515589321673855e-06
4.420934895102267e-07 7.515589321673855e-06
4.420934895102267e-07 7.515589321673855e-06
4.420934895102267e-07 7.515589321673855e-06
8.841869790204534e-07 7.515589321673855e-06
3.9788414055920405e-06 7.515589321673855e-06
1.3262804685306801e-06 7.515589321673855e-06
1.4589085153837481e-05 7.515589321673855e-06
6.631402342653401e-07 7.515589321673855e-06
6.653507017128912e-05 7.515589321673855e-06
1.1052337237755667e-06 7.515589321673855e-06
3.1609684499981214e-05 7.515589321673855e-06
4.420934895102267e-06 7.515589321673855e-06
2.431514192306247e-06 7.515589321673855e-06
0.0002754242439648712 7.515589321673855e-06
4.420934895102267e-07 7.515589321673855e-06
1.901002004893975e-05 7.515589321673855e-06
2.2104674475511336e-07 7.515589321673855e-06
4.420934895102267e-07 7.515589321673855e-06
2.2104674475511336e-07 7.515589321673855e-06
6.631402342653401e-06 7.515589321673855e-06
1.1052337237755667e-06 7.515589321673855e-06
6.631402342653401e-07 7.515589321673855e-06
9.062916534959648e-06 7.515589321673855e-06
2.5862469136348263e-05 7.515589321673855e-06