3.843683835627789e-06 7.1030821473582275e-06
3.843683835627789e-06 7.1030821473582275e-06
3.843683835627789e-06 7.1030821473582275e-06
3.843683835627789e-06 7.1030821473582275e-06
3.843683835627789e-06 7.1030821473582275e-06
3.843683835627789e-06 7.1030821473582275e-06
2.3737073183126825e-06 7.103062016094381e-06
2.3737073183126825e-06 7.103062016094381e-06
2.3737073183126825e-06 7.103062016094381e-06
3.843683835627789e-06 7.1030821473582275e-06
3.843683835627789e-06 7.1030821473582275e-06
3.843683835627789e-06 7.1030821473582275e-06
3.843683835627789e-06 7.1030821473582275e-06
3.843683835627789e-06 7.1030821473582275e-06
3.843683835627789e-06 7.1030821473582275e-06
3.2774124720068784e-06 7.10308560642035e-06
3.2774124720068784e-06 7.10308560642035e-06
3.2774124720068784e-06 7.10308560642035e-06
3.2774124720068784e-06 7.10308560642035e-06
3.2774124720068784e-06 7.10308560642035e-06
3.2774124720068784e-06 7.10308560642035e-06
3.885568964714028e-06 7.1030779074355336e-06
3.885568964714028e-06 7.1030779074355336e-06
3.885568964714028e-06 7.1030779074355336e-06
3.885568964714028e-06 7.1030779074355336e-06
3.885568964714028e-06 7.1030779074355336e-06
3.885568964714028e-06 7.1030779074355336e-06
5.408048878474107e-06 7.103093978153413e-06
5.408048878474107e-06 7.103093978153413e-06
5.408048878474107e-06 7.103093978153413e-06
5.408048878474107e-06 7.103093978153413e-06
5.408048878474107e-06 7.103093978153413e-06
5.408048878474107e-06 7.103093978153413e-06
3.885568964714028e-06 7.103078133388957e-06
3.885568964714028e-06 7.103078133388957e-06
3.885568964714028e-06 7.103078133388957e-06
3.885568964714028e-06 7.103078133388957e-06
3.885568964714028e-06 7.103078133388957e-06
3.885568964714028e-06 7.103078133388957e-06
3.8033435073999576e-06 7.103080065460149e-06
3.8033435073999576e-06 7.103080065460149e-06
3.8033435073999576e-06 7.103080065460149e-06
3.5289852085337533e-06 7.103081742383538e-06
3.5289852085337533e-06 7.103081742383538e-06
3.5289852085337533e-06 7.103081742383538e-06
3.843683835627789e-06 7.103079895442664e-06
3.843683835627789e-06 7.103079895442664e-06
3.843683835627789e-06 7.103079895442664e-06
3.843683835627789e-06 7.103079895442664e-06
3.843683835627789e-06 7.103079895442664e-06
3.843683835627789e-06 7.103079895442664e-06
3.843683835627789e-06 7.103077269256486e-06
3.843683835627789e-06 7.103077269256486e-06
3.843683835627789e-06 7.103077269256486e-06
3.843683835627789e-06 7.103077269256486e-06
3.843683835627789e-06 7.103077269256486e-06
3.843683835627789e-06 7.103077269256486e-06
3.8033435073999576e-06 7.103078870804412e-06
3.8033435073999576e-06 7.103078870804412e-06
3.8033435073999576e-06 7.103078870804412e-06
3.589958862484149e-06 7.103078964242066e-06
3.589958862484149e-06 7.103078964242066e-06
3.589958862484149e-06 7.103078964242066e-06
3.589958862484149e-06 7.103078964242066e-06
3.589958862484149e-06 7.103078964242066e-06
3.589958862484149e-06 7.103078964242066e-06
4.04268484436579e-06 7.103083316087641e-06
4.04268484436579e-06 7.103083316087641e-06
4.04268484436579e-06 7.103083316087641e-06
4.04268484436579e-06 7.103083316087641e-06
4.04268484436579e-06 7.103083316087641e-06
4.04268484436579e-06 7.103083316087641e-06
4.04268484436579e-06 7.103083316087641e-06
4.04268484436579e-06 7.103083316087641e-06
4.04268484436579e-06 7.103083316087641e-06
4.04268484436579e-06 7.103083316087641e-06
4.04268484436579e-06 7.103083316087641e-06
4.04268484436579e-06 7.103083316087641e-06
4.04268484436579e-06 7.103083316087641e-06
4.04268484436579e-06 7.103083316087641e-06
4.04268484436579e-06 7.103083316087641e-06
4.04268484436579e-06 7.103083316087641e-06
4.04268484436579e-06 7.103083316087641e-06
4.04268484436579e-06 7.103083316087641e-06
4.04268484436579e-06 7.103083316087641e-06
4.04268484436579e-06 7.103083316087641e-06
4.04268484436579e-06 7.103083316087641e-06
4.04268484436579e-06 7.103083316087641e-06
4.04268484436579e-06 7.103083316087641e-06
4.04268484436579e-06 7.103083316087641e-06
4.04268484436579e-06 7.103083316087641e-06
4.04268484436579e-06 7.103083316087641e-06
4.04268484436579e-06 7.103083316087641e-06
4.04268484436579e-06 7.103083316087641e-06
4.04268484436579e-06 7.103083316087641e-06
4.04268484436579e-06 7.103083316087641e-06
4.04268484436579e-06 7.103083316087641e-06
4.04268484436579e-06 7.103083316087641e-06
4.04268484436579e-06 7.103083316087641e-06
4.04268484436579e-06 7.103083316087641e-06
4.04268484436579e-06 7.103083316087641e-06
4.04268484436579e-06 7.103083316087641e-06
4.04268484436579e-06 7.103083316087641e-06
4.04268484436579e-06 7.103083316087641e-06
4.04268484436579e-06 7.103083316087641e-06
4.04268484436579e-06 7.103083316087641e-06
4.04268484436579e-06 7.103083316087641e-06
4.04268484436579e-06 7.103083316087641e-06
4.04268484436579e-06 7.103083316087641e-06
4.04268484436579e-06 7.103083316087641e-06
4.04268484436579e-06 7.103083316087641e-06
4.04268484436579e-06 7.103083316087641e-06
4.04268484436579e-06 7.103083316087641e-06
4.04268484436579e-06 7.103083316087641e-06
4.04268484436579e-06 7.103083316087641e-06
4.04268484436579e-06 7.103083316087641e-06
4.04268484436579e-06 7.103083316087641e-06
4.04268484436579e-06 7.103083316087641e-06
4.04268484436579e-06 7.103083316087641e-06
4.04268484436579e-06 7.103083316087641e-06
4.04268484436579e-06 7.103083316087641e-06
4.04268484436579e-06 7.103083316087641e-06
4.04268484436579e-06 7.103083316087641e-06
4.04268484436579e-06 7.103083316087641e-06
4.04268484436579e-06 7.103083316087641e-06
4.04268484436579e-06 7.103083316087641e-06
4.04268484436579e-06 7.103083316087641e-06
4.04268484436579e-06 7.103083316087641e-06
4.04268484436579e-06 7.103083316087641e-06
4.04268484436579e-06 7.103083316087641e-06
4.04268484436579e-06 7.103083316087641e-06
4.04268484436579e-06 7.103083316087641e-06
4.04268484436579e-06 7.103083316087641e-06
4.04268484436579e-06 7.103083316087641e-06
4.04268484436579e-06 7.103083316087641e-06
4.04268484436579e-06 7.103083316087641e-06
4.04268484436579e-06 7.103083316087641e-06
4.04268484436579e-06 7.103083316087641e-06
4.04268484436579e-06 7.103083316087641e-06
4.04268484436579e-06 7.103083316087641e-06
4.04268484436579e-06 7.103083316087641e-06
4.04268484436579e-06 7.103083316087641e-06
4.04268484436579e-06 7.103083316087641e-06
4.04268484436579e-06 7.103083316087641e-06
4.04268484436579e-06 7.103083316087641e-06
4.04268484436579e-06 7.103083316087641e-06
4.04268484436579e-06 7.103083316087641e-06
4.04268484436579e-06 7.103083316087641e-06
4.04268484436579e-06 7.103083316087641e-06
4.04268484436579e-06 7.103083316087641e-06
4.04268484436579e-06 7.103083316087641e-06
4.04268484436579e-06 7.103083316087641e-06
4.04268484436579e-06 7.103083316087641e-06
4.04268484436579e-06 7.103083316087641e-06
4.04268484436579e-06 7.103083316087641e-06
4.04268484436579e-06 7.103083316087641e-06
4.04268484436579e-06 7.103083316087641e-06
4.04268484436579e-06 7.103083316087641e-06
4.04268484436579e-06 7.103083316087641e-06
4.04268484436579e-06 7.103083316087641e-06
4.04268484436579e-06 7.103083316087641e-06
4.04268484436579e-06 7.103083316087641e-06
3.885568964714028e-06 7.103078313221459e-06
3.885568964714028e-06 7.103078313221459e-06
3.885568964714028e-06 7.103078313221459e-06
3.885568964714028e-06 7.103078313221459e-06
3.885568964714028e-06 7.103078313221459e-06
3.885568964714028e-06 7.103078313221459e-06
4.2179621157983734e-06 7.1030743099920565e-06
4.2179621157983734e-06 7.1030743099920565e-06
4.2179621157983734e-06 7.1030743099920565e-06
4.013966824499349e-06 7.103076717994208e-06
4.013966824499349e-06 7.103076717994208e-06
4.013966824499349e-06 7.103076717994208e-06
3.448854574466499e-06 7.103076527944888e-06
3.448854574466499e-06 7.103076527944888e-06
3.448854574466499e-06 7.103076527944888e-06
3.448854574466499e-06 7.103076527944888e-06
3.448854574466499e-06 7.103076527944888e-06
3.448854574466499e-06 7.103076527944888e-06
3.8033435073999576e-06 7.103082091165302e-06
3.8033435073999576e-06 7.103082091165302e-06
3.8033435073999576e-06 7.103082091165302e-06
2.710110295440683e-06 7.103104474566027e-06
2.710110295440683e-06 7.103104474566027e-06
2.710110295440683e-06 7.103104474566027e-06
2.710110295440683e-06 7.103104474566027e-06
2.710110295440683e-06 7.103104474566027e-06
2.710110295440683e-06 7.103104474566027e-06
3.5890243896499023e-06 7.103083101641845e-06
3.5890243896499023e-06 7.103083101641845e-06
3.5890243896499023e-06 7.103083101641845e-06
4.139976549894933e-06 7.1030847591833785e-06
4.139976549894933e-06 7.1030847591833785e-06
4.139976549894933e-06 7.1030847591833785e-06
4.139976549894933e-06 7.1030847591833785e-06
4.139976549894933e-06 7.1030847591833785e-06
4.139976549894933e-06 7.1030847591833785e-06
1.9300501545726525e-06 7.103077754975541e-06
1.9300501545726525e-06 7.103077754975541e-06
1.9300501545726525e-06 7.103077754975541e-06
1.9300501545726525e-06 7.103077754975541e-06
1.9300501545726525e-06 7.103077754975541e-06
1.9300501545726525e-06 7.103077754975541e-06
1.9300501545726525e-06 7.103077754975541e-06
1.9300501545726525e-06 7.103077754975541e-06
1.9300501545726525e-06 7.103077754975541e-06
3.6045812177347644e-06 7.103082775961441e-06
3.6045812177347644e-06 7.103082775961441e-06
3.6045812177347644e-06 7.103082775961441e-06
3.6045812177347644e-06 7.103082775961441e-06
3.6045812177347644e-06 7.103082775961441e-06
3.6045812177347644e-06 7.103082775961441e-06
3.902413023208366e-06 7.1030829136172625e-06
3.902413023208366e-06 7.1030829136172625e-06
3.902413023208366e-06 7.1030829136172625e-06
3.1037717151963713e-06 7.103092354361917e-06
3.1037717151963713e-06 7.103092354361917e-06
3.1037717151963713e-06 7.103092354361917e-06
4.145799402411739e-06 7.103083235109606e-06
4.145799402411739e-06 7.103083235109606e-06
4.145799402411739e-06 7.103083235109606e-06
3.8141809784005908e-06 7.103079517549659e-06
3.8141809784005908e-06 7.103079517549659e-06
3.8141809784005908e-06 7.103079517549659e-06
4.956618608425496e-06 7.103070897168467e-06
4.956618608425496e-06 7.103070897168467e-06
4.956618608425496e-06 7.103070897168467e-06
4.039991850544504e-06 7.103078490581639e-06
4.039991850544504e-06 7.103078490581639e-06
4.039991850544504e-06 7.103078490581639e-06
4.039991850544504e-06 7.103078490581639e-06
4.039991850544504e-06 7.103078490581639e-06
4.039991850544504e-06 7.103078490581639e-06
4.3790864025069684e-06 7.103139613794273e-06
4.3790864025069684e-06 7.103139613794273e-06
4.3790864025069684e-06 7.103139613794273e-06
4.3790864025069684e-06 7.103139613794273e-06
4.3790864025069684e-06 7.103139613794273e-06
4.3790864025069684e-06 7.103139613794273e-06
3.4497850733831523e-06 7.103078756039563e-06
3.4497850733831523e-06 7.103078756039563e-06
3.4497850733831523e-06 7.103078756039563e-06
3.175281460610976e-06 7.103095045127971e-06
3.175281460610976e-06 7.103095045127971e-06
3.175281460610976e-06 7.103095045127971e-06
3.1668129985046633e-06 7.1030841313775395e-06
3.1668129985046633e-06 7.1030841313775395e-06
3.1668129985046633e-06 7.1030841313775395e-06
4.920644090356089e-06 7.103088863498704e-06
4.920644090356089e-06 7.103088863498704e-06
4.920644090356089e-06 7.103088863498704e-06
3.950113401285397e-06 7.10307883170526e-06
3.950113401285397e-06 7.10307883170526e-06
3.950113401285397e-06 7.10307883170526e-06
3.950113401285397e-06 7.10307883170526e-06
3.950113401285397e-06 7.10307883170526e-06
3.950113401285397e-06 7.10307883170526e-06
3.950113401285397e-06 7.10307883170526e-06
3.950113401285397e-06 7.10307883170526e-06
3.950113401285397e-06 7.10307883170526e-06
3.950113401285397e-06 7.10307883170526e-06
3.950113401285397e-06 7.10307883170526e-06
3.950113401285397e-06 7.10307883170526e-06
3.950113401285397e-06 7.10307883170526e-06
3.950113401285397e-06 7.10307883170526e-06
3.950113401285397e-06 7.10307883170526e-06
3.950113401285397e-06 7.10307883170526e-06
3.950113401285397e-06 7.10307883170526e-06
3.950113401285397e-06 7.10307883170526e-06
3.950113401285397e-06 7.10307883170526e-06
3.950113401285397e-06 7.10307883170526e-06
3.950113401285397e-06 7.10307883170526e-06
3.950113401285397e-06 7.10307883170526e-06
3.950113401285397e-06 7.10307883170526e-06
3.950113401285397e-06 7.10307883170526e-06
3.950113401285397e-06 7.10307883170526e-06
3.950113401285397e-06 7.10307883170526e-06
3.950113401285397e-06 7.10307883170526e-06
3.950113401285397e-06 7.10307883170526e-06
3.950113401285397e-06 7.10307883170526e-06
3.950113401285397e-06 7.10307883170526e-06
3.950113401285397e-06 7.10307883170526e-06
3.950113401285397e-06 7.10307883170526e-06
3.950113401285397e-06 7.10307883170526e-06
3.950113401285397e-06 7.10307883170526e-06
3.950113401285397e-06 7.10307883170526e-06
3.950113401285397e-06 7.10307883170526e-06
3.950113401285397e-06 7.10307883170526e-06
3.950113401285397e-06 7.10307883170526e-06
3.950113401285397e-06 7.10307883170526e-06
3.950113401285397e-06 7.10307883170526e-06
3.950113401285397e-06 7.10307883170526e-06
3.950113401285397e-06 7.10307883170526e-06
3.950113401285397e-06 7.10307883170526e-06
3.950113401285397e-06 7.10307883170526e-06
3.950113401285397e-06 7.10307883170526e-06
3.950113401285397e-06 7.10307883170526e-06
3.950113401285397e-06 7.10307883170526e-06
3.950113401285397e-06 7.10307883170526e-06
3.547304830677186e-06 7.103079613600294e-06
3.547304830677186e-06 7.103079613600294e-06
3.547304830677186e-06 7.103079613600294e-06
3.8141809784005908e-06 7.103079517549659e-06
3.8141809784005908e-06 7.103079517549659e-06
3.8141809784005908e-06 7.103079517549659e-06
6.930397505394354e-06 7.103113518693689e-06
6.930397505394354e-06 7.103113518693689e-06
6.930397505394354e-06 7.103113518693689e-06
6.930397505394354e-06 7.103113518693689e-06
6.930397505394354e-06 7.103113518693689e-06
6.930397505394354e-06 7.103113518693689e-06
3.776758755091654e-06 7.1030795297769405e-06
3.776758755091654e-06 7.1030795297769405e-06
3.776758755091654e-06 7.1030795297769405e-06
2.352029533359299e-06 7.1030748814697014e-06
2.352029533359299e-06 7.1030748814697014e-06
2.352029533359299e-06 7.1030748814697014e-06
2.352029533359299e-06 7.1030748814697014e-06
2.352029533359299e-06 7.1030748814697014e-06
2.352029533359299e-06 7.1030748814697014e-06
6.8089173000560175e-06 7.103078407162537e-06
6.8089173000560175e-06 7.103078407162537e-06
6.8089173000560175e-06 7.103078407162537e-06
3.8919533431309776e-06 7.103064191399862e-06
3.8919533431309776e-06 7.103064191399862e-06
3.8919533431309776e-06 7.103064191399862e-06
3.8919533431309776e-06 7.103064191399862e-06
3.8919533431309776e-06 7.103064191399862e-06
3.8919533431309776e-06 7.103064191399862e-06
3.90521538623613e-06 7.103083849967438e-06
3.90521538623613e-06 7.103083849967438e-06
3.90521538623613e-06 7.103083849967438e-06
2.643262158331404e-06 7.103074376374374e-06
2.643262158331404e-06 7.103074376374374e-06
2.643262158331404e-06 7.103074376374374e-06
3.845558561812249e-06 7.103078262133011e-06
3.845558561812249e-06 7.103078262133011e-06
3.845558561812249e-06 7.103078262133011e-06
3.855166235517111e-06 7.103080283912798e-06
3.855166235517111e-06 7.103080283912798e-06
3.855166235517111e-06 7.103080283912798e-06
3.8033435073999576e-06 7.103080065460149e-06
3.8033435073999576e-06 7.103080065460149e-06
3.8033435073999576e-06 7.103080065460149e-06
3.8141809784005908e-06 7.103080677465228e-06
3.8141809784005908e-06 7.103080677465228e-06
3.8141809784005908e-06 7.103080677465228e-06
3.929821508262252e-06 7.103080796394264e-06
3.929821508262252e-06 7.103080796394264e-06
3.929821508262252e-06 7.103080796394264e-06
3.929821508262252e-06 7.103080796394264e-06
3.929821508262252e-06 7.103080796394264e-06
3.929821508262252e-06 7.103080796394264e-06
3.520750973553973e-06 7.103079895442664e-06
3.520750973553973e-06 7.103079895442664e-06
3.520750973553973e-06 7.103079895442664e-06
3.520750973553973e-06 7.103079895442664e-06
3.520750973553973e-06 7.103079895442664e-06
3.520750973553973e-06 7.103079895442664e-06
4.002117541918106e-06 7.103081496936113e-06
4.002117541918106e-06 7.103081496936113e-06
4.002117541918106e-06 7.103081496936113e-06
4.002117541918106e-06 7.103081496936113e-06
4.002117541918106e-06 7.103081496936113e-06
4.002117541918106e-06 7.103081496936113e-06
4.002117541918106e-06 7.103081496936113e-06
4.002117541918106e-06 7.103081496936113e-06
4.002117541918106e-06 7.103081496936113e-06
4.002117541918106e-06 7.103081496936113e-06
4.002117541918106e-06 7.103081496936113e-06
4.002117541918106e-06 7.103081496936113e-06
4.002117541918106e-06 7.103081496936113e-06
4.002117541918106e-06 7.103081496936113e-06
4.002117541918106e-06 7.103081496936113e-06
4.002117541918106e-06 7.103081496936113e-06
4.002117541918106e-06 7.103081496936113e-06
4.002117541918106e-06 7.103081496936113e-06
4.002117541918106e-06 7.103081496936113e-06
4.002117541918106e-06 7.103081496936113e-06
4.002117541918106e-06 7.103081496936113e-06
4.002117541918106e-06 7.103081496936113e-06
4.002117541918106e-06 7.103081496936113e-06
4.002117541918106e-06 7.103081496936113e-06
4.002117541918106e-06 7.103081496936113e-06
4.002117541918106e-06 7.103081496936113e-06
4.002117541918106e-06 7.103081496936113e-06
4.002117541918106e-06 7.103081496936113e-06
4.002117541918106e-06 7.103081496936113e-06
4.002117541918106e-06 7.103081496936113e-06
4.002117541918106e-06 7.103081496936113e-06
4.002117541918106e-06 7.103081496936113e-06
4.002117541918106e-06 7.103081496936113e-06
4.002117541918106e-06 7.103081496936113e-06
4.002117541918106e-06 7.103081496936113e-06
4.002117541918106e-06 7.103081496936113e-06
4.002117541918106e-06 7.103081496936113e-06
4.002117541918106e-06 7.103081496936113e-06
4.002117541918106e-06 7.103081496936113e-06
4.002117541918106e-06 7.103081496936113e-06
4.002117541918106e-06 7.103081496936113e-06
4.002117541918106e-06 7.103081496936113e-06
4.002117541918106e-06 7.103081496936113e-06
4.002117541918106e-06 7.103081496936113e-06
4.002117541918106e-06 7.103081496936113e-06
4.002117541918106e-06 7.103081496936113e-06
4.002117541918106e-06 7.103081496936113e-06
4.002117541918106e-06 7.103081496936113e-06
4.001412590401399e-06 7.1030773668923146e-06
4.001412590401399e-06 7.1030773668923146e-06
4.001412590401399e-06 7.1030773668923146e-06
3.885568964714028e-06 7.1030779074355336e-06
3.885568964714028e-06 7.1030779074355336e-06
3.885568964714028e-06 7.1030779074355336e-06
3.885568964714028e-06 7.1030779074355336e-06
3.885568964714028e-06 7.1030779074355336e-06
3.885568964714028e-06 7.1030779074355336e-06
3.776758755091654e-06 7.103082333137422e-06
3.776758755091654e-06 7.103082333137422e-06
3.776758755091654e-06 7.103082333137422e-06
3.5019191726523047e-06 7.103082559559597e-06
3.5019191726523047e-06 7.103082559559597e-06
3.5019191726523047e-06 7.103082559559597e-06
3.8141809784005908e-06 7.103080677465228e-06
3.8141809784005908e-06 7.103080677465228e-06
3.8141809784005908e-06 7.103080677465228e-06
6.303249949640642e-06 7.103079895442664e-06
6.303249949640642e-06 7.103079895442664e-06
6.303249949640642e-06 7.103079895442664e-06
6.303249949640642e-06 7.103079895442664e-06
6.303249949640642e-06 7.103079895442664e-06
6.303249949640642e-06 7.103079895442664e-06
3.3220071148834057e-06 7.1030794592886535e-06
3.3220071148834057e-06 7.1030794592886535e-06
3.3220071148834057e-06 7.1030794592886535e-06
3.170409290706498e-06 7.1030968808580295e-06
3.170409290706498e-06 7.1030968808580295e-06
3.170409290706498e-06 7.1030968808580295e-06
3.170409290706498e-06 7.1030968808580295e-06
3.170409290706498e-06 7.1030968808580295e-06
3.170409290706498e-06 7.1030968808580295e-06
3.8141809784005908e-06 7.103082136210868e-06
3.8141809784005908e-06 7.103082136210868e-06
3.8141809784005908e-06 7.103082136210868e-06
6.201379914840891e-06 7.103027866227464e-06
6.201379914840891e-06 7.103027866227464e-06
6.201379914840891e-06 7.103027866227464e-06
5.30945122695395e-06 7.1030620534538954e-06
5.30945122695395e-06 7.1030620534538954e-06
5.30945122695395e-06 7.1030620534538954e-06
3.289409098818554e-06 7.103081295117821e-06
3.289409098818554e-06 7.103081295117821e-06
3.289409098818554e-06 7.103081295117821e-06
1.983522651025626e-06 7.103082421130321e-06
1.983522651025626e-06 7.103082421130321e-06
1.983522651025626e-06 7.103082421130321e-06
1.983522651025626e-06 7.103082421130321e-06
1.983522651025626e-06 7.103082421130321e-06
1.983522651025626e-06 7.103082421130321e-06
1.983522651025626e-06 7.103082421130321e-06
1.983522651025626e-06 7.103082421130321e-06
1.983522651025626e-06 7.103082421130321e-06
6.3345244753161195e-06 7.103050067881834e-06
6.3345244753161195e-06 7.103050067881834e-06
6.3345244753161195e-06 7.103050067881834e-06
6.3345244753161195e-06 7.103050067881834e-06
3.776758755091654e-06 7.1030775038385025e-06
3.776758755091654e-06 7.1030775038385025e-06
3.776758755091654e-06 7.1030775038385025e-06
2.3631606415110276e-06 7.103093536854862e-06
2.3631606415110276e-06 7.103093536854862e-06
2.3631606415110276e-06 7.103093536854862e-06
3.8141809784005908e-06 7.103081351853794e-06
3.8141809784005908e-06 7.103081351853794e-06
3.8141809784005908e-06 7.103081351853794e-06
6.080514207406377e-06 7.103086168748074e-06
6.080514207406377e-06 7.103086168748074e-06
6.080514207406377e-06 7.103086168748074e-06
3.843683835627789e-06 7.103079895442664e-06
3.843683835627789e-06 7.103079895442664e-06
3.843683835627789e-06 7.103079895442664e-06
3.843683835627789e-06 7.103079895442664e-06
3.843683835627789e-06 7.103079895442664e-06
3.843683835627789e-06 7.103079895442664e-06
3.843683835627789e-06 7.103079069334942e-06
3.843683835627789e-06 7.103079069334942e-06
3.843683835627789e-06 7.103079069334942e-06
3.843683835627789e-06 7.103079069334942e-06
3.843683835627789e-06 7.103079069334942e-06
3.843683835627789e-06 7.103079069334942e-06
3.860151237481938e-06 7.103077467697679e-06
3.860151237481938e-06 7.103077467697679e-06
3.860151237481938e-06 7.103077467697679e-06
4.40097382279059e-06 7.103072094370332e-06
4.40097382279059e-06 7.103072094370332e-06
4.40097382279059e-06 7.103072094370332e-06
3.323510671267459e-06 7.103074602898144e-06
3.323510671267459e-06 7.103074602898144e-06
3.323510671267459e-06 7.103074602898144e-06
3.323510671267459e-06 7.103074602898144e-06
3.323510671267459e-06 7.103074602898144e-06
3.323510671267459e-06 7.103074602898144e-06
5.353188651121343e-06 7.103062244024569e-06
5.353188651121343e-06 7.103062244024569e-06
5.353188651121343e-06 7.103062244024569e-06
3.96140867965702e-06 7.103079895442664e-06
3.96140867965702e-06 7.103079895442664e-06
3.96140867965702e-06 7.103079895442664e-06
3.96140867965702e-06 7.103079895442664e-06
3.96140867965702e-06 7.103079895442664e-06
3.96140867965702e-06 7.103079895442664e-06
2.7206361338617653e-06 7.103073783429163e-06
2.7206361338617653e-06 7.103073783429163e-06
2.7206361338617653e-06 7.103073783429163e-06
3.776758755091654e-06 7.103080538084461e-06
3.776758755091654e-06 7.103080538084461e-06
3.776758755091654e-06 7.103080538084461e-06
5.548672278157586e-06 7.103067635499558e-06
5.548672278157586e-06 7.103067635499558e-06
5.548672278157586e-06 7.103067635499558e-06
4.256691843782338e-06 7.1030823757913625e-06
4.256691843782338e-06 7.1030823757913625e-06
4.256691843782338e-06 7.1030823757913625e-06
3.776758755091654e-06 7.103080538084461e-06
3.776758755091654e-06 7.103080538084461e-06
3.776758755091654e-06 7.103080538084461e-06
3.776758755091654e-06 7.1030775038385025e-06
3.776758755091654e-06 7.1030775038385025e-06
3.776758755091654e-06 7.1030775038385025e-06
3.855166235517111e-06 7.10307837347289e-06
3.855166235517111e-06 7.10307837347289e-06
3.855166235517111e-06 7.10307837347289e-06
4.9731366749587055e-06 7.103079895442664e-06
4.9731366749587055e-06 7.103079895442664e-06
4.9731366749587055e-06 7.103079895442664e-06
4.9731366749587055e-06 7.103079895442664e-06
4.9731366749587055e-06 7.103079895442664e-06
4.9731366749587055e-06 7.103079895442664e-06
3.934109363070685e-06 7.10308444079446e-06
3.934109363070685e-06 7.10308444079446e-06
3.934109363070685e-06 7.10308444079446e-06
1.9526179951454266e-06 7.1030742851894385e-06
1.9526179951454266e-06 7.1030742851894385e-06
1.9526179951454266e-06 7.1030742851894385e-06
1.9526179951454266e-06 7.1030742851894385e-06
1.9526179951454266e-06 7.1030742851894385e-06
1.9526179951454266e-06 7.1030742851894385e-06
1.9526179951454266e-06 7.1030742851894385e-06
1.9526179951454266e-06 7.1030742851894385e-06
1.9526179951454266e-06 7.1030742851894385e-06
1.9526179951454266e-06 7.1030742851894385e-06
1.9526179951454266e-06 7.1030742851894385e-06
1.9526179951454266e-06 7.1030742851894385e-06
1.9526179951454266e-06 7.1030742851894385e-06
1.9526179951454266e-06 7.1030742851894385e-06
1.9526179951454266e-06 7.1030742851894385e-06
1.9526179951454266e-06 7.1030742851894385e-06
1.9526179951454266e-06 7.1030742851894385e-06
1.9526179951454266e-06 7.1030742851894385e-06
5.6099457397988404e-06 7.103030550839507e-06
5.6099457397988404e-06 7.103030550839507e-06
5.6099457397988404e-06 7.103030550839507e-06
3.3929900273922816e-06 7.103072059998014e-06
3.3929900273922816e-06 7.103072059998014e-06
3.3929900273922816e-06 7.103072059998014e-06
5.717331587290505e-06 7.1031132822652665e-06
5.717331587290505e-06 7.1031132822652665e-06
5.717331587290505e-06 7.1031132822652665e-06
5.717331587290505e-06 7.1031132822652665e-06
5.717331587290505e-06 7.1031132822652665e-06
5.717331587290505e-06 7.1031132822652665e-06
3.2664582240808375e-06 7.103093749425926e-06
3.2664582240808375e-06 7.103093749425926e-06
3.2664582240808375e-06 7.103093749425926e-06
3.452055654284262e-06 7.103086995644324e-06
3.452055654284262e-06 7.103086995644324e-06
3.452055654284262e-06 7.103086995644324e-06
6.487048543289763e-06 7.103047065573835e-06
6.487048543289763e-06 7.103047065573835e-06
6.487048543289763e-06 7.103047065573835e-06
3.5685609026712786e-06 7.103082269003437e-06
3.5685609026712786e-06 7.103082269003437e-06
3.5685609026712786e-06 7.103082269003437e-06
4.150956363061148e-06 7.103082998708773e-06
4.150956363061148e-06 7.103082998708773e-06
4.150956363061148e-06 7.103082998708773e-06
3.855166235517111e-06 7.103080283912798e-06
3.855166235517111e-06 7.103080283912798e-06
3.855166235517111e-06 7.103080283912798e-06
4.214822221816181e-06 7.1030854169480715e-06
4.214822221816181e-06 7.1030854169480715e-06
4.214822221816181e-06 7.1030854169480715e-06
4.214822221816181e-06 7.1030854169480715e-06
4.214822221816181e-06 7.1030854169480715e-06
4.214822221816181e-06 7.1030854169480715e-06
3.861575503035963e-06 7.103079234236033e-06
3.861575503035963e-06 7.103079234236033e-06
3.861575503035963e-06 7.103079234236033e-06
4.274623203607287e-06 7.102944037517786e-06
4.274623203607287e-06 7.102944037517786e-06
4.274623203607287e-06 7.102944037517786e-06
3.855166235517111e-06 7.1030824083882345e-06
3.855166235517111e-06 7.1030824083882345e-06
3.855166235517111e-06 7.1030824083882345e-06