0.20583608386743815 0.2096483060212241
0.47332929961921255 0.4740785559786527
0.7569264547638285 0.7550011412754024
0.7569264547638285 0.7550011412754024
0.3502686526066368 0.34985561960385064
0.6250029890546255 0.6235878075556055
0.6250029890546255 0.6235878075556055
0.5844728575724528 0.5846800986931491
0.48212183024343586 0.48367613864865744
0.4029948515798512 0.40478900897441006
0.5277786432952788 0.5267293945443413
0.5277786432952788 0.5267293945443413
0.5277786432952788 0.5267293945443413
0.5277786432952788 0.5267293945443413
0.5277786432952788 0.5267293945443413
0.5277786432952788 0.5267293945443413
0.5277786432952788 0.5267293945443413
0.3373834721583148 0.3370226117453543
0.2084476118359317 0.21010336694359202
0.19170238435981696 0.1921067219309655
0.19170238435981696 0.1921067219309655
0.6417387964797995 0.6406424474741582
0.2589057523903379 0.25819345161535756
0.6478176278137874 0.6465611379421536
0.47402710800813025 0.47471259786889464
0.913550018658947 0.913718130337274
0.7384428655794961 0.7353429442006906
0.32348672316281835 0.32365773331835784
0.9401761549525918 0.9406290420170503
0.5333567626908013 0.5330437271518476
0.19441753288865862 0.19497838822928404
0.21982196103722007 0.22012630114453619
0.21982196103722007 0.22012630114453619
0.21982196103722007 0.22012630114453619
0.21982196103722007 0.22012630114453619
0.21982196103722007 0.22012630114453619
0.04864876615448159 0.04996322557036597
0.04864876615448159 0.04996322557036597
0.2904781400471727 0.28977381008452685
0.8093157057610858 0.8078128453263866
0.8093157057610858 0.8078128453263866
0.7666334549486064 0.7649965399428276
0.7666334549486064 0.7649965399428276
0.19797251518983214 0.19734571949262156
0.8695779454868898 0.8681236345455007
0.8695779454868898 0.8681236345455007
0.8695779454868898 0.8681236345455007
0.8695779454868898 0.8681236345455007
0.21887560822732757 0.2198871767745021
0.21887560822732757 0.2198871767745021