1.1380149914508207e-05 2.1273567597014577e-06
8.579784787691198e-06 2.128821306417792e-06
4.271088574609135e-06 2.1288493177832343e-06
5.0116035139083166e-06 2.1288675237368446e-06
5.0116035139083166e-06 2.1288675237368446e-06
3.6129489510169305e-06 2.128890140745101e-06
2.495307965653105e-06 2.1287084923931414e-06
1.6467346992478858e-05 2.1283584372374713e-06
1.2324941629828079e-05 2.1291956603257704e-06
5.632468332991166e-06 2.1288583971140994e-06
1.1797431766244344e-05 2.211887790932366e-06
1.3539022797379687e-06 2.1288571807145817e-06
1.142391700193416e-06 2.1288487838692945e-06
1.2194876646243025e-06 2.128855633358161e-06
1.2194876646243025e-06 2.128855633358161e-06
1.2194852203497862e-06 2.128855633358161e-06
1.2194852203497862e-06 2.128855633358161e-06
2.022818454805692e-06 2.1288571982226397e-06
4.17648396624745e-05 2.151886989701269e-06
1.684962030240323e-05 2.129201751747934e-06
1.7530500599934664e-05 2.12782849782226e-06
8.202630762340086e-07 2.1288619605405177e-06
1.5633944077996705e-06 2.1288585896312133e-06
2.61312280854501e-06 2.128859914019171e-06
1.530864126532498e-06 2.1288400597121654e-06
2.005511248743764e-06 2.1288515647371704e-06
2.255634924560961e-06 2.128832449698546e-06
2.255634924560961e-06 2.128832449698546e-06
2.430112548546474e-06 2.128783767547676e-06
1.0670025071894861e-06 2.128856160268345e-06
2.3050977156998843e-06 2.128854301922131e-06
2.3050977156998843e-06 2.128854301922131e-06
1.5698063586392527e-05 2.1296543429144507e-06
8.853676667459767e-07 2.12886194033878e-06
1.943108906887527e-05 2.128343246016721e-06
1.826452294024412e-06 2.1289089072632475e-06
9.11540191754216e-06 2.127521153321149e-06
1.0908177680605131e-05 2.1282572072046956e-06
1.560537560992838e-06 2.1288571320779702e-06
1.2098744229951333e-06 2.128854285995005e-06
1.4759877749783119e-06 2.128854432314544e-06
6.526005020704665e-06 2.128316564183953e-06
6.526005020704665e-06 2.128316564183953e-06
5.025106108065328e-07 2.1288612389743232e-06
1.3510078201451072e-06 2.128852620234783e-06
1.407600598669004e-06 2.1288611910647417e-06
6.013519451204449e-06 2.1294971121166168e-06
1.1512073799062455e-06 2.1288517924873994e-06
1.1512073799062455e-06 2.1288517924873994e-06
1.3582847689530801e-05 2.1290598833234954e-06
1.0940714096117295e-06 2.12885022955742e-06
2.1338923773028142e-05 2.1293095022854497e-06
1.8269639183430774e-05 2.130752909414096e-06
1.8269639183430774e-05 2.130752909414096e-06
9.321213915856507e-06 2.128318758804847e-06
2.058487954022485e-06 2.128854274220832e-06
1.3188558987093864e-06 2.129140300702609e-06
1.4227963655952389e-06 2.128750580436199e-06
1.8946695267287948e-06 2.127810036059915e-06
3.877864807214317e-06 2.129106206621714e-06
2.687330305754226e-05 2.128847846058277e-06
1.3530925560279452e-06 2.1288644952118994e-06
1.6065457219956698e-06 2.1288543138430386e-06
7.055200765855716e-06 2.129408086422178e-06
9.264664825424826e-06 2.129781413115232e-06
1.0213468203648676e-05 2.1302049209867074e-06
1.996623446690388e-06 2.1288539788386653e-06
2.022241155602866e-06 2.1287802492303244e-06
1.8680380028287103e-05 2.1297198577578574e-06
1.3455696686027188e-05 2.1283238470062183e-06
3.068981109447917e-06 2.1288690109941563e-06
3.308183425464576e-05 2.0972680075078546e-06
1.4957717271974457e-06 2.1288521293662426e-06
2.1896283756793427e-06 2.128859255650961e-06
4.803259965369452e-06 2.1289904300155923e-06
4.803259965369452e-06 2.1289904300155923e-06
2.4591902118228466e-06 2.1293530316392146e-06
2.4591902118228466e-06 2.1293530316392146e-06
6.598720446946464e-06 2.1230258398090237e-06
4.131894036506202e-06 2.1083553169048473e-06
1.6223294659932562e-05 2.128939238523302e-06
7.503838637066653e-06 2.1283811888967713e-06
1.3367595184929202e-05 2.1290071004929645e-06
1.2973248451546274e-06 2.1288552147817005e-06
6.404175585733015e-06 2.129685198052131e-06
1.2189764415469663e-06 2.12885241980908e-06
1.1958613933565508e-06 2.128850546884098e-06
1.5323087205371269e-06 2.1288627834630118e-06
1.5323087205371269e-06 2.1288627834630118e-06
1.3659866859360163e-06 2.128855464831457e-06
2.791530109261702e-05 2.128972220537191e-06
1.2356535320248001e-06 2.1288536558735957e-06
7.68728477361738e-06 2.129483315345278e-06
4.5923786090104246e-07 2.1288396088684514e-06
8.141393657169056e-06 2.1281975438277023e-06
1.913487503902024e-06 2.1288524794507335e-06
1.1558076560392554e-06 2.128867961854496e-06
1.4665153407257766e-05 2.130967736315966e-06
1.4124118971676773e-05 2.0877813356524156e-06
1.0335226227134224e-06 2.128861003343985e-06
1.0246972093955458e-06 2.1288488007774855e-06
8.057820248874645e-06 2.128875816104544e-06
1.1043625532973004e-05 2.129189547664586e-06
3.2587908460301303e-06 2.1296636432759566e-06
2.884966602077577e-06 2.1287842687925437e-06
1.1786028262649071e-06 2.1288217917312184e-06
4.464329832929897e-06 2.127259740604462e-06
1.1353529263057601e-05 2.1280714497153004e-06
1.2222106495018843e-06 2.1288579434902145e-06
6.23992764634832e-06 2.1302637897761016e-06
4.803269592780865e-06 2.1289904300155923e-06
4.803269592780865e-06 2.1289904300155923e-06