0.00033448793416343753 7.471379972722832e-06
2.08668127048827e-05 7.471379972722832e-06
0.0032059735672302623 7.471379972722832e-06
1.0168150258735215e-06 7.471379972722832e-06
1.7109018044045775e-05 7.471379972722832e-06
1.8965810699988727e-05 7.471379972722832e-06
2.7409796349634057e-06 7.471379972722832e-06
0.00033957200929280514 7.471379972722832e-06
0.000875433527928151 7.471379972722832e-06
2.7232958953829965e-05 7.471379972722832e-06
0.00022272670001525222 7.471379972722832e-06
0.0005345462905040529 7.471379972722832e-06
1.8612135908380545e-05 7.471379972722832e-06
0.00015963995906214287 7.471379972722832e-06
1.3262804685306801e-06 7.471379972722832e-06
5.614587316779879e-06 7.471379972722832e-06
1.0168150258735215e-05 7.471379972722832e-06
0.0002619846018837604 7.471379972722832e-06
0.0001460676889341789 7.471379972722832e-06
0.00018338037944884205 7.471379972722832e-06
5.8886852802762203e-05 7.471379972722832e-06
0.00033157011713267004 7.471379972722832e-06
5.7030060146819245e-06 7.471379972722832e-06
8.925867553211478e-05 7.471379972722832e-06
0.0010793712546392185 7.471379972722832e-06
2.4845654110474742e-05 7.471379972722832e-06
0.00010163729323840112 7.471379972722832e-06
4.8718702544026985e-05 7.471379972722832e-06
1.3572270127963961e-05 7.471379972722832e-06
6.764030389506469e-06 7.471379972722832e-06
3.700322507200598e-05 7.471379972722832e-06
0.0003659649906165657 7.471379972722832e-06
0.0008649117028778076 7.471379972722832e-06
9.681847420273965e-06 7.471379972722832e-06
1.9098438746841795e-05 7.471379972722832e-06
0.0002949647762012233 7.471379972722832e-06
0.00042754861370534027 7.471379972722832e-06
0.0003034087618508686 7.471379972722832e-06
2.1264696845441907e-05 7.471379972722832e-06
5.6941641448917205e-05 7.471379972722832e-06
0.0002601720185767684 7.471379972722832e-06
1.2555455102090439e-05 7.471379972722832e-06
0.00014964864619921174 7.471379972722832e-06
5.5482732933533454e-05 7.471379972722832e-06
0.00013559007323278653 7.471379972722832e-06
3.1388637755226097e-06 7.471379972722832e-06
0.00012378617706286347 7.471379972722832e-06
0.0001220620124537736 7.471379972722832e-06
1.206915226362919e-05 7.471379972722832e-06
0.00016136412367123276 7.471379972722832e-06