2.785407008051824e-06 2.660110025462816e-06
1.8248011826126531e-06 2.660121528145155e-06
1.3844075754848026e-05 2.660110025462816e-06
1.0131664274821637e-05 2.660110025462816e-06
2.147697052873203e-05 2.660110025462816e-06
8.838845480303806e-07 2.6601211368467257e-06
8.404804733076596e-06 2.6601247686672547e-06
1.068639123544075e-06 2.660121055721185e-06
1.7301305645065825e-06 2.6601208457041426e-06
1.379153294517777e-06 2.6601212724621503e-06
1.7308489272036785e-06 2.6601208457041426e-06
2.1454226709065642e-05 2.660110025462816e-06
8.695794844213679e-06 2.660110025462816e-06
1.9528032148869064e-05 2.660110025462816e-06
1.4154173688525075e-05 2.660110025462816e-06
2.3285246228398197e-05 2.660110025462816e-06
3.2782630686575537e-06 2.660120009761637e-06
4.177783475871643e-06 2.660110025462816e-06
4.659436787787351e-06 2.6601219314241172e-06
1.655611247408547e-05 2.660110025462816e-06
1.813261017578646e-06 2.6601214638484066e-06
1.426333205630363e-06 2.660110025462816e-06
6.753331483920753e-07 2.660121245435026e-06
1.919284985995435e-05 2.660110025462816e-06
1.144757500370806e-06 2.660110025462816e-06
1.842449409317833e-05 2.660110025462816e-06
2.1530648627666567e-05 2.660110025462816e-06
1.6089223860062338e-06 2.660121149269715e-06
1.8130298145469878e-06 2.6601214638484066e-06
1.0686382234685783e-06 2.660121055721185e-06
1.5699027245977746e-06 2.6601207877579177e-06
1.2672733148082167e-06 2.6601211413223427e-06
2.1607007790871018e-05 2.660110025462816e-06
4.556428810582631e-06 2.660120009761637e-06
1.8137250069663775e-06 2.6601214638484066e-06
4.017396070374909e-06 2.660110025462816e-06
2.0642470853373475e-06 2.660110025462816e-06
1.3792039492126316e-06 2.6601212724621503e-06
2.7161239485706005e-06 2.660120949820842e-06
1.6789669736496433e-05 2.660110025462816e-06
1.6716501220454247e-05 2.660110025462816e-06
4.661178690823924e-06 2.6601219314241172e-06
4.545184020087909e-06 2.6601179825370256e-06
1.8246577570973517e-06 2.660121528145155e-06
1.0686361502432823e-06 2.660121055721185e-06
6.523335045217568e-06 2.660110025462816e-06
5.394311130396181e-06 2.660110025462816e-06
2.159845167861631e-05 2.660110025462816e-06
1.2829410709901427e-05 2.660110025462816e-06
1.2953830584599733e-05 2.660110025462816e-06