1.672328375185204e-06 2.2069404075212596e-06
1.672328375185204e-06 2.2069404075212596e-06
1.9642311684010216e-06 2.206940338360539e-06
1.9642311684010216e-06 2.206940338360539e-06
1.6560843152380502e-06 2.2069405034659343e-06
1.6560843152380502e-06 2.2069405034659343e-06
1.6676012478527416e-06 2.2069404126544135e-06
1.6548005984485097e-06 2.2069404682553786e-06
1.6752431724642556e-06 2.206940470702249e-06
1.696188271135661e-06 2.2069403177480974e-06
1.6795672134086694e-06 2.2069404576516874e-06
1.6967437623257732e-06 2.2069405128875694e-06
1.6884643031566463e-06 2.2069402503221314e-06
1.3894254612283433e-06 2.206940558249497e-06
1.3894254612283433e-06 2.206940558249497e-06
1.7062488616095183e-06 2.2069403717508706e-06
1.65522373981929e-06 2.2069404263639174e-06
1.65522373981929e-06 2.2069404263639174e-06
1.9780565733691286e-06 2.206940531631731e-06
1.9780565733691286e-06 2.206940531631731e-06
1.9780565733691286e-06 2.206940531631731e-06
1.9780565733691286e-06 2.206940531631731e-06
1.9780565733691286e-06 2.206940531631731e-06
1.727585584511686e-06 2.2069407479783753e-06
1.6844540905937206e-06 2.206940286493663e-06
1.6552123674482862e-06 2.2069403864893637e-06
1.67238559369088e-06 2.2069403404738626e-06
1.7730021350650846e-06 2.206940762808119e-06
1.6084213234476233e-06 2.2069400368033082e-06
1.6569581299668665e-06 2.206940446678366e-06
1.6569581299668665e-06 2.206940446678366e-06
1.6693370045034167e-06 2.2069404150265885e-06
1.6693370045034167e-06 2.2069404150265885e-06
1.6693370045034167e-06 2.2069404150265885e-06
1.6693370045034167e-06 2.2069404150265885e-06
1.5112219422223015e-06 2.2069407482225634e-06
1.6757295472432997e-06 2.20694027248367e-06
1.6757295472432997e-06 2.20694027248367e-06
1.6757295472432997e-06 2.20694027248367e-06
1.6757295472432997e-06 2.20694027248367e-06
1.6757295472432997e-06 2.20694027248367e-06
1.6757295472432997e-06 2.20694027248367e-06
1.6757295472432997e-06 2.20694027248367e-06
1.6494309461583992e-06 2.2069404546283235e-06
1.6771164318579698e-06 2.2069403055153115e-06
1.8237050888603693e-06 2.2069406602501624e-06
1.6893288067102991e-06 2.206940299932785e-06
5.165264215548347e-07 2.206941009657113e-06
5.165264215548347e-07 2.206941009657113e-06
1.7168983860069312e-06 2.2069405794558307e-06