0.0750666149874834 0.142857155296648
0.0750666149874834 0.142857155296648
0.2293205227921673 0.142857155296648
0.2293205227921673 0.142857155296648
0.1920147288259185 0.14285716287264486
0.1920147288259185 0.14285716287264486
0.06003739370608993 0.14285716287264486
0.06003739370608993 0.14285716287264486
0.08675353755334737 0.14285716287264486
0.08675353755334737 0.14285716287264486
0.10084233022246616 0.142857155296648
0.10084233022246616 0.142857155296648
0.19270780903834597 0.14285716287264486
0.19270780903834597 0.14285716287264486
0.0672631836516167 0.14285716287264486
0.0672631836516167 0.14285716287264486
0.43038376129073097 0.142857155296648
0.43038376129073097 0.142857155296648
0.09031096243229753 0.142857155296648
0.09031096243229753 0.142857155296648
0.2250155861295153 0.142857155296648
0.2250155861295153 0.142857155296648
0.08834971806000746 0.14285716287264486
0.08834971806000746 0.14285716287264486
0.07755692730837298 0.142857155296648
0.07755692730837298 0.142857155296648
0.09872779603466841 0.14285716287264486
0.09872779603466841 0.14285716287264486
0.2279728320105717 0.142857155296648
0.2279728320105717 0.142857155296648
0.19131538262105371 0.142857155296648
0.19131538262105371 0.142857155296648
0.06689086159355932 0.14285716287264486
0.06689086159355932 0.14285716287264486
0.22636327691111094 0.142857155296648
0.22636327691111094 0.142857155296648
0.21700706046710064 0.14285716287264486
0.21700706046710064 0.14285716287264486
0.28871942856928146 0.142857155296648
0.28871942856928146 0.142857155296648
0.06689086159355932 0.14285716287264486
0.06689086159355932 0.14285716287264486
0.23310120281693675 0.14285716287264486
0.23310120281693675 0.14285716287264486
0.1864809622535494 0.14285716287264486
0.1864809622535494 0.14285716287264486
0.08636796792422237 0.142857155296648
0.08636796792422237 0.142857155296648
0.07563174766684963 0.142857155296648
0.07563174766684963 0.142857155296648
0.18632397003484225 0.14285716287264486
0.18632397003484225 0.14285716287264486
0.07563174766684963 0.142857155296648
0.07563174766684963 0.142857155296648
0.22598775432809143 0.14285716287264486
0.22598775432809143 0.14285716287264486
0.1928154449112074 0.14285716287264486
0.1928154449112074 0.14285716287264486
0.07753059326606555 0.14285716287264486
0.07753059326606555 0.14285716287264486
0.07770998638750122 0.14285716287264486
0.07770998638750122 0.14285716287264486
0.09757266234728929 0.14285716287264486
0.09757266234728929 0.14285716287264486
0.10340923641116398 0.142857155296648
0.10340923641116398 0.142857155296648
0.0662622885450056 0.14285716287264486
0.0662622885450056 0.14285716287264486
0.23587135785319818 0.142857155296648
0.23587135785319818 0.142857155296648
0.22604765236904834 0.142857155296648
0.22604765236904834 0.142857155296648
0.08841269903205583 0.142857155296648
0.08841269903205583 0.142857155296648
0.07753059326606555 0.14285716287264486
0.07753059326606555 0.14285716287264486
0.10033629239033898 0.14285716287264486
0.10033629239033898 0.14285716287264486
0.08636796792422237 0.142857155296648
0.08636796792422237 0.142857155296648
0.07697943844844525 0.142857155296648
0.07697943844844525 0.142857155296648
0.07404584702600131 0.14285716287264486
0.07404584702600131 0.14285716287264486
0.08216019062145774 0.14285716287264486
0.08216019062145774 0.14285716287264486
0.07404584702600131 0.14285716287264486
0.07404584702600131 0.14285716287264486
0.10478532473054132 0.142857155296648
0.10478532473054132 0.142857155296648
0.08636796792422237 0.142857155296648
0.08636796792422237 0.142857155296648
0.19214103561268012 0.142857155296648
0.19214103561268012 0.142857155296648
0.09210788347442501 0.142857155296648
0.09210788347442501 0.142857155296648
0.08636796792422237 0.142857155296648
0.08636796792422237 0.142857155296648
0.09872779603466841 0.14285716287264486
0.09872779603466841 0.14285716287264486
0.06612366672476239 0.142857155296648
0.06612366672476239 0.142857155296648
0.05914884005616027 0.14285716287264486
0.05914884005616027 0.14285716287264486
0.0662622885450056 0.14285716287264486
0.0662622885450056 0.14285716287264486
0.0671557329642954 0.142857155296648
0.0671557329642954 0.142857155296648
0.08834971806000746 0.14285716287264486
0.08834971806000746 0.14285716287264486
0.07753059326606555 0.14285716287264486
0.07753059326606555 0.14285716287264486
0.2893427472894675 0.14285716287264486
0.2893427472894675 0.14285716287264486
0.08636796792422237 0.142857155296648
0.08636796792422237 0.142857155296648
0.0750666149874834 0.142857155296648
0.0750666149874834 0.142857155296648
0.22636327691111094 0.142857155296648
0.22636327691111094 0.142857155296648
0.08954097728572721 0.142857155296648
0.08954097728572721 0.142857155296648
0.07753059326606555 0.14285716287264486
0.07753059326606555 0.14285716287264486
0.19023722999577722 0.142857155296648
0.19023722999577722 0.142857155296648
0.0662622885450056 0.14285716287264486
0.0662622885450056 0.14285716287264486
0.10340923641116398 0.142857155296648
0.10340923641116398 0.142857155296648
0.10340923641116398 0.142857155296648
0.10340923641116398 0.142857155296648
0.4320123307209791 0.14285716287264486
0.4320123307209791 0.14285716287264486
0.08834971806000746 0.14285716287264486
0.08834971806000746 0.14285716287264486
0.07755692730837298 0.142857155296648
0.07755692730837298 0.142857155296648
0.2279728320105717 0.142857155296648
0.2279728320105717 0.142857155296648
0.2999824789619738 0.14285716287264486
0.2999824789619738 0.14285716287264486
0.23290496254355278 0.14285716287264486
0.23290496254355278 0.14285716287264486
0.19106288298740362 0.142857155296648
0.19106288298740362 0.142857155296648
0.10084233022246616 0.142857155296648
0.10084233022246616 0.142857155296648
0.22739534315064394 0.142857155296648
0.22739534315064394 0.142857155296648
0.07753059326606555 0.14285716287264486
0.07753059326606555 0.14285716287264486
0.2319040674369417 0.14285716287264486
0.2319040674369417 0.14285716287264486
0.06312369447197488 0.142857155296648
0.06312369447197488 0.142857155296648
0.09872779603466841 0.14285716287264486
0.09872779603466841 0.14285716287264486
0.07404584702600131 0.14285716287264486
0.07404584702600131 0.14285716287264486
0.2319040674369417 0.14285716287264486
0.2319040674369417 0.14285716287264486
0.05828248979062592 0.14285716287264486
0.05828248979062592 0.14285716287264486
0.2279728320105717 0.142857155296648
0.2279728320105717 0.142857155296648
0.3000207815060204 0.142857155296648
0.3000207815060204 0.142857155296648
0.10084233022246616 0.142857155296648
0.10084233022246616 0.142857155296648
0.22512140406255707 0.14285716287264486
0.22512140406255707 0.14285716287264486
0.1125999224812251 0.142857155296648
0.1125999224812251 0.142857155296648
0.19350852512363487 0.14285716287264486
0.19350852512363487 0.14285716287264486
0.22498685922148032 0.14285716287264486
0.22498685922148032 0.14285716287264486
0.22512140406255707 0.14285716287264486
0.22512140406255707 0.14285716287264486
0.2165395714269611 0.142857155296648
0.2165395714269611 0.142857155296648
0.07755692730837298 0.142857155296648
0.07755692730837298 0.142857155296648
0.22412050895594599 0.14285716287264486
0.22412050895594599 0.14285716287264486
0.07563174766684963 0.142857155296648
0.07563174766684963 0.142857155296648
0.22739534315064394 0.142857155296648
0.22739534315064394 0.142857155296648
0.18869708628255855 0.142857155296648
0.18869708628255855 0.142857155296648
0.22598775432809143 0.14285716287264486
0.22598775432809143 0.14285716287264486
0.08808806436216218 0.14285716287264486
0.08808806436216218 0.14285716287264486
0.18345641823373385 0.142857155296648
0.18345641823373385 0.142857155296648
0.2319040674369417 0.14285716287264486
0.2319040674369417 0.14285716287264486