0.9139130250946069 0.5
0.9139130250946069 0.5
0.9139130250946069 0.5
0.9139130250946069 0.5
0.9139130250946069 0.5
0.9139130250946069 0.5
0.9139130250946069 0.5
0.9139130250946069 0.5
0.9139130250946069 0.5
0.9139130250946069 0.5
0.9139130250946069 0.5
0.9139130250946069 0.5
0.9139130250946069 0.5
0.9139130250946069 0.5
0.9139130250946069 0.5
0.9139130250946069 0.5
0.9139130250946069 0.5
0.9139130250946069 0.5
0.9139130250946069 0.5
0.9139130250946069 0.5
0.9139130250946069 0.5
0.9139130250946069 0.5
0.9139130250946069 0.5
0.9139130250946069 0.5
0.9139130250946069 0.5
0.9139130250946069 0.5
0.9139130250946069 0.5
0.9139130250946069 0.5
0.9139130250946069 0.5
0.9139130250946069 0.5
0.9139130250946069 0.5
0.9139130250946069 0.5
0.9139130250946069 0.5
0.9139130250946069 0.5
0.9139130250946069 0.5
0.9139130250946069 0.5
0.9139130250946069 0.5
0.9139130250946069 0.5
0.9139130250946069 0.5
0.9139130250946069 0.5
0.9139130250946069 0.5
0.9139130250946069 0.5
0.9139130250946069 0.5
0.9139130250946069 0.5
0.9139130250946069 0.5
0.9139130250946069 0.5
0.9139130250946069 0.5
0.9139130250946069 0.5
0.9139130250946069 0.5
0.9139130250946069 0.5