1.5086938483008335e-06 1.5086938483008335e-06
1.5086938483008335e-06 1.5086938483008335e-06
0.23066721985441105 0.22742201938671594
0.23066721985441105 0.22742201938671594
0.042400331912646624 0.040330403952777885
0.1268811526421001 0.12342322634179459
0.1268811526421001 0.12342322634179459
0.1268811526421001 0.12342322634179459
0.1268811526421001 0.12342322634179459
0.1268811526421001 0.12342322634179459
0.1268811526421001 0.12342322634179459
0.11141704069701656 0.10798476219213216
0.14449515332101234 0.14182627390336816
0.14449515332101234 0.14182627390336816
0.14449515332101234 0.14182627390336816
0.03107909327499717 0.029256591106249764
0.5009889488175612 0.49657300192358467
0.3214498547882171 0.3173462075208388
0.05112812582506695 0.04819522498397013
0.05112812582506695 0.04819522498397013
0.05112812582506695 0.04819522498397013
0.3064202466714442 0.3026500207445404
0.3064202466714442 0.3026500207445404
0.3064202466714442 0.3026500207445404
0.3064202466714442 0.3026500207445404
0.3064202466714442 0.3026500207445404
0.21398257458605213 0.2097431448723268
0.21398257458605213 0.2097431448723268
0.21398257458605213 0.2097431448723268
0.21398257458605213 0.2097431448723268
0.21398257458605213 0.2097431448723268
0.21398257458605213 0.2097431448723268
0.21398257458605213 0.2097431448723268
0.21398257458605213 0.2097431448723268
0.4127590238750801 0.4079960773959944
0.08021725191415532 0.07924263568815298
0.44101836834760305 0.4398204654320522
0.06378154113076603 0.06115641383472259
0.06378154113076603 0.06115641383472259
0.5051966959604722 0.5009044619620564
0.024315618753064535 0.02166484366159997
0.5435839022366387 0.5415788481122468
0.5435839022366387 0.5415788481122468
0.5435839022366387 0.5415788481122468
0.4085512767321691 0.40366612605137103
0.4085512767321691 0.40366612605137103
0.13822954776901897 0.13451514351450233
0.13822954776901897 0.13451514351450233
0.13822954776901897 0.13451514351450233
0.13822954776901897 0.13451514351450233