1.7447802399634134e-06 1.5086958982321622e-06
1.7447802399634134e-06 1.5086958982321622e-06
1.6189478604750943e-06 1.5086928494202468e-06
1.6189478604750943e-06 1.5086928494202468e-06
1.6189478604750943e-06 1.5086928494202468e-06
1.6247463785981312e-06 1.5086567462232896e-06
1.7689290126052871e-06 1.508692481712771e-06
1.5730282448565114e-06 1.5086874211754386e-06
1.5730282448565114e-06 1.5086874211754386e-06
1.5730282448565114e-06 1.5086874211754386e-06
1.8663980730003174e-06 1.5087097144014978e-06
1.8663980730003174e-06 1.5087097144014978e-06
1.0079246278242238e-06 1.5086924541034642e-06
1.0079246278242238e-06 1.5086924541034642e-06
1.0079246278242238e-06 1.5086924541034642e-06
1.308405294857963e-06 1.5086962246835201e-06
1.308405294857963e-06 1.5086962246835201e-06
1.4066384457984694e-06 1.508692308615208e-06
1.703900454638714e-06 1.5086924068586903e-06
1.703900454638714e-06 1.5086924068586903e-06
1.703900454638714e-06 1.5086924068586903e-06
1.703900454638714e-06 1.5086924068586903e-06
1.1804243952407986e-06 1.5086965059794682e-06
1.5723679404319747e-06 1.508689529320898e-06
1.5723679404319747e-06 1.508689529320898e-06
1.5723679404319747e-06 1.508689529320898e-06
1.5723679404319747e-06 1.508689529320898e-06
1.5723679404319747e-06 1.508689529320898e-06
1.5723679404319747e-06 1.508689529320898e-06
1.5723679404319747e-06 1.508689529320898e-06
1.5723679404319747e-06 1.508689529320898e-06
1.6722601873132643e-06 1.5086919907754746e-06
1.740512964838052e-06 1.5086829034093445e-06
1.596480063803698e-06 1.5087469622086259e-06
1.4293370847838566e-06 1.508685569977359e-06
1.4293370847838566e-06 1.508685569977359e-06
1.4293370847838566e-06 1.508685569977359e-06
1.4293370847838566e-06 1.508685569977359e-06
1.4293370847838566e-06 1.508685569977359e-06
1.4293370847838566e-06 1.508685569977359e-06
1.2476915397688915e-06 1.508696906294961e-06
1.4002002903939092e-06 1.5086921786843716e-06
1.642820810568363e-06 1.5086930362040276e-06
1.642820810568363e-06 1.5086930362040276e-06
1.642820810568363e-06 1.5086930362040276e-06
1.642820810568363e-06 1.5086930362040276e-06
1.642820810568363e-06 1.5086930362040276e-06
1.3172210560120183e-06 1.5086959189737045e-06