0.008805870510444333 0.008638202970372426
0.014645567871224266 0.01340344303100092
9.380774004352238e-07 0.00017597228411693697
1.6554307066503948e-07 0.00017597228411693697
2.1244694068680067e-06 0.00017597228411693697
0.014644215936147169 0.01340344303100092
0.018533291704769164 0.018901762989557765
0.000406684143600447 0.0005739930070192469
0.018533512428863384 0.018901762989557765
0.01853342965732805 0.018901762989557765
0.01853331929528094 0.018901762989557765
1.186392006432783e-06 0.00017597228411693697
0.018533567609886937 0.018901762989557765
0.027864789055086773 0.02959854922467351
5.242197237726251e-07 0.00017597228411693697
2.267940068111041e-05 0.00017597228411693697
0.01853342965732805 0.018901762989557765
0.00017743458124114484 0.00017597228411693697
2.6762796424181384e-06 0.00017597228411693697
0.027864513149969 0.02959854922467351
3.6419475546308686e-06 0.00017597228411693697
0.00030457165951189514 0.00044070324462211263
0.018533264114257385 0.018901762989557765
1.710611730205408e-06 0.00017597228411693697
7.369425695772008e-05 0.00017597228411693697
3.3108614133007896e-07 0.00017597228411693697
6.897627944376645e-07 0.00017597228411693697
1.3243445653203158e-06 0.00017597228411693697
0.018533595200398715 0.018901762989557765
7.173533062151711e-07 0.00017597228411693697
0.027864347606898335 0.02959854922467351
1.2305368252767935e-05 0.00017597228411693697
0.018533291704769164 0.018901762989557765
0.018533705562445827 0.018901762989557765
3.034956295525724e-07 0.00017597228411693697
0.018552411929430974 0.018901762989557765
0.00020651498065463677 0.00017597228411693697
2.6762796424181384e-06 0.00017597228411693697
0.01853740269102401 0.018901762989557765
0.018533567609886937 0.018901762989557765
0.014645540280712488 0.01340344303100092
0.018533236523745607 0.018901762989557765
9.656679122127304e-07 0.00017597228411693697
0.018533484838351606 0.018901762989557765
7.344594235172252e-05 0.00017597228411693697
0.014644215936147169 0.01340344303100092
0.01853334688579272 0.018901762989557765
0.014645761004806709 0.01340344303100092
0.018533291704769164 0.018901762989557765
0.014644160755123613 0.01340344303100092