9.901568507467267e-07 1.004244424144124e-06
1.4887000224793704e-06 1.0042593441369063e-06
0.002304147465437788 8.362077976377129e-07
0.05263157894736842 8.362077976377129e-07
4.0372612296421104e-05 1.004530680384274e-06
4.848872552063706e-05 1.0042593441369063e-06
4.848923081830894e-05 1.0042593441369063e-06
1.488677860531726e-06 1.0042593441369063e-06
1.4887000224793704e-06 1.0042593441369063e-06
4.848908644647092e-05 1.0042593441369063e-06
1.4887044549480815e-06 1.0042593441369063e-06
4.848908644647092e-05 1.0042593441369063e-06
1.4886978062549128e-06 1.0042593441369063e-06
7.072548933905191e-07 1.004244424144124e-06
7.07261896392639e-07 1.004244424144124e-06
1.488666779805342e-06 1.0042593441369063e-06
0.004201680672268907 8.362077976377129e-07
4.84885089677158e-05 1.0042593441369063e-06
0.0014727540500736377 8.362077976377129e-07
1.4871657594955534e-06 1.0042593441369063e-06
1.4887000224793704e-06 1.0042593441369063e-06
4.8488364600176216e-05 1.0042593441369063e-06
0.004418262150220913 8.362077976377129e-07
4.0372612296421104e-05 1.004530680384274e-06
4.848800368508828e-05 1.0042593441369063e-06
1.4886845090467357e-06 1.0042593441369063e-06
4.84889420754926e-05 1.0042593441369063e-06
5.72573718866304e-05 8.362077976377129e-07
9.901666549496946e-07 1.004244424144124e-06
1.4886822928684675e-06 1.0042593441369063e-06
0.023255813953488372 8.362077976377129e-07
1.4887022387104265e-06 1.0042593441369063e-06
7.072660982604791e-07 1.004244424144124e-06
1.4886955900370536e-06 1.0042593441369063e-06
0.0003756574004507889 8.362077976377129e-07
0.0002422950184144214 1.025443824905467e-06
4.037276442545788e-05 1.004530680384274e-06
4.036888549311805e-05 1.004530680384274e-06
4.848908644647092e-05 1.0042593441369063e-06
4.843911330928374e-05 1.0042593441369063e-06
1.4886889414230676e-06 1.0042593441369063e-06
4.84882924167288e-05 1.0042593441369063e-06
9.901725375646706e-07 1.004244424144124e-06
4.036835314881228e-05 1.004530680384274e-06
0.00037439161362785476 8.362077976377129e-07
0.004081632653061225 8.362077976377129e-07
0.005714285714285714 8.362077976377129e-07
1.488677860531726e-06 1.0042593441369063e-06
1.4886756443732527e-06 1.0042593441369063e-06
4.84890142608743e-05 1.0042593441369063e-06
1.4886889414230676e-06 1.0042593441369063e-06
4.8488581151807965e-05 1.0042593441369063e-06
0.038461538461538464 8.362077976377129e-07
4.848915863228246e-05 1.0042593441369063e-06
4.848872552063706e-05 1.0042593441369063e-06
4.036896154345073e-05 1.004530680384274e-06
4.8478333161816425e-05 1.0042593441369063e-06
1.4883698777750655e-06 1.0042593441369063e-06
0.007575757575757576 8.362077976377129e-07
4.8488364600176216e-05 1.0042593441369063e-06