2.9331864170630226e-07 3.184213434005425e-07
2.9331864170630226e-07 3.184213434005425e-07
2.9331864170630226e-07 3.184213434005425e-07
2.9331864170630226e-07 3.184213434005425e-07
2.9331864170630226e-07 3.184213434005425e-07
2.941293878419269e-07 3.184213434005425e-07
2.941293878419269e-07 3.184213434005425e-07
2.941293878419269e-07 3.184213434005425e-07
2.941293878419269e-07 3.184213434005425e-07
2.941293878419269e-07 3.184213434005425e-07
2.941293878419269e-07 3.184213434005425e-07
2.941293878419269e-07 3.184213434005425e-07
2.941293878419269e-07 3.184213434005425e-07
2.941293878419269e-07 3.184213434005425e-07
2.941293878419269e-07 3.184213434005425e-07
2.941293878419269e-07 3.184213434005425e-07
2.941293878419269e-07 3.184213434005425e-07
2.941293878419269e-07 3.184213434005425e-07
2.941293878419269e-07 3.184213434005425e-07
2.941293878419269e-07 3.184213434005425e-07
2.941293878419269e-07 3.184213434005425e-07
2.941293878419269e-07 3.184213434005425e-07
2.941293878419269e-07 3.184213434005425e-07
2.941293878419269e-07 3.184213434005425e-07
2.941293878419269e-07 3.184213434005425e-07
2.941293878419269e-07 3.184213434005425e-07
2.941293878419269e-07 3.184213434005425e-07
2.941293878419269e-07 3.184213434005425e-07
2.941293878419269e-07 3.184213434005425e-07
2.941293878419269e-07 3.184213434005425e-07
2.941293878419269e-07 3.184213434005425e-07
2.941293878419269e-07 3.184213434005425e-07
2.941293878419269e-07 3.184213434005425e-07
2.941293878419269e-07 3.184213434005425e-07
2.941293878419269e-07 3.184213434005425e-07
2.941293878419269e-07 3.184213434005425e-07
2.941293878419269e-07 3.184213434005425e-07
2.941293878419269e-07 3.184213434005425e-07
2.941293878419269e-07 3.184213434005425e-07
2.941293878419269e-07 3.184213434005425e-07
2.941293878419269e-07 3.184213434005425e-07
2.941293878419269e-07 3.184213434005425e-07
2.941293878419269e-07 3.184213434005425e-07
2.941293878419269e-07 3.184213434005425e-07
2.941293878419269e-07 3.184213434005425e-07
2.941293878419269e-07 3.184213434005425e-07
2.941293878419269e-07 3.184213434005425e-07
2.941293878419269e-07 3.184213434005425e-07
2.941293878419269e-07 3.184213434005425e-07
2.941293878419269e-07 3.184213434005425e-07