7.676517243124263e-06 4.255379440351084e-06
7.676517243124263e-06 4.255379440351084e-06
7.676517243124263e-06 4.255379440351084e-06
7.676517243124263e-06 4.255379440351084e-06
7.676517243124263e-06 4.255379440351084e-06
7.676517243124263e-06 4.255379440351084e-06
6.393776089104012e-08 4.255482334987398e-06
4.082279833219799e-06 4.255037155301166e-06
2.1883396597451163e-05 4.255658019697371e-06
2.1883396597451163e-05 4.255658019697371e-06
2.1883396597451163e-05 4.255658019697371e-06
1.985410993584967e-06 4.257572991776435e-06
4.85517516879962e-05 4.254940608809742e-06
4.85517516879962e-05 4.254940608809742e-06
4.85517516879962e-05 4.254940608809742e-06
1.420280969739827e-06 4.255377999908509e-06
3.8134256810441788e-06 4.25658980557019e-06
2.3411367562781133e-07 4.255365464368932e-06
2.1284001631201106e-05 4.255534570160846e-06
2.1284001631201106e-05 4.255534570160846e-06
7.012367154031302e-07 4.253514910743261e-06
7.012367154031302e-07 4.253514910743261e-06
7.012367154031302e-07 4.253514910743261e-06
4.187171709311433e-06 4.255335283677264e-06
4.187171709311433e-06 4.255335283677264e-06
4.187171709311433e-06 4.255335283677264e-06
4.187171709311433e-06 4.255335283677264e-06
5.274229389457649e-06 4.25546793101341e-06
5.274229389457649e-06 4.25546793101341e-06
7.08058756034089e-06 4.255303464986281e-06
7.08058756034089e-06 4.255303464986281e-06
7.08058756034089e-06 4.255303464986281e-06
7.08058756034089e-06 4.255303464986281e-06
7.08058756034089e-06 4.255303464986281e-06
7.08058756034089e-06 4.255303464986281e-06
1.2208082908003272e-05 4.255498528093361e-06
1.2208082908003272e-05 4.255498528093361e-06
4.068816884039118e-06 4.255414221501368e-06
4.068816884039118e-06 4.255414221501368e-06
4.068816884039118e-06 4.255414221501368e-06
4.068816884039118e-06 4.255414221501368e-06
4.068816884039118e-06 4.255414221501368e-06
4.068816884039118e-06 4.255414221501368e-06
4.068816884039118e-06 4.255414221501368e-06
4.068816884039118e-06 4.255414221501368e-06
4.068816884039118e-06 4.255414221501368e-06
4.068816884039118e-06 4.255414221501368e-06
4.068816884039118e-06 4.255414221501368e-06
4.068816884039118e-06 4.255414221501368e-06
4.068816884039118e-06 4.255414221501368e-06
4.068816884039118e-06 4.255414221501368e-06
4.068816884039118e-06 4.255414221501368e-06
4.068816884039118e-06 4.255414221501368e-06
4.068816884039118e-06 4.255414221501368e-06
4.068816884039118e-06 4.255414221501368e-06
4.068816884039118e-06 4.255414221501368e-06
4.068816884039118e-06 4.255414221501368e-06
4.068816884039118e-06 4.255414221501368e-06
4.068816884039118e-06 4.255414221501368e-06
4.068816884039118e-06 4.255414221501368e-06
4.068816884039118e-06 4.255414221501368e-06
4.068816884039118e-06 4.255414221501368e-06
4.068816884039118e-06 4.255414221501368e-06
4.068816884039118e-06 4.255414221501368e-06
4.068816884039118e-06 4.255414221501368e-06
4.068816884039118e-06 4.255414221501368e-06
4.068816884039118e-06 4.255414221501368e-06
4.068816884039118e-06 4.255414221501368e-06
4.068816884039118e-06 4.255414221501368e-06
4.068816884039118e-06 4.255414221501368e-06
4.068816884039118e-06 4.255414221501368e-06
4.068816884039118e-06 4.255414221501368e-06
4.068816884039118e-06 4.255414221501368e-06
4.068816884039118e-06 4.255414221501368e-06
4.068816884039118e-06 4.255414221501368e-06
4.068816884039118e-06 4.255414221501368e-06
4.068816884039118e-06 4.255414221501368e-06
4.068816884039118e-06 4.255414221501368e-06
4.068816884039118e-06 4.255414221501368e-06
4.068816884039118e-06 4.255414221501368e-06
4.068816884039118e-06 4.255414221501368e-06
4.068816884039118e-06 4.255414221501368e-06
4.068816884039118e-06 4.255414221501368e-06
4.068816884039118e-06 4.255414221501368e-06
4.068816884039118e-06 4.255414221501368e-06
4.068816884039118e-06 4.255414221501368e-06
4.068816884039118e-06 4.255414221501368e-06
4.068816884039118e-06 4.255414221501368e-06
4.068816884039118e-06 4.255414221501368e-06
4.068816884039118e-06 4.255414221501368e-06
4.068816884039118e-06 4.255414221501368e-06
4.068816884039118e-06 4.255414221501368e-06
4.068816884039118e-06 4.255414221501368e-06
4.068816884039118e-06 4.255414221501368e-06
4.068816884039118e-06 4.255414221501368e-06
4.068816884039118e-06 4.255414221501368e-06
4.068816884039118e-06 4.255414221501368e-06
4.068816884039118e-06 4.255414221501368e-06
4.068816884039118e-06 4.255414221501368e-06
4.068816884039118e-06 4.255414221501368e-06
4.068816884039118e-06 4.255414221501368e-06
4.068816884039118e-06 4.255414221501368e-06
4.068816884039118e-06 4.255414221501368e-06
4.068816884039118e-06 4.255414221501368e-06
4.068816884039118e-06 4.255414221501368e-06
4.068816884039118e-06 4.255414221501368e-06
4.068816884039118e-06 4.255414221501368e-06
4.068816884039118e-06 4.255414221501368e-06
4.068816884039118e-06 4.255414221501368e-06
4.068816884039118e-06 4.255414221501368e-06
4.068816884039118e-06 4.255414221501368e-06
4.068816884039118e-06 4.255414221501368e-06
4.068816884039118e-06 4.255414221501368e-06
4.068816884039118e-06 4.255414221501368e-06
4.068816884039118e-06 4.255414221501368e-06
4.068816884039118e-06 4.255414221501368e-06
4.068816884039118e-06 4.255414221501368e-06
4.068816884039118e-06 4.255414221501368e-06
4.068816884039118e-06 4.255414221501368e-06
4.068816884039118e-06 4.255414221501368e-06
4.068816884039118e-06 4.255414221501368e-06
4.068816884039118e-06 4.255414221501368e-06
4.068816884039118e-06 4.255414221501368e-06
2.1284001631201106e-05 4.255534570160846e-06
7.931653040550212e-06 4.256339568977013e-06
7.931653040550212e-06 4.256339568977013e-06
7.931653040550212e-06 4.256339568977013e-06
7.931653040550212e-06 4.256339568977013e-06
7.931653040550212e-06 4.256339568977013e-06
7.931653040550212e-06 4.256339568977013e-06
7.741718321243083e-06 4.2553142483823335e-06
7.741718321243083e-06 4.2553142483823335e-06
7.741718321243083e-06 4.2553142483823335e-06
2.5821693200633993e-06 4.25602652740179e-06
4.606084033209696e-06 4.255329930972291e-06
4.606084033209696e-06 4.255329930972291e-06
4.606084033209696e-06 4.255329930972291e-06
4.676687608155926e-06 4.255363141521054e-06
4.676687608155926e-06 4.255363141521054e-06
4.676687608155926e-06 4.255363141521054e-06
4.676687608155926e-06 4.255363141521054e-06
4.676687608155926e-06 4.255363141521054e-06
4.676687608155926e-06 4.255363141521054e-06
4.676687608155926e-06 4.255363141521054e-06
4.676687608155926e-06 4.255363141521054e-06
4.676687608155926e-06 4.255363141521054e-06
4.676687608155926e-06 4.255363141521054e-06
4.676687608155926e-06 4.255363141521054e-06
4.676687608155926e-06 4.255363141521054e-06
4.676687608155926e-06 4.255363141521054e-06
4.676687608155926e-06 4.255363141521054e-06
4.676687608155926e-06 4.255363141521054e-06
4.676687608155926e-06 4.255363141521054e-06
4.676687608155926e-06 4.255363141521054e-06
4.676687608155926e-06 4.255363141521054e-06
4.676687608155926e-06 4.255363141521054e-06
4.676687608155926e-06 4.255363141521054e-06
4.676687608155926e-06 4.255363141521054e-06
4.676687608155926e-06 4.255363141521054e-06
4.676687608155926e-06 4.255363141521054e-06
4.676687608155926e-06 4.255363141521054e-06
4.676687608155926e-06 4.255363141521054e-06
4.676687608155926e-06 4.255363141521054e-06
4.676687608155926e-06 4.255363141521054e-06
4.676687608155926e-06 4.255363141521054e-06
4.676687608155926e-06 4.255363141521054e-06
4.676687608155926e-06 4.255363141521054e-06
4.676687608155926e-06 4.255363141521054e-06
4.676687608155926e-06 4.255363141521054e-06
4.676687608155926e-06 4.255363141521054e-06
4.676687608155926e-06 4.255363141521054e-06
4.676687608155926e-06 4.255363141521054e-06
4.676687608155926e-06 4.255363141521054e-06
4.676687608155926e-06 4.255363141521054e-06
4.676687608155926e-06 4.255363141521054e-06
4.676687608155926e-06 4.255363141521054e-06
4.676687608155926e-06 4.255363141521054e-06
4.676687608155926e-06 4.255363141521054e-06
4.676687608155926e-06 4.255363141521054e-06
4.676687608155926e-06 4.255363141521054e-06
4.617581835928396e-06 4.255698289462819e-06
1.0811279980174872e-05 4.2553785930604025e-06
1.0811279980174872e-05 4.2553785930604025e-06
1.0811279980174872e-05 4.2553785930604025e-06
1.0811279980174872e-05 4.2553785930604025e-06
1.0811279980174872e-05 4.2553785930604025e-06
1.0811279980174872e-05 4.2553785930604025e-06
1.0811279980174872e-05 4.2553785930604025e-06
1.0811279980174872e-05 4.2553785930604025e-06
1.0811279980174872e-05 4.2553785930604025e-06
1.0811279980174872e-05 4.2553785930604025e-06
1.0811279980174872e-05 4.2553785930604025e-06
1.0811279980174872e-05 4.2553785930604025e-06
1.0811279980174872e-05 4.2553785930604025e-06
1.0811279980174872e-05 4.2553785930604025e-06
1.0811279980174872e-05 4.2553785930604025e-06
1.0811279980174872e-05 4.2553785930604025e-06
1.0811279980174872e-05 4.2553785930604025e-06
1.0811279980174872e-05 4.2553785930604025e-06
1.0811279980174872e-05 4.2553785930604025e-06
1.0811279980174872e-05 4.2553785930604025e-06
1.0811279980174872e-05 4.2553785930604025e-06
1.0811279980174872e-05 4.2553785930604025e-06
1.0811279980174872e-05 4.2553785930604025e-06
1.0811279980174872e-05 4.2553785930604025e-06
1.0811279980174872e-05 4.2553785930604025e-06
1.0811279980174872e-05 4.2553785930604025e-06
1.0811279980174872e-05 4.2553785930604025e-06
1.0811279980174872e-05 4.2553785930604025e-06
1.0811279980174872e-05 4.2553785930604025e-06
1.0811279980174872e-05 4.2553785930604025e-06
1.0811279980174872e-05 4.2553785930604025e-06
1.0811279980174872e-05 4.2553785930604025e-06
1.0811279980174872e-05 4.2553785930604025e-06
1.0811279980174872e-05 4.2553785930604025e-06
1.0811279980174872e-05 4.2553785930604025e-06
1.0811279980174872e-05 4.2553785930604025e-06
1.0811279980174872e-05 4.2553785930604025e-06
1.0811279980174872e-05 4.2553785930604025e-06
1.0811279980174872e-05 4.2553785930604025e-06
1.0811279980174872e-05 4.2553785930604025e-06
1.0811279980174872e-05 4.2553785930604025e-06
1.0811279980174872e-05 4.2553785930604025e-06
1.0811279980174872e-05 4.2553785930604025e-06
1.1083765523620425e-05 4.2553656100390985e-06
1.1083765523620425e-05 4.2553656100390985e-06
1.1083765523620425e-05 4.2553656100390985e-06
1.1083765523620425e-05 4.2553656100390985e-06
1.1083765523620425e-05 4.2553656100390985e-06
1.1083765523620425e-05 4.2553656100390985e-06
1.1083765523620425e-05 4.2553656100390985e-06
1.1083765523620425e-05 4.2553656100390985e-06
1.1083765523620425e-05 4.2553656100390985e-06
1.1083765523620425e-05 4.2553656100390985e-06
1.1083765523620425e-05 4.2553656100390985e-06
1.1083765523620425e-05 4.2553656100390985e-06
1.1083765523620425e-05 4.2553656100390985e-06
1.1083765523620425e-05 4.2553656100390985e-06
1.1083765523620425e-05 4.2553656100390985e-06
1.1083765523620425e-05 4.2553656100390985e-06
1.1083765523620425e-05 4.2553656100390985e-06
1.1083765523620425e-05 4.2553656100390985e-06
1.1083765523620425e-05 4.2553656100390985e-06
1.1083765523620425e-05 4.2553656100390985e-06
1.1083765523620425e-05 4.2553656100390985e-06
1.1083765523620425e-05 4.2553656100390985e-06
1.1083765523620425e-05 4.2553656100390985e-06
1.1083765523620425e-05 4.2553656100390985e-06
1.1083765523620425e-05 4.2553656100390985e-06
1.1083765523620425e-05 4.2553656100390985e-06
1.1083765523620425e-05 4.2553656100390985e-06
1.1083765523620425e-05 4.2553656100390985e-06
1.1083765523620425e-05 4.2553656100390985e-06
1.1083765523620425e-05 4.2553656100390985e-06
1.1083765523620425e-05 4.2553656100390985e-06
1.1083765523620425e-05 4.2553656100390985e-06
1.1083765523620425e-05 4.2553656100390985e-06
1.1083765523620425e-05 4.2553656100390985e-06
1.1083765523620425e-05 4.2553656100390985e-06
1.1083765523620425e-05 4.2553656100390985e-06
1.1083765523620425e-05 4.2553656100390985e-06
1.1083765523620425e-05 4.2553656100390985e-06
1.1083765523620425e-05 4.2553656100390985e-06
1.1083765523620425e-05 4.2553656100390985e-06
1.1083765523620425e-05 4.2553656100390985e-06
1.1083765523620425e-05 4.2553656100390985e-06
1.1083765523620425e-05 4.2553656100390985e-06
3.8134256810441788e-06 4.25658980557019e-06
3.8134256810441788e-06 4.25658980557019e-06
7.803619395350661e-06 4.2553737175022755e-06
7.803619395350661e-06 4.2553737175022755e-06
7.803619395350661e-06 4.2553737175022755e-06
7.803619395350661e-06 4.2553737175022755e-06
7.803619395350661e-06 4.2553737175022755e-06
7.803619395350661e-06 4.2553737175022755e-06
7.803619395350661e-06 4.2553737175022755e-06
7.803619395350661e-06 4.2553737175022755e-06
7.803619395350661e-06 4.2553737175022755e-06
7.803619395350661e-06 4.2553737175022755e-06
7.803619395350661e-06 4.2553737175022755e-06
7.803619395350661e-06 4.2553737175022755e-06
7.803619395350661e-06 4.2553737175022755e-06
7.803619395350661e-06 4.2553737175022755e-06
7.803619395350661e-06 4.2553737175022755e-06
7.803619395350661e-06 4.2553737175022755e-06
7.803619395350661e-06 4.2553737175022755e-06
7.803619395350661e-06 4.2553737175022755e-06
7.803619395350661e-06 4.2553737175022755e-06
7.803619395350661e-06 4.2553737175022755e-06
7.803619395350661e-06 4.2553737175022755e-06
7.803619395350661e-06 4.2553737175022755e-06
7.803619395350661e-06 4.2553737175022755e-06
7.803619395350661e-06 4.2553737175022755e-06
7.803619395350661e-06 4.2553737175022755e-06
7.803619395350661e-06 4.2553737175022755e-06
7.803619395350661e-06 4.2553737175022755e-06
7.803619395350661e-06 4.2553737175022755e-06
7.803619395350661e-06 4.2553737175022755e-06
7.803619395350661e-06 4.2553737175022755e-06
7.803619395350661e-06 4.2553737175022755e-06
7.803619395350661e-06 4.2553737175022755e-06
7.803619395350661e-06 4.2553737175022755e-06
7.803619395350661e-06 4.2553737175022755e-06
7.803619395350661e-06 4.2553737175022755e-06
7.803619395350661e-06 4.2553737175022755e-06
7.803619395350661e-06 4.2553737175022755e-06
7.803619395350661e-06 4.2553737175022755e-06
7.803619395350661e-06 4.2553737175022755e-06
7.803619395350661e-06 4.2553737175022755e-06
7.803619395350661e-06 4.2553737175022755e-06
7.803619395350661e-06 4.2553737175022755e-06
7.803619395350661e-06 4.2553737175022755e-06
3.5119650194066955e-06 4.257401669816478e-06
7.736244784873318e-06 4.255386980083622e-06
7.736244784873318e-06 4.255386980083622e-06
7.736244784873318e-06 4.255386980083622e-06
7.736244784873318e-06 4.255386980083622e-06
5.270159597934668e-07 4.2552892452872225e-06
5.270159597934668e-07 4.2552892452872225e-06
5.270159597934668e-07 4.2552892452872225e-06
2.6541494753287607e-06 4.255099625002553e-06
2.6541494753287607e-06 4.255099625002553e-06
1.5893611418971617e-05 4.254826825690863e-06
4.5545773157546915e-06 4.25536208515701e-06
4.5545773157546915e-06 4.25536208515701e-06
4.5545773157546915e-06 4.25536208515701e-06
4.5545773157546915e-06 4.25536208515701e-06
4.5545773157546915e-06 4.25536208515701e-06
4.5545773157546915e-06 4.25536208515701e-06
2.0218009870305137e-06 4.255826477595212e-06
2.0218009870305137e-06 4.255826477595212e-06
2.0218009870305137e-06 4.255826477595212e-06
5.02795455220945e-06 4.2553837585482485e-06
5.02795455220945e-06 4.2553837585482485e-06
5.02795455220945e-06 4.2553837585482485e-06
5.02795455220945e-06 4.2553837585482485e-06
5.02795455220945e-06 4.2553837585482485e-06
5.02795455220945e-06 4.2553837585482485e-06
5.02795455220945e-06 4.2553837585482485e-06
5.02795455220945e-06 4.2553837585482485e-06
5.02795455220945e-06 4.2553837585482485e-06
5.02795455220945e-06 4.2553837585482485e-06
5.02795455220945e-06 4.2553837585482485e-06
5.02795455220945e-06 4.2553837585482485e-06
5.02795455220945e-06 4.2553837585482485e-06
5.02795455220945e-06 4.2553837585482485e-06
5.02795455220945e-06 4.2553837585482485e-06
5.02795455220945e-06 4.2553837585482485e-06
5.02795455220945e-06 4.2553837585482485e-06
5.02795455220945e-06 4.2553837585482485e-06
5.02795455220945e-06 4.2553837585482485e-06
5.02795455220945e-06 4.2553837585482485e-06
5.02795455220945e-06 4.2553837585482485e-06
5.02795455220945e-06 4.2553837585482485e-06
5.02795455220945e-06 4.2553837585482485e-06
5.02795455220945e-06 4.2553837585482485e-06
5.02795455220945e-06 4.2553837585482485e-06
5.02795455220945e-06 4.2553837585482485e-06
5.02795455220945e-06 4.2553837585482485e-06
5.02795455220945e-06 4.2553837585482485e-06
5.02795455220945e-06 4.2553837585482485e-06
5.02795455220945e-06 4.2553837585482485e-06
5.02795455220945e-06 4.2553837585482485e-06
5.02795455220945e-06 4.2553837585482485e-06
5.02795455220945e-06 4.2553837585482485e-06
5.02795455220945e-06 4.2553837585482485e-06
5.02795455220945e-06 4.2553837585482485e-06
5.02795455220945e-06 4.2553837585482485e-06
5.02795455220945e-06 4.2553837585482485e-06
5.02795455220945e-06 4.2553837585482485e-06
5.02795455220945e-06 4.2553837585482485e-06
5.02795455220945e-06 4.2553837585482485e-06
5.02795455220945e-06 4.2553837585482485e-06
5.02795455220945e-06 4.2553837585482485e-06
5.02795455220945e-06 4.2553837585482485e-06
5.02795455220945e-06 4.2553837585482485e-06
5.02795455220945e-06 4.2553837585482485e-06
5.02795455220945e-06 4.2553837585482485e-06
5.02795455220945e-06 4.2553837585482485e-06
5.02795455220945e-06 4.2553837585482485e-06
5.02795455220945e-06 4.2553837585482485e-06
5.02795455220945e-06 4.2553837585482485e-06
5.02795455220945e-06 4.2553837585482485e-06
5.02795455220945e-06 4.2553837585482485e-06
5.02795455220945e-06 4.2553837585482485e-06
5.02795455220945e-06 4.2553837585482485e-06
5.02795455220945e-06 4.2553837585482485e-06
5.02795455220945e-06 4.2553837585482485e-06
5.02795455220945e-06 4.2553837585482485e-06
5.02795455220945e-06 4.2553837585482485e-06
5.02795455220945e-06 4.2553837585482485e-06
5.02795455220945e-06 4.2553837585482485e-06
5.02795455220945e-06 4.2553837585482485e-06
5.02795455220945e-06 4.2553837585482485e-06
5.02795455220945e-06 4.2553837585482485e-06
5.02795455220945e-06 4.2553837585482485e-06
5.02795455220945e-06 4.2553837585482485e-06
5.02795455220945e-06 4.2553837585482485e-06
5.02795455220945e-06 4.2553837585482485e-06
5.02795455220945e-06 4.2553837585482485e-06
5.02795455220945e-06 4.2553837585482485e-06
5.02795455220945e-06 4.2553837585482485e-06
5.02795455220945e-06 4.2553837585482485e-06
5.02795455220945e-06 4.2553837585482485e-06
5.02795455220945e-06 4.2553837585482485e-06
5.02795455220945e-06 4.2553837585482485e-06
5.02795455220945e-06 4.2553837585482485e-06
5.02795455220945e-06 4.2553837585482485e-06
5.02795455220945e-06 4.2553837585482485e-06
5.02795455220945e-06 4.2553837585482485e-06
5.02795455220945e-06 4.2553837585482485e-06
5.02795455220945e-06 4.2553837585482485e-06
5.02795455220945e-06 4.2553837585482485e-06
5.02795455220945e-06 4.2553837585482485e-06
5.02795455220945e-06 4.2553837585482485e-06
5.02795455220945e-06 4.2553837585482485e-06
5.02795455220945e-06 4.2553837585482485e-06
5.02795455220945e-06 4.2553837585482485e-06
5.02795455220945e-06 4.2553837585482485e-06
5.02795455220945e-06 4.2553837585482485e-06
5.02795455220945e-06 4.2553837585482485e-06
5.02795455220945e-06 4.2553837585482485e-06
5.02795455220945e-06 4.2553837585482485e-06
5.02795455220945e-06 4.2553837585482485e-06
5.02795455220945e-06 4.2553837585482485e-06
5.02795455220945e-06 4.2553837585482485e-06
5.02795455220945e-06 4.2553837585482485e-06
5.02795455220945e-06 4.2553837585482485e-06
5.02795455220945e-06 4.2553837585482485e-06
5.02795455220945e-06 4.2553837585482485e-06
5.02795455220945e-06 4.2553837585482485e-06
5.02795455220945e-06 4.2553837585482485e-06
5.02795455220945e-06 4.2553837585482485e-06
5.02795455220945e-06 4.2553837585482485e-06
5.02795455220945e-06 4.2553837585482485e-06
5.02795455220945e-06 4.2553837585482485e-06
5.02795455220945e-06 4.2553837585482485e-06
5.02795455220945e-06 4.2553837585482485e-06
5.02795455220945e-06 4.2553837585482485e-06
5.02795455220945e-06 4.2553837585482485e-06
5.02795455220945e-06 4.2553837585482485e-06
5.02795455220945e-06 4.2553837585482485e-06
5.02795455220945e-06 4.2553837585482485e-06
5.02795455220945e-06 4.2553837585482485e-06
5.02795455220945e-06 4.2553837585482485e-06
5.02795455220945e-06 4.2553837585482485e-06
5.02795455220945e-06 4.2553837585482485e-06
5.02795455220945e-06 4.2553837585482485e-06
5.02795455220945e-06 4.2553837585482485e-06
5.02795455220945e-06 4.2553837585482485e-06
5.02795455220945e-06 4.2553837585482485e-06
5.02795455220945e-06 4.2553837585482485e-06
5.02795455220945e-06 4.2553837585482485e-06
5.02795455220945e-06 4.2553837585482485e-06
5.02795455220945e-06 4.2553837585482485e-06
5.02795455220945e-06 4.2553837585482485e-06
5.02795455220945e-06 4.2553837585482485e-06
5.02795455220945e-06 4.2553837585482485e-06
5.02795455220945e-06 4.2553837585482485e-06
5.02795455220945e-06 4.2553837585482485e-06
5.02795455220945e-06 4.2553837585482485e-06
7.1061742168073735e-06 4.2553394888996666e-06
7.1061742168073735e-06 4.2553394888996666e-06
1.1083765523620425e-05 4.2553656100390985e-06
1.1083765523620425e-05 4.2553656100390985e-06
1.1083765523620425e-05 4.2553656100390985e-06
1.1083765523620425e-05 4.2553656100390985e-06
1.1083765523620425e-05 4.2553656100390985e-06
1.1083765523620425e-05 4.2553656100390985e-06
1.1083765523620425e-05 4.2553656100390985e-06
1.1083765523620425e-05 4.2553656100390985e-06
1.1083765523620425e-05 4.2553656100390985e-06
1.1083765523620425e-05 4.2553656100390985e-06
1.1083765523620425e-05 4.2553656100390985e-06
1.1083765523620425e-05 4.2553656100390985e-06
1.1083765523620425e-05 4.2553656100390985e-06
1.1083765523620425e-05 4.2553656100390985e-06
1.1083765523620425e-05 4.2553656100390985e-06
1.1083765523620425e-05 4.2553656100390985e-06
1.1083765523620425e-05 4.2553656100390985e-06
1.1083765523620425e-05 4.2553656100390985e-06
1.1083765523620425e-05 4.2553656100390985e-06
1.1083765523620425e-05 4.2553656100390985e-06
1.1083765523620425e-05 4.2553656100390985e-06
1.1083765523620425e-05 4.2553656100390985e-06
1.1083765523620425e-05 4.2553656100390985e-06
1.1083765523620425e-05 4.2553656100390985e-06
1.1083765523620425e-05 4.2553656100390985e-06
1.1083765523620425e-05 4.2553656100390985e-06
1.1083765523620425e-05 4.2553656100390985e-06
1.1083765523620425e-05 4.2553656100390985e-06
1.1083765523620425e-05 4.2553656100390985e-06
1.1083765523620425e-05 4.2553656100390985e-06
1.1083765523620425e-05 4.2553656100390985e-06
1.1083765523620425e-05 4.2553656100390985e-06
1.1083765523620425e-05 4.2553656100390985e-06
1.1083765523620425e-05 4.2553656100390985e-06
1.1083765523620425e-05 4.2553656100390985e-06
1.1083765523620425e-05 4.2553656100390985e-06
1.1083765523620425e-05 4.2553656100390985e-06
1.1083765523620425e-05 4.2553656100390985e-06
1.1083765523620425e-05 4.2553656100390985e-06
1.1083765523620425e-05 4.2553656100390985e-06
1.1083765523620425e-05 4.2553656100390985e-06
1.1083765523620425e-05 4.2553656100390985e-06
1.1083765523620425e-05 4.2553656100390985e-06
2.0720549274946017e-05 4.255119983266261e-06
2.0181324248234247e-07 4.255493083428098e-06
2.0181324248234247e-07 4.255493083428098e-06
2.0181324248234247e-07 4.255493083428098e-06
2.4250847179991195e-05 4.255469273246839e-06
3.201784139882261e-06 4.25480126747293e-06
3.201784139882261e-06 4.25480126747293e-06
3.201784139882261e-06 4.25480126747293e-06
7.803619395350661e-06 4.2553737175022755e-06
7.803619395350661e-06 4.2553737175022755e-06
7.803619395350661e-06 4.2553737175022755e-06
7.803619395350661e-06 4.2553737175022755e-06
7.803619395350661e-06 4.2553737175022755e-06
7.803619395350661e-06 4.2553737175022755e-06
7.803619395350661e-06 4.2553737175022755e-06
7.803619395350661e-06 4.2553737175022755e-06
7.803619395350661e-06 4.2553737175022755e-06
7.803619395350661e-06 4.2553737175022755e-06
7.803619395350661e-06 4.2553737175022755e-06
7.803619395350661e-06 4.2553737175022755e-06
7.803619395350661e-06 4.2553737175022755e-06
7.803619395350661e-06 4.2553737175022755e-06
7.803619395350661e-06 4.2553737175022755e-06
7.803619395350661e-06 4.2553737175022755e-06
7.803619395350661e-06 4.2553737175022755e-06
7.803619395350661e-06 4.2553737175022755e-06
7.803619395350661e-06 4.2553737175022755e-06
7.803619395350661e-06 4.2553737175022755e-06
7.803619395350661e-06 4.2553737175022755e-06
7.803619395350661e-06 4.2553737175022755e-06
7.803619395350661e-06 4.2553737175022755e-06
7.803619395350661e-06 4.2553737175022755e-06
7.803619395350661e-06 4.2553737175022755e-06
7.803619395350661e-06 4.2553737175022755e-06
7.803619395350661e-06 4.2553737175022755e-06
7.803619395350661e-06 4.2553737175022755e-06
7.803619395350661e-06 4.2553737175022755e-06
7.803619395350661e-06 4.2553737175022755e-06
7.803619395350661e-06 4.2553737175022755e-06
7.803619395350661e-06 4.2553737175022755e-06
7.803619395350661e-06 4.2553737175022755e-06
7.803619395350661e-06 4.2553737175022755e-06
7.803619395350661e-06 4.2553737175022755e-06
7.803619395350661e-06 4.2553737175022755e-06
7.803619395350661e-06 4.2553737175022755e-06
7.803619395350661e-06 4.2553737175022755e-06
7.803619395350661e-06 4.2553737175022755e-06
7.803619395350661e-06 4.2553737175022755e-06
7.803619395350661e-06 4.2553737175022755e-06
7.803619395350661e-06 4.2553737175022755e-06
7.803619395350661e-06 4.2553737175022755e-06
7.803619395350661e-06 4.2553737175022755e-06
7.803619395350661e-06 4.2553737175022755e-06
7.803619395350661e-06 4.2553737175022755e-06
7.803619395350661e-06 4.2553737175022755e-06
7.803619395350661e-06 4.2553737175022755e-06
7.803619395350661e-06 4.2553737175022755e-06
7.803619395350661e-06 4.2553737175022755e-06
7.803619395350661e-06 4.2553737175022755e-06
7.803619395350661e-06 4.2553737175022755e-06
7.803619395350661e-06 4.2553737175022755e-06
7.803619395350661e-06 4.2553737175022755e-06
7.803619395350661e-06 4.2553737175022755e-06
7.803619395350661e-06 4.2553737175022755e-06
7.803619395350661e-06 4.2553737175022755e-06
7.803619395350661e-06 4.2553737175022755e-06
7.803619395350661e-06 4.2553737175022755e-06
7.803619395350661e-06 4.2553737175022755e-06
7.803619395350661e-06 4.2553737175022755e-06
7.803619395350661e-06 4.2553737175022755e-06
7.803619395350661e-06 4.2553737175022755e-06
7.803619395350661e-06 4.2553737175022755e-06
7.803619395350661e-06 4.2553737175022755e-06
7.803619395350661e-06 4.2553737175022755e-06
7.803619395350661e-06 4.2553737175022755e-06
7.803619395350661e-06 4.2553737175022755e-06
7.803619395350661e-06 4.2553737175022755e-06
7.803619395350661e-06 4.2553737175022755e-06
7.803619395350661e-06 4.2553737175022755e-06
7.803619395350661e-06 4.2553737175022755e-06
7.803619395350661e-06 4.2553737175022755e-06
7.803619395350661e-06 4.2553737175022755e-06
7.803619395350661e-06 4.2553737175022755e-06
7.803619395350661e-06 4.2553737175022755e-06
7.803619395350661e-06 4.2553737175022755e-06
7.803619395350661e-06 4.2553737175022755e-06
7.803619395350661e-06 4.2553737175022755e-06
7.803619395350661e-06 4.2553737175022755e-06
7.803619395350661e-06 4.2553737175022755e-06
7.803619395350661e-06 4.2553737175022755e-06
7.803619395350661e-06 4.2553737175022755e-06
7.803619395350661e-06 4.2553737175022755e-06
7.803619395350661e-06 4.2553737175022755e-06
7.803619395350661e-06 4.2553737175022755e-06
3.485311614901109e-06 4.2558312806370365e-06
3.485311614901109e-06 4.2558312806370365e-06
4.786063444054647e-06 4.25537932618871e-06
4.786063444054647e-06 4.25537932618871e-06
4.786063444054647e-06 4.25537932618871e-06
4.786063444054647e-06 4.25537932618871e-06
4.786063444054647e-06 4.25537932618871e-06
4.786063444054647e-06 4.25537932618871e-06
4.786063444054647e-06 4.25537932618871e-06
4.786063444054647e-06 4.25537932618871e-06
4.786063444054647e-06 4.25537932618871e-06
4.786063444054647e-06 4.25537932618871e-06
4.786063444054647e-06 4.25537932618871e-06
4.786063444054647e-06 4.25537932618871e-06
4.786063444054647e-06 4.25537932618871e-06
4.786063444054647e-06 4.25537932618871e-06
4.786063444054647e-06 4.25537932618871e-06
4.786063444054647e-06 4.25537932618871e-06
4.786063444054647e-06 4.25537932618871e-06
4.786063444054647e-06 4.25537932618871e-06
4.786063444054647e-06 4.25537932618871e-06
4.786063444054647e-06 4.25537932618871e-06
4.786063444054647e-06 4.25537932618871e-06
4.786063444054647e-06 4.25537932618871e-06
4.786063444054647e-06 4.25537932618871e-06
4.786063444054647e-06 4.25537932618871e-06
4.786063444054647e-06 4.25537932618871e-06
4.786063444054647e-06 4.25537932618871e-06
4.786063444054647e-06 4.25537932618871e-06
4.786063444054647e-06 4.25537932618871e-06
4.786063444054647e-06 4.25537932618871e-06
4.786063444054647e-06 4.25537932618871e-06
4.786063444054647e-06 4.25537932618871e-06
4.786063444054647e-06 4.25537932618871e-06
4.786063444054647e-06 4.25537932618871e-06
4.786063444054647e-06 4.25537932618871e-06
4.786063444054647e-06 4.25537932618871e-06
4.786063444054647e-06 4.25537932618871e-06
4.786063444054647e-06 4.25537932618871e-06
4.786063444054647e-06 4.25537932618871e-06
4.786063444054647e-06 4.25537932618871e-06
4.786063444054647e-06 4.25537932618871e-06
4.786063444054647e-06 4.25537932618871e-06
4.786063444054647e-06 4.25537932618871e-06
4.786063444054647e-06 4.25537932618871e-06
4.786063444054647e-06 4.25537932618871e-06
4.786063444054647e-06 4.25537932618871e-06
4.786063444054647e-06 4.25537932618871e-06
4.786063444054647e-06 4.25537932618871e-06
4.786063444054647e-06 4.25537932618871e-06
4.786063444054647e-06 4.25537932618871e-06
4.786063444054647e-06 4.25537932618871e-06
4.786063444054647e-06 4.25537932618871e-06
4.786063444054647e-06 4.25537932618871e-06
4.786063444054647e-06 4.25537932618871e-06
4.786063444054647e-06 4.25537932618871e-06
4.786063444054647e-06 4.25537932618871e-06
4.786063444054647e-06 4.25537932618871e-06
4.786063444054647e-06 4.25537932618871e-06
4.786063444054647e-06 4.25537932618871e-06
4.786063444054647e-06 4.25537932618871e-06
4.786063444054647e-06 4.25537932618871e-06
4.786063444054647e-06 4.25537932618871e-06
4.786063444054647e-06 4.25537932618871e-06
4.786063444054647e-06 4.25537932618871e-06
4.786063444054647e-06 4.25537932618871e-06
4.786063444054647e-06 4.25537932618871e-06
4.786063444054647e-06 4.25537932618871e-06
4.786063444054647e-06 4.25537932618871e-06
4.786063444054647e-06 4.25537932618871e-06
4.786063444054647e-06 4.25537932618871e-06
4.786063444054647e-06 4.25537932618871e-06
4.786063444054647e-06 4.25537932618871e-06
4.786063444054647e-06 4.25537932618871e-06
4.786063444054647e-06 4.25537932618871e-06
4.786063444054647e-06 4.25537932618871e-06
4.786063444054647e-06 4.25537932618871e-06
4.786063444054647e-06 4.25537932618871e-06
4.786063444054647e-06 4.25537932618871e-06
4.786063444054647e-06 4.25537932618871e-06
4.786063444054647e-06 4.25537932618871e-06
4.786063444054647e-06 4.25537932618871e-06
4.786063444054647e-06 4.25537932618871e-06
4.786063444054647e-06 4.25537932618871e-06
4.786063444054647e-06 4.25537932618871e-06
4.786063444054647e-06 4.25537932618871e-06
4.786063444054647e-06 4.25537932618871e-06
4.786063444054647e-06 4.25537932618871e-06
3.7772474153313917e-06 4.25522175745129e-06
3.7772474153313917e-06 4.25522175745129e-06
8.111675645931907e-06 4.254909422836408e-06
8.111675645931907e-06 4.254909422836408e-06
8.111675645931907e-06 4.254909422836408e-06
8.111675645931907e-06 4.254909422836408e-06
4.1293680656831387e-05 4.2572309822780526e-06
8.679830486976497e-06 4.254051541582752e-06
8.679830486976497e-06 4.254051541582752e-06
7.741718321243083e-06 4.2553142483823335e-06
7.741718321243083e-06 4.2553142483823335e-06
7.741718321243083e-06 4.2553142483823335e-06
7.741718321243083e-06 4.2553142483823335e-06
7.741718321243083e-06 4.2553142483823335e-06
7.741718321243083e-06 4.2553142483823335e-06
2.0096033072613025e-06 4.255700934191453e-06
2.0096033072613025e-06 4.255700934191453e-06
2.0096033072613025e-06 4.255700934191453e-06
2.0096033072613025e-06 4.255700934191453e-06
2.0096033072613025e-06 4.255700934191453e-06
2.0096033072613025e-06 4.255700934191453e-06
3.0256683611606864e-06 4.257542079553853e-06
4.922528222027266e-07 4.255451266446059e-06
4.922528222027266e-07 4.255451266446059e-06
6.484598955258454e-06 4.255444109093088e-06
6.484598955258454e-06 4.255444109093088e-06
6.484598955258454e-06 4.255444109093088e-06
6.484598955258454e-06 4.255444109093088e-06
6.484598955258454e-06 4.255444109093088e-06
6.484598955258454e-06 4.255444109093088e-06
6.484598955258454e-06 4.255444109093088e-06
6.484598955258454e-06 4.255444109093088e-06
6.484598955258454e-06 4.255444109093088e-06
6.484598955258454e-06 4.255444109093088e-06
6.484598955258454e-06 4.255444109093088e-06
6.484598955258454e-06 4.255444109093088e-06
6.484598955258454e-06 4.255444109093088e-06
6.484598955258454e-06 4.255444109093088e-06
6.484598955258454e-06 4.255444109093088e-06
6.484598955258454e-06 4.255444109093088e-06
6.484598955258454e-06 4.255444109093088e-06
6.484598955258454e-06 4.255444109093088e-06
6.484598955258454e-06 4.255444109093088e-06
6.484598955258454e-06 4.255444109093088e-06
6.484598955258454e-06 4.255444109093088e-06
6.484598955258454e-06 4.255444109093088e-06
6.484598955258454e-06 4.255444109093088e-06
6.484598955258454e-06 4.255444109093088e-06
6.484598955258454e-06 4.255444109093088e-06
6.484598955258454e-06 4.255444109093088e-06
6.484598955258454e-06 4.255444109093088e-06
6.484598955258454e-06 4.255444109093088e-06
6.484598955258454e-06 4.255444109093088e-06
6.484598955258454e-06 4.255444109093088e-06
6.484598955258454e-06 4.255444109093088e-06
6.484598955258454e-06 4.255444109093088e-06
6.484598955258454e-06 4.255444109093088e-06
6.484598955258454e-06 4.255444109093088e-06
6.484598955258454e-06 4.255444109093088e-06
6.484598955258454e-06 4.255444109093088e-06
6.484598955258454e-06 4.255444109093088e-06
6.484598955258454e-06 4.255444109093088e-06
6.484598955258454e-06 4.255444109093088e-06
6.484598955258454e-06 4.255444109093088e-06
6.484598955258454e-06 4.255444109093088e-06
6.484598955258454e-06 4.255444109093088e-06
6.484598955258454e-06 4.255444109093088e-06
2.0096033072613025e-06 4.255700934191453e-06
2.0096033072613025e-06 4.255700934191453e-06
2.0096033072613025e-06 4.255700934191453e-06
8.4877605538645e-06 4.254929350982246e-06
8.4877605538645e-06 4.254929350982246e-06
8.4877605538645e-06 4.254929350982246e-06
1.4681022226943084e-06 4.255270930568685e-06
1.4681022226943084e-06 4.255270930568685e-06
1.4681022226943084e-06 4.255270930568685e-06
2.095513424765341e-06 4.256547267492037e-06
2.4373995094199953e-06 4.255206196360159e-06
4.992031949004474e-06 4.2553314174084805e-06
4.266582130119021e-06 4.254981772150809e-06
4.266582130119021e-06 4.254981772150809e-06
4.617581835928396e-06 4.255698289462819e-06
4.617581835928396e-06 4.255698289462819e-06
1.7013481406486733e-06 4.253035552796069e-06
2.8907694761070634e-06 4.255445614433641e-06
2.8907694761070634e-06 4.255445614433641e-06
2.8907694761070634e-06 4.255445614433641e-06
2.8907694761070634e-06 4.255445614433641e-06
2.8907694761070634e-06 4.255445614433641e-06
2.8907694761070634e-06 4.255445614433641e-06
2.8907694761070634e-06 4.255445614433641e-06
2.8907694761070634e-06 4.255445614433641e-06
2.8907694761070634e-06 4.255445614433641e-06
2.8907694761070634e-06 4.255445614433641e-06
2.8907694761070634e-06 4.255445614433641e-06
2.8907694761070634e-06 4.255445614433641e-06
2.8907694761070634e-06 4.255445614433641e-06
2.8907694761070634e-06 4.255445614433641e-06
2.8907694761070634e-06 4.255445614433641e-06
2.8907694761070634e-06 4.255445614433641e-06
2.8907694761070634e-06 4.255445614433641e-06
2.8907694761070634e-06 4.255445614433641e-06
2.8907694761070634e-06 4.255445614433641e-06
2.8907694761070634e-06 4.255445614433641e-06
2.8907694761070634e-06 4.255445614433641e-06
2.8907694761070634e-06 4.255445614433641e-06
2.8907694761070634e-06 4.255445614433641e-06
2.8907694761070634e-06 4.255445614433641e-06
2.8907694761070634e-06 4.255445614433641e-06
2.8907694761070634e-06 4.255445614433641e-06
2.8907694761070634e-06 4.255445614433641e-06
2.8907694761070634e-06 4.255445614433641e-06
2.8907694761070634e-06 4.255445614433641e-06
2.8907694761070634e-06 4.255445614433641e-06
2.8907694761070634e-06 4.255445614433641e-06
2.8907694761070634e-06 4.255445614433641e-06
2.8907694761070634e-06 4.255445614433641e-06
2.8907694761070634e-06 4.255445614433641e-06
2.8907694761070634e-06 4.255445614433641e-06
2.8907694761070634e-06 4.255445614433641e-06
2.8907694761070634e-06 4.255445614433641e-06
2.8907694761070634e-06 4.255445614433641e-06
2.8907694761070634e-06 4.255445614433641e-06
2.8907694761070634e-06 4.255445614433641e-06
2.8907694761070634e-06 4.255445614433641e-06
2.8907694761070634e-06 4.255445614433641e-06
2.8907694761070634e-06 4.255445614433641e-06
7.829143981229196e-06 4.255370794395681e-06
7.829143981229196e-06 4.255370794395681e-06
7.829143981229196e-06 4.255370794395681e-06
7.829143981229196e-06 4.255370794395681e-06
7.829143981229196e-06 4.255370794395681e-06
7.829143981229196e-06 4.255370794395681e-06
7.829143981229196e-06 4.255370794395681e-06
7.829143981229196e-06 4.255370794395681e-06
7.829143981229196e-06 4.255370794395681e-06
7.829143981229196e-06 4.255370794395681e-06
7.829143981229196e-06 4.255370794395681e-06
7.829143981229196e-06 4.255370794395681e-06
7.829143981229196e-06 4.255370794395681e-06
7.829143981229196e-06 4.255370794395681e-06
7.829143981229196e-06 4.255370794395681e-06
7.829143981229196e-06 4.255370794395681e-06
7.829143981229196e-06 4.255370794395681e-06
7.829143981229196e-06 4.255370794395681e-06
7.829143981229196e-06 4.255370794395681e-06
7.829143981229196e-06 4.255370794395681e-06
7.829143981229196e-06 4.255370794395681e-06
7.829143981229196e-06 4.255370794395681e-06
7.829143981229196e-06 4.255370794395681e-06
7.829143981229196e-06 4.255370794395681e-06
7.829143981229196e-06 4.255370794395681e-06
7.829143981229196e-06 4.255370794395681e-06
7.829143981229196e-06 4.255370794395681e-06
7.829143981229196e-06 4.255370794395681e-06
7.829143981229196e-06 4.255370794395681e-06
7.829143981229196e-06 4.255370794395681e-06
7.829143981229196e-06 4.255370794395681e-06
7.829143981229196e-06 4.255370794395681e-06
7.829143981229196e-06 4.255370794395681e-06
7.829143981229196e-06 4.255370794395681e-06
7.829143981229196e-06 4.255370794395681e-06
7.829143981229196e-06 4.255370794395681e-06
7.829143981229196e-06 4.255370794395681e-06
7.829143981229196e-06 4.255370794395681e-06
7.829143981229196e-06 4.255370794395681e-06
7.829143981229196e-06 4.255370794395681e-06
7.829143981229196e-06 4.255370794395681e-06
7.829143981229196e-06 4.255370794395681e-06
7.829143981229196e-06 4.255370794395681e-06
7.829143981229196e-06 4.255370794395681e-06
7.829143981229196e-06 4.255370794395681e-06
7.829143981229196e-06 4.255370794395681e-06
7.829143981229196e-06 4.255370794395681e-06
7.829143981229196e-06 4.255370794395681e-06
7.829143981229196e-06 4.255370794395681e-06
7.829143981229196e-06 4.255370794395681e-06
7.829143981229196e-06 4.255370794395681e-06
7.829143981229196e-06 4.255370794395681e-06
7.829143981229196e-06 4.255370794395681e-06
7.829143981229196e-06 4.255370794395681e-06
7.829143981229196e-06 4.255370794395681e-06
7.829143981229196e-06 4.255370794395681e-06
7.829143981229196e-06 4.255370794395681e-06
7.829143981229196e-06 4.255370794395681e-06
7.829143981229196e-06 4.255370794395681e-06
7.829143981229196e-06 4.255370794395681e-06
7.829143981229196e-06 4.255370794395681e-06
7.829143981229196e-06 4.255370794395681e-06
7.829143981229196e-06 4.255370794395681e-06
7.829143981229196e-06 4.255370794395681e-06
7.829143981229196e-06 4.255370794395681e-06
7.829143981229196e-06 4.255370794395681e-06
7.829143981229196e-06 4.255370794395681e-06
7.829143981229196e-06 4.255370794395681e-06
7.829143981229196e-06 4.255370794395681e-06
7.829143981229196e-06 4.255370794395681e-06
7.829143981229196e-06 4.255370794395681e-06
7.829143981229196e-06 4.255370794395681e-06
7.829143981229196e-06 4.255370794395681e-06
7.829143981229196e-06 4.255370794395681e-06
7.829143981229196e-06 4.255370794395681e-06
7.829143981229196e-06 4.255370794395681e-06
7.829143981229196e-06 4.255370794395681e-06
7.829143981229196e-06 4.255370794395681e-06
7.829143981229196e-06 4.255370794395681e-06
7.829143981229196e-06 4.255370794395681e-06
7.829143981229196e-06 4.255370794395681e-06
7.829143981229196e-06 4.255370794395681e-06
7.829143981229196e-06 4.255370794395681e-06
7.829143981229196e-06 4.255370794395681e-06
7.829143981229196e-06 4.255370794395681e-06
7.829143981229196e-06 4.255370794395681e-06
8.717625815012306e-07 4.25538432444678e-06
8.717625815012306e-07 4.25538432444678e-06
4.786063444054647e-06 4.25537932618871e-06
4.786063444054647e-06 4.25537932618871e-06
4.786063444054647e-06 4.25537932618871e-06
4.786063444054647e-06 4.25537932618871e-06
4.786063444054647e-06 4.25537932618871e-06
4.786063444054647e-06 4.25537932618871e-06
4.786063444054647e-06 4.25537932618871e-06
4.786063444054647e-06 4.25537932618871e-06
4.786063444054647e-06 4.25537932618871e-06
4.786063444054647e-06 4.25537932618871e-06
4.786063444054647e-06 4.25537932618871e-06
4.786063444054647e-06 4.25537932618871e-06
4.786063444054647e-06 4.25537932618871e-06
4.786063444054647e-06 4.25537932618871e-06
4.786063444054647e-06 4.25537932618871e-06
4.786063444054647e-06 4.25537932618871e-06
4.786063444054647e-06 4.25537932618871e-06
4.786063444054647e-06 4.25537932618871e-06
4.786063444054647e-06 4.25537932618871e-06
4.786063444054647e-06 4.25537932618871e-06
4.786063444054647e-06 4.25537932618871e-06
4.786063444054647e-06 4.25537932618871e-06
4.786063444054647e-06 4.25537932618871e-06
4.786063444054647e-06 4.25537932618871e-06
4.786063444054647e-06 4.25537932618871e-06
4.786063444054647e-06 4.25537932618871e-06
4.786063444054647e-06 4.25537932618871e-06
4.786063444054647e-06 4.25537932618871e-06
4.786063444054647e-06 4.25537932618871e-06
4.786063444054647e-06 4.25537932618871e-06
4.786063444054647e-06 4.25537932618871e-06
4.786063444054647e-06 4.25537932618871e-06
4.786063444054647e-06 4.25537932618871e-06
4.786063444054647e-06 4.25537932618871e-06
4.786063444054647e-06 4.25537932618871e-06
4.786063444054647e-06 4.25537932618871e-06
4.786063444054647e-06 4.25537932618871e-06
4.786063444054647e-06 4.25537932618871e-06
4.786063444054647e-06 4.25537932618871e-06
4.786063444054647e-06 4.25537932618871e-06
4.786063444054647e-06 4.25537932618871e-06
4.786063444054647e-06 4.25537932618871e-06
4.786063444054647e-06 4.25537932618871e-06
2.047528751329878e-05 4.255208845879547e-06
2.047528751329878e-05 4.255208845879547e-06
4.474058259282928e-06 4.255945145621282e-06
4.474058259282928e-06 4.255945145621282e-06
2.644255687952343e-06 4.255771731686642e-06
2.644255687952343e-06 4.255771731686642e-06
6.152215517505871e-07 4.255343027410021e-06
6.393776089104012e-08 4.255482334987398e-06
5.55998746113326e-06 4.255366861433982e-06
5.55998746113326e-06 4.255366861433982e-06
5.55998746113326e-06 4.255366861433982e-06
5.55998746113326e-06 4.255366861433982e-06
5.55998746113326e-06 4.255366861433982e-06
5.55998746113326e-06 4.255366861433982e-06
5.55998746113326e-06 4.255366861433982e-06
5.55998746113326e-06 4.255366861433982e-06
5.55998746113326e-06 4.255366861433982e-06
5.55998746113326e-06 4.255366861433982e-06
5.55998746113326e-06 4.255366861433982e-06
5.55998746113326e-06 4.255366861433982e-06
5.55998746113326e-06 4.255366861433982e-06
5.55998746113326e-06 4.255366861433982e-06
5.55998746113326e-06 4.255366861433982e-06
5.55998746113326e-06 4.255366861433982e-06
5.55998746113326e-06 4.255366861433982e-06
5.55998746113326e-06 4.255366861433982e-06
5.55998746113326e-06 4.255366861433982e-06
5.55998746113326e-06 4.255366861433982e-06
5.55998746113326e-06 4.255366861433982e-06
5.55998746113326e-06 4.255366861433982e-06
5.55998746113326e-06 4.255366861433982e-06
5.55998746113326e-06 4.255366861433982e-06
5.55998746113326e-06 4.255366861433982e-06
5.55998746113326e-06 4.255366861433982e-06
5.55998746113326e-06 4.255366861433982e-06
5.55998746113326e-06 4.255366861433982e-06
5.55998746113326e-06 4.255366861433982e-06
5.55998746113326e-06 4.255366861433982e-06
5.55998746113326e-06 4.255366861433982e-06
5.55998746113326e-06 4.255366861433982e-06
5.55998746113326e-06 4.255366861433982e-06
5.55998746113326e-06 4.255366861433982e-06
5.55998746113326e-06 4.255366861433982e-06
5.55998746113326e-06 4.255366861433982e-06
5.55998746113326e-06 4.255366861433982e-06
5.55998746113326e-06 4.255366861433982e-06
5.55998746113326e-06 4.255366861433982e-06
5.55998746113326e-06 4.255366861433982e-06
5.55998746113326e-06 4.255366861433982e-06
5.55998746113326e-06 4.255366861433982e-06
5.55998746113326e-06 4.255366861433982e-06
1.5536289039917213e-05 4.255473588478984e-06
1.5536289039917213e-05 4.255473588478984e-06
1.5536289039917213e-05 4.255473588478984e-06
4.488877846277447e-06 4.255424258119574e-06
2.0181324248234247e-07 4.255493083428098e-06
2.0181324248234247e-07 4.255493083428098e-06
2.0181324248234247e-07 4.255493083428098e-06
4.922528222027266e-07 4.255451266446059e-06
4.922528222027266e-07 4.255451266446059e-06
5.287892368538819e-06 4.2553612747660344e-06
5.287892368538819e-06 4.2553612747660344e-06
5.287892368538819e-06 4.2553612747660344e-06
5.287892368538819e-06 4.2553612747660344e-06
5.287892368538819e-06 4.2553612747660344e-06
5.287892368538819e-06 4.2553612747660344e-06
5.287892368538819e-06 4.2553612747660344e-06
5.287892368538819e-06 4.2553612747660344e-06
5.287892368538819e-06 4.2553612747660344e-06
5.287892368538819e-06 4.2553612747660344e-06
5.287892368538819e-06 4.2553612747660344e-06
5.287892368538819e-06 4.2553612747660344e-06
5.287892368538819e-06 4.2553612747660344e-06
5.287892368538819e-06 4.2553612747660344e-06
5.287892368538819e-06 4.2553612747660344e-06
5.287892368538819e-06 4.2553612747660344e-06
5.287892368538819e-06 4.2553612747660344e-06
5.287892368538819e-06 4.2553612747660344e-06
5.287892368538819e-06 4.2553612747660344e-06
5.287892368538819e-06 4.2553612747660344e-06
5.287892368538819e-06 4.2553612747660344e-06
5.287892368538819e-06 4.2553612747660344e-06
5.287892368538819e-06 4.2553612747660344e-06
5.287892368538819e-06 4.2553612747660344e-06
5.287892368538819e-06 4.2553612747660344e-06
5.287892368538819e-06 4.2553612747660344e-06
5.287892368538819e-06 4.2553612747660344e-06
5.287892368538819e-06 4.2553612747660344e-06
5.287892368538819e-06 4.2553612747660344e-06
5.287892368538819e-06 4.2553612747660344e-06
5.287892368538819e-06 4.2553612747660344e-06
5.287892368538819e-06 4.2553612747660344e-06
5.287892368538819e-06 4.2553612747660344e-06
5.287892368538819e-06 4.2553612747660344e-06
5.287892368538819e-06 4.2553612747660344e-06
5.287892368538819e-06 4.2553612747660344e-06
5.287892368538819e-06 4.2553612747660344e-06
5.287892368538819e-06 4.2553612747660344e-06
5.287892368538819e-06 4.2553612747660344e-06
5.287892368538819e-06 4.2553612747660344e-06
5.287892368538819e-06 4.2553612747660344e-06
5.287892368538819e-06 4.2553612747660344e-06
5.287892368538819e-06 4.2553612747660344e-06
3.6515257672197967e-06 4.255184681561618e-06
3.6515257672197967e-06 4.255184681561618e-06
3.6515257672197967e-06 4.255184681561618e-06
3.6515257672197967e-06 4.255184681561618e-06
3.6515257672197967e-06 4.255184681561618e-06
3.6515257672197967e-06 4.255184681561618e-06
7.024448047892819e-07 4.255395614365268e-06
7.024448047892819e-07 4.255395614365268e-06
7.19338500401385e-06 4.2553215905172884e-06
7.19338500401385e-06 4.2553215905172884e-06
7.19338500401385e-06 4.2553215905172884e-06
7.19338500401385e-06 4.2553215905172884e-06
3.6905296128126683e-06 4.255202629773314e-06
3.6905296128126683e-06 4.255202629773314e-06
3.6905296128126683e-06 4.255202629773314e-06
3.6905296128126683e-06 4.255202629773314e-06
3.6905296128126683e-06 4.255202629773314e-06
3.6905296128126683e-06 4.255202629773314e-06
3.6905296128126683e-06 4.255202629773314e-06
3.6905296128126683e-06 4.255202629773314e-06
3.6905296128126683e-06 4.255202629773314e-06
3.6905296128126683e-06 4.255202629773314e-06
3.6905296128126683e-06 4.255202629773314e-06
3.6905296128126683e-06 4.255202629773314e-06
3.6905296128126683e-06 4.255202629773314e-06
3.6905296128126683e-06 4.255202629773314e-06
3.6905296128126683e-06 4.255202629773314e-06
3.6905296128126683e-06 4.255202629773314e-06
3.6905296128126683e-06 4.255202629773314e-06
3.6905296128126683e-06 4.255202629773314e-06
3.6905296128126683e-06 4.255202629773314e-06
3.6905296128126683e-06 4.255202629773314e-06
3.6905296128126683e-06 4.255202629773314e-06
3.6905296128126683e-06 4.255202629773314e-06
3.6905296128126683e-06 4.255202629773314e-06
3.6905296128126683e-06 4.255202629773314e-06
3.6905296128126683e-06 4.255202629773314e-06
3.6905296128126683e-06 4.255202629773314e-06
3.6905296128126683e-06 4.255202629773314e-06
3.6905296128126683e-06 4.255202629773314e-06
3.6905296128126683e-06 4.255202629773314e-06
3.6905296128126683e-06 4.255202629773314e-06
3.6905296128126683e-06 4.255202629773314e-06
3.6905296128126683e-06 4.255202629773314e-06
3.6905296128126683e-06 4.255202629773314e-06
3.6905296128126683e-06 4.255202629773314e-06
3.6905296128126683e-06 4.255202629773314e-06
3.6905296128126683e-06 4.255202629773314e-06
3.6905296128126683e-06 4.255202629773314e-06
3.6905296128126683e-06 4.255202629773314e-06
3.6905296128126683e-06 4.255202629773314e-06
3.6905296128126683e-06 4.255202629773314e-06
3.6905296128126683e-06 4.255202629773314e-06
3.6905296128126683e-06 4.255202629773314e-06
3.6905296128126683e-06 4.255202629773314e-06
6.93457226010856e-07 4.255329714746296e-06
3.615519254849516e-06 4.2556971343379625e-06
3.615519254849516e-06 4.2556971343379625e-06
2.3411367562781133e-07 4.255365464368932e-06
1.808601199356569e-06 4.2522514915318345e-06
5.108085581230135e-06 4.255378816637079e-06
5.108085581230135e-06 4.255378816637079e-06
5.108085581230135e-06 4.255378816637079e-06
5.108085581230135e-06 4.255378816637079e-06
5.108085581230135e-06 4.255378816637079e-06
5.108085581230135e-06 4.255378816637079e-06
5.108085581230135e-06 4.255378816637079e-06
5.108085581230135e-06 4.255378816637079e-06
5.108085581230135e-06 4.255378816637079e-06
5.108085581230135e-06 4.255378816637079e-06
5.108085581230135e-06 4.255378816637079e-06
5.108085581230135e-06 4.255378816637079e-06
5.108085581230135e-06 4.255378816637079e-06
5.108085581230135e-06 4.255378816637079e-06
5.108085581230135e-06 4.255378816637079e-06
5.108085581230135e-06 4.255378816637079e-06
5.108085581230135e-06 4.255378816637079e-06
5.108085581230135e-06 4.255378816637079e-06
5.108085581230135e-06 4.255378816637079e-06
5.108085581230135e-06 4.255378816637079e-06
5.108085581230135e-06 4.255378816637079e-06
5.108085581230135e-06 4.255378816637079e-06
5.108085581230135e-06 4.255378816637079e-06
5.108085581230135e-06 4.255378816637079e-06
5.108085581230135e-06 4.255378816637079e-06
5.108085581230135e-06 4.255378816637079e-06
5.108085581230135e-06 4.255378816637079e-06
5.108085581230135e-06 4.255378816637079e-06
5.108085581230135e-06 4.255378816637079e-06
5.108085581230135e-06 4.255378816637079e-06
5.108085581230135e-06 4.255378816637079e-06
5.108085581230135e-06 4.255378816637079e-06
5.108085581230135e-06 4.255378816637079e-06
5.108085581230135e-06 4.255378816637079e-06
5.108085581230135e-06 4.255378816637079e-06
5.108085581230135e-06 4.255378816637079e-06
5.108085581230135e-06 4.255378816637079e-06
5.108085581230135e-06 4.255378816637079e-06
5.108085581230135e-06 4.255378816637079e-06
5.108085581230135e-06 4.255378816637079e-06
5.108085581230135e-06 4.255378816637079e-06
5.108085581230135e-06 4.255378816637079e-06
5.108085581230135e-06 4.255378816637079e-06
5.108085581230135e-06 4.255378816637079e-06
5.108085581230135e-06 4.255378816637079e-06
5.108085581230135e-06 4.255378816637079e-06
5.108085581230135e-06 4.255378816637079e-06
5.108085581230135e-06 4.255378816637079e-06
5.108085581230135e-06 4.255378816637079e-06
5.108085581230135e-06 4.255378816637079e-06
5.108085581230135e-06 4.255378816637079e-06
5.108085581230135e-06 4.255378816637079e-06
5.108085581230135e-06 4.255378816637079e-06
5.108085581230135e-06 4.255378816637079e-06
5.108085581230135e-06 4.255378816637079e-06
5.108085581230135e-06 4.255378816637079e-06
5.108085581230135e-06 4.255378816637079e-06
5.108085581230135e-06 4.255378816637079e-06
5.108085581230135e-06 4.255378816637079e-06
5.108085581230135e-06 4.255378816637079e-06
5.108085581230135e-06 4.255378816637079e-06
5.108085581230135e-06 4.255378816637079e-06
5.108085581230135e-06 4.255378816637079e-06
5.108085581230135e-06 4.255378816637079e-06
5.108085581230135e-06 4.255378816637079e-06
5.108085581230135e-06 4.255378816637079e-06
5.108085581230135e-06 4.255378816637079e-06
5.108085581230135e-06 4.255378816637079e-06
5.108085581230135e-06 4.255378816637079e-06
5.108085581230135e-06 4.255378816637079e-06
5.108085581230135e-06 4.255378816637079e-06
5.108085581230135e-06 4.255378816637079e-06
5.108085581230135e-06 4.255378816637079e-06
5.108085581230135e-06 4.255378816637079e-06
5.108085581230135e-06 4.255378816637079e-06
5.108085581230135e-06 4.255378816637079e-06
5.108085581230135e-06 4.255378816637079e-06
5.108085581230135e-06 4.255378816637079e-06
5.108085581230135e-06 4.255378816637079e-06
5.108085581230135e-06 4.255378816637079e-06
5.108085581230135e-06 4.255378816637079e-06
5.108085581230135e-06 4.255378816637079e-06
5.108085581230135e-06 4.255378816637079e-06
5.108085581230135e-06 4.255378816637079e-06
5.108085581230135e-06 4.255378816637079e-06
5.108085581230135e-06 4.255378816637079e-06
5.671116580840973e-06 4.2550679507382995e-06
5.671116580840973e-06 4.2550679507382995e-06
1.2049414572824748e-05 4.254684726292809e-06
6.73977168806536e-05 4.256036528402201e-06
6.73977168806536e-05 4.256036528402201e-06
6.73977168806536e-05 4.256036528402201e-06
7.4627026710326436e-06 4.255464426027751e-06
7.4627026710326436e-06 4.255464426027751e-06
7.4627026710326436e-06 4.255464426027751e-06
7.4627026710326436e-06 4.255464426027751e-06
7.4627026710326436e-06 4.255464426027751e-06
7.4627026710326436e-06 4.255464426027751e-06
7.4627026710326436e-06 4.255464426027751e-06
7.4627026710326436e-06 4.255464426027751e-06
7.4627026710326436e-06 4.255464426027751e-06
3.767050406767222e-07 4.255902594124002e-06
1.5250099929186196e-05 4.255516556297139e-06
1.5250099929186196e-05 4.255516556297139e-06
6.755053862197152e-06 4.25540779313776e-06
6.755053862197152e-06 4.25540779313776e-06
6.755053862197152e-06 4.25540779313776e-06
6.755053862197152e-06 4.25540779313776e-06
6.755053862197152e-06 4.25540779313776e-06
6.755053862197152e-06 4.25540779313776e-06
6.755053862197152e-06 4.25540779313776e-06
6.755053862197152e-06 4.25540779313776e-06
6.755053862197152e-06 4.25540779313776e-06
6.755053862197152e-06 4.25540779313776e-06
6.755053862197152e-06 4.25540779313776e-06
6.755053862197152e-06 4.25540779313776e-06
6.755053862197152e-06 4.25540779313776e-06
6.755053862197152e-06 4.25540779313776e-06
6.755053862197152e-06 4.25540779313776e-06
6.755053862197152e-06 4.25540779313776e-06
6.755053862197152e-06 4.25540779313776e-06
6.755053862197152e-06 4.25540779313776e-06
6.755053862197152e-06 4.25540779313776e-06
6.755053862197152e-06 4.25540779313776e-06
6.755053862197152e-06 4.25540779313776e-06
6.755053862197152e-06 4.25540779313776e-06
6.755053862197152e-06 4.25540779313776e-06
6.755053862197152e-06 4.25540779313776e-06
6.755053862197152e-06 4.25540779313776e-06
6.755053862197152e-06 4.25540779313776e-06
6.755053862197152e-06 4.25540779313776e-06
6.755053862197152e-06 4.25540779313776e-06
6.755053862197152e-06 4.25540779313776e-06
6.755053862197152e-06 4.25540779313776e-06
6.755053862197152e-06 4.25540779313776e-06
6.755053862197152e-06 4.25540779313776e-06
6.755053862197152e-06 4.25540779313776e-06
6.755053862197152e-06 4.25540779313776e-06
6.755053862197152e-06 4.25540779313776e-06
6.755053862197152e-06 4.25540779313776e-06
6.755053862197152e-06 4.25540779313776e-06
6.755053862197152e-06 4.25540779313776e-06
6.755053862197152e-06 4.25540779313776e-06
6.755053862197152e-06 4.25540779313776e-06
6.755053862197152e-06 4.25540779313776e-06
6.755053862197152e-06 4.25540779313776e-06
6.755053862197152e-06 4.25540779313776e-06
3.959081345092723e-06 4.254464934524114e-06
7.736244784873318e-06 4.255386980083622e-06
7.736244784873318e-06 4.255386980083622e-06
5.980118969864934e-06 4.2554251664815475e-06
5.980118969864934e-06 4.2554251664815475e-06
5.980118969864934e-06 4.2554251664815475e-06
5.980118969864934e-06 4.2554251664815475e-06
5.980118969864934e-06 4.2554251664815475e-06
5.980118969864934e-06 4.2554251664815475e-06
5.980118969864934e-06 4.2554251664815475e-06
5.980118969864934e-06 4.2554251664815475e-06
5.980118969864934e-06 4.2554251664815475e-06
5.980118969864934e-06 4.2554251664815475e-06
5.980118969864934e-06 4.2554251664815475e-06
5.980118969864934e-06 4.2554251664815475e-06
5.980118969864934e-06 4.2554251664815475e-06
5.980118969864934e-06 4.2554251664815475e-06
5.980118969864934e-06 4.2554251664815475e-06
5.980118969864934e-06 4.2554251664815475e-06
5.980118969864934e-06 4.2554251664815475e-06
5.980118969864934e-06 4.2554251664815475e-06
5.980118969864934e-06 4.2554251664815475e-06
5.980118969864934e-06 4.2554251664815475e-06
5.980118969864934e-06 4.2554251664815475e-06
5.980118969864934e-06 4.2554251664815475e-06
5.980118969864934e-06 4.2554251664815475e-06
5.980118969864934e-06 4.2554251664815475e-06
5.980118969864934e-06 4.2554251664815475e-06
5.980118969864934e-06 4.2554251664815475e-06
5.980118969864934e-06 4.2554251664815475e-06
5.980118969864934e-06 4.2554251664815475e-06
5.980118969864934e-06 4.2554251664815475e-06
5.980118969864934e-06 4.2554251664815475e-06
5.980118969864934e-06 4.2554251664815475e-06
5.980118969864934e-06 4.2554251664815475e-06
5.980118969864934e-06 4.2554251664815475e-06
5.980118969864934e-06 4.2554251664815475e-06
5.980118969864934e-06 4.2554251664815475e-06
5.980118969864934e-06 4.2554251664815475e-06
5.980118969864934e-06 4.2554251664815475e-06
5.980118969864934e-06 4.2554251664815475e-06
5.980118969864934e-06 4.2554251664815475e-06
5.980118969864934e-06 4.2554251664815475e-06
5.980118969864934e-06 4.2554251664815475e-06
5.980118969864934e-06 4.2554251664815475e-06
5.980118969864934e-06 4.2554251664815475e-06
9.463035707105331e-07 4.255293704221652e-06
9.463035707105331e-07 4.255293704221652e-06
9.463035707105331e-07 4.255293704221652e-06
1.0690307844289058e-05 4.2553716988471985e-06
1.0690307844289058e-05 4.2553716988471985e-06
1.0690307844289058e-05 4.2553716988471985e-06
1.0690307844289058e-05 4.2553716988471985e-06
1.0690307844289058e-05 4.2553716988471985e-06
1.0690307844289058e-05 4.2553716988471985e-06
1.0690307844289058e-05 4.2553716988471985e-06
1.0690307844289058e-05 4.2553716988471985e-06
1.0690307844289058e-05 4.2553716988471985e-06
1.0690307844289058e-05 4.2553716988471985e-06
1.0690307844289058e-05 4.2553716988471985e-06
1.0690307844289058e-05 4.2553716988471985e-06
1.0690307844289058e-05 4.2553716988471985e-06
1.0690307844289058e-05 4.2553716988471985e-06
1.0690307844289058e-05 4.2553716988471985e-06
1.0690307844289058e-05 4.2553716988471985e-06
1.0690307844289058e-05 4.2553716988471985e-06
1.0690307844289058e-05 4.2553716988471985e-06
1.0690307844289058e-05 4.2553716988471985e-06
1.0690307844289058e-05 4.2553716988471985e-06
1.0690307844289058e-05 4.2553716988471985e-06
1.0690307844289058e-05 4.2553716988471985e-06
1.0690307844289058e-05 4.2553716988471985e-06
1.0690307844289058e-05 4.2553716988471985e-06
1.0690307844289058e-05 4.2553716988471985e-06
1.0690307844289058e-05 4.2553716988471985e-06
1.0690307844289058e-05 4.2553716988471985e-06
1.0690307844289058e-05 4.2553716988471985e-06
1.0690307844289058e-05 4.2553716988471985e-06
1.0690307844289058e-05 4.2553716988471985e-06
1.0690307844289058e-05 4.2553716988471985e-06
1.0690307844289058e-05 4.2553716988471985e-06
1.0690307844289058e-05 4.2553716988471985e-06
1.0690307844289058e-05 4.2553716988471985e-06
1.0690307844289058e-05 4.2553716988471985e-06
1.0690307844289058e-05 4.2553716988471985e-06
1.0690307844289058e-05 4.2553716988471985e-06
1.0690307844289058e-05 4.2553716988471985e-06
1.0690307844289058e-05 4.2553716988471985e-06
1.0690307844289058e-05 4.2553716988471985e-06
1.0690307844289058e-05 4.2553716988471985e-06
1.0690307844289058e-05 4.2553716988471985e-06
1.0690307844289058e-05 4.2553716988471985e-06
2.095513424765341e-06 4.256547267492037e-06
2.095513424765341e-06 4.256547267492037e-06