0.49045977445026967 0.4869037830498246
0.49045977445026967 0.4869037830498246
0.5359287896503602 0.5327544977935352
0.7467204767472561 0.7460234601893411
0.48281371402708106 0.47933919209444426
0.43705804699581335 0.43282012597593633
0.5140813940331158 0.512095952928752
0.679382944216045 0.6789303360615547
0.6849530419039717 0.6844280164447629
0.9624455927280956 0.9620593671029306
0.45749028778335155 0.4539146833628786
0.6900237619281108 0.6886915852600611
0.6900237619281108 0.6886915852600611
0.3496232037113869 0.34690152000905217
0.3496232037113869 0.34690152000905217
0.14934862143099611 0.14821710104477048
0.655009995096745 0.6543401350280994
0.4002187606080036 0.3972270207068231
0.4002187606080036 0.3972270207068231
0.4002187606080036 0.3972270207068231
0.4002187606080036 0.3972270207068231
0.4002187606080036 0.3972270207068231
0.563696299928337 0.5610108248783615
0.5215328329498736 0.5193935050729831
0.09290687587221363 0.0919533813600875
0.7184158714592841 0.7168423037755064
0.7184158714592841 0.7168423037755064
0.4134047448421529 0.41005846188662165
0.6618851129634519 0.6618383434541546
0.6618851129634519 0.6618383434541546
0.2418225021687474 0.24064572096707276
0.695059781993739 0.6942888394372572
0.2751751970731339 0.2735427903292724
0.2751751970731339 0.2735427903292724
0.2751751970731339 0.2735427903292724
0.2751751970731339 0.2735427903292724
0.9531988081318599 0.9526239957756573
0.9901271074567194 0.9873692151020255
0.38557839550409234 0.382963829064987
0.38557839550409234 0.382963829064987
0.7000822238147324 0.6984860257232302
0.03322294723343266 0.031955644400859955
0.03322294723343266 0.031955644400859955
0.42562516501338965 0.4217221740278354
0.1994221702561008 0.19831478897144797
0.1994221702561008 0.19831478897144797
0.30198770414513637 0.3000731716516426
0.30198770414513637 0.3000731716516426
0.30198770414513637 0.3000731716516426
0.30198770414513637 0.3000731716516426