1.6285368925741856e-06 1.5086940252859578e-06
1.6285368925741856e-06 1.5086940252859578e-06
1.5807050525089184e-06 1.5086939201222567e-06
1.2499159329091936e-06 1.5086936964529945e-06
1.2499159329091936e-06 1.5086936964529945e-06
1.6351556407533905e-06 1.5086936729014842e-06
1.6530153445346324e-06 1.5086936577867278e-06
1.5370211045209888e-06 1.5086936005047085e-06
6.777796715543916e-07 1.5086929431584519e-06
6.777796715543916e-07 1.5086929431584519e-06
5.750990500933833e-07 1.5086952582156565e-06
4.856373517572474e-07 1.5086965359357743e-06
1.4898073558001152e-06 1.5086933441957998e-06
1.6324945754643894e-06 1.5086940138293308e-06
1.6324945754643894e-06 1.5086940138293308e-06
1.5267974231580146e-06 1.5086942719272753e-06
1.6380270703129266e-06 1.5086936902932903e-06
1.6380270703129266e-06 1.5086936902932903e-06
1.1502504584863141e-06 1.5086939307536635e-06
1.1502504584863141e-06 1.5086939307536635e-06
1.5029448944681888e-06 1.5086938719849438e-06
1.5029448944681888e-06 1.5086938719849438e-06
1.3314555228999627e-06 1.5086944722364979e-06
1.6386570660218068e-06 1.5086936012680171e-06
1.559694174789233e-06 1.5086939984927153e-06
4.6130512853935517e-07 1.5087010478424422e-06
4.6130512853935517e-07 1.5087010478424422e-06
8.206165137917421e-07 1.5086938774627601e-06
1.3649177975573686e-06 1.5086940258780374e-06
1.556837560361282e-06 1.5086937600896837e-06
1.3935349954512505e-06 1.5086938034394008e-06
1.633944067806037e-06 1.5086936616952828e-06
1.5740968489655664e-06 1.5086939179740654e-06
1.2940823394119028e-06 1.5086934404282122e-06
1.2940823394119028e-06 1.5086934404282122e-06
1.2940823394119028e-06 1.5086934404282122e-06
1.2940823394119028e-06 1.5086934404282122e-06
1.2940823394119028e-06 1.5086934404282122e-06
1.6295725264087056e-06 1.508693737332224e-06
1.4392333941851166e-06 1.5086936541775414e-06
1.6316431861489153e-06 1.5086936709610588e-06
1.02253970906074e-06 1.5086943311422631e-06
1.02253970906074e-06 1.5086943311422631e-06
1.02253970906074e-06 1.5086943311422631e-06
1.02253970906074e-06 1.5086943311422631e-06
1.5192603035895069e-06 1.508693832947909e-06
9.313282550500389e-07 1.5086935917525687e-06
9.313282550500389e-07 1.5086935917525687e-06
9.313282550500389e-07 1.5086935917525687e-06
9.313282550500389e-07 1.5086935917525687e-06