0.4812386626091611 0.47806865378706026
0.4812386626091611 0.47806865378706026
0.4812386626091611 0.47806865378706026
0.4812386626091611 0.47806865378706026
0.4812386626091611 0.47806865378706026
0.4812386626091611 0.47806865378706026
0.4812386626091611 0.47806865378706026
0.4812386626091611 0.47806865378706026
0.4812386626091611 0.47806865378706026
0.40146109850024286 0.40552719486930405
0.38136653350911454 0.3782540170296284
0.38136653350911454 0.3782540170296284
0.19007364967338403 0.1908230326219482
0.19007364967338403 0.1908230326219482
0.19007364967338403 0.1908230326219482
0.19007364967338403 0.1908230326219482
0.19007364967338403 0.1908230326219482
0.19007364967338403 0.1908230326219482
0.19007364967338403 0.1908230326219482
0.19007364967338403 0.1908230326219482
0.05143383919986519 0.05129902956890656
0.6913236125016108 0.6914326497031215
0.09020152057333743 0.0910064133699434
0.09020152057333743 0.0910064133699434
0.09020152057333743 0.0910064133699434
0.09020152057333743 0.0910064133699434
0.3358107907179604 0.3323929700742444
0.3358107907179604 0.3323929700742444
0.3358107907179604 0.3323929700742444
0.3358107907179604 0.3323929700742444
0.3358107907179604 0.3323929700742444
0.3358107907179604 0.3323929700742444
0.3358107907179604 0.3323929700742444
0.3358107907179604 0.3323929700742444
0.3358107907179604 0.3323929700742444
0.10812525400711716 0.10625576162485255
1.9824945729211067e-06 1.9824945729211067e-06
0.18877709822269362 0.18457024473895503
0.18877709822269362 0.18457024473895503
1.9824945729211067e-06 1.9824945729211067e-06
0.6934389342109176 0.6888058443940009
0.5458957406104101 0.5457569659903057
0.15393079111445931 0.15561392900686935
0.40015859956583366 0.40418504604343647
0.5471982395448193 0.5470971323216003
0.1552332900488685 0.15695607783273693
0.23593866161791383 0.23257833331681255
0.23593866161791383 0.23257833331681255
0.23593866161791383 0.23257833331681255
0.23593866161791383 0.23257833331681255