2.081071229298212e-06 1.9824931387075384e-06
2.081071229298212e-06 1.9824931387075384e-06
2.017617670823423e-06 1.9824969807066175e-06
2.017617670823423e-06 1.9824969807066175e-06
2.017617670823423e-06 1.9824969807066175e-06
2.017617670823423e-06 1.9824969807066175e-06
1.737384176725571e-06 1.982475589743517e-06
2.1752748818394973e-06 1.982492621247069e-06
2.2009517461698037e-06 1.9824938569493213e-06
1.3856318054911565e-06 1.9824925187320027e-06
8.432138098624435e-07 1.9824955438079514e-06
1.740785967687901e-06 1.9824940569033866e-06
1.3862144413020108e-06 1.982497285060456e-06
1.8592317936319054e-06 1.9824930797323613e-06
1.8592317936319054e-06 1.9824930797323613e-06
1.8592317936319054e-06 1.9824930797323613e-06
1.8592317936319054e-06 1.9824930797323613e-06
1.9443630092208333e-06 1.9824954093219088e-06
1.9443630092208333e-06 1.9824954093219088e-06
1.9443630092208333e-06 1.9824954093219088e-06
1.9443630092208333e-06 1.9824954093219088e-06
1.9443630092208333e-06 1.9824954093219088e-06
1.9443630092208333e-06 1.9824954093219088e-06
1.9443630092208333e-06 1.9824954093219088e-06
1.9443630092208333e-06 1.9824954093219088e-06
1.9443630092208333e-06 1.9824954093219088e-06
1.5804869019831873e-06 1.982492861406552e-06
2.0646378599971203e-06 1.9824946892355126e-06
2.0646378599971203e-06 1.9824946892355126e-06
2.0646378599971203e-06 1.9824946892355126e-06
2.0646378599971203e-06 1.9824946892355126e-06
2.0646378599971203e-06 1.9824946892355126e-06
2.0646378599971203e-06 1.9824946892355126e-06
2.0646378599971203e-06 1.9824946892355126e-06
2.0646378599971203e-06 1.9824946892355126e-06
2.0646378599971203e-06 1.9824946892355126e-06
2.141455592194133e-06 1.982495465419932e-06
2.141455592194133e-06 1.982495465419932e-06
1.5805233429029711e-06 1.982494326686917e-06
1.8130319596352601e-06 1.9824950625369665e-06
1.8130319596352601e-06 1.9824950625369665e-06
1.8130319596352601e-06 1.9824950625369665e-06
1.8130319596352601e-06 1.9824950625369665e-06
1.8130319596352601e-06 1.9824950625369665e-06
1.8130319596352601e-06 1.9824950625369665e-06
1.8130319596352601e-06 1.9824950625369665e-06
1.8130319596352601e-06 1.9824950625369665e-06
8.492718176110771e-07 1.9824936835485116e-06