1.2439140293511388e-06 2.128849318281442e-06
1.5256356320696224e-06 2.128855187804209e-06
1.5256356320696224e-06 2.128855187804209e-06
1.5119039796899643e-06 2.1288567967210407e-06
1.5119039796899643e-06 2.1288567967210407e-06
1.5119039796899643e-06 2.1288567967210407e-06
1.722044279902584e-06 2.128857943073987e-06
1.722044279902584e-06 2.128857943073987e-06
1.722044279902584e-06 2.128857943073987e-06
1.722044279902584e-06 2.128857943073987e-06
1.2439140293511388e-06 2.1288493124209567e-06
1.2439140293511388e-06 2.1288493124209567e-06
1.2439140293511388e-06 2.1288493124209567e-06
1.4933938912988838e-06 2.1288515581416378e-06
1.4933938912988838e-06 2.1288515581416378e-06
1.569508937959784e-06 2.1288313584914234e-06
1.569508937959784e-06 2.1288313584914234e-06
1.569508937959784e-06 2.1288313584914234e-06
1.569508937959784e-06 2.1288313584914234e-06
1.569508937959784e-06 2.1288313584914234e-06
1.569508937959784e-06 2.1288313584914234e-06
1.569508937959784e-06 2.1288313584914234e-06
1.569508937959784e-06 2.1288313584914234e-06
1.2443966151464492e-06 2.1288559156197252e-06
1.2443966151464492e-06 2.1288559156197252e-06
1.2443966151464492e-06 2.1288559156197252e-06
1.2443966151464492e-06 2.1288559156197252e-06
1.2443966151464492e-06 2.1288559156197252e-06
1.2443966151464492e-06 2.1288559156197252e-06
1.2443966151464492e-06 2.1288559156197252e-06
1.2443966151464492e-06 2.1288559156197252e-06
1.1710457262606798e-06 2.1288545879246523e-06
1.1710457262606798e-06 2.1288545879246523e-06
1.1710457262606798e-06 2.1288545879246523e-06
1.2806159412900114e-06 2.1288570713862804e-06
1.2806159412900114e-06 2.1288570713862804e-06
1.4915796042254882e-06 2.1288547605609593e-06
1.4915796042254882e-06 2.1288547605609593e-06
1.2159828536430819e-06 2.1288452840411957e-06
1.2159828536430819e-06 2.1288452840411957e-06
1.2159828536430819e-06 2.1288452840411957e-06
1.2159828536430819e-06 2.1288452840411957e-06
1.2159828536430819e-06 2.1288452840411957e-06
1.2159828536430819e-06 2.1288452840411957e-06
1.8305686524435589e-06 2.128854149594059e-06
9.495138395218912e-07 2.1288555814058747e-06
9.495138395218912e-07 2.1288555814058747e-06
9.495138395218912e-07 2.1288555814058747e-06
1.4378534215630456e-06 2.128857234383946e-06
1.4378534215630456e-06 2.128857234383946e-06
1.5115013917593118e-06 2.1288532740778285e-06
1.5755333843002227e-06 2.128856116027112e-06
1.309696279401321e-06 2.1288583657320195e-06
1.309696279401321e-06 2.1288583657320195e-06
1.0187927146221111e-06 2.1288523614726803e-06
1.0187927146221111e-06 2.1288523614726803e-06
9.489986941105865e-07 2.128848304898146e-06
9.489986941105865e-07 2.128848304898146e-06
9.489986941105865e-07 2.128848304898146e-06
9.489986941105865e-07 2.128848304898146e-06
9.489986941105865e-07 2.128848304898146e-06
1.5730189135643104e-06 2.128848154629548e-06
1.5730189135643104e-06 2.128848154629548e-06
1.7242688573140408e-06 2.1288612485900674e-06
1.7242688573140408e-06 2.1288612485900674e-06
1.7242688573140408e-06 2.1288612485900674e-06
1.290443245041466e-06 2.1288554767225804e-06
1.290443245041466e-06 2.1288554767225804e-06
1.290443245041466e-06 2.1288554767225804e-06
1.5807699424573614e-06 2.128863122420892e-06
1.5807699424573614e-06 2.128863122420892e-06
1.5288168695217627e-06 2.1288453672945364e-06
1.5288168695217627e-06 2.1288453672945364e-06
1.5288168695217627e-06 2.1288453672945364e-06
1.5288168695217627e-06 2.1288453672945364e-06
1.5288168695217627e-06 2.1288453672945364e-06
1.5256356320696224e-06 2.128855187804209e-06
1.5176176708754526e-06 2.1288542246395196e-06
1.5176176708754526e-06 2.1288542246395196e-06
1.5176176708754526e-06 2.1288542246395196e-06
1.3077238594275988e-06 2.1288543052129955e-06
1.3077238594275988e-06 2.1288543052129955e-06
1.3077238594275988e-06 2.1288543052129955e-06
1.3077238594275988e-06 2.1288543052129955e-06
1.3077238594275988e-06 2.1288543052129955e-06
1.4591986670523992e-06 2.1288605607872703e-06
1.4591986670523992e-06 2.1288605607872703e-06
1.4591986670523992e-06 2.1288605607872703e-06
1.389947573614023e-06 2.1288561777522726e-06
1.389947573614023e-06 2.1288561777522726e-06
1.389947573614023e-06 2.1288561777522726e-06
1.389947573614023e-06 2.1288561777522726e-06
1.389947573614023e-06 2.1288561777522726e-06