0.6138397826958186 0.626263525849401
0.6138397826958186 0.626263525849401
0.32640156743999643 0.3535349037419661
0.32640156743999643 0.3535349037419661
0.32640156743999643 0.3535349037419661
0.4365379762805955 0.4141396149678645
0.1118730611093794 0.15151919965563818
0.777278057324368 0.7474729483011978
0.777278057324368 0.7474729483011978
0.777278057324368 0.7474729483011978
0.777278057324368 0.7474729483011978
0.777278057324368 0.7474729483011978
0.7037449347642161 0.6767748734618753
0.7037449347642161 0.6767748734618753
0.7037449347642161 0.6767748734618753
0.32022680381766633 0.26262041531222635
0.650086832613439 0.656558459871458
0.4667883807572991 0.4646509625803387
0.4667883807572991 0.4646509625803387
0.4667883807572991 0.4646509625803387
0.4667883807572991 0.4646509625803387
0.6442683053539356 0.6666666666666666
0.6442683053539356 0.6666666666666666
0.6442683053539356 0.6666666666666666
0.6442683053539356 0.6666666666666666
0.6442683053539356 0.6666666666666666
0.6442683053539356 0.6666666666666666
0.6636980303097773 0.6666666666666666
0.6636980303097773 0.6666666666666666
0.6636980303097773 0.6666666666666666
0.6636980303097773 0.6666666666666666
0.6636980303097773 0.6666666666666666
0.27796826527734486 0.23232548129016936
0.3275741788009678 0.3535349037419661
0.3275741788009678 0.3535349037419661
0.7535586528328212 0.7373795846877736
0.7535586528328212 0.7373795846877736
0.7535586528328212 0.7373795846877736
0.7535586528328212 0.7373795846877736
0.7535586528328212 0.7373795846877736
0.216087040417984 0.22221727449496073
0.216087040417984 0.22221727449496073
0.216087040417984 0.22221727449496073
0.5234151192649656 0.5454572442148699
0.30544299476035686 0.26262041531222635
0.30544299476035686 0.26262041531222635
0.35200605601816803 0.4646509625803387
0.6035237713556278 0.5656588146235026
0.6035237713556278 0.5656588146235026
0.6035237713556278 0.5656588146235026