0.7392881912140332 0.7411658237055331
0.7392881912140332 0.7411658237055331
0.7392881912140332 0.7411658237055331
0.7392881912140332 0.7411658237055331
0.7392881912140332 0.7411658237055331
0.7392881912140332 0.7411658237055331
0.7392881912140332 0.7411658237055331
0.7392881912140332 0.7411658237055331
0.7392881912140332 0.7411658237055331
0.7392881912140332 0.7411658237055331
0.7392881912140332 0.7411658237055331
0.7392881912140332 0.7411658237055331
0.7392881912140332 0.7411658237055331
0.7392881912140332 0.7411658237055331
0.7392881912140332 0.7411658237055331
0.7392881912140332 0.7411658237055331
0.7392881912140332 0.7411658237055331
0.7392881912140332 0.7411658237055331
0.7392881912140332 0.7411658237055331
0.7392881912140332 0.7411658237055331
0.7392881912140332 0.7411658237055331
0.7392881912140332 0.7411658237055331
0.7392881912140332 0.7411658237055331
0.7392881912140332 0.7411658237055331
0.9475108682781602 0.9475616151022549
0.9475108682781602 0.9475616151022549
0.9475108682781602 0.9475616151022549
0.9475108682781602 0.9475616151022549
0.9475108682781602 0.9475616151022549
0.9475108682781602 0.9475616151022549
0.9475108682781602 0.9475616151022549
0.9475108682781602 0.9475616151022549
0.9475108682781602 0.9475616151022549
0.47119271952230324 0.47105739465805097
0.47119271952230324 0.47105739465805097
0.47119271952230324 0.47105739465805097
0.47119271952230324 0.47105739465805097
0.47119271952230324 0.47105739465805097
0.47119271952230324 0.47105739465805097
0.47119271952230324 0.47105739465805097
0.17830742426036503 0.17627755129658135
0.17830742426036503 0.17627755129658135
0.2438469475785307 0.24218076018742493
0.2438469475785307 0.24218076018742493
0.2438469475785307 0.24218076018742493
0.11287785239440432 0.11011215048124905
0.11287785239440432 0.11011215048124905
0.11287785239440432 0.11011215048124905
0.997335791735034 0.9975641524434595
0.997335791735034 0.9975641524434595