6.447582369002573e-07 9.430581489654651e-06
6.484682753200644e-07 9.430581489654651e-06
6.484682753200644e-07 9.430581489654651e-06
7.15826971396744e-07 9.430581489654651e-06
7.15826971396744e-07 9.430581489654651e-06
6.088583161345264e-07 9.430581489654651e-06
6.088583161345264e-07 9.430581489654651e-06
7.342148218589262e-07 9.430581489654651e-06
5.857005689508164e-07 9.430581489654651e-06
5.605900866676891e-07 9.430581489654651e-06
5.605900866676891e-07 9.430581489654651e-06
6.419993587593677e-07 9.430581489654651e-06
6.419993587593677e-07 9.430581489654651e-06
5.974576477209972e-07 9.430581489654651e-06
5.626104158898746e-07 9.430581489654651e-06
5.728221201888134e-07 9.430581489654651e-06
5.728221201888134e-07 9.430581489654651e-06
5.728221201888134e-07 9.430581489654651e-06
5.15010350933356e-07 9.430581489654651e-06
5.15010350933356e-07 9.430581489654651e-06
5.15010350933356e-07 9.430581489654651e-06
5.15010350933356e-07 9.430581489654651e-06
6.134556867581306e-07 9.430581489654651e-06
1.045371061353228e-06 9.430581489654651e-06
1.045371061353228e-06 9.430581489654651e-06
1.045371061353228e-06 9.430581489654651e-06
5.970746901307637e-07 9.430581489654651e-06
7.204258615255043e-07 9.430581489654651e-06
7.204258615255043e-07 9.430581489654651e-06
7.204258615255043e-07 9.430581489654651e-06
6.336100093975676e-07 9.430581489654651e-06
6.336100093975676e-07 9.430581489654651e-06
6.336100093975676e-07 9.430581489654651e-06
5.977593617765013e-07 9.430581489654651e-06
5.977593617765013e-07 9.430581489654651e-06
6.128175697248511e-07 9.430581489654651e-06
6.128175697248511e-07 9.430581489654651e-06
6.623073433121429e-07 9.430581489654651e-06
5.428121664571318e-07 9.430581489654651e-06
5.428121664571318e-07 9.430581489654651e-06
6.194784283672978e-07 9.430581489654651e-06
6.194784283672978e-07 9.430581489654651e-06
6.253614858097994e-07 9.430581489654651e-06
6.253614858097994e-07 9.430581489654651e-06
5.766655077904966e-07 9.430581489654651e-06
5.167441912139535e-07 9.430581489654651e-06
6.593247734185014e-07 9.430581489654651e-06
6.453227482786222e-07 9.430581489654651e-06
6.453227482786222e-07 9.430581489654651e-06
6.453227482786222e-07 9.430581489654651e-06