7.304089502403024e-06 9.514294208718124e-06
7.304089502403024e-06 9.514294208718124e-06
7.272776119913e-06 9.514294730051405e-06
7.551068373965553e-06 9.514297012349325e-06
7.551068373965553e-06 9.514297012349325e-06
7.17657651463288e-06 9.514296307167334e-06
7.17657651463288e-06 9.514296307167334e-06
7.076703605121462e-06 9.51429340767554e-06
7.057534647522925e-06 9.514296029793463e-06
7.057534647522925e-06 9.514296029793463e-06
7.057534647522925e-06 9.514296029793463e-06
7.192052361357556e-06 9.514297148192968e-06
7.288188234159371e-06 9.514297336102218e-06
7.131631516770253e-06 9.514296458305727e-06
7.062489949428787e-06 9.514293602080115e-06
7.251793573331939e-06 9.514294544028806e-06
7.148609071615629e-06 9.514297086967536e-06
2.9598535711268187e-06 9.514287647861326e-06
8.245924827043646e-06 9.51428691619099e-06
8.245924827043646e-06 9.51428691619099e-06
7.161489907714016e-06 9.514295025356171e-06
7.161489907714016e-06 9.514295025356171e-06
7.161489907714016e-06 9.514295025356171e-06
7.609165624717544e-06 9.514291524989706e-06
7.18342656018451e-06 9.514298202483405e-06
7.562307657503056e-06 9.514291690264186e-06
6.364138910055687e-06 9.514304143516674e-06
7.132601005956203e-06 9.514294768200651e-06
7.132601005956203e-06 9.514294768200651e-06
8.066047641936014e-06 9.51429876008032e-06
7.1521140488408435e-06 9.514293665434273e-06
7.1521140488408435e-06 9.514293665434273e-06
7.1521140488408435e-06 9.514293665434273e-06
7.1521140488408435e-06 9.514293665434273e-06
7.2105788348454136e-06 9.514295716210341e-06
7.640492691254141e-06 9.514301596891115e-06
7.640492691254141e-06 9.514301596891115e-06
7.640492691254141e-06 9.514301596891115e-06
7.640492691254141e-06 9.514301596891115e-06
7.640492691254141e-06 9.514301596891115e-06
5.388710004378384e-06 9.514287731781918e-06
7.279065020710453e-06 9.514296828588599e-06
7.295515251481264e-06 9.514293792490218e-06
9.014911262600438e-06 9.51429198290906e-06
9.014911262600438e-06 9.51429198290906e-06
9.014911262600438e-06 9.51429198290906e-06
9.014911262600438e-06 9.51429198290906e-06
9.014911262600438e-06 9.51429198290906e-06
9.014911262600438e-06 9.51429198290906e-06
9.014911262600438e-06 9.51429198290906e-06