3.871135452505704e-06 7.103137912087082e-06
3.871135452505704e-06 7.103137912087082e-06
3.7985034955119283e-06 7.103109738905033e-06
3.7985034955119283e-06 7.103109738905033e-06
3.7985034955119283e-06 7.103109738905033e-06
3.7985034955119283e-06 7.103109738905033e-06
3.7985034955119283e-06 7.103109738905033e-06
3.7985034955119283e-06 7.103109738905033e-06
3.7985034955119283e-06 7.103109738905033e-06
3.7985034955119283e-06 7.103109738905033e-06
3.9613384966048946e-06 7.103080334527451e-06
3.9613384966048946e-06 7.103080334527451e-06
3.9613384966048946e-06 7.103080334527451e-06
3.9613384966048946e-06 7.103080334527451e-06
3.9613384966048946e-06 7.103080334527451e-06
3.9613384966048946e-06 7.103080334527451e-06
3.9613384966048946e-06 7.103080334527451e-06
3.9613384966048946e-06 7.103080334527451e-06
3.9613384966048946e-06 7.103080334527451e-06
3.9613384966048946e-06 7.103080334527451e-06
3.9613384966048946e-06 7.103080334527451e-06
3.9613384966048946e-06 7.103080334527451e-06
3.986724346740951e-06 7.103066607272385e-06
3.986724346740951e-06 7.103066607272385e-06
3.986724346740951e-06 7.103066607272385e-06
3.986724346740951e-06 7.103066607272385e-06
3.986724346740951e-06 7.103066607272385e-06
6.051552491607578e-06 7.103124872067613e-06
6.051552491607578e-06 7.103124872067613e-06
6.051552491607578e-06 7.103124872067613e-06
6.051552491607578e-06 7.103124872067613e-06
6.051552491607578e-06 7.103124872067613e-06
6.051552491607578e-06 7.103124872067613e-06
6.051552491607578e-06 7.103124872067613e-06
6.051552491607578e-06 7.103124872067613e-06
6.051552491607578e-06 7.103124872067613e-06
6.051552491607578e-06 7.103124872067613e-06
6.051552491607578e-06 7.103124872067613e-06
6.051552491607578e-06 7.103124872067613e-06
3.6199472872195467e-06 7.103038301744087e-06
5.950731515721654e-06 7.103109218431886e-06
5.950731515721654e-06 7.103109218431886e-06
5.950731515721654e-06 7.103109218431886e-06
3.7682126209850987e-06 7.103080219772571e-06
4.777784275229989e-06 7.1030818241432984e-06
4.777784275229989e-06 7.1030818241432984e-06
3.922230832633885e-06 7.1030888879585955e-06
3.922230832633885e-06 7.1030888879585955e-06
3.922230832633885e-06 7.1030888879585955e-06
3.922230832633885e-06 7.1030888879585955e-06