0.5473687340780905 0.5476284408671431
0.5473687340780905 0.5476284408671431
0.5473687340780905 0.5476284408671431
0.5473687340780905 0.5476284408671431
0.5473687340780905 0.5476284408671431
0.5473687340780905 0.5476284408671431
0.5473687340780905 0.5476284408671431
0.5473687340780905 0.5476284408671431
0.5473687340780905 0.5476284408671431
0.5473687340780905 0.5476284408671431
0.5473687340780905 0.5476284408671431
0.5473687340780905 0.5476284408671431
0.5473687340780905 0.5476284408671431
0.5473687340780905 0.5476284408671431
0.5473687340780905 0.5476284408671431
0.5473687340780905 0.5476284408671431
0.5473687340780905 0.5476284408671431
0.5473687340780905 0.5476284408671431
0.5473687340780905 0.5476284408671431
0.5473687340780905 0.5476284408671431
0.5473687340780905 0.5476284408671431
0.5473687340780905 0.5476284408671431
0.5473687340780905 0.5476284408671431
0.5473687340780905 0.5476284408671431
0.6927966059692912 0.6933061070745319
0.6927966059692912 0.6933061070745319
0.6927966059692912 0.6933061070745319
0.6927966059692912 0.6933061070745319
0.6927966059692912 0.6933061070745319
0.6927966059692912 0.6933061070745319
0.6927966059692912 0.6933061070745319
0.6927966059692912 0.6933061070745319
0.6927966059692912 0.6933061070745319
0.6927966059692912 0.6933061070745319
0.6927966059692912 0.6933061070745319
0.6927966059692912 0.6933061070745319
0.6927966059692912 0.6933061070745319
0.4016315930335141 0.4060585034148469
0.4016315930335141 0.4060585034148469
0.4016315930335141 0.4060585034148469
0.4016315930335141 0.4060585034148469
0.4016315930335141 0.4060585034148469
0.4016315930335141 0.4060585034148469
0.4016315930335141 0.4060585034148469
0.4016315930335141 0.4060585034148469
0.9049968775710476 0.9040432976814726
0.9049968775710476 0.9040432976814726
0.9049968775710476 0.9040432976814726
0.9049968775710476 0.9040432976814726
0.9049968775710476 0.9040432976814726