2.218960350506977e-06 1.0885049281591439e-05
1.1788226862068314e-06 1.0885049281591439e-05
3.492807959131353e-06 1.0885049281591439e-05
8.841170146551237e-07 1.0885049281591439e-05
2.4817319709617505e-06 1.0885049281591439e-05
3.772232595861861e-06 1.0885049281591439e-05
8.573255899686047e-07 1.0885049281591439e-05
1.8861162979309305e-06 1.0885049281591439e-05
7.544465191723722e-06 1.0885049281591439e-05
1.3530834311243631e-05 1.0885049281591439e-05
2.6944518541870433e-06 1.0885049281591439e-05
3.1435271632182173e-06 1.0885049281591439e-05
6.7361296354676086e-06 1.0885049281591439e-05
3.9294089540227716e-07 1.0885049281591439e-05
1.5717635816091087e-06 1.0885049281591439e-05
2.0956847754788117e-06 1.0885049281591439e-05
7.858817908045543e-07 1.0885049281591439e-05
1.1945403220229226e-05 1.0885049281591439e-05
7.544465191723722e-06 1.0885049281591439e-05
2.6944518541870433e-06 1.0885049281591439e-05
2.357645372413663e-06 1.0885049281591439e-05
3.772232595861861e-06 1.0885049281591439e-05
5.658348893792791e-06 1.0885049281591439e-05
2.0432926560918414e-05 1.0885049281591439e-05
8.08335556256113e-06 1.0885049281591439e-05
9.430581489654651e-06 1.0885049281591439e-05
1.6975046681378373e-05 1.0885049281591439e-05
5.658348893792791e-06 1.0885049281591439e-05
2.0039985665516135e-05 1.0885049281591439e-05
3.772232595861861e-06 1.0885049281591439e-05
5.658348893792791e-06 1.0885049281591439e-05
2.357645372413663e-06 1.0885049281591439e-05
3.772232595861861e-06 1.0885049281591439e-05
1.1788226862068314e-06 1.0885049281591439e-05
1.3472259270935217e-06 1.0885049281591439e-05
9.430581489654651e-06 1.0885049281591439e-05
7.941542307077602e-06 1.0885049281591439e-05
1.0478423877394058e-06 1.0885049281591439e-05
7.544465191723722e-06 1.0885049281591439e-05
3.772232595861861e-06 1.0885049281591439e-05
3.772232595861861e-06 1.0885049281591439e-05
1.5717635816091087e-06 1.0885049281591439e-05
1.5598350187129682e-06 1.0893822844685456e-05
5.328012141047826e-08 1.0885049281591439e-05
1.8861162979309305e-06 1.0885049281591439e-05
1.3472259270935217e-06 1.0885049281591439e-05
6.736129635467608e-07 1.0885049281591439e-05
4.715290744827326e-06 1.0885049281591439e-05
9.430581489654651e-06 1.0885049281591439e-05
2.8291744468963957e-06 1.0885049281591439e-05