0.003275466754012447 0.003275466754012447
0.003275466754012447 0.003275466754012447
0.003275466754012447 0.003275466754012447
0.003275466754012447 0.003275466754012447
0.003275466754012447 0.003275466754012447
0.003275466754012447 0.003275466754012447
0.003275466754012447 0.003275466754012447
0.003275466754012447 0.003275466754012447
0.003275466754012447 0.003275466754012447
0.003275466754012447 0.003275466754012447
0.003275466754012447 0.003275466754012447
0.003275466754012447 0.003275466754012447
0.003275466754012447 0.003275466754012447
0.003275466754012447 0.003275466754012447
0.003275466754012447 0.003275466754012447
0.003275466754012447 0.003275466754012447
0.003275466754012447 0.003275466754012447
0.035338646868289844 0.035338646868289844
0.035338646868289844 0.035338646868289844
0.035338646868289844 0.035338646868289844
0.035338646868289844 0.035338646868289844
0.035338646868289844 0.035338646868289844
0.035338646868289844 0.035338646868289844
0.035338646868289844 0.035338646868289844
0.035338646868289844 0.035338646868289844
0.035338646868289844 0.035338646868289844
0.5424536885395058 0.5424536885395058
0.5424536885395058 0.5424536885395058
0.5424536885395058 0.5424536885395058
0.5424536885395058 0.5424536885395058
0.5424536885395058 0.5424536885395058
0.5424536885395058 0.5424536885395058
0.5424536885395058 0.5424536885395058
0.5424536885395058 0.5424536885395058
0.5424536885395058 0.5424536885395058
0.5424536885395058 0.5424536885395058
0.5424536885395058 0.5424536885395058
0.5424536885395058 0.5424536885395058
0.5424536885395058 0.5424536885395058
0.5424536885395058 0.5424536885395058
0.5424536885395058 0.5424536885395058
0.5424536885395058 0.5424536885395058
0.0360665283691815 0.0360665283691815
0.0360665283691815 0.0360665283691815
0.0360665283691815 0.0360665283691815
0.0360665283691815 0.0360665283691815
0.0360665283691815 0.0360665283691815
0.0360665283691815 0.0360665283691815
0.0360665283691815 0.0360665283691815
0.0360665283691815 0.0360665283691815