1.8501383253327866e-06 3.1505478727312776e-06
1.8501207366310924e-06 3.1505478727312776e-06
1.8443336493807918e-06 3.1505552568811458e-06
1.8501263179450615e-06 3.1505478727312776e-06
1.0467006425695245e-06 3.1507752857225386e-06
2.1980713493960014e-06 3.1507752857225386e-06
1.8413922254174946e-06 3.1505552568811458e-06
1.8434573421415003e-06 3.1505552568811458e-06
1.8501494877843757e-06 3.1505478727312776e-06
1.8496607095744556e-06 3.1505478727312776e-06
2.8784267670661923e-06 3.1507752857225386e-06
1.8501439065827293e-06 3.1505478727312776e-06
1.8428210776484648e-06 3.1505552568811458e-06
1.8413973289554675e-06 3.1505552568811458e-06
1.8501312933067475e-06 3.1505478727312776e-06
9.96982362047472e-06 3.1507752857225386e-06
1.8501448793815927e-06 3.1505478727312776e-06
1.8501614952964978e-06 3.1505478727312776e-06
4.186802570278098e-07 3.1507752857225386e-06
1.837612384127748e-06 3.1505552568811458e-06
1.850023127435828e-06 3.1505478727312776e-06
1.850186610035467e-06 3.1505478727312776e-06
1.850109941101704e-06 3.1505478727312776e-06
3.4017770883509546e-06 3.1507752857225386e-06
1.8392143708422978e-06 3.1505552568811458e-06
6.672716596380719e-06 3.1507752857225386e-06
1.8359955613282015e-06 3.1505552568811458e-06
1.8415541914853474e-06 3.1505552568811458e-06
1.8501275297419933e-06 3.1505478727312776e-06
1.84146383831313e-06 3.1505552568811458e-06
1.8501207366310924e-06 3.1505478727312776e-06
1.850110546964741e-06 3.1505478727312776e-06
1.8410971575262717e-06 3.1505552568811458e-06
1.8420881292739533e-06 3.1505552568811458e-06
1.8501405100346268e-06 3.1505478727312776e-06
1.8501414828628814e-06 3.1505478727312776e-06
1.8501806625971365e-06 3.1505478727312776e-06
1.8500921141471676e-06 3.1505478727312776e-06
1.8428631960540819e-06 3.1505552568811458e-06
1.850130926297444e-06 3.1505478727312776e-06
1.8500699178692497e-06 3.1505478727312776e-06
1.8424067432983976e-06 3.1505552568811458e-06
1.8501229214043067e-06 3.1505478727312776e-06
1.8501179459559966e-06 3.1505478727312776e-06
4.808281076803753e-06 3.1507752857225386e-06
2.9830968313231447e-06 3.1507752857225386e-06
1.850146091250969e-06 3.1505478727312776e-06
1.850110546964741e-06 3.1505478727312776e-06
3.270939508029764e-06 3.1507752857225386e-06
1.8500816864052605e-06 3.1505478727312776e-06