9.799708263213436e-06 7.359049209391539e-06
9.587449914813354e-06 7.359057861712302e-06
9.587449914813354e-06 7.359057861712302e-06
2.5587956192025347e-06 7.35905756062169e-06
2.5587956192025347e-06 7.35905756062169e-06
3.5914553876845287e-06 7.359054827146219e-06
4.1149360481997385e-06 7.359048274572373e-06
1.356707408353812e-05 7.359046798113643e-06
1.356707408353812e-05 7.359046798113643e-06
2.994853083218134e-06 7.359046750825996e-06
2.6916184346085554e-06 7.359057555906614e-06
6.553647397894156e-06 7.359045729267655e-06
5.431528987511945e-06 7.359066087649942e-06
5.431528987511945e-06 7.359066087649942e-06
1.0638053020708907e-05 7.359049996894556e-06
9.023375232494014e-06 7.359047785780979e-06
4.027698802015818e-06 7.359042973134474e-06
3.5146314129248725e-06 7.3590500572389e-06
2.7953969485265927e-06 7.359054258040401e-06
9.142206862427978e-06 7.3590581066363825e-06
9.142206862427978e-06 7.3590581066363825e-06
1.356707408353812e-05 7.359060625695829e-06
1.356707408353812e-05 7.359060625695829e-06
8.01184337742141e-06 7.359045728333915e-06
2.185688664556497e-06 7.359054945261549e-06
9.302106188302676e-06 7.35905002633879e-06
1.0638053020708907e-05 7.359048464397786e-06
1.0638053020708907e-05 7.359048464397786e-06
1.2469711602131303e-05 7.359057936598759e-06
1.2469711602131303e-05 7.359057936598759e-06
2.7953969485265927e-06 7.359054258040401e-06
3.881758786253645e-06 7.359058646447327e-06
3.881758786253645e-06 7.359058646447327e-06
1.1603238605732398e-05 7.359059197105707e-06
1.1603238605732398e-05 7.359059197105707e-06
1.0638053020708907e-05 7.359049996894556e-06
1.257343527719285e-05 7.35905801512172e-06
1.257343527719285e-05 7.35905801512172e-06
2.185688664556497e-06 7.359054945261549e-06
1.1681594485476778e-05 7.359056351424851e-06
1.1681594485476778e-05 7.359056351424851e-06
1.0276080118108838e-05 7.359064865809793e-06
1.0276080118108838e-05 7.359064865809793e-06
7.89505972079712e-06 7.359049145974482e-06
1.356707408353812e-05 7.359046798113643e-06
1.356707408353812e-05 7.359046798113643e-06
1.2134571180808318e-05 7.359054147552143e-06
1.2134571180808318e-05 7.359054147552143e-06
2.994853083218134e-06 7.359056964422157e-06
4.1274285090255555e-06 7.359052205664684e-06
2.0652645896106386e-05 7.359054696137314e-06
2.0652645896106386e-05 7.359054696137314e-06
2.0652645896106386e-05 7.359054696137314e-06
2.0652645896106386e-05 7.359054696137314e-06
2.0652645896106386e-05 7.359054696137314e-06
2.0652645896106386e-05 7.359054696137314e-06
2.0652645896106386e-05 7.359054696137314e-06
7.396509265840617e-06 7.359049158943515e-06
1.1323714583750231e-05 7.3590474648471045e-06
2.9632591745410004e-06 7.35904874608277e-06
3.5914553876845287e-06 7.359055549033981e-06
2.994853083218134e-06 7.359056964422157e-06
9.961755836780855e-06 7.359054194156149e-06
9.961755836780855e-06 7.359054194156149e-06
4.5812229244872904e-06 7.359055067810092e-06
4.5812229244872904e-06 7.359055067810092e-06
2.9823303387005805e-06 7.359045436182513e-06
2.8084309901481385e-06 7.359052600391777e-06
2.8084309901481385e-06 7.359052600391777e-06
3.5146314129248725e-06 7.3590500572389e-06
1.2009221911692213e-05 7.359040534107743e-06
1.2009221911692213e-05 7.359040534107743e-06
1.257343527719285e-05 7.35905801512172e-06
1.257343527719285e-05 7.35905801512172e-06
9.023375232494014e-06 7.359047785780979e-06
2.0652645896106386e-05 7.359054696137314e-06
2.0652645896106386e-05 7.359054696137314e-06
2.0652645896106386e-05 7.359054696137314e-06
2.0652645896106386e-05 7.359054696137314e-06
2.0652645896106386e-05 7.359054696137314e-06
2.0652645896106386e-05 7.359054696137314e-06
2.0652645896106386e-05 7.359054696137314e-06
2.4158214661881398e-05 7.359057249806871e-06
2.4158214661881398e-05 7.359057249806871e-06
2.4158214661881398e-05 7.359057249806871e-06
2.4158214661881398e-05 7.359057249806871e-06
2.4158214661881398e-05 7.359057249806871e-06
2.4158214661881398e-05 7.359057249806871e-06
2.4158214661881398e-05 7.359057249806871e-06
2.4158214661881398e-05 7.359057249806871e-06
2.4158214661881398e-05 7.359057249806871e-06
2.4158214661881398e-05 7.359057249806871e-06
2.4158214661881398e-05 7.359057249806871e-06
2.4158214661881398e-05 7.359057249806871e-06
2.4158214661881398e-05 7.359057249806871e-06
2.4158214661881398e-05 7.359057249806871e-06
8.946361824264666e-06 7.3590507154996965e-06
8.946361824264666e-06 7.3590507154996965e-06
1.0638053020708907e-05 7.359048464397786e-06
1.0638053020708907e-05 7.359048464397786e-06
1.0638053020708907e-05 7.3590554985844135e-06
1.257343527719285e-05 7.359046584178067e-06
1.257343527719285e-05 7.359046584178067e-06
1.257343527719285e-05 7.359046584178067e-06
1.257343527719285e-05 7.359046584178067e-06
7.396509265840617e-06 7.359049158943515e-06
3.5925969568543933e-06 7.359046044673753e-06
3.5925969568543933e-06 7.359046044673753e-06
8.280546453608106e-06 7.359047713532781e-06
9.105577251523425e-06 7.359053565946587e-06
9.023375232494014e-06 7.359056729815657e-06
3.2113713229613814e-06 7.359057647974629e-06
8.210282494256602e-06 7.359053755599882e-06
1.0645639601273356e-05 7.3590458913666e-06
1.1862646441151372e-05 7.359051514708121e-06
1.1862646441151372e-05 7.359051514708121e-06
2.8084309901481385e-06 7.359052600391777e-06
2.8084309901481385e-06 7.359052600391777e-06
1.1323714583750231e-05 7.3590474648471045e-06
9.590858507525637e-06 7.359053882480598e-06
1.1323714583750231e-05 7.3590474648471045e-06
4.5812229244872904e-06 7.359053104903274e-06
4.5812229244872904e-06 7.359053104903274e-06
8.866464945439889e-06 7.359059509717149e-06
8.866464945439889e-06 7.359059509717149e-06
5.328176270471315e-06 7.35904363263425e-06
5.328176270471315e-06 7.35904363263425e-06
5.328176270471315e-06 7.35904363263425e-06
5.328176270471315e-06 7.35904363263425e-06
3.2189552337840985e-06 7.3590298557590675e-06
3.2189552337840985e-06 7.3590298557590675e-06
5.999358511352001e-06 7.3590572975295785e-06
5.999358511352001e-06 7.3590572975295785e-06
9.142206862427978e-06 7.3590581066363825e-06
9.142206862427978e-06 7.3590581066363825e-06
9.961755836780855e-06 7.359048255010259e-06
9.961755836780855e-06 7.359048255010259e-06
1.0638053020708907e-05 7.3590554985844135e-06
3.5914553876845287e-06 7.359055549033981e-06
4.476302725385114e-06 7.359053849937681e-06
4.476302725385114e-06 7.359053849937681e-06
9.023375232494014e-06 7.359056729815657e-06
3.5925969568543933e-06 7.359056647453918e-06
3.5925969568543933e-06 7.359056647453918e-06
9.723633894448754e-06 7.359051968460853e-06
8.280546453608106e-06 7.359053397903252e-06
5.170580969604162e-06 7.359046385922135e-06
5.170580969604162e-06 7.359046385922135e-06
1.1323714583750231e-05 7.3590510163666e-06
3.899668184124116e-06 7.359048532598436e-06
3.899668184124116e-06 7.359048532598436e-06
3.899668184124116e-06 7.359048532598436e-06
3.899668184124116e-06 7.359048532598436e-06
3.5253009995749476e-06 7.359051790225935e-06
3.5253009995749476e-06 7.359051790225935e-06
7.89505972079712e-06 7.359049145974482e-06
3.9698821393032645e-06 7.359050237374902e-06
3.9698821393032645e-06 7.359050237374902e-06
1.1323714583750231e-05 7.3590510163666e-06
1.0627618990495797e-05 7.359058684692346e-06
1.0627618990495797e-05 7.359058684692346e-06
1.042087213390948e-05 7.359057940184298e-06
1.042087213390948e-05 7.359057940184298e-06
4.1274285090255555e-06 7.359052205664684e-06
2.6916184346085554e-06 7.359057555906614e-06
8.01184337742141e-06 7.359045728333915e-06
3.395332004900454e-06 7.3590595374866675e-06
3.395332004900454e-06 7.3590595374866675e-06
1.0627618990495797e-05 7.359058081059754e-06
1.0627618990495797e-05 7.359058081059754e-06
8.227291609646867e-06 7.359060028339047e-06
8.227291609646867e-06 7.359060028339047e-06
1.257343527719285e-05 7.359052681370238e-06
1.257343527719285e-05 7.359052681370238e-06
3.710452350725695e-06 7.359057976249456e-06
3.710452350725695e-06 7.359057976249456e-06