2.9174423351933214e-05 1.1197170871259634e-05
2.9174423351933214e-05 1.1197170871259634e-05
2.9174423351933214e-05 1.1197170871259634e-05
2.9174423351933214e-05 1.1197170871259634e-05
2.9174423351933214e-05 1.1197170871259634e-05
2.9174423351933214e-05 1.1197170871259634e-05
2.9174423351933214e-05 1.1197170871259634e-05
2.9174423351933214e-05 1.1197170871259634e-05
2.9174423351933214e-05 1.1197170871259634e-05
2.9174423351933214e-05 1.1197170871259634e-05
2.9174423351933214e-05 1.1197170871259634e-05
2.9174423351933214e-05 1.1197170871259634e-05
2.9174423351933214e-05 1.1197170871259634e-05
2.9174423351933214e-05 1.1197170871259634e-05
2.9174423351933214e-05 1.1197170871259634e-05
2.9174423351933214e-05 1.1197170871259634e-05
2.9174423351933214e-05 1.1197170871259634e-05
2.9174423351933214e-05 1.1197170871259634e-05
2.9174423351933214e-05 1.1197170871259634e-05
2.9174423351933214e-05 1.1197170871259634e-05
2.9174423351933214e-05 1.1197170871259634e-05
2.9174423351933214e-05 1.1197170871259634e-05
2.9174423351933214e-05 1.1197170871259634e-05
2.9174423351933214e-05 1.1197170871259634e-05
2.9174423351933214e-05 1.1197170871259634e-05
2.9174423351933214e-05 1.1197170871259634e-05
2.9174423351933214e-05 1.1197170871259634e-05
2.9174423351933214e-05 1.1197170871259634e-05
2.9174423351933214e-05 1.1197170871259634e-05
2.9174423351933214e-05 1.1197170871259634e-05
2.9174423351933214e-05 1.1197170871259634e-05
2.9174423351933214e-05 1.1197170871259634e-05
2.9174423351933214e-05 1.1197170871259634e-05
2.9174423351933214e-05 1.1197170871259634e-05
2.9174423351933214e-05 1.1197170871259634e-05
2.9174423351933214e-05 1.1197170871259634e-05
2.9174423351933214e-05 1.1197170871259634e-05
2.9174423351933214e-05 1.1197170871259634e-05
2.9174423351933214e-05 1.1197170871259634e-05
2.9174423351933214e-05 1.1197170871259634e-05
2.9174423351933214e-05 1.1197170871259634e-05
2.9174423351933214e-05 1.1197170871259634e-05
2.9174423351933214e-05 1.1197170871259634e-05
2.9174423351933214e-05 1.1197170871259634e-05
8.50427721241604e-06 1.119736425075061e-05
1.6424680673875283e-05 1.119728939371556e-05
1.6424680673875283e-05 1.119728939371556e-05
1.6424680673875283e-05 1.119728939371556e-05
1.6424680673875283e-05 1.119728939371556e-05
1.6424680673875283e-05 1.119728939371556e-05
1.6424680673875283e-05 1.119728939371556e-05
1.6040973281892684e-05 1.119714063781481e-05
1.6040973281892684e-05 1.119714063781481e-05
1.6040973281892684e-05 1.119714063781481e-05
1.6040973281892684e-05 1.119714063781481e-05
1.6040973281892684e-05 1.119714063781481e-05
1.6040973281892684e-05 1.119714063781481e-05
1.6040973281892684e-05 1.119714063781481e-05
1.6040973281892684e-05 1.119714063781481e-05
1.6040973281892684e-05 1.119714063781481e-05
1.6040973281892684e-05 1.119714063781481e-05
1.6040973281892684e-05 1.119714063781481e-05
1.6040973281892684e-05 1.119714063781481e-05
1.6040973281892684e-05 1.119714063781481e-05
1.6040973281892684e-05 1.119714063781481e-05
1.6040973281892684e-05 1.119714063781481e-05
1.6040973281892684e-05 1.119714063781481e-05
1.6040973281892684e-05 1.119714063781481e-05
1.6040973281892684e-05 1.119714063781481e-05
1.6040973281892684e-05 1.119714063781481e-05
1.6040973281892684e-05 1.119714063781481e-05
1.6040973281892684e-05 1.119714063781481e-05
1.6040973281892684e-05 1.119714063781481e-05
1.6040973281892684e-05 1.119714063781481e-05
1.6040973281892684e-05 1.119714063781481e-05
1.6040973281892684e-05 1.119714063781481e-05
1.6040973281892684e-05 1.119714063781481e-05
1.6040973281892684e-05 1.119714063781481e-05
1.6040973281892684e-05 1.119714063781481e-05
1.6040973281892684e-05 1.119714063781481e-05
1.6040973281892684e-05 1.119714063781481e-05
1.6040973281892684e-05 1.119714063781481e-05
1.6040973281892684e-05 1.119714063781481e-05
1.6040973281892684e-05 1.119714063781481e-05
1.6040973281892684e-05 1.119714063781481e-05
1.6040973281892684e-05 1.119714063781481e-05
1.6040973281892684e-05 1.119714063781481e-05
1.6040973281892684e-05 1.119714063781481e-05
1.6040973281892684e-05 1.119714063781481e-05
1.6040973281892684e-05 1.119714063781481e-05
1.6040973281892684e-05 1.119714063781481e-05
1.6040973281892684e-05 1.119714063781481e-05
1.6040973281892684e-05 1.119714063781481e-05
1.6040973281892684e-05 1.119714063781481e-05
1.6040973281892684e-05 1.119714063781481e-05
1.6040973281892684e-05 1.119714063781481e-05
1.6040973281892684e-05 1.119714063781481e-05
1.6040973281892684e-05 1.119714063781481e-05
1.6040973281892684e-05 1.119714063781481e-05
1.6040973281892684e-05 1.119714063781481e-05
1.6040973281892684e-05 1.119714063781481e-05
1.6040973281892684e-05 1.119714063781481e-05
1.6040973281892684e-05 1.119714063781481e-05
1.6040973281892684e-05 1.119714063781481e-05
1.6040973281892684e-05 1.119714063781481e-05
1.6040973281892684e-05 1.119714063781481e-05
1.6040973281892684e-05 1.119714063781481e-05
1.6040973281892684e-05 1.119714063781481e-05
1.6040973281892684e-05 1.119714063781481e-05
1.6040973281892684e-05 1.119714063781481e-05
1.6040973281892684e-05 1.119714063781481e-05
1.6040973281892684e-05 1.119714063781481e-05
1.6040973281892684e-05 1.119714063781481e-05
1.6040973281892684e-05 1.119714063781481e-05
1.6040973281892684e-05 1.119714063781481e-05
1.6040973281892684e-05 1.119714063781481e-05
1.6040973281892684e-05 1.119714063781481e-05
1.6040973281892684e-05 1.119714063781481e-05
1.6040973281892684e-05 1.119714063781481e-05
1.6040973281892684e-05 1.119714063781481e-05
1.6040973281892684e-05 1.119714063781481e-05
1.6040973281892684e-05 1.119714063781481e-05
1.6040973281892684e-05 1.119714063781481e-05
1.6040973281892684e-05 1.119714063781481e-05
1.6040973281892684e-05 1.119714063781481e-05
1.6040973281892684e-05 1.119714063781481e-05
1.6040973281892684e-05 1.119714063781481e-05
1.6040973281892684e-05 1.119714063781481e-05
1.6040973281892684e-05 1.119714063781481e-05
1.6040973281892684e-05 1.119714063781481e-05
1.6040973281892684e-05 1.119714063781481e-05
1.6040973281892684e-05 1.119714063781481e-05
1.6040973281892684e-05 1.119714063781481e-05
1.6040973281892684e-05 1.119714063781481e-05
1.6040973281892684e-05 1.119714063781481e-05
1.6040973281892684e-05 1.119714063781481e-05
1.6040973281892684e-05 1.119714063781481e-05
1.6040973281892684e-05 1.119714063781481e-05
1.6040973281892684e-05 1.119714063781481e-05
1.474509886461168e-05 1.1193902088913823e-05
1.474509886461168e-05 1.1193902088913823e-05
1.474509886461168e-05 1.1193902088913823e-05
1.2929351823942766e-06 1.1197735499528575e-05
1.2929351823942766e-06 1.1197735499528575e-05
1.546159549554715e-05 1.119722188523976e-05
1.546159549554715e-05 1.119722188523976e-05
1.546159549554715e-05 1.119722188523976e-05
1.540284228135933e-05 1.119710376876029e-05
1.540284228135933e-05 1.119710376876029e-05
1.540284228135933e-05 1.119710376876029e-05
1.540284228135933e-05 1.119710376876029e-05
1.540284228135933e-05 1.119710376876029e-05
1.540284228135933e-05 1.119710376876029e-05
1.540284228135933e-05 1.119710376876029e-05
1.540284228135933e-05 1.119710376876029e-05
1.540284228135933e-05 1.119710376876029e-05
1.540284228135933e-05 1.119710376876029e-05
1.540284228135933e-05 1.119710376876029e-05
1.540284228135933e-05 1.119710376876029e-05
1.540284228135933e-05 1.119710376876029e-05
1.540284228135933e-05 1.119710376876029e-05
1.540284228135933e-05 1.119710376876029e-05
1.540284228135933e-05 1.119710376876029e-05
1.540284228135933e-05 1.119710376876029e-05
1.540284228135933e-05 1.119710376876029e-05
1.540284228135933e-05 1.119710376876029e-05
1.540284228135933e-05 1.119710376876029e-05
1.540284228135933e-05 1.119710376876029e-05
1.540284228135933e-05 1.119710376876029e-05
1.540284228135933e-05 1.119710376876029e-05
1.540284228135933e-05 1.119710376876029e-05
1.540284228135933e-05 1.119710376876029e-05
1.540284228135933e-05 1.119710376876029e-05
1.540284228135933e-05 1.119710376876029e-05
1.540284228135933e-05 1.119710376876029e-05
1.540284228135933e-05 1.119710376876029e-05
1.540284228135933e-05 1.119710376876029e-05
1.540284228135933e-05 1.119710376876029e-05
1.540284228135933e-05 1.119710376876029e-05
1.540284228135933e-05 1.119710376876029e-05
1.540284228135933e-05 1.119710376876029e-05
1.540284228135933e-05 1.119710376876029e-05
1.540284228135933e-05 1.119710376876029e-05
1.540284228135933e-05 1.119710376876029e-05
1.540284228135933e-05 1.119710376876029e-05
1.540284228135933e-05 1.119710376876029e-05
1.540284228135933e-05 1.119710376876029e-05
1.540284228135933e-05 1.119710376876029e-05
1.540284228135933e-05 1.119710376876029e-05
1.540284228135933e-05 1.119710376876029e-05
1.540284228135933e-05 1.119710376876029e-05
1.540284228135933e-05 1.119710376876029e-05
1.540284228135933e-05 1.119710376876029e-05
1.540284228135933e-05 1.119710376876029e-05
1.540284228135933e-05 1.119710376876029e-05
1.540284228135933e-05 1.119710376876029e-05
1.540284228135933e-05 1.119710376876029e-05
1.540284228135933e-05 1.119710376876029e-05
1.540284228135933e-05 1.119710376876029e-05
1.540284228135933e-05 1.119710376876029e-05
1.540284228135933e-05 1.119710376876029e-05
1.540284228135933e-05 1.119710376876029e-05
1.540284228135933e-05 1.119710376876029e-05
1.540284228135933e-05 1.119710376876029e-05
1.540284228135933e-05 1.119710376876029e-05
1.540284228135933e-05 1.119710376876029e-05
1.540284228135933e-05 1.119710376876029e-05
1.540284228135933e-05 1.119710376876029e-05
1.540284228135933e-05 1.119710376876029e-05
1.540284228135933e-05 1.119710376876029e-05
1.540284228135933e-05 1.119710376876029e-05
1.540284228135933e-05 1.119710376876029e-05
1.540284228135933e-05 1.119710376876029e-05
1.540284228135933e-05 1.119710376876029e-05
1.540284228135933e-05 1.119710376876029e-05
1.540284228135933e-05 1.119710376876029e-05
1.540284228135933e-05 1.119710376876029e-05
1.540284228135933e-05 1.119710376876029e-05
1.540284228135933e-05 1.119710376876029e-05
1.540284228135933e-05 1.119710376876029e-05
1.540284228135933e-05 1.119710376876029e-05
1.540284228135933e-05 1.119710376876029e-05
1.540284228135933e-05 1.119710376876029e-05
1.540284228135933e-05 1.119710376876029e-05
1.540284228135933e-05 1.119710376876029e-05
1.540284228135933e-05 1.119710376876029e-05
1.540284228135933e-05 1.119710376876029e-05
1.540284228135933e-05 1.119710376876029e-05
1.540284228135933e-05 1.119710376876029e-05
1.540284228135933e-05 1.119710376876029e-05
1.540284228135933e-05 1.119710376876029e-05
1.540284228135933e-05 1.119710376876029e-05
1.540284228135933e-05 1.119710376876029e-05
1.540284228135933e-05 1.119710376876029e-05
1.540284228135933e-05 1.119710376876029e-05
1.8637435371952048e-06 1.1197797161421283e-05
1.8637435371952048e-06 1.1197797161421283e-05
1.8637435371952048e-06 1.1197797161421283e-05
1.8637435371952048e-06 1.1197797161421283e-05
1.1658518925829569e-05 1.119795713444563e-05
1.1658518925829569e-05 1.119795713444563e-05
1.1658518925829569e-05 1.119795713444563e-05
1.1658518925829569e-05 1.119795713444563e-05
1.1658518925829569e-05 1.119795713444563e-05
1.1658518925829569e-05 1.119795713444563e-05
1.1658518925829569e-05 1.119795713444563e-05
1.1658518925829569e-05 1.119795713444563e-05
1.1658518925829569e-05 1.119795713444563e-05
1.1658518925829569e-05 1.119795713444563e-05
1.1658518925829569e-05 1.119795713444563e-05
1.1658518925829569e-05 1.119795713444563e-05
1.1658518925829569e-05 1.119795713444563e-05
1.1658518925829569e-05 1.119795713444563e-05
1.1658518925829569e-05 1.119795713444563e-05
1.1658518925829569e-05 1.119795713444563e-05
1.1658518925829569e-05 1.119795713444563e-05
1.1658518925829569e-05 1.119795713444563e-05
1.1658518925829569e-05 1.119795713444563e-05
1.1658518925829569e-05 1.119795713444563e-05
1.1658518925829569e-05 1.119795713444563e-05
1.1658518925829569e-05 1.119795713444563e-05
1.1658518925829569e-05 1.119795713444563e-05
1.1658518925829569e-05 1.119795713444563e-05
1.1658518925829569e-05 1.119795713444563e-05
1.1658518925829569e-05 1.119795713444563e-05
1.1658518925829569e-05 1.119795713444563e-05
1.1658518925829569e-05 1.119795713444563e-05
1.1658518925829569e-05 1.119795713444563e-05
1.1658518925829569e-05 1.119795713444563e-05
1.1658518925829569e-05 1.119795713444563e-05
1.1658518925829569e-05 1.119795713444563e-05
1.1658518925829569e-05 1.119795713444563e-05
1.1658518925829569e-05 1.119795713444563e-05
1.1658518925829569e-05 1.119795713444563e-05
1.1658518925829569e-05 1.119795713444563e-05
1.1658518925829569e-05 1.119795713444563e-05
1.1658518925829569e-05 1.119795713444563e-05
1.1658518925829569e-05 1.119795713444563e-05
1.1658518925829569e-05 1.119795713444563e-05
1.1658518925829569e-05 1.119795713444563e-05
1.1658518925829569e-05 1.119795713444563e-05
1.1658518925829569e-05 1.119795713444563e-05
1.1658518925829569e-05 1.119795713444563e-05
3.0212532114998448e-05 1.1196856863011291e-05
3.0212532114998448e-05 1.1196856863011291e-05
1.5156415724651593e-05 1.1197032766765988e-05
1.5156415724651593e-05 1.1197032766765988e-05
1.5156415724651593e-05 1.1197032766765988e-05
1.5156415724651593e-05 1.1197032766765988e-05
1.5156415724651593e-05 1.1197032766765988e-05
1.5156415724651593e-05 1.1197032766765988e-05
1.5156415724651593e-05 1.1197032766765988e-05
1.5156415724651593e-05 1.1197032766765988e-05
1.5156415724651593e-05 1.1197032766765988e-05
1.5156415724651593e-05 1.1197032766765988e-05
1.5156415724651593e-05 1.1197032766765988e-05
1.5156415724651593e-05 1.1197032766765988e-05
1.5156415724651593e-05 1.1197032766765988e-05
1.5156415724651593e-05 1.1197032766765988e-05
1.5156415724651593e-05 1.1197032766765988e-05
1.5156415724651593e-05 1.1197032766765988e-05
1.5156415724651593e-05 1.1197032766765988e-05
1.5156415724651593e-05 1.1197032766765988e-05
1.5156415724651593e-05 1.1197032766765988e-05
1.5156415724651593e-05 1.1197032766765988e-05
1.5156415724651593e-05 1.1197032766765988e-05
1.5156415724651593e-05 1.1197032766765988e-05
1.5156415724651593e-05 1.1197032766765988e-05
1.5156415724651593e-05 1.1197032766765988e-05
1.5156415724651593e-05 1.1197032766765988e-05
1.5156415724651593e-05 1.1197032766765988e-05
1.5156415724651593e-05 1.1197032766765988e-05
1.5156415724651593e-05 1.1197032766765988e-05
1.5156415724651593e-05 1.1197032766765988e-05
1.5156415724651593e-05 1.1197032766765988e-05
1.5156415724651593e-05 1.1197032766765988e-05
1.5156415724651593e-05 1.1197032766765988e-05
1.5156415724651593e-05 1.1197032766765988e-05
1.5156415724651593e-05 1.1197032766765988e-05
1.5156415724651593e-05 1.1197032766765988e-05
1.5156415724651593e-05 1.1197032766765988e-05
1.5156415724651593e-05 1.1197032766765988e-05
1.5156415724651593e-05 1.1197032766765988e-05
1.5156415724651593e-05 1.1197032766765988e-05
1.5156415724651593e-05 1.1197032766765988e-05
1.5156415724651593e-05 1.1197032766765988e-05
1.5156415724651593e-05 1.1197032766765988e-05
1.5156415724651593e-05 1.1197032766765988e-05
1.5156415724651593e-05 1.1197032766765988e-05
6.727783400523272e-06 1.1196817569289181e-05
6.727783400523272e-06 1.1196817569289181e-05
8.061733171047565e-06 1.1197990175960694e-05
1.6330492232620903e-05 1.119733257479884e-05
1.6330492232620903e-05 1.119733257479884e-05
1.6330492232620903e-05 1.119733257479884e-05
1.4316447424321817e-06 1.1197203919001535e-05
1.762901659786642e-05 1.1196945660229246e-05
1.762901659786642e-05 1.1196945660229246e-05
1.762901659786642e-05 1.1196945660229246e-05
1.762901659786642e-05 1.1196945660229246e-05
1.762901659786642e-05 1.1196945660229246e-05
1.762901659786642e-05 1.1196945660229246e-05
1.762901659786642e-05 1.1196945660229246e-05
1.762901659786642e-05 1.1196945660229246e-05
1.762901659786642e-05 1.1196945660229246e-05
1.762901659786642e-05 1.1196945660229246e-05
1.762901659786642e-05 1.1196945660229246e-05
1.762901659786642e-05 1.1196945660229246e-05
1.762901659786642e-05 1.1196945660229246e-05
1.762901659786642e-05 1.1196945660229246e-05
1.762901659786642e-05 1.1196945660229246e-05
1.762901659786642e-05 1.1196945660229246e-05
1.762901659786642e-05 1.1196945660229246e-05
1.762901659786642e-05 1.1196945660229246e-05
1.762901659786642e-05 1.1196945660229246e-05
1.762901659786642e-05 1.1196945660229246e-05
1.762901659786642e-05 1.1196945660229246e-05
1.762901659786642e-05 1.1196945660229246e-05
1.762901659786642e-05 1.1196945660229246e-05
1.762901659786642e-05 1.1196945660229246e-05
1.762901659786642e-05 1.1196945660229246e-05
1.762901659786642e-05 1.1196945660229246e-05
1.762901659786642e-05 1.1196945660229246e-05
1.762901659786642e-05 1.1196945660229246e-05
1.762901659786642e-05 1.1196945660229246e-05
1.762901659786642e-05 1.1196945660229246e-05
1.762901659786642e-05 1.1196945660229246e-05
1.762901659786642e-05 1.1196945660229246e-05
1.762901659786642e-05 1.1196945660229246e-05
1.762901659786642e-05 1.1196945660229246e-05
1.762901659786642e-05 1.1196945660229246e-05
1.762901659786642e-05 1.1196945660229246e-05
1.762901659786642e-05 1.1196945660229246e-05
1.762901659786642e-05 1.1196945660229246e-05
1.762901659786642e-05 1.1196945660229246e-05
1.762901659786642e-05 1.1196945660229246e-05
1.762901659786642e-05 1.1196945660229246e-05
1.762901659786642e-05 1.1196945660229246e-05
1.762901659786642e-05 1.1196945660229246e-05
1.762901659786642e-05 1.1196945660229246e-05
5.913519496802705e-07 1.1196354332538583e-05
5.913519496802705e-07 1.1196354332538583e-05
8.047288059351676e-07 1.1197441650769526e-05
8.047288059351676e-07 1.1197441650769526e-05
1.3355372066224452e-05 1.119596419642278e-05
1.3355372066224452e-05 1.119596419642278e-05
1.3355372066224452e-05 1.119596419642278e-05
1.007735494805716e-05 1.1193976499672553e-05
1.1998317143781332e-05 1.1196877241072736e-05
1.1998317143781332e-05 1.1196877241072736e-05
1.2883040352156819e-05 1.119714305740596e-05
1.2883040352156819e-05 1.119714305740596e-05
1.2883040352156819e-05 1.119714305740596e-05
1.2883040352156819e-05 1.119714305740596e-05
1.2883040352156819e-05 1.119714305740596e-05
1.2883040352156819e-05 1.119714305740596e-05
1.2883040352156819e-05 1.119714305740596e-05
1.2883040352156819e-05 1.119714305740596e-05
1.2883040352156819e-05 1.119714305740596e-05
1.2883040352156819e-05 1.119714305740596e-05
1.2883040352156819e-05 1.119714305740596e-05
1.2883040352156819e-05 1.119714305740596e-05
1.2883040352156819e-05 1.119714305740596e-05
1.2883040352156819e-05 1.119714305740596e-05
1.2883040352156819e-05 1.119714305740596e-05
1.2883040352156819e-05 1.119714305740596e-05
1.2883040352156819e-05 1.119714305740596e-05
1.2883040352156819e-05 1.119714305740596e-05
1.2883040352156819e-05 1.119714305740596e-05
1.2883040352156819e-05 1.119714305740596e-05
1.2883040352156819e-05 1.119714305740596e-05
1.2883040352156819e-05 1.119714305740596e-05
1.2883040352156819e-05 1.119714305740596e-05
1.2883040352156819e-05 1.119714305740596e-05
1.2883040352156819e-05 1.119714305740596e-05
1.2883040352156819e-05 1.119714305740596e-05
1.2883040352156819e-05 1.119714305740596e-05
1.2883040352156819e-05 1.119714305740596e-05
1.2883040352156819e-05 1.119714305740596e-05
1.2883040352156819e-05 1.119714305740596e-05
1.2883040352156819e-05 1.119714305740596e-05
1.2883040352156819e-05 1.119714305740596e-05
1.2883040352156819e-05 1.119714305740596e-05
1.2883040352156819e-05 1.119714305740596e-05
1.2883040352156819e-05 1.119714305740596e-05
1.2883040352156819e-05 1.119714305740596e-05
1.2883040352156819e-05 1.119714305740596e-05
1.2883040352156819e-05 1.119714305740596e-05
1.2883040352156819e-05 1.119714305740596e-05
1.2883040352156819e-05 1.119714305740596e-05
1.2883040352156819e-05 1.119714305740596e-05
1.2883040352156819e-05 1.119714305740596e-05
1.2883040352156819e-05 1.119714305740596e-05
1.2883040352156819e-05 1.119714305740596e-05
1.2733049659513242e-06 1.1197375851460154e-05
1.2733049659513242e-06 1.1197375851460154e-05
1.2733049659513242e-06 1.1197375851460154e-05
1.476540466090101e-05 1.1197320640906375e-05
1.476540466090101e-05 1.1197320640906375e-05
1.476540466090101e-05 1.1197320640906375e-05
1.476540466090101e-05 1.1197320640906375e-05
1.476540466090101e-05 1.1197320640906375e-05
1.476540466090101e-05 1.1197320640906375e-05
1.476540466090101e-05 1.1197320640906375e-05
1.476540466090101e-05 1.1197320640906375e-05
1.476540466090101e-05 1.1197320640906375e-05
1.476540466090101e-05 1.1197320640906375e-05
1.476540466090101e-05 1.1197320640906375e-05
1.476540466090101e-05 1.1197320640906375e-05
1.476540466090101e-05 1.1197320640906375e-05
1.476540466090101e-05 1.1197320640906375e-05
1.476540466090101e-05 1.1197320640906375e-05
1.476540466090101e-05 1.1197320640906375e-05
1.476540466090101e-05 1.1197320640906375e-05
1.476540466090101e-05 1.1197320640906375e-05
1.476540466090101e-05 1.1197320640906375e-05
1.476540466090101e-05 1.1197320640906375e-05
1.476540466090101e-05 1.1197320640906375e-05
1.476540466090101e-05 1.1197320640906375e-05
1.476540466090101e-05 1.1197320640906375e-05
1.476540466090101e-05 1.1197320640906375e-05
1.476540466090101e-05 1.1197320640906375e-05
1.476540466090101e-05 1.1197320640906375e-05
1.476540466090101e-05 1.1197320640906375e-05
1.476540466090101e-05 1.1197320640906375e-05
1.476540466090101e-05 1.1197320640906375e-05
1.476540466090101e-05 1.1197320640906375e-05
1.476540466090101e-05 1.1197320640906375e-05
1.476540466090101e-05 1.1197320640906375e-05
1.476540466090101e-05 1.1197320640906375e-05
1.476540466090101e-05 1.1197320640906375e-05
1.476540466090101e-05 1.1197320640906375e-05
1.476540466090101e-05 1.1197320640906375e-05
1.476540466090101e-05 1.1197320640906375e-05
1.476540466090101e-05 1.1197320640906375e-05
1.476540466090101e-05 1.1197320640906375e-05
1.476540466090101e-05 1.1197320640906375e-05
1.476540466090101e-05 1.1197320640906375e-05
1.476540466090101e-05 1.1197320640906375e-05
1.476540466090101e-05 1.1197320640906375e-05
1.476540466090101e-05 1.1197320640906375e-05
4.6939631976190876e-06 1.119630638751794e-05
4.6939631976190876e-06 1.119630638751794e-05
4.6939631976190876e-06 1.119630638751794e-05
4.6939631976190876e-06 1.119630638751794e-05
7.849184045247272e-06 1.1197861372349024e-05
7.849184045247272e-06 1.1197861372349024e-05
7.849184045247272e-06 1.1197861372349024e-05
4.294214866597815e-06 1.119876464420693e-05
4.294214866597815e-06 1.119876464420693e-05
3.0730039160726866e-05 1.119715563086649e-05
3.0730039160726866e-05 1.119715563086649e-05
3.0730039160726866e-05 1.119715563086649e-05
3.0730039160726866e-05 1.119715563086649e-05
3.0730039160726866e-05 1.119715563086649e-05
3.0730039160726866e-05 1.119715563086649e-05
3.0730039160726866e-05 1.119715563086649e-05
3.0730039160726866e-05 1.119715563086649e-05
3.0730039160726866e-05 1.119715563086649e-05
3.0730039160726866e-05 1.119715563086649e-05
3.0730039160726866e-05 1.119715563086649e-05
3.0730039160726866e-05 1.119715563086649e-05
3.0730039160726866e-05 1.119715563086649e-05
3.0730039160726866e-05 1.119715563086649e-05
3.0730039160726866e-05 1.119715563086649e-05
3.0730039160726866e-05 1.119715563086649e-05
3.0730039160726866e-05 1.119715563086649e-05
3.0730039160726866e-05 1.119715563086649e-05
3.0730039160726866e-05 1.119715563086649e-05
3.0730039160726866e-05 1.119715563086649e-05
3.0730039160726866e-05 1.119715563086649e-05
3.0730039160726866e-05 1.119715563086649e-05
3.0730039160726866e-05 1.119715563086649e-05
3.0730039160726866e-05 1.119715563086649e-05
3.0730039160726866e-05 1.119715563086649e-05
3.0730039160726866e-05 1.119715563086649e-05
3.0730039160726866e-05 1.119715563086649e-05
3.0730039160726866e-05 1.119715563086649e-05
3.0730039160726866e-05 1.119715563086649e-05
3.0730039160726866e-05 1.119715563086649e-05
3.0730039160726866e-05 1.119715563086649e-05
3.0730039160726866e-05 1.119715563086649e-05
3.0730039160726866e-05 1.119715563086649e-05
3.0730039160726866e-05 1.119715563086649e-05
3.0730039160726866e-05 1.119715563086649e-05
3.0730039160726866e-05 1.119715563086649e-05
3.0730039160726866e-05 1.119715563086649e-05
3.0730039160726866e-05 1.119715563086649e-05
3.0730039160726866e-05 1.119715563086649e-05
3.0730039160726866e-05 1.119715563086649e-05
3.0730039160726866e-05 1.119715563086649e-05
3.0730039160726866e-05 1.119715563086649e-05
3.0730039160726866e-05 1.119715563086649e-05
3.0730039160726866e-05 1.119715563086649e-05
1.1392614248333988e-05 1.1197040356633669e-05
1.1392614248333988e-05 1.1197040356633669e-05
1.1392614248333988e-05 1.1197040356633669e-05
1.1392614248333988e-05 1.1197040356633669e-05
1.1392614248333988e-05 1.1197040356633669e-05
1.1392614248333988e-05 1.1197040356633669e-05
1.1392614248333988e-05 1.1197040356633669e-05
1.1392614248333988e-05 1.1197040356633669e-05
1.1392614248333988e-05 1.1197040356633669e-05
1.1392614248333988e-05 1.1197040356633669e-05
1.1392614248333988e-05 1.1197040356633669e-05
1.1392614248333988e-05 1.1197040356633669e-05
1.1392614248333988e-05 1.1197040356633669e-05
1.1392614248333988e-05 1.1197040356633669e-05
1.1392614248333988e-05 1.1197040356633669e-05
1.1392614248333988e-05 1.1197040356633669e-05
1.1392614248333988e-05 1.1197040356633669e-05
1.1392614248333988e-05 1.1197040356633669e-05
1.1392614248333988e-05 1.1197040356633669e-05
1.1392614248333988e-05 1.1197040356633669e-05
1.1392614248333988e-05 1.1197040356633669e-05
1.1392614248333988e-05 1.1197040356633669e-05
1.1392614248333988e-05 1.1197040356633669e-05
1.1392614248333988e-05 1.1197040356633669e-05
1.1392614248333988e-05 1.1197040356633669e-05
1.1392614248333988e-05 1.1197040356633669e-05
1.1392614248333988e-05 1.1197040356633669e-05
1.1392614248333988e-05 1.1197040356633669e-05
1.1392614248333988e-05 1.1197040356633669e-05
1.1392614248333988e-05 1.1197040356633669e-05
1.1392614248333988e-05 1.1197040356633669e-05
1.1392614248333988e-05 1.1197040356633669e-05
1.1392614248333988e-05 1.1197040356633669e-05
1.1392614248333988e-05 1.1197040356633669e-05
1.1392614248333988e-05 1.1197040356633669e-05
1.1392614248333988e-05 1.1197040356633669e-05
1.1392614248333988e-05 1.1197040356633669e-05
1.1392614248333988e-05 1.1197040356633669e-05
1.1392614248333988e-05 1.1197040356633669e-05
1.1392614248333988e-05 1.1197040356633669e-05
1.1392614248333988e-05 1.1197040356633669e-05
1.1392614248333988e-05 1.1197040356633669e-05
1.1392614248333988e-05 1.1197040356633669e-05
1.1392614248333988e-05 1.1197040356633669e-05
1.5168220663297145e-05 1.1197032766765988e-05
1.5168220663297145e-05 1.1197032766765988e-05
1.5168220663297145e-05 1.1197032766765988e-05
1.5168220663297145e-05 1.1197032766765988e-05
1.5168220663297145e-05 1.1197032766765988e-05
1.5168220663297145e-05 1.1197032766765988e-05
1.5168220663297145e-05 1.1197032766765988e-05
1.5168220663297145e-05 1.1197032766765988e-05
1.5168220663297145e-05 1.1197032766765988e-05
1.5168220663297145e-05 1.1197032766765988e-05
1.5168220663297145e-05 1.1197032766765988e-05
1.5168220663297145e-05 1.1197032766765988e-05
1.5168220663297145e-05 1.1197032766765988e-05
1.5168220663297145e-05 1.1197032766765988e-05
1.5168220663297145e-05 1.1197032766765988e-05
1.5168220663297145e-05 1.1197032766765988e-05
1.5168220663297145e-05 1.1197032766765988e-05
1.5168220663297145e-05 1.1197032766765988e-05
1.5168220663297145e-05 1.1197032766765988e-05
1.5168220663297145e-05 1.1197032766765988e-05
1.5168220663297145e-05 1.1197032766765988e-05
1.5168220663297145e-05 1.1197032766765988e-05
1.5168220663297145e-05 1.1197032766765988e-05
1.5168220663297145e-05 1.1197032766765988e-05
1.5168220663297145e-05 1.1197032766765988e-05
1.5168220663297145e-05 1.1197032766765988e-05
1.5168220663297145e-05 1.1197032766765988e-05
1.5168220663297145e-05 1.1197032766765988e-05
1.5168220663297145e-05 1.1197032766765988e-05
1.5168220663297145e-05 1.1197032766765988e-05
1.5168220663297145e-05 1.1197032766765988e-05
1.5168220663297145e-05 1.1197032766765988e-05
1.5168220663297145e-05 1.1197032766765988e-05
1.5168220663297145e-05 1.1197032766765988e-05
1.5168220663297145e-05 1.1197032766765988e-05
1.5168220663297145e-05 1.1197032766765988e-05
1.5168220663297145e-05 1.1197032766765988e-05
1.5168220663297145e-05 1.1197032766765988e-05
1.5168220663297145e-05 1.1197032766765988e-05
1.5168220663297145e-05 1.1197032766765988e-05
1.5168220663297145e-05 1.1197032766765988e-05
1.5168220663297145e-05 1.1197032766765988e-05
1.5168220663297145e-05 1.1197032766765988e-05
1.5168220663297145e-05 1.1197032766765988e-05
1.2192310104637227e-05 1.1197550432660868e-05
1.2636582824835793e-05 1.119726412384496e-05
1.2636582824835793e-05 1.119726412384496e-05
1.2636582824835793e-05 1.119726412384496e-05
1.2636582824835793e-05 1.119726412384496e-05
1.2636582824835793e-05 1.119726412384496e-05
1.2636582824835793e-05 1.119726412384496e-05
1.2636582824835793e-05 1.119726412384496e-05
1.2636582824835793e-05 1.119726412384496e-05
1.2636582824835793e-05 1.119726412384496e-05
1.2636582824835793e-05 1.119726412384496e-05
1.2636582824835793e-05 1.119726412384496e-05
1.2636582824835793e-05 1.119726412384496e-05
1.2636582824835793e-05 1.119726412384496e-05
1.2636582824835793e-05 1.119726412384496e-05
1.2636582824835793e-05 1.119726412384496e-05
1.2636582824835793e-05 1.119726412384496e-05
1.2636582824835793e-05 1.119726412384496e-05
1.2636582824835793e-05 1.119726412384496e-05
1.2636582824835793e-05 1.119726412384496e-05
1.2636582824835793e-05 1.119726412384496e-05
1.2636582824835793e-05 1.119726412384496e-05
1.2636582824835793e-05 1.119726412384496e-05
1.2636582824835793e-05 1.119726412384496e-05
1.2636582824835793e-05 1.119726412384496e-05
1.2636582824835793e-05 1.119726412384496e-05
1.2636582824835793e-05 1.119726412384496e-05
1.2636582824835793e-05 1.119726412384496e-05
1.2636582824835793e-05 1.119726412384496e-05
1.2636582824835793e-05 1.119726412384496e-05
1.2636582824835793e-05 1.119726412384496e-05
1.2636582824835793e-05 1.119726412384496e-05
1.2636582824835793e-05 1.119726412384496e-05
1.2636582824835793e-05 1.119726412384496e-05
1.2636582824835793e-05 1.119726412384496e-05
1.2636582824835793e-05 1.119726412384496e-05
1.2636582824835793e-05 1.119726412384496e-05
1.2636582824835793e-05 1.119726412384496e-05
1.2636582824835793e-05 1.119726412384496e-05
1.2636582824835793e-05 1.119726412384496e-05
1.2636582824835793e-05 1.119726412384496e-05
1.2636582824835793e-05 1.119726412384496e-05
1.2636582824835793e-05 1.119726412384496e-05
1.2636582824835793e-05 1.119726412384496e-05
1.2636582824835793e-05 1.119726412384496e-05
2.983682459651945e-06 1.1196181139647003e-05
2.983682459651945e-06 1.1196181139647003e-05
1.4023353421093456e-05 1.1197632272496378e-05
1.4023353421093456e-05 1.1197632272496378e-05
1.4023353421093456e-05 1.1197632272496378e-05
1.4023353421093456e-05 1.1197632272496378e-05
1.4023353421093456e-05 1.1197632272496378e-05
1.4023353421093456e-05 1.1197632272496378e-05
1.4023353421093456e-05 1.1197632272496378e-05
1.4023353421093456e-05 1.1197632272496378e-05
1.4023353421093456e-05 1.1197632272496378e-05
1.4023353421093456e-05 1.1197632272496378e-05
1.4023353421093456e-05 1.1197632272496378e-05
1.4023353421093456e-05 1.1197632272496378e-05
1.4023353421093456e-05 1.1197632272496378e-05
1.4023353421093456e-05 1.1197632272496378e-05
1.4023353421093456e-05 1.1197632272496378e-05
1.4023353421093456e-05 1.1197632272496378e-05
1.4023353421093456e-05 1.1197632272496378e-05
1.4023353421093456e-05 1.1197632272496378e-05
1.4023353421093456e-05 1.1197632272496378e-05
1.4023353421093456e-05 1.1197632272496378e-05
1.4023353421093456e-05 1.1197632272496378e-05
1.4023353421093456e-05 1.1197632272496378e-05
1.4023353421093456e-05 1.1197632272496378e-05
1.4023353421093456e-05 1.1197632272496378e-05
1.4023353421093456e-05 1.1197632272496378e-05
1.4023353421093456e-05 1.1197632272496378e-05
1.4023353421093456e-05 1.1197632272496378e-05
1.4023353421093456e-05 1.1197632272496378e-05
1.4023353421093456e-05 1.1197632272496378e-05
1.4023353421093456e-05 1.1197632272496378e-05
1.4023353421093456e-05 1.1197632272496378e-05
1.4023353421093456e-05 1.1197632272496378e-05
1.4023353421093456e-05 1.1197632272496378e-05
1.4023353421093456e-05 1.1197632272496378e-05
1.4023353421093456e-05 1.1197632272496378e-05
1.4023353421093456e-05 1.1197632272496378e-05
1.4023353421093456e-05 1.1197632272496378e-05
1.4023353421093456e-05 1.1197632272496378e-05
1.4023353421093456e-05 1.1197632272496378e-05
1.4023353421093456e-05 1.1197632272496378e-05
1.4023353421093456e-05 1.1197632272496378e-05
1.4023353421093456e-05 1.1197632272496378e-05
1.4023353421093456e-05 1.1197632272496378e-05
1.4023353421093456e-05 1.1197632272496378e-05
1.7640952711395157e-05 1.1196945660229246e-05
1.7640952711395157e-05 1.1196945660229246e-05
1.7640952711395157e-05 1.1196945660229246e-05
1.7640952711395157e-05 1.1196945660229246e-05
1.7640952711395157e-05 1.1196945660229246e-05
1.7640952711395157e-05 1.1196945660229246e-05
1.7640952711395157e-05 1.1196945660229246e-05
1.7640952711395157e-05 1.1196945660229246e-05
1.7640952711395157e-05 1.1196945660229246e-05
1.7640952711395157e-05 1.1196945660229246e-05
1.7640952711395157e-05 1.1196945660229246e-05
1.7640952711395157e-05 1.1196945660229246e-05
1.7640952711395157e-05 1.1196945660229246e-05
1.7640952711395157e-05 1.1196945660229246e-05
1.7640952711395157e-05 1.1196945660229246e-05
1.7640952711395157e-05 1.1196945660229246e-05
1.7640952711395157e-05 1.1196945660229246e-05
1.7640952711395157e-05 1.1196945660229246e-05
1.7640952711395157e-05 1.1196945660229246e-05
1.7640952711395157e-05 1.1196945660229246e-05
1.7640952711395157e-05 1.1196945660229246e-05
1.7640952711395157e-05 1.1196945660229246e-05
1.7640952711395157e-05 1.1196945660229246e-05
1.7640952711395157e-05 1.1196945660229246e-05
1.7640952711395157e-05 1.1196945660229246e-05
1.7640952711395157e-05 1.1196945660229246e-05
1.7640952711395157e-05 1.1196945660229246e-05
1.7640952711395157e-05 1.1196945660229246e-05
1.7640952711395157e-05 1.1196945660229246e-05
1.7640952711395157e-05 1.1196945660229246e-05
1.7640952711395157e-05 1.1196945660229246e-05
1.7640952711395157e-05 1.1196945660229246e-05
1.7640952711395157e-05 1.1196945660229246e-05
1.7640952711395157e-05 1.1196945660229246e-05
1.7640952711395157e-05 1.1196945660229246e-05
1.7640952711395157e-05 1.1196945660229246e-05
1.7640952711395157e-05 1.1196945660229246e-05
1.7640952711395157e-05 1.1196945660229246e-05
1.7640952711395157e-05 1.1196945660229246e-05
1.7640952711395157e-05 1.1196945660229246e-05
1.7640952711395157e-05 1.1196945660229246e-05
1.7640952711395157e-05 1.1196945660229246e-05
1.7640952711395157e-05 1.1196945660229246e-05
1.7640952711395157e-05 1.1196945660229246e-05
2.6329270059954906e-07 1.1197093721940044e-05
2.6329270059954906e-07 1.1197093721940044e-05
2.6329270059954906e-07 1.1197093721940044e-05
9.057776803923537e-06 1.1196332920870667e-05
1.9097235922055533e-05 1.1198248479778513e-05
1.9097235922055533e-05 1.1198248479778513e-05
1.9097235922055533e-05 1.1198248479778513e-05
5.356910577987468e-06 1.119728016534864e-05
5.913519496802705e-07 1.1196354332538583e-05
5.913519496802705e-07 1.1196354332538583e-05
1.1863193330576367e-05 1.1196364063911561e-05
6.926419216393689e-06 1.1198174957324805e-05
6.926419216393689e-06 1.1198174957324805e-05
1.0001398259521376e-05 1.1198215300094007e-05
9.622374096649143e-06 1.119749083514207e-05
9.622374096649143e-06 1.119749083514207e-05
9.622374096649143e-06 1.119749083514207e-05
9.622374096649143e-06 1.119749083514207e-05
9.622374096649143e-06 1.119749083514207e-05
9.622374096649143e-06 1.119749083514207e-05
9.622374096649143e-06 1.119749083514207e-05
9.622374096649143e-06 1.119749083514207e-05
9.622374096649143e-06 1.119749083514207e-05
9.622374096649143e-06 1.119749083514207e-05
9.622374096649143e-06 1.119749083514207e-05
9.622374096649143e-06 1.119749083514207e-05
9.622374096649143e-06 1.119749083514207e-05
9.622374096649143e-06 1.119749083514207e-05
9.622374096649143e-06 1.119749083514207e-05
9.622374096649143e-06 1.119749083514207e-05
9.622374096649143e-06 1.119749083514207e-05
9.622374096649143e-06 1.119749083514207e-05
9.622374096649143e-06 1.119749083514207e-05
9.622374096649143e-06 1.119749083514207e-05
9.622374096649143e-06 1.119749083514207e-05
9.622374096649143e-06 1.119749083514207e-05
9.622374096649143e-06 1.119749083514207e-05
9.622374096649143e-06 1.119749083514207e-05
9.622374096649143e-06 1.119749083514207e-05
9.622374096649143e-06 1.119749083514207e-05
9.622374096649143e-06 1.119749083514207e-05
9.622374096649143e-06 1.119749083514207e-05
9.622374096649143e-06 1.119749083514207e-05
9.622374096649143e-06 1.119749083514207e-05
9.622374096649143e-06 1.119749083514207e-05
9.622374096649143e-06 1.119749083514207e-05
9.622374096649143e-06 1.119749083514207e-05
9.622374096649143e-06 1.119749083514207e-05
9.622374096649143e-06 1.119749083514207e-05
9.622374096649143e-06 1.119749083514207e-05
9.622374096649143e-06 1.119749083514207e-05
9.622374096649143e-06 1.119749083514207e-05
9.622374096649143e-06 1.119749083514207e-05
9.622374096649143e-06 1.119749083514207e-05
9.622374096649143e-06 1.119749083514207e-05
9.622374096649143e-06 1.119749083514207e-05
9.622374096649143e-06 1.119749083514207e-05
9.622374096649143e-06 1.119749083514207e-05
1.0449580663278917e-05 1.1197150462786048e-05
1.0449580663278917e-05 1.1197150462786048e-05
1.6935792329319348e-07 1.119784573746221e-05
1.6935792329319348e-07 1.119784573746221e-05
1.0563812517895815e-06 1.119715671404924e-05
1.0563812517895815e-06 1.119715671404924e-05
1.0563812517895815e-06 1.119715671404924e-05
1.0563812517895815e-06 1.119715671404924e-05
1.0563812517895815e-06 1.119715671404924e-05
1.0563812517895815e-06 1.119715671404924e-05
2.6834059312188744e-05 1.1197211919883409e-05
2.6834059312188744e-05 1.1197211919883409e-05
2.6834059312188744e-05 1.1197211919883409e-05
2.6834059312188744e-05 1.1197211919883409e-05
2.6834059312188744e-05 1.1197211919883409e-05
2.6834059312188744e-05 1.1197211919883409e-05
2.6834059312188744e-05 1.1197211919883409e-05
2.6834059312188744e-05 1.1197211919883409e-05
2.6834059312188744e-05 1.1197211919883409e-05
2.6834059312188744e-05 1.1197211919883409e-05
2.6834059312188744e-05 1.1197211919883409e-05
2.6834059312188744e-05 1.1197211919883409e-05
2.6834059312188744e-05 1.1197211919883409e-05
2.6834059312188744e-05 1.1197211919883409e-05
2.6834059312188744e-05 1.1197211919883409e-05
2.6834059312188744e-05 1.1197211919883409e-05
2.6834059312188744e-05 1.1197211919883409e-05
2.6834059312188744e-05 1.1197211919883409e-05
2.6834059312188744e-05 1.1197211919883409e-05
2.6834059312188744e-05 1.1197211919883409e-05
2.6834059312188744e-05 1.1197211919883409e-05
2.6834059312188744e-05 1.1197211919883409e-05
2.6834059312188744e-05 1.1197211919883409e-05
2.6834059312188744e-05 1.1197211919883409e-05
2.6834059312188744e-05 1.1197211919883409e-05
2.6834059312188744e-05 1.1197211919883409e-05
2.6834059312188744e-05 1.1197211919883409e-05
2.6834059312188744e-05 1.1197211919883409e-05
2.6834059312188744e-05 1.1197211919883409e-05
2.6834059312188744e-05 1.1197211919883409e-05
2.6834059312188744e-05 1.1197211919883409e-05
2.6834059312188744e-05 1.1197211919883409e-05
2.6834059312188744e-05 1.1197211919883409e-05
2.6834059312188744e-05 1.1197211919883409e-05
2.6834059312188744e-05 1.1197211919883409e-05
2.6834059312188744e-05 1.1197211919883409e-05
2.6834059312188744e-05 1.1197211919883409e-05
2.6834059312188744e-05 1.1197211919883409e-05
2.6834059312188744e-05 1.1197211919883409e-05
2.6834059312188744e-05 1.1197211919883409e-05
2.6834059312188744e-05 1.1197211919883409e-05
2.6834059312188744e-05 1.1197211919883409e-05
2.6834059312188744e-05 1.1197211919883409e-05
2.6834059312188744e-05 1.1197211919883409e-05
4.307039858815754e-06 1.119876464420693e-05
4.307039858815754e-06 1.119876464420693e-05
2.6834059312188744e-05 1.1197211919883409e-05
2.6834059312188744e-05 1.1197211919883409e-05
2.6834059312188744e-05 1.1197211919883409e-05
2.6834059312188744e-05 1.1197211919883409e-05
2.6834059312188744e-05 1.1197211919883409e-05
2.6834059312188744e-05 1.1197211919883409e-05
2.6834059312188744e-05 1.1197211919883409e-05
2.6834059312188744e-05 1.1197211919883409e-05
2.6834059312188744e-05 1.1197211919883409e-05
2.6834059312188744e-05 1.1197211919883409e-05
2.6834059312188744e-05 1.1197211919883409e-05
2.6834059312188744e-05 1.1197211919883409e-05
2.6834059312188744e-05 1.1197211919883409e-05
2.6834059312188744e-05 1.1197211919883409e-05
2.6834059312188744e-05 1.1197211919883409e-05
2.6834059312188744e-05 1.1197211919883409e-05
2.6834059312188744e-05 1.1197211919883409e-05
2.6834059312188744e-05 1.1197211919883409e-05
2.6834059312188744e-05 1.1197211919883409e-05
2.6834059312188744e-05 1.1197211919883409e-05
2.6834059312188744e-05 1.1197211919883409e-05
2.6834059312188744e-05 1.1197211919883409e-05
2.6834059312188744e-05 1.1197211919883409e-05
2.6834059312188744e-05 1.1197211919883409e-05
2.6834059312188744e-05 1.1197211919883409e-05
2.6834059312188744e-05 1.1197211919883409e-05
2.6834059312188744e-05 1.1197211919883409e-05
2.6834059312188744e-05 1.1197211919883409e-05
2.6834059312188744e-05 1.1197211919883409e-05
2.6834059312188744e-05 1.1197211919883409e-05
2.6834059312188744e-05 1.1197211919883409e-05
2.6834059312188744e-05 1.1197211919883409e-05
2.6834059312188744e-05 1.1197211919883409e-05
2.6834059312188744e-05 1.1197211919883409e-05
2.6834059312188744e-05 1.1197211919883409e-05
2.6834059312188744e-05 1.1197211919883409e-05
2.6834059312188744e-05 1.1197211919883409e-05
2.6834059312188744e-05 1.1197211919883409e-05
2.6834059312188744e-05 1.1197211919883409e-05
2.6834059312188744e-05 1.1197211919883409e-05
2.6834059312188744e-05 1.1197211919883409e-05
2.6834059312188744e-05 1.1197211919883409e-05
2.6834059312188744e-05 1.1197211919883409e-05
2.6834059312188744e-05 1.1197211919883409e-05
4.141410293506333e-06 1.1198708876074373e-05
4.141410293506333e-06 1.1198708876074373e-05
1.4840617243302174e-05 1.1197504243105064e-05
1.4840617243302174e-05 1.1197504243105064e-05
1.4840617243302174e-05 1.1197504243105064e-05
4.916702984968794e-06 1.1196098385820447e-05
4.916702984968794e-06 1.1196098385820447e-05
4.93228725517838e-06 1.1196681786209502e-05
4.93228725517838e-06 1.1196681786209502e-05
1.5616155548645834e-05 1.1196660116729204e-05
1.5616155548645834e-05 1.1196660116729204e-05
1.5616155548645834e-05 1.1196660116729204e-05
1.5616155548645834e-05 1.1196660116729204e-05
1.5616155548645834e-05 1.1196660116729204e-05
1.5616155548645834e-05 1.1196660116729204e-05
1.5616155548645834e-05 1.1196660116729204e-05
1.5616155548645834e-05 1.1196660116729204e-05
1.5616155548645834e-05 1.1196660116729204e-05
1.5616155548645834e-05 1.1196660116729204e-05
1.5616155548645834e-05 1.1196660116729204e-05
1.5616155548645834e-05 1.1196660116729204e-05
1.5616155548645834e-05 1.1196660116729204e-05
1.5616155548645834e-05 1.1196660116729204e-05
1.5616155548645834e-05 1.1196660116729204e-05
1.5616155548645834e-05 1.1196660116729204e-05
1.5616155548645834e-05 1.1196660116729204e-05
1.5616155548645834e-05 1.1196660116729204e-05
1.5616155548645834e-05 1.1196660116729204e-05
1.5616155548645834e-05 1.1196660116729204e-05
1.5616155548645834e-05 1.1196660116729204e-05
1.5616155548645834e-05 1.1196660116729204e-05
1.5616155548645834e-05 1.1196660116729204e-05
1.5616155548645834e-05 1.1196660116729204e-05
1.5616155548645834e-05 1.1196660116729204e-05
1.5616155548645834e-05 1.1196660116729204e-05
1.5616155548645834e-05 1.1196660116729204e-05
1.5616155548645834e-05 1.1196660116729204e-05
1.5616155548645834e-05 1.1196660116729204e-05
1.5616155548645834e-05 1.1196660116729204e-05
1.5616155548645834e-05 1.1196660116729204e-05
1.5616155548645834e-05 1.1196660116729204e-05
1.5616155548645834e-05 1.1196660116729204e-05
1.5616155548645834e-05 1.1196660116729204e-05
1.5616155548645834e-05 1.1196660116729204e-05
1.5616155548645834e-05 1.1196660116729204e-05
1.5616155548645834e-05 1.1196660116729204e-05
1.5616155548645834e-05 1.1196660116729204e-05
1.5616155548645834e-05 1.1196660116729204e-05
1.5616155548645834e-05 1.1196660116729204e-05
1.5616155548645834e-05 1.1196660116729204e-05
1.5616155548645834e-05 1.1196660116729204e-05
1.5616155548645834e-05 1.1196660116729204e-05
1.5616155548645834e-05 1.1196660116729204e-05
1.034337545921014e-05 1.1197360079370858e-05
1.0391946871697055e-05 1.1196907867683728e-05
1.0391946871697055e-05 1.1196907867683728e-05
1.0391946871697055e-05 1.1196907867683728e-05
1.013450964764612e-05 1.1190744740469731e-05
1.2354613040354824e-05 1.1202557917391138e-05
1.2354613040354824e-05 1.1202557917391138e-05
8.519433811535706e-06 1.1197120175629152e-05
3.3421437021911784e-06 1.119721976998089e-05
3.3421437021911784e-06 1.119721976998089e-05
6.060936050753046e-06 1.1195821391774013e-05
6.060936050753046e-06 1.1195821391774013e-05
6.060936050753046e-06 1.1195821391774013e-05
1.457526806793912e-05 1.1198446929101187e-05
1.457526806793912e-05 1.1198446929101187e-05
1.457526806793912e-05 1.1198446929101187e-05
1.8284448222270595e-05 1.1198388406244515e-05
1.8284448222270595e-05 1.1198388406244515e-05
1.8284448222270595e-05 1.1198388406244515e-05
2.9452755905878075e-05 1.1197069393318243e-05
2.9452755905878075e-05 1.1197069393318243e-05
2.9452755905878075e-05 1.1197069393318243e-05
2.9452755905878075e-05 1.1197069393318243e-05
2.9452755905878075e-05 1.1197069393318243e-05
2.9452755905878075e-05 1.1197069393318243e-05
2.9452755905878075e-05 1.1197069393318243e-05
2.9452755905878075e-05 1.1197069393318243e-05
2.9452755905878075e-05 1.1197069393318243e-05
2.9452755905878075e-05 1.1197069393318243e-05
2.9452755905878075e-05 1.1197069393318243e-05
2.9452755905878075e-05 1.1197069393318243e-05
2.9452755905878075e-05 1.1197069393318243e-05
2.9452755905878075e-05 1.1197069393318243e-05
2.9452755905878075e-05 1.1197069393318243e-05
2.9452755905878075e-05 1.1197069393318243e-05
2.9452755905878075e-05 1.1197069393318243e-05
2.9452755905878075e-05 1.1197069393318243e-05
2.9452755905878075e-05 1.1197069393318243e-05
2.9452755905878075e-05 1.1197069393318243e-05
2.9452755905878075e-05 1.1197069393318243e-05
2.9452755905878075e-05 1.1197069393318243e-05
2.9452755905878075e-05 1.1197069393318243e-05
2.9452755905878075e-05 1.1197069393318243e-05
2.9452755905878075e-05 1.1197069393318243e-05
2.9452755905878075e-05 1.1197069393318243e-05
2.9452755905878075e-05 1.1197069393318243e-05
2.9452755905878075e-05 1.1197069393318243e-05
2.9452755905878075e-05 1.1197069393318243e-05
2.9452755905878075e-05 1.1197069393318243e-05
2.9452755905878075e-05 1.1197069393318243e-05
2.9452755905878075e-05 1.1197069393318243e-05
2.9452755905878075e-05 1.1197069393318243e-05
2.9452755905878075e-05 1.1197069393318243e-05
2.9452755905878075e-05 1.1197069393318243e-05
2.9452755905878075e-05 1.1197069393318243e-05
2.9452755905878075e-05 1.1197069393318243e-05
2.9452755905878075e-05 1.1197069393318243e-05
2.9452755905878075e-05 1.1197069393318243e-05
2.9452755905878075e-05 1.1197069393318243e-05
2.9452755905878075e-05 1.1197069393318243e-05
2.9452755905878075e-05 1.1197069393318243e-05
2.9452755905878075e-05 1.1197069393318243e-05
2.9452755905878075e-05 1.1197069393318243e-05
4.306905179117036e-07 1.1196525482717252e-05
3.6605549059737444e-06 1.1196391504045446e-05
3.6605549059737444e-06 1.1196391504045446e-05
3.6605549059737444e-06 1.1196391504045446e-05
3.6605549059737444e-06 1.1196391504045446e-05
8.128506626946298e-06 1.1197990175960694e-05
1.7382780408078605e-05 1.1199027458706943e-05
1.7382780408078605e-05 1.1199027458706943e-05
1.7382780408078605e-05 1.1199027458706943e-05
1.560548441379295e-05 1.1193520254683898e-05
1.560548441379295e-05 1.1193520254683898e-05
1.560548441379295e-05 1.1193520254683898e-05
2.9463412327381052e-05 1.1197116389472509e-05
2.9463412327381052e-05 1.1197116389472509e-05
2.9463412327381052e-05 1.1197116389472509e-05
2.9463412327381052e-05 1.1197116389472509e-05
2.9463412327381052e-05 1.1197116389472509e-05
2.9463412327381052e-05 1.1197116389472509e-05
2.9463412327381052e-05 1.1197116389472509e-05
2.9463412327381052e-05 1.1197116389472509e-05
2.9463412327381052e-05 1.1197116389472509e-05
2.9463412327381052e-05 1.1197116389472509e-05
2.9463412327381052e-05 1.1197116389472509e-05
2.9463412327381052e-05 1.1197116389472509e-05
2.9463412327381052e-05 1.1197116389472509e-05
2.9463412327381052e-05 1.1197116389472509e-05
2.9463412327381052e-05 1.1197116389472509e-05
2.9463412327381052e-05 1.1197116389472509e-05
2.9463412327381052e-05 1.1197116389472509e-05
2.9463412327381052e-05 1.1197116389472509e-05
2.9463412327381052e-05 1.1197116389472509e-05
2.9463412327381052e-05 1.1197116389472509e-05
2.9463412327381052e-05 1.1197116389472509e-05
2.9463412327381052e-05 1.1197116389472509e-05
2.9463412327381052e-05 1.1197116389472509e-05
2.9463412327381052e-05 1.1197116389472509e-05
2.9463412327381052e-05 1.1197116389472509e-05
2.9463412327381052e-05 1.1197116389472509e-05
2.9463412327381052e-05 1.1197116389472509e-05
2.9463412327381052e-05 1.1197116389472509e-05
2.9463412327381052e-05 1.1197116389472509e-05
2.9463412327381052e-05 1.1197116389472509e-05
2.9463412327381052e-05 1.1197116389472509e-05
2.9463412327381052e-05 1.1197116389472509e-05
2.9463412327381052e-05 1.1197116389472509e-05
2.9463412327381052e-05 1.1197116389472509e-05
2.9463412327381052e-05 1.1197116389472509e-05
2.9463412327381052e-05 1.1197116389472509e-05
2.9463412327381052e-05 1.1197116389472509e-05
2.9463412327381052e-05 1.1197116389472509e-05
2.9463412327381052e-05 1.1197116389472509e-05
2.9463412327381052e-05 1.1197116389472509e-05
2.9463412327381052e-05 1.1197116389472509e-05
2.9463412327381052e-05 1.1197116389472509e-05
2.9463412327381052e-05 1.1197116389472509e-05
2.9463412327381052e-05 1.1197116389472509e-05
2.9463412327381052e-05 1.1197116389472509e-05
2.9463412327381052e-05 1.1197116389472509e-05
2.9463412327381052e-05 1.1197116389472509e-05
2.9463412327381052e-05 1.1197116389472509e-05
2.9463412327381052e-05 1.1197116389472509e-05
2.9463412327381052e-05 1.1197116389472509e-05
2.9463412327381052e-05 1.1197116389472509e-05
2.9463412327381052e-05 1.1197116389472509e-05
2.9463412327381052e-05 1.1197116389472509e-05
2.9463412327381052e-05 1.1197116389472509e-05
2.9463412327381052e-05 1.1197116389472509e-05
2.9463412327381052e-05 1.1197116389472509e-05
2.9463412327381052e-05 1.1197116389472509e-05
2.9463412327381052e-05 1.1197116389472509e-05
2.9463412327381052e-05 1.1197116389472509e-05
2.9463412327381052e-05 1.1197116389472509e-05
2.9463412327381052e-05 1.1197116389472509e-05
2.9463412327381052e-05 1.1197116389472509e-05
2.9463412327381052e-05 1.1197116389472509e-05
2.9463412327381052e-05 1.1197116389472509e-05
2.9463412327381052e-05 1.1197116389472509e-05
2.9463412327381052e-05 1.1197116389472509e-05
2.9463412327381052e-05 1.1197116389472509e-05
2.9463412327381052e-05 1.1197116389472509e-05
2.9463412327381052e-05 1.1197116389472509e-05
2.9463412327381052e-05 1.1197116389472509e-05
2.9463412327381052e-05 1.1197116389472509e-05
2.9463412327381052e-05 1.1197116389472509e-05
2.9463412327381052e-05 1.1197116389472509e-05
2.9463412327381052e-05 1.1197116389472509e-05
2.9463412327381052e-05 1.1197116389472509e-05
2.9463412327381052e-05 1.1197116389472509e-05
2.9463412327381052e-05 1.1197116389472509e-05
2.9463412327381052e-05 1.1197116389472509e-05
2.9463412327381052e-05 1.1197116389472509e-05
2.9463412327381052e-05 1.1197116389472509e-05
2.9463412327381052e-05 1.1197116389472509e-05
2.9463412327381052e-05 1.1197116389472509e-05
2.9463412327381052e-05 1.1197116389472509e-05
2.9463412327381052e-05 1.1197116389472509e-05
2.9463412327381052e-05 1.1197116389472509e-05
2.9463412327381052e-05 1.1197116389472509e-05
2.9463412327381052e-05 1.1197116389472509e-05
2.9463412327381052e-05 1.1197116389472509e-05
3.2958262505907792e-06 1.119721976998089e-05
3.2958262505907792e-06 1.119721976998089e-05
6.625465083663241e-06 1.1197246970211591e-05
6.625465083663241e-06 1.1197246970211591e-05
1.7664032564652745e-05 1.1197041314369604e-05
1.7664032564652745e-05 1.1197041314369604e-05
1.7664032564652745e-05 1.1197041314369604e-05
1.7664032564652745e-05 1.1197041314369604e-05
1.7664032564652745e-05 1.1197041314369604e-05
1.7664032564652745e-05 1.1197041314369604e-05
1.7664032564652745e-05 1.1197041314369604e-05
1.7664032564652745e-05 1.1197041314369604e-05
1.7664032564652745e-05 1.1197041314369604e-05
1.7664032564652745e-05 1.1197041314369604e-05
1.7664032564652745e-05 1.1197041314369604e-05
1.7664032564652745e-05 1.1197041314369604e-05
1.7664032564652745e-05 1.1197041314369604e-05
1.7664032564652745e-05 1.1197041314369604e-05
1.7664032564652745e-05 1.1197041314369604e-05
1.7664032564652745e-05 1.1197041314369604e-05
1.7664032564652745e-05 1.1197041314369604e-05
1.7664032564652745e-05 1.1197041314369604e-05
1.7664032564652745e-05 1.1197041314369604e-05
1.7664032564652745e-05 1.1197041314369604e-05
1.7664032564652745e-05 1.1197041314369604e-05
1.7664032564652745e-05 1.1197041314369604e-05
1.7664032564652745e-05 1.1197041314369604e-05
1.7664032564652745e-05 1.1197041314369604e-05
1.7664032564652745e-05 1.1197041314369604e-05
1.7664032564652745e-05 1.1197041314369604e-05
1.7664032564652745e-05 1.1197041314369604e-05
1.7664032564652745e-05 1.1197041314369604e-05
1.7664032564652745e-05 1.1197041314369604e-05
1.7664032564652745e-05 1.1197041314369604e-05
1.7664032564652745e-05 1.1197041314369604e-05
1.7664032564652745e-05 1.1197041314369604e-05
1.7664032564652745e-05 1.1197041314369604e-05
1.7664032564652745e-05 1.1197041314369604e-05
1.7664032564652745e-05 1.1197041314369604e-05
1.7664032564652745e-05 1.1197041314369604e-05
1.7664032564652745e-05 1.1197041314369604e-05
1.7664032564652745e-05 1.1197041314369604e-05
1.7664032564652745e-05 1.1197041314369604e-05
1.7664032564652745e-05 1.1197041314369604e-05
1.7664032564652745e-05 1.1197041314369604e-05
1.7664032564652745e-05 1.1197041314369604e-05
1.7664032564652745e-05 1.1197041314369604e-05
1.7664032564652745e-05 1.1197041314369604e-05
4.306905179117036e-07 1.1196525482717252e-05
1.3858599846936306e-05 1.1196071393311074e-05
1.3858599846936306e-05 1.1196071393311074e-05
1.3858599846936306e-05 1.1196071393311074e-05
1.3858599846936306e-05 1.1196071393311074e-05
1.3858599846936306e-05 1.1196071393311074e-05
1.3858599846936306e-05 1.1196071393311074e-05
1.4926539517131106e-05 1.1197504243105064e-05
1.4926539517131106e-05 1.1197504243105064e-05
1.4926539517131106e-05 1.1197504243105064e-05
1.7249650645289718e-06 1.1196338303455168e-05
1.7249650645289718e-06 1.1196338303455168e-05
1.7249650645289718e-06 1.1196338303455168e-05
1.3415252740073266e-05 1.1197152188665812e-05
1.3415252740073266e-05 1.1197152188665812e-05
1.3415252740073266e-05 1.1197152188665812e-05
1.3415252740073266e-05 1.1197152188665812e-05
1.3415252740073266e-05 1.1197152188665812e-05
1.3415252740073266e-05 1.1197152188665812e-05
1.3415252740073266e-05 1.1197152188665812e-05
1.3415252740073266e-05 1.1197152188665812e-05
1.3415252740073266e-05 1.1197152188665812e-05
1.3415252740073266e-05 1.1197152188665812e-05
1.3415252740073266e-05 1.1197152188665812e-05
1.3415252740073266e-05 1.1197152188665812e-05
1.3415252740073266e-05 1.1197152188665812e-05
1.3415252740073266e-05 1.1197152188665812e-05
1.3415252740073266e-05 1.1197152188665812e-05
1.3415252740073266e-05 1.1197152188665812e-05
1.3415252740073266e-05 1.1197152188665812e-05
1.3415252740073266e-05 1.1197152188665812e-05
1.3415252740073266e-05 1.1197152188665812e-05
1.3415252740073266e-05 1.1197152188665812e-05
1.3415252740073266e-05 1.1197152188665812e-05
1.3415252740073266e-05 1.1197152188665812e-05
1.3415252740073266e-05 1.1197152188665812e-05
1.3415252740073266e-05 1.1197152188665812e-05
1.3415252740073266e-05 1.1197152188665812e-05
1.3415252740073266e-05 1.1197152188665812e-05
1.3415252740073266e-05 1.1197152188665812e-05
1.3415252740073266e-05 1.1197152188665812e-05
1.3415252740073266e-05 1.1197152188665812e-05
1.3415252740073266e-05 1.1197152188665812e-05
1.3415252740073266e-05 1.1197152188665812e-05
1.3415252740073266e-05 1.1197152188665812e-05
1.3415252740073266e-05 1.1197152188665812e-05
1.3415252740073266e-05 1.1197152188665812e-05
1.3415252740073266e-05 1.1197152188665812e-05
1.3415252740073266e-05 1.1197152188665812e-05
1.3415252740073266e-05 1.1197152188665812e-05
1.3415252740073266e-05 1.1197152188665812e-05
1.3415252740073266e-05 1.1197152188665812e-05
1.3415252740073266e-05 1.1197152188665812e-05
1.3415252740073266e-05 1.1197152188665812e-05
1.3415252740073266e-05 1.1197152188665812e-05
1.3415252740073266e-05 1.1197152188665812e-05
1.3415252740073266e-05 1.1197152188665812e-05
9.744499136355249e-06 1.1200635711066614e-05
9.744499136355249e-06 1.1200635711066614e-05
1.0424066043244562e-05 1.1197694160270648e-05
2.8664812946080088e-05 1.1197795276211841e-05
2.8664812946080088e-05 1.1197795276211841e-05
2.8664812946080088e-05 1.1197795276211841e-05
2.8664812946080088e-05 1.1197795276211841e-05
2.8664812946080088e-05 1.1197795276211841e-05
2.8664812946080088e-05 1.1197795276211841e-05
1.1207548706944713e-05 1.1197313990160191e-05
5.412850186817738e-07 1.1197363289122898e-05
2.289862871324286e-05 1.1197155690880916e-05
2.289862871324286e-05 1.1197155690880916e-05
2.289862871324286e-05 1.1197155690880916e-05
2.289862871324286e-05 1.1197155690880916e-05
2.289862871324286e-05 1.1197155690880916e-05
2.289862871324286e-05 1.1197155690880916e-05
2.289862871324286e-05 1.1197155690880916e-05
2.289862871324286e-05 1.1197155690880916e-05
2.289862871324286e-05 1.1197155690880916e-05
2.289862871324286e-05 1.1197155690880916e-05
2.289862871324286e-05 1.1197155690880916e-05
2.289862871324286e-05 1.1197155690880916e-05
2.289862871324286e-05 1.1197155690880916e-05
2.289862871324286e-05 1.1197155690880916e-05
2.289862871324286e-05 1.1197155690880916e-05
2.289862871324286e-05 1.1197155690880916e-05
2.289862871324286e-05 1.1197155690880916e-05
2.289862871324286e-05 1.1197155690880916e-05
2.289862871324286e-05 1.1197155690880916e-05
2.289862871324286e-05 1.1197155690880916e-05
2.289862871324286e-05 1.1197155690880916e-05
2.289862871324286e-05 1.1197155690880916e-05
2.289862871324286e-05 1.1197155690880916e-05
2.289862871324286e-05 1.1197155690880916e-05
2.289862871324286e-05 1.1197155690880916e-05
2.289862871324286e-05 1.1197155690880916e-05
2.289862871324286e-05 1.1197155690880916e-05
2.289862871324286e-05 1.1197155690880916e-05
2.289862871324286e-05 1.1197155690880916e-05
2.289862871324286e-05 1.1197155690880916e-05
2.289862871324286e-05 1.1197155690880916e-05
2.289862871324286e-05 1.1197155690880916e-05
2.289862871324286e-05 1.1197155690880916e-05
2.289862871324286e-05 1.1197155690880916e-05
2.289862871324286e-05 1.1197155690880916e-05
2.289862871324286e-05 1.1197155690880916e-05
2.289862871324286e-05 1.1197155690880916e-05
2.289862871324286e-05 1.1197155690880916e-05
2.289862871324286e-05 1.1197155690880916e-05
2.289862871324286e-05 1.1197155690880916e-05
2.289862871324286e-05 1.1197155690880916e-05
2.289862871324286e-05 1.1197155690880916e-05
2.289862871324286e-05 1.1197155690880916e-05
2.289862871324286e-05 1.1197155690880916e-05
1.8945130554164995e-05 1.1198248479778513e-05
1.8945130554164995e-05 1.1198248479778513e-05
1.8945130554164995e-05 1.1198248479778513e-05
6.385011661551459e-06 1.1199952332113548e-05
6.385011661551459e-06 1.1199952332113548e-05
2.011607564822791e-05 1.1188962312458006e-05
2.011607564822791e-05 1.1188962312458006e-05
2.011607564822791e-05 1.1188962312458006e-05
2.9795663022694617e-05 1.1192231967649633e-05
2.9795663022694617e-05 1.1192231967649633e-05
1.668789562596916e-05 1.1196550956431468e-05
1.668789562596916e-05 1.1196550956431468e-05
8.159716795284569e-07 1.1197155155461822e-05
4.019680266360667e-06 1.1197321603870447e-05
1.1855077213435121e-05 1.1196364063911561e-05
1.1001887832269619e-05 1.119977471816731e-05
1.656477278794206e-05 1.119745477681276e-05
1.656477278794206e-05 1.119745477681276e-05
1.656477278794206e-05 1.119745477681276e-05
2.099455243850602e-06 1.1196611356878519e-05
2.099455243850602e-06 1.1196611356878519e-05
1.2961247433862121e-05 1.1197260852281117e-05
1.2961247433862121e-05 1.1197260852281117e-05
1.2961247433862121e-05 1.1197260852281117e-05
1.2961247433862121e-05 1.1197260852281117e-05
1.2961247433862121e-05 1.1197260852281117e-05
1.2961247433862121e-05 1.1197260852281117e-05
1.2961247433862121e-05 1.1197260852281117e-05
1.2961247433862121e-05 1.1197260852281117e-05
1.2961247433862121e-05 1.1197260852281117e-05
1.2961247433862121e-05 1.1197260852281117e-05
1.2961247433862121e-05 1.1197260852281117e-05
1.2961247433862121e-05 1.1197260852281117e-05
1.2961247433862121e-05 1.1197260852281117e-05
1.2961247433862121e-05 1.1197260852281117e-05
1.2961247433862121e-05 1.1197260852281117e-05
1.2961247433862121e-05 1.1197260852281117e-05
1.2961247433862121e-05 1.1197260852281117e-05
1.2961247433862121e-05 1.1197260852281117e-05
1.2961247433862121e-05 1.1197260852281117e-05
1.2961247433862121e-05 1.1197260852281117e-05
1.2961247433862121e-05 1.1197260852281117e-05
1.2961247433862121e-05 1.1197260852281117e-05
1.2961247433862121e-05 1.1197260852281117e-05
1.2961247433862121e-05 1.1197260852281117e-05
1.2961247433862121e-05 1.1197260852281117e-05
1.2961247433862121e-05 1.1197260852281117e-05
1.2961247433862121e-05 1.1197260852281117e-05
1.2961247433862121e-05 1.1197260852281117e-05
1.2961247433862121e-05 1.1197260852281117e-05
1.2961247433862121e-05 1.1197260852281117e-05
1.2961247433862121e-05 1.1197260852281117e-05
1.2961247433862121e-05 1.1197260852281117e-05
1.2961247433862121e-05 1.1197260852281117e-05
1.2961247433862121e-05 1.1197260852281117e-05
1.2961247433862121e-05 1.1197260852281117e-05
1.2961247433862121e-05 1.1197260852281117e-05
1.2961247433862121e-05 1.1197260852281117e-05
1.2961247433862121e-05 1.1197260852281117e-05
1.2961247433862121e-05 1.1197260852281117e-05
1.2961247433862121e-05 1.1197260852281117e-05
1.2961247433862121e-05 1.1197260852281117e-05
1.2961247433862121e-05 1.1197260852281117e-05
1.2961247433862121e-05 1.1197260852281117e-05
1.2961247433862121e-05 1.1197260852281117e-05
1.6719720346060105e-05 1.1196957312769806e-05
1.6719720346060105e-05 1.1196957312769806e-05
1.6719720346060105e-05 1.1196957312769806e-05
1.6719720346060105e-05 1.1196957312769806e-05
1.6719720346060105e-05 1.1196957312769806e-05
1.6719720346060105e-05 1.1196957312769806e-05
1.6719720346060105e-05 1.1196957312769806e-05
1.6719720346060105e-05 1.1196957312769806e-05
1.6719720346060105e-05 1.1196957312769806e-05
1.6719720346060105e-05 1.1196957312769806e-05
1.6719720346060105e-05 1.1196957312769806e-05
1.6719720346060105e-05 1.1196957312769806e-05
1.6719720346060105e-05 1.1196957312769806e-05
1.6719720346060105e-05 1.1196957312769806e-05
1.6719720346060105e-05 1.1196957312769806e-05
1.6719720346060105e-05 1.1196957312769806e-05
1.6719720346060105e-05 1.1196957312769806e-05
1.6719720346060105e-05 1.1196957312769806e-05
1.6719720346060105e-05 1.1196957312769806e-05
1.6719720346060105e-05 1.1196957312769806e-05
1.6719720346060105e-05 1.1196957312769806e-05
1.6719720346060105e-05 1.1196957312769806e-05
1.6719720346060105e-05 1.1196957312769806e-05
1.6719720346060105e-05 1.1196957312769806e-05
1.6719720346060105e-05 1.1196957312769806e-05
1.6719720346060105e-05 1.1196957312769806e-05
1.6719720346060105e-05 1.1196957312769806e-05
1.6719720346060105e-05 1.1196957312769806e-05
1.6719720346060105e-05 1.1196957312769806e-05
1.6719720346060105e-05 1.1196957312769806e-05
1.6719720346060105e-05 1.1196957312769806e-05
1.6719720346060105e-05 1.1196957312769806e-05
1.6719720346060105e-05 1.1196957312769806e-05
1.6719720346060105e-05 1.1196957312769806e-05
1.6719720346060105e-05 1.1196957312769806e-05
1.6719720346060105e-05 1.1196957312769806e-05
1.6719720346060105e-05 1.1196957312769806e-05
1.6719720346060105e-05 1.1196957312769806e-05
1.6719720346060105e-05 1.1196957312769806e-05
1.6719720346060105e-05 1.1196957312769806e-05
1.6719720346060105e-05 1.1196957312769806e-05
1.6719720346060105e-05 1.1196957312769806e-05
1.6719720346060105e-05 1.1196957312769806e-05
1.6719720346060105e-05 1.1196957312769806e-05