3.3698695828537067e-07 2.859978321364324e-06
5.081095744553515e-07 2.859978321364324e-06
4.742831929293175e-07 2.859978321364324e-06
1.0486587178335855e-06 2.859978321364324e-06
5.392849384952821e-07 2.859978321364324e-06
6.328634199495403e-07 2.859978321364324e-06
3.7884620543588223e-07 2.859978321364324e-06
3.7884620543588223e-07 2.859978321364324e-06
9.490606659262671e-07 2.859978321364324e-06
5.059421109047453e-07 2.859978321364324e-06
4.016823485062253e-07 2.859978321364324e-06
4.147838741938117e-07 2.859978321364324e-06
7.604942354536952e-07 2.859978321364324e-06
4.979679368598986e-07 2.859978321364324e-06
7.345834729531654e-07 2.859978321364324e-06
6.078042890543621e-07 2.859978321364324e-06
4.931810801692604e-07 2.859978321364324e-06
4.7002699746700605e-07 2.859978321364324e-06
5.134079570472003e-07 2.859978321364324e-06
5.052264240591164e-07 2.859978321364324e-06
5.547591877824995e-07 2.859978321364324e-06
5.547591877824995e-07 2.859978321364324e-06
4.6112858011706084e-07 2.859978321364324e-06
9.275605366586997e-07 2.859978321364324e-06
1.5729880767503782e-05 2.859978321364324e-06
6.287351805680284e-07 2.859978321364324e-06
4.559385729711241e-07 2.859978321364324e-06
6.704763899341622e-07 2.859978321364324e-06
6.704763899341622e-07 2.859978321364324e-06
4.7666305356072066e-07 2.859978321364324e-06
4.2446364135522386e-07 2.859978321364324e-06
6.006171304154039e-07 2.859978321364324e-06
6.753486093470249e-07 2.859978321364324e-06
5.499958310316008e-07 2.859978321364324e-06
6.678449829021479e-07 2.859978321364324e-06
5.0552351188178e-07 2.859978321364324e-06
6.762696427004148e-07 2.859978321364324e-06
6.451078920370655e-07 2.859978321364324e-06
6.054550206787984e-07 2.859978321364324e-06
4.824059819168739e-07 2.859978321364324e-06
4.6077428510869666e-07 2.859978321364324e-06
5.588219156900573e-07 2.859978321364324e-06
5.038454680203952e-07 2.859978321364324e-06
4.4544058280346823e-07 2.859978321364324e-06
5.836690451763927e-07 2.859978321364324e-06
5.836690451763927e-07 2.859978321364324e-06
5.156819318389212e-07 2.859978321364324e-06
4.7162233389319156e-07 2.859978321364324e-06
5.073132277364655e-07 2.859978321364324e-06