0.5068425800184372 0.501723779031155
0.9158530178523636 0.9168898625140014
0.21974168095714838 0.22218807926013304
0.48122676764172356 0.47917290326417733
0.556125412606683 0.5525172724839665
0.2744446537077605 0.2745100760286669
0.04814488070338908 0.0455735852423104
0.2567945045250439 0.2526847932753784
0.041047550132331516 0.03934062230504644
0.08065184421557646 0.07780696450343468
0.06785880673651656 0.06777950695359972
0.14573714104457638 0.14106241884162843
0.5832380083859521 0.5796278857686628
0.5593251588473777 0.5591883667218461
0.5434037449322483 0.5396270927708335
0.2158183241973375 0.21501541389530446
0.7179167947027745 0.7145108690264961
0.050743931088488646 0.05003023304223705
0.7079706194304293 0.7047569957277242
0.34382006879256166 0.34355243202521735
0.42926360239088845 0.423218976438052
0.020191707225201472 0.019232179851907654
0.27803891636846645 0.2741076296303639
0.27803891636846645 0.2741076296303639
0.749593092988908 0.746048392692525
0.5750503057997879 0.5698026426652657
0.5750503057997879 0.5698026426652657
0.538962957088905 0.53416135523329
0.7763706471853533 0.7747648265812872
0.620883597831151 0.6158698690562334
0.4104755013233151 0.4066790242161712
0.3043327418891191 0.30042326259131863
0.5219055737834918 0.5185730004064114
0.8151720309665652 0.813092394159571
0.3944391027229563 0.3894075314968825
0.25983168621075897 0.2562513010120635
0.792537890427525 0.7917686825332315
0.00424650337519701 0.004490350207666307
0.38136653350911454 0.3782540170296284
0.13863981047351884 0.1390145019478009
0.31692554741631396 0.316245551777802
0.7550865854504724 0.7525787298157272
0.22368089767354263 0.2221087794772162
0.24048650416819484 0.23814121308842917
0.601108214466263 0.6009515973950021
0.13896890457262373 0.13733334654996382
0.6911709604194959 0.6865993279343398
0.20933754943845842 0.20719645529970362
0.47642516578610866 0.4712270650159095
0.6028805646144544 0.5995123063350614