0.39148570271390554 0.3908089666148798
0.7527781381411788 0.7522766177592006
0.6490148367764738 0.650222757317926
0.36071893025860735 0.36259725856618963
0.5593427551662927 0.5593989191207415
0.9164739161938875 0.916515050357709
0.9164739161938875 0.916515050357709
0.7643368381750354 0.7638372953970871
0.5263523647397947 0.5277904783903252
0.6373600251867649 0.6375372185078424
0.38169339859953993 0.3817827863016906
0.6806125984451286 0.6815895348358905
0.3479705036403735 0.34686106777960946
0.4445337442530827 0.44285792259816037
0.19265422938308246 0.19332542819082454
0.9335271912643692 0.9343589715193378
0.4998141052211911 0.4980057840962666
0.8999134600476524 0.8998877511952639
0.380043681317812 0.3807619471014653
0.2816970373909549 0.2828104284597787
0.7171753327912062 0.7172746085135062
0.5274491439347675 0.5286843554118321
0.9309871566483884 0.9296914304880094
0.9218862229028696 0.9227409433645848
0.42494399425387375 0.4242237508661906
0.3208350077047453 0.3207460155234006
0.41295654966633866 0.41205041149984656
0.7671181404826619 0.7684162397678768
0.6273086549444847 0.6276033179449372
0.7021004527922187 0.703525118735346
0.7021004527922187 0.703525118735346
0.6630095494543395 0.6645216254955876
0.47745768718417664 0.47759097769579073
0.15914570670075529 0.15794806970025851
0.3429988071092492 0.34503099301035633
0.5544086331117362 0.5555572255322919
0.7129199244397052 0.7151431468900991
0.9576215277228444 0.9575301624166638
0.9209140327617794 0.9218474618638839
0.2997225026025269 0.30017220975892217
0.9648022079553473 0.964067725818649
0.7232877113267666 0.7249065779856284
0.8378455665281817 0.8386492648059258
0.8799930546546471 0.8800084799660801
0.7718038754710653 0.7703811871319679
0.23326155949107547 0.23522769341758454
0.41539849512243743 0.4151077873300447
0.9003481374134205 0.9002646825233594
0.17767150573188753 0.17674242735864878
0.5341109008698294 0.5343442581453555