0.013639139473292853 0.14285715415735742
0.08621473536493914 0.14285715415735742
0.07576962416030933 0.14285715415735742
0.2908513664452805 0.14285715415735742
0.17327272108822012 0.14285715415735742
0.027565954412799264 0.14285715415735742
0.3064393687698881 0.14285715415735742
0.32316343868952885 0.14285715415735742
0.08446485243909771 0.14285715415735742
0.17327272108822012 0.14285715415735742
0.16378526463506085 0.14285715415735742
0.3028293185334721 0.14285715415735742
0.027565954412799264 0.14285715415735742
0.1727687287012046 0.14285715415735742
0.2310302947842935 0.14285715415735742
0.14904746724296686 0.14285715415735742
0.03061558462721373 0.14285715415735742
0.32316343868952885 0.14285715415735742
0.2908513664452805 0.14285715415735742
0.027565954412799264 0.14285715415735742
0.13961488930163682 0.14285715415735742
0.17423037583969067 0.14285715415735742
0.0413489316191989 0.14285715415735742
0.02523277717834402 0.14285715415735742
0.1896504861741747 0.14285715415735742
0.19900328756893929 0.14285715415735742
0.025489180132831708 0.14285715415735742
0.1832138399058344 0.14285715415735742
0.23230716778625424 0.14285715415735742
0.11495298048658552 0.14285715415735742
0.14756778435572826 0.14285715415735742
0.08746062590376504 0.14285715415735742
0.08746062590376504 0.14285715415735742
0.2171034798447871 0.14285715415735742
0.08446485243909771 0.14285715415735742
0.013639139473292853 0.14285715415735742
0.1848603336929936 0.14285715415735742
0.1832138399058344 0.14285715415735742
0.07576962416030933 0.14285715415735742
0.23706310771771838 0.14285715415735742
0.3028293185334721 0.14285715415735742
0.1832138399058344 0.14285715415735742
0.22836787943893 0.14285715415735742
0.231075417116242 0.14285715415735742
0.07576962416030933 0.14285715415735742
0.17327272108822012 0.14285715415735742
0.23706310771771838 0.14285715415735742
0.026893964563445227 0.14285715415735742
0.07576962416030933 0.14285715415735742
0.08571074297792361 0.14285715415735742