1.8618480619072016e-06 1.982501312065387e-06
1.8618480619072016e-06 1.982501312065387e-06
1.8618480619072016e-06 1.982501312065387e-06
1.8618480619072016e-06 1.982501312065387e-06
1.8618480619072016e-06 1.982501312065387e-06
1.3036966251670949e-06 1.9825062684073817e-06
1.3036966251670949e-06 1.9825062684073817e-06
1.3036966251670949e-06 1.9825062684073817e-06
1.3036966251670949e-06 1.9825062684073817e-06
1.3036966251670949e-06 1.9825062684073817e-06
1.3036966251670949e-06 1.9825062684073817e-06
1.3036966251670949e-06 1.9825062684073817e-06
1.3036966251670949e-06 1.9825062684073817e-06
1.3036966251670949e-06 1.9825062684073817e-06
1.3036966251670949e-06 1.9825062684073817e-06
1.3036966251670949e-06 1.9825062684073817e-06
1.3036966251670949e-06 1.9825062684073817e-06
1.3036966251670949e-06 1.9825062684073817e-06
1.0483425396497516e-06 1.982486025853891e-06
1.0483425396497516e-06 1.982486025853891e-06
1.0483425396497516e-06 1.982486025853891e-06
1.0483425396497516e-06 1.982486025853891e-06
1.0483425396497516e-06 1.982486025853891e-06
1.0483425396497516e-06 1.982486025853891e-06
1.0483425396497516e-06 1.982486025853891e-06
1.0483425396497516e-06 1.982486025853891e-06
1.0483425396497516e-06 1.982486025853891e-06
1.0483425396497516e-06 1.982486025853891e-06
1.0483425396497516e-06 1.982486025853891e-06
1.0483425396497516e-06 1.982486025853891e-06
1.0483425396497516e-06 1.982486025853891e-06
1.0483425396497516e-06 1.982486025853891e-06
1.0483425396497516e-06 1.982486025853891e-06
1.0483425396497516e-06 1.982486025853891e-06
1.0483425396497516e-06 1.982486025853891e-06
1.0483425396497516e-06 1.982486025853891e-06
1.0483425396497516e-06 1.982486025853891e-06
1.0483425396497516e-06 1.982486025853891e-06
1.0483425396497516e-06 1.982486025853891e-06
1.0483425396497516e-06 1.982486025853891e-06
1.0483425396497516e-06 1.982486025853891e-06
1.0483425396497516e-06 1.982486025853891e-06
9.833569830262528e-07 1.982584586209809e-06
9.833569830262528e-07 1.982584586209809e-06
9.833569830262528e-07 1.982584586209809e-06
9.833569830262528e-07 1.982584586209809e-06
9.833569830262528e-07 1.982584586209809e-06
9.833569830262528e-07 1.982584586209809e-06
9.833569830262528e-07 1.982584586209809e-06
9.833569830262528e-07 1.982584586209809e-06