5.626031744816593e-06 2.1288591044242817e-06
5.377606864776856e-06 2.1288515027449736e-06
8.933673534368472e-06 2.1288552300309032e-06
8.933673534368472e-06 2.1288552300309032e-06
8.933673534368472e-06 2.1288552300309032e-06
1.040671543679559e-05 2.1288558182789645e-06
3.0838477519711323e-06 2.128841218033914e-06
3.0838477519711323e-06 2.128841218033914e-06
3.0838477519711323e-06 2.128841218033914e-06
3.0838477519711323e-06 2.128841218033914e-06
3.276268656762734e-06 2.1288554422839127e-06
3.276268656762734e-06 2.1288554422839127e-06
2.2019633760337162e-05 2.1288469263899583e-06
2.2019633760337162e-05 2.1288469263899583e-06
2.2019633760337162e-05 2.1288469263899583e-06
9.001885053598927e-06 2.128857763139079e-06
9.001885053598927e-06 2.128857763139079e-06
9.001885053598927e-06 2.128857763139079e-06
9.001885053598927e-06 2.128857763139079e-06
9.001885053598927e-06 2.128857763139079e-06
1.4918829261513628e-06 2.1288551058366646e-06
1.4918829261513628e-06 2.1288551058366646e-06
5.41663901954301e-06 2.12886270081611e-06
5.41663901954301e-06 2.12886270081611e-06
5.41663901954301e-06 2.12886270081611e-06
5.41663901954301e-06 2.12886270081611e-06
2.115566969553607e-05 2.12886270081611e-06
2.115566969553607e-05 2.12886270081611e-06
2.115566969553607e-05 2.12886270081611e-06
2.115566969553607e-05 2.12886270081611e-06
3.5335111230424727e-06 2.1288614705090616e-06
3.5335111230424727e-06 2.1288614705090616e-06
3.5335111230424727e-06 2.1288614705090616e-06
3.5335111230424727e-06 2.1288614705090616e-06
3.5335111230424727e-06 2.1288614705090616e-06
1.0361518800358159e-05 2.1288474875370035e-06
1.0361518800358159e-05 2.1288474875370035e-06
6.069848952276434e-06 2.128855467632099e-06
3.0838477519711323e-06 2.1288537733147176e-06
3.0838477519711323e-06 2.1288537733147176e-06
3.0838477519711323e-06 2.1288537733147176e-06
3.0838477519711323e-06 2.1288537733147176e-06
3.0838477519711323e-06 2.1288537733147176e-06
3.0838477519711323e-06 2.1288537733147176e-06
5.41663901954301e-06 2.128855623302176e-06
6.956590206023336e-06 2.1288559739452476e-06
3.5335111230424727e-06 2.1288525516331736e-06
3.5335111230424727e-06 2.1288525516331736e-06
6.1964231712580765e-06 2.1288520979291107e-06
6.1964231712580765e-06 2.1288520979291107e-06