3.1068682230470076e-05 1.3967405662146814e-05
3.1068682230470076e-05 1.3967405662146814e-05
3.1068682230470076e-05 1.3967405662146814e-05
2.8918286489333067e-05 1.3986366427608316e-05
2.8918286489333067e-05 1.3986366427608316e-05
9.866159138285714e-08 1.3962009434937443e-05
9.866159138285714e-08 1.3962009434937443e-05
2.4174861215879883e-05 1.3981226587471858e-05
2.5069767716024064e-05 1.3971562121498546e-05
2.5069767716024064e-05 1.3971562121498546e-05
2.5069767716024064e-05 1.3971562121498546e-05
3.254377531903463e-05 1.397147602262976e-05
3.254377531903463e-05 1.397147602262976e-05
3.254377531903463e-05 1.397147602262976e-05
3.254377531903463e-05 1.397147602262976e-05
3.254377531903463e-05 1.397147602262976e-05
3.254377531903463e-05 1.397147602262976e-05
3.254377531903463e-05 1.397147602262976e-05
3.254377531903463e-05 1.397147602262976e-05
3.254377531903463e-05 1.397147602262976e-05
3.254377531903463e-05 1.397147602262976e-05
3.254377531903463e-05 1.397147602262976e-05
3.254377531903463e-05 1.397147602262976e-05
3.254377531903463e-05 1.397147602262976e-05
3.254377531903463e-05 1.397147602262976e-05
3.254377531903463e-05 1.397147602262976e-05
3.254377531903463e-05 1.397147602262976e-05
3.254377531903463e-05 1.397147602262976e-05
3.254377531903463e-05 1.397147602262976e-05
3.254377531903463e-05 1.397147602262976e-05
3.254377531903463e-05 1.397147602262976e-05
3.254377531903463e-05 1.397147602262976e-05
3.254377531903463e-05 1.397147602262976e-05
3.254377531903463e-05 1.397147602262976e-05
3.254377531903463e-05 1.397147602262976e-05
3.254377531903463e-05 1.397147602262976e-05
3.254377531903463e-05 1.397147602262976e-05
3.254377531903463e-05 1.397147602262976e-05
3.254377531903463e-05 1.397147602262976e-05
3.254377531903463e-05 1.397147602262976e-05
3.254377531903463e-05 1.397147602262976e-05
3.254377531903463e-05 1.397147602262976e-05
3.254377531903463e-05 1.397147602262976e-05
3.254377531903463e-05 1.397147602262976e-05
3.254377531903463e-05 1.397147602262976e-05
3.254377531903463e-05 1.397147602262976e-05
3.254377531903463e-05 1.397147602262976e-05
3.254377531903463e-05 1.397147602262976e-05
3.254377531903463e-05 1.397147602262976e-05
3.254377531903463e-05 1.397147602262976e-05
3.254377531903463e-05 1.397147602262976e-05
3.254377531903463e-05 1.397147602262976e-05
3.254377531903463e-05 1.397147602262976e-05
3.254377531903463e-05 1.397147602262976e-05
3.254377531903463e-05 1.397147602262976e-05
3.254377531903463e-05 1.397147602262976e-05
1.1794781759281348e-05 1.3974767651549522e-05
1.1794781759281348e-05 1.3974767651549522e-05
1.1794781759281348e-05 1.3974767651549522e-05
1.3003909222805885e-05 1.3999228965543129e-05
6.710569430687826e-05 1.3973090393818305e-05
6.710569430687826e-05 1.3973090393818305e-05
6.710569430687826e-05 1.3973090393818305e-05
2.194011412912948e-05 1.3962126244466882e-05
1.078938921232294e-06 1.3973585930138914e-05
1.078938921232294e-06 1.3973585930138914e-05
1.078938921232294e-06 1.3973585930138914e-05
2.5069767716024064e-05 1.3971562121498546e-05
2.5069767716024064e-05 1.3971562121498546e-05
2.5069767716024064e-05 1.3971562121498546e-05
3.607815206856207e-06 1.395157649363458e-05
2.4174861215879883e-05 1.3981226587471858e-05
2.4174861215879883e-05 1.3981226587471858e-05
1.0845122362101892e-06 1.3971688687353976e-05
1.0845122362101892e-06 1.3971688687353976e-05
1.0845122362101892e-06 1.3971688687353976e-05
1.0845122362101892e-06 1.3971688687353976e-05
1.0845122362101892e-06 1.3971688687353976e-05
1.0845122362101892e-06 1.3971688687353976e-05
1.0845122362101892e-06 1.3971688687353976e-05
1.0845122362101892e-06 1.3971688687353976e-05
1.0845122362101892e-06 1.3971688687353976e-05
1.0845122362101892e-06 1.3971688687353976e-05
1.0845122362101892e-06 1.3971688687353976e-05
1.0845122362101892e-06 1.3971688687353976e-05
1.0845122362101892e-06 1.3971688687353976e-05
1.0845122362101892e-06 1.3971688687353976e-05
1.0845122362101892e-06 1.3971688687353976e-05
1.0845122362101892e-06 1.3971688687353976e-05
1.0845122362101892e-06 1.3971688687353976e-05
1.0845122362101892e-06 1.3971688687353976e-05
1.0845122362101892e-06 1.3971688687353976e-05
1.0845122362101892e-06 1.3971688687353976e-05
1.0845122362101892e-06 1.3971688687353976e-05
1.0845122362101892e-06 1.3971688687353976e-05
1.0845122362101892e-06 1.3971688687353976e-05
1.0845122362101892e-06 1.3971688687353976e-05
1.0845122362101892e-06 1.3971688687353976e-05
1.0845122362101892e-06 1.3971688687353976e-05
1.0845122362101892e-06 1.3971688687353976e-05
1.0845122362101892e-06 1.3971688687353976e-05
1.0845122362101892e-06 1.3971688687353976e-05
1.0845122362101892e-06 1.3971688687353976e-05
1.0845122362101892e-06 1.3971688687353976e-05
1.0845122362101892e-06 1.3971688687353976e-05
1.0845122362101892e-06 1.3971688687353976e-05
1.0845122362101892e-06 1.3971688687353976e-05
1.0845122362101892e-06 1.3971688687353976e-05
1.0845122362101892e-06 1.3971688687353976e-05
1.0845122362101892e-06 1.3971688687353976e-05
1.0845122362101892e-06 1.3971688687353976e-05
1.0845122362101892e-06 1.3971688687353976e-05
1.0845122362101892e-06 1.3971688687353976e-05
1.0845122362101892e-06 1.3971688687353976e-05
1.0845122362101892e-06 1.3971688687353976e-05
1.0845122362101892e-06 1.3971688687353976e-05
1.0845122362101892e-06 1.3971688687353976e-05
1.0845122362101892e-06 1.3971688687353976e-05
5.009068185926869e-06 1.3971259933042003e-05
5.009068185926869e-06 1.3971259933042003e-05
5.009068185926869e-06 1.3971259933042003e-05
5.009068185926869e-06 1.3971259933042003e-05
5.009068185926869e-06 1.3971259933042003e-05
5.009068185926869e-06 1.3971259933042003e-05
5.009068185926869e-06 1.3971259933042003e-05
5.009068185926869e-06 1.3971259933042003e-05
5.009068185926869e-06 1.3971259933042003e-05
5.009068185926869e-06 1.3971259933042003e-05
5.009068185926869e-06 1.3971259933042003e-05
5.009068185926869e-06 1.3971259933042003e-05
5.009068185926869e-06 1.3971259933042003e-05
5.009068185926869e-06 1.3971259933042003e-05
5.009068185926869e-06 1.3971259933042003e-05
5.009068185926869e-06 1.3971259933042003e-05
5.009068185926869e-06 1.3971259933042003e-05
5.009068185926869e-06 1.3971259933042003e-05
5.009068185926869e-06 1.3971259933042003e-05
5.009068185926869e-06 1.3971259933042003e-05
5.009068185926869e-06 1.3971259933042003e-05
5.009068185926869e-06 1.3971259933042003e-05
5.009068185926869e-06 1.3971259933042003e-05
5.009068185926869e-06 1.3971259933042003e-05
5.009068185926869e-06 1.3971259933042003e-05
5.009068185926869e-06 1.3971259933042003e-05
5.009068185926869e-06 1.3971259933042003e-05
5.009068185926869e-06 1.3971259933042003e-05
5.009068185926869e-06 1.3971259933042003e-05
5.009068185926869e-06 1.3971259933042003e-05
5.009068185926869e-06 1.3971259933042003e-05
5.009068185926869e-06 1.3971259933042003e-05
5.009068185926869e-06 1.3971259933042003e-05
5.009068185926869e-06 1.3971259933042003e-05
5.009068185926869e-06 1.3971259933042003e-05
5.009068185926869e-06 1.3971259933042003e-05
5.009068185926869e-06 1.3971259933042003e-05
5.009068185926869e-06 1.3971259933042003e-05
5.009068185926869e-06 1.3971259933042003e-05
5.009068185926869e-06 1.3971259933042003e-05
5.009068185926869e-06 1.3971259933042003e-05
5.009068185926869e-06 1.3971259933042003e-05
5.009068185926869e-06 1.3971259933042003e-05
5.009068185926869e-06 1.3971259933042003e-05
5.009068185926869e-06 1.3971259933042003e-05
5.009068185926869e-06 1.3971259933042003e-05
5.009068185926869e-06 1.3971259933042003e-05
5.009068185926869e-06 1.3971259933042003e-05
5.009068185926869e-06 1.3971259933042003e-05
5.009068185926869e-06 1.3971259933042003e-05
5.009068185926869e-06 1.3971259933042003e-05
5.009068185926869e-06 1.3971259933042003e-05
5.009068185926869e-06 1.3971259933042003e-05
5.009068185926869e-06 1.3971259933042003e-05
5.009068185926869e-06 1.3971259933042003e-05
5.009068185926869e-06 1.3971259933042003e-05
5.009068185926869e-06 1.3971259933042003e-05
5.009068185926869e-06 1.3971259933042003e-05
5.009068185926869e-06 1.3971259933042003e-05
5.009068185926869e-06 1.3971259933042003e-05
5.009068185926869e-06 1.3971259933042003e-05
5.009068185926869e-06 1.3971259933042003e-05
5.009068185926869e-06 1.3971259933042003e-05
5.009068185926869e-06 1.3971259933042003e-05
5.009068185926869e-06 1.3971259933042003e-05
5.009068185926869e-06 1.3971259933042003e-05
5.009068185926869e-06 1.3971259933042003e-05
5.009068185926869e-06 1.3971259933042003e-05
5.009068185926869e-06 1.3971259933042003e-05
5.009068185926869e-06 1.3971259933042003e-05
5.009068185926869e-06 1.3971259933042003e-05
5.009068185926869e-06 1.3971259933042003e-05
5.009068185926869e-06 1.3971259933042003e-05
5.009068185926869e-06 1.3971259933042003e-05
5.009068185926869e-06 1.3971259933042003e-05
5.009068185926869e-06 1.3971259933042003e-05
5.009068185926869e-06 1.3971259933042003e-05
5.009068185926869e-06 1.3971259933042003e-05
5.009068185926869e-06 1.3971259933042003e-05
5.009068185926869e-06 1.3971259933042003e-05
5.009068185926869e-06 1.3971259933042003e-05
5.009068185926869e-06 1.3971259933042003e-05
5.009068185926869e-06 1.3971259933042003e-05
5.009068185926869e-06 1.3971259933042003e-05
5.009068185926869e-06 1.3971259933042003e-05
5.009068185926869e-06 1.3971259933042003e-05
5.009068185926869e-06 1.3971259933042003e-05
5.009068185926869e-06 1.3971259933042003e-05
5.009068185926869e-06 1.3971259933042003e-05
5.009068185926869e-06 1.3971259933042003e-05
3.060687094382161e-05 1.3971570775801295e-05
3.060687094382161e-05 1.3971570775801295e-05
3.060687094382161e-05 1.3971570775801295e-05
3.060687094382161e-05 1.3971570775801295e-05
3.060687094382161e-05 1.3971570775801295e-05
3.060687094382161e-05 1.3971570775801295e-05
3.060687094382161e-05 1.3971570775801295e-05
3.060687094382161e-05 1.3971570775801295e-05
3.060687094382161e-05 1.3971570775801295e-05
3.060687094382161e-05 1.3971570775801295e-05
3.060687094382161e-05 1.3971570775801295e-05
3.060687094382161e-05 1.3971570775801295e-05
3.060687094382161e-05 1.3971570775801295e-05
3.060687094382161e-05 1.3971570775801295e-05
3.060687094382161e-05 1.3971570775801295e-05
3.060687094382161e-05 1.3971570775801295e-05
3.060687094382161e-05 1.3971570775801295e-05
3.060687094382161e-05 1.3971570775801295e-05
3.060687094382161e-05 1.3971570775801295e-05
3.060687094382161e-05 1.3971570775801295e-05
3.060687094382161e-05 1.3971570775801295e-05
3.060687094382161e-05 1.3971570775801295e-05
3.060687094382161e-05 1.3971570775801295e-05
3.060687094382161e-05 1.3971570775801295e-05
3.060687094382161e-05 1.3971570775801295e-05
3.060687094382161e-05 1.3971570775801295e-05
3.060687094382161e-05 1.3971570775801295e-05
3.060687094382161e-05 1.3971570775801295e-05
3.060687094382161e-05 1.3971570775801295e-05
3.060687094382161e-05 1.3971570775801295e-05
3.060687094382161e-05 1.3971570775801295e-05
3.060687094382161e-05 1.3971570775801295e-05
3.060687094382161e-05 1.3971570775801295e-05
3.060687094382161e-05 1.3971570775801295e-05
3.060687094382161e-05 1.3971570775801295e-05
3.060687094382161e-05 1.3971570775801295e-05
3.060687094382161e-05 1.3971570775801295e-05
3.060687094382161e-05 1.3971570775801295e-05
3.060687094382161e-05 1.3971570775801295e-05
3.060687094382161e-05 1.3971570775801295e-05
3.060687094382161e-05 1.3971570775801295e-05
3.060687094382161e-05 1.3971570775801295e-05
3.060687094382161e-05 1.3971570775801295e-05
3.060687094382161e-05 1.3971570775801295e-05
3.060687094382161e-05 1.3971570775801295e-05
1.7066271694528216e-05 1.3909744881617515e-05
1.6860237442978085e-05 1.3968932919927998e-05
1.6860237442978085e-05 1.3968932919927998e-05
1.6860237442978085e-05 1.3968932919927998e-05
1.7066271694528216e-05 1.3909744881617515e-05
1.034006213692356e-05 1.3973460870525487e-05
1.034006213692356e-05 1.3973460870525487e-05
1.034006213692356e-05 1.3973460870525487e-05
9.866159138285714e-08 1.3962009434937443e-05
1.8158215626841606e-05 1.3985380530015129e-05
2.2356825330803026e-06 1.3969629409356878e-05
2.2356825330803026e-06 1.3969629409356878e-05
5.8340826080373535e-06 1.3971699842167217e-05
5.8340826080373535e-06 1.3971699842167217e-05
5.8340826080373535e-06 1.3971699842167217e-05
5.8340826080373535e-06 1.3971699842167217e-05
5.8340826080373535e-06 1.3971699842167217e-05
5.8340826080373535e-06 1.3971699842167217e-05
5.8340826080373535e-06 1.3971699842167217e-05
5.8340826080373535e-06 1.3971699842167217e-05
5.8340826080373535e-06 1.3971699842167217e-05
5.8340826080373535e-06 1.3971699842167217e-05
5.8340826080373535e-06 1.3971699842167217e-05
5.8340826080373535e-06 1.3971699842167217e-05
5.8340826080373535e-06 1.3971699842167217e-05
5.8340826080373535e-06 1.3971699842167217e-05
5.8340826080373535e-06 1.3971699842167217e-05
5.8340826080373535e-06 1.3971699842167217e-05
5.8340826080373535e-06 1.3971699842167217e-05
5.8340826080373535e-06 1.3971699842167217e-05
5.8340826080373535e-06 1.3971699842167217e-05
5.8340826080373535e-06 1.3971699842167217e-05
5.8340826080373535e-06 1.3971699842167217e-05
5.8340826080373535e-06 1.3971699842167217e-05
5.8340826080373535e-06 1.3971699842167217e-05
5.8340826080373535e-06 1.3971699842167217e-05
5.8340826080373535e-06 1.3971699842167217e-05
5.8340826080373535e-06 1.3971699842167217e-05
5.8340826080373535e-06 1.3971699842167217e-05
5.8340826080373535e-06 1.3971699842167217e-05
5.8340826080373535e-06 1.3971699842167217e-05
5.8340826080373535e-06 1.3971699842167217e-05
5.8340826080373535e-06 1.3971699842167217e-05
5.8340826080373535e-06 1.3971699842167217e-05
5.8340826080373535e-06 1.3971699842167217e-05
5.8340826080373535e-06 1.3971699842167217e-05
5.8340826080373535e-06 1.3971699842167217e-05
5.8340826080373535e-06 1.3971699842167217e-05
5.8340826080373535e-06 1.3971699842167217e-05
5.8340826080373535e-06 1.3971699842167217e-05
5.8340826080373535e-06 1.3971699842167217e-05
5.8340826080373535e-06 1.3971699842167217e-05
5.8340826080373535e-06 1.3971699842167217e-05
5.8340826080373535e-06 1.3971699842167217e-05
5.8340826080373535e-06 1.3971699842167217e-05
5.8340826080373535e-06 1.3971699842167217e-05
5.8340826080373535e-06 1.3971699842167217e-05
2.690664524180195e-07 1.3962027485515077e-05
2.690664524180195e-07 1.3962027485515077e-05
2.690664524180195e-07 1.3962027485515077e-05
2.7017666332864755e-05 1.3972389359015831e-05
2.7017666332864755e-05 1.3972389359015831e-05
2.7017666332864755e-05 1.3972389359015831e-05
2.7017666332864755e-05 1.3972389359015831e-05
2.7017666332864755e-05 1.3972389359015831e-05
2.7017666332864755e-05 1.3972389359015831e-05
1.4335150984838966e-05 1.3971708091486345e-05
1.4335150984838966e-05 1.3971708091486345e-05
1.4335150984838966e-05 1.3971708091486345e-05
1.4335150984838966e-05 1.3971708091486345e-05
1.4335150984838966e-05 1.3971708091486345e-05
1.4335150984838966e-05 1.3971708091486345e-05
1.4335150984838966e-05 1.3971708091486345e-05
1.4335150984838966e-05 1.3971708091486345e-05
1.4335150984838966e-05 1.3971708091486345e-05
1.4335150984838966e-05 1.3971708091486345e-05
1.4335150984838966e-05 1.3971708091486345e-05
1.4335150984838966e-05 1.3971708091486345e-05
1.4335150984838966e-05 1.3971708091486345e-05
1.4335150984838966e-05 1.3971708091486345e-05
1.4335150984838966e-05 1.3971708091486345e-05
1.4335150984838966e-05 1.3971708091486345e-05
1.4335150984838966e-05 1.3971708091486345e-05
1.4335150984838966e-05 1.3971708091486345e-05
1.4335150984838966e-05 1.3971708091486345e-05
1.4335150984838966e-05 1.3971708091486345e-05
1.4335150984838966e-05 1.3971708091486345e-05
1.4335150984838966e-05 1.3971708091486345e-05
1.4335150984838966e-05 1.3971708091486345e-05
1.4335150984838966e-05 1.3971708091486345e-05
1.4335150984838966e-05 1.3971708091486345e-05
1.4335150984838966e-05 1.3971708091486345e-05
1.4335150984838966e-05 1.3971708091486345e-05
1.4335150984838966e-05 1.3971708091486345e-05
1.4335150984838966e-05 1.3971708091486345e-05
1.4335150984838966e-05 1.3971708091486345e-05
1.4335150984838966e-05 1.3971708091486345e-05
1.4335150984838966e-05 1.3971708091486345e-05
1.4335150984838966e-05 1.3971708091486345e-05
1.4335150984838966e-05 1.3971708091486345e-05
1.4335150984838966e-05 1.3971708091486345e-05
1.4335150984838966e-05 1.3971708091486345e-05
1.4335150984838966e-05 1.3971708091486345e-05
1.4335150984838966e-05 1.3971708091486345e-05
1.4335150984838966e-05 1.3971708091486345e-05
1.4335150984838966e-05 1.3971708091486345e-05
1.4335150984838966e-05 1.3971708091486345e-05
1.4335150984838966e-05 1.3971708091486345e-05
1.4335150984838966e-05 1.3971708091486345e-05
1.4335150984838966e-05 1.3971708091486345e-05
1.4335150984838966e-05 1.3971708091486345e-05
1.65250373757463e-06 1.3972593943793271e-05
1.0845122362101892e-06 1.3971688687353976e-05
1.0845122362101892e-06 1.3971688687353976e-05
1.0845122362101892e-06 1.3971688687353976e-05
1.0845122362101892e-06 1.3971688687353976e-05
1.0845122362101892e-06 1.3971688687353976e-05
1.0845122362101892e-06 1.3971688687353976e-05
1.0845122362101892e-06 1.3971688687353976e-05
1.0845122362101892e-06 1.3971688687353976e-05
1.0845122362101892e-06 1.3971688687353976e-05
1.0845122362101892e-06 1.3971688687353976e-05
1.0845122362101892e-06 1.3971688687353976e-05
1.0845122362101892e-06 1.3971688687353976e-05
1.0845122362101892e-06 1.3971688687353976e-05
1.0845122362101892e-06 1.3971688687353976e-05
1.0845122362101892e-06 1.3971688687353976e-05
1.0845122362101892e-06 1.3971688687353976e-05
1.0845122362101892e-06 1.3971688687353976e-05
1.0845122362101892e-06 1.3971688687353976e-05
1.0845122362101892e-06 1.3971688687353976e-05
1.0845122362101892e-06 1.3971688687353976e-05
1.0845122362101892e-06 1.3971688687353976e-05
1.0845122362101892e-06 1.3971688687353976e-05
1.0845122362101892e-06 1.3971688687353976e-05
1.0845122362101892e-06 1.3971688687353976e-05
1.0845122362101892e-06 1.3971688687353976e-05
1.0845122362101892e-06 1.3971688687353976e-05
1.0845122362101892e-06 1.3971688687353976e-05
1.0845122362101892e-06 1.3971688687353976e-05
1.0845122362101892e-06 1.3971688687353976e-05
1.0845122362101892e-06 1.3971688687353976e-05
1.0845122362101892e-06 1.3971688687353976e-05
1.0845122362101892e-06 1.3971688687353976e-05
1.0845122362101892e-06 1.3971688687353976e-05
1.0845122362101892e-06 1.3971688687353976e-05
1.0845122362101892e-06 1.3971688687353976e-05
1.0845122362101892e-06 1.3971688687353976e-05
1.0845122362101892e-06 1.3971688687353976e-05
1.0845122362101892e-06 1.3971688687353976e-05
1.0845122362101892e-06 1.3971688687353976e-05
1.0845122362101892e-06 1.3971688687353976e-05
1.0845122362101892e-06 1.3971688687353976e-05
1.0845122362101892e-06 1.3971688687353976e-05
1.0845122362101892e-06 1.3971688687353976e-05
1.0845122362101892e-06 1.3971688687353976e-05
1.0845122362101892e-06 1.3971688687353976e-05
1.4335150984838966e-05 1.3971708091486345e-05
1.4335150984838966e-05 1.3971708091486345e-05
1.4335150984838966e-05 1.3971708091486345e-05
1.4335150984838966e-05 1.3971708091486345e-05
1.4335150984838966e-05 1.3971708091486345e-05
1.4335150984838966e-05 1.3971708091486345e-05
1.4335150984838966e-05 1.3971708091486345e-05
1.4335150984838966e-05 1.3971708091486345e-05
1.4335150984838966e-05 1.3971708091486345e-05
1.4335150984838966e-05 1.3971708091486345e-05
1.4335150984838966e-05 1.3971708091486345e-05
1.4335150984838966e-05 1.3971708091486345e-05
1.4335150984838966e-05 1.3971708091486345e-05
1.4335150984838966e-05 1.3971708091486345e-05
1.4335150984838966e-05 1.3971708091486345e-05
1.4335150984838966e-05 1.3971708091486345e-05
1.4335150984838966e-05 1.3971708091486345e-05
1.4335150984838966e-05 1.3971708091486345e-05
1.4335150984838966e-05 1.3971708091486345e-05
1.4335150984838966e-05 1.3971708091486345e-05
1.4335150984838966e-05 1.3971708091486345e-05
1.4335150984838966e-05 1.3971708091486345e-05
1.4335150984838966e-05 1.3971708091486345e-05
1.4335150984838966e-05 1.3971708091486345e-05
1.4335150984838966e-05 1.3971708091486345e-05
1.4335150984838966e-05 1.3971708091486345e-05
1.4335150984838966e-05 1.3971708091486345e-05
1.4335150984838966e-05 1.3971708091486345e-05
1.4335150984838966e-05 1.3971708091486345e-05
1.4335150984838966e-05 1.3971708091486345e-05
1.4335150984838966e-05 1.3971708091486345e-05
1.4335150984838966e-05 1.3971708091486345e-05
1.4335150984838966e-05 1.3971708091486345e-05
1.4335150984838966e-05 1.3971708091486345e-05
1.4335150984838966e-05 1.3971708091486345e-05
1.4335150984838966e-05 1.3971708091486345e-05
1.4335150984838966e-05 1.3971708091486345e-05
1.4335150984838966e-05 1.3971708091486345e-05
1.4335150984838966e-05 1.3971708091486345e-05
1.4335150984838966e-05 1.3971708091486345e-05
1.4335150984838966e-05 1.3971708091486345e-05
1.4335150984838966e-05 1.3971708091486345e-05
1.4335150984838966e-05 1.3971708091486345e-05
1.4335150984838966e-05 1.3971708091486345e-05
1.4335150984838966e-05 1.3971708091486345e-05
2.5885323486031646e-05 1.3971578493350606e-05
2.5885323486031646e-05 1.3971578493350606e-05
2.5885323486031646e-05 1.3971578493350606e-05
2.5885323486031646e-05 1.3971578493350606e-05
2.5885323486031646e-05 1.3971578493350606e-05
2.5885323486031646e-05 1.3971578493350606e-05
2.5885323486031646e-05 1.3971578493350606e-05
2.5885323486031646e-05 1.3971578493350606e-05
2.5885323486031646e-05 1.3971578493350606e-05
2.5885323486031646e-05 1.3971578493350606e-05
2.5885323486031646e-05 1.3971578493350606e-05
2.5885323486031646e-05 1.3971578493350606e-05
2.5885323486031646e-05 1.3971578493350606e-05
2.5885323486031646e-05 1.3971578493350606e-05
2.5885323486031646e-05 1.3971578493350606e-05
2.5885323486031646e-05 1.3971578493350606e-05
2.5885323486031646e-05 1.3971578493350606e-05
2.5885323486031646e-05 1.3971578493350606e-05
2.5885323486031646e-05 1.3971578493350606e-05
2.5885323486031646e-05 1.3971578493350606e-05
2.5885323486031646e-05 1.3971578493350606e-05
2.5885323486031646e-05 1.3971578493350606e-05
2.5885323486031646e-05 1.3971578493350606e-05
2.5885323486031646e-05 1.3971578493350606e-05
2.5885323486031646e-05 1.3971578493350606e-05
2.5885323486031646e-05 1.3971578493350606e-05
2.5885323486031646e-05 1.3971578493350606e-05
2.5885323486031646e-05 1.3971578493350606e-05
2.5885323486031646e-05 1.3971578493350606e-05
2.5885323486031646e-05 1.3971578493350606e-05
2.5885323486031646e-05 1.3971578493350606e-05
2.5885323486031646e-05 1.3971578493350606e-05
2.5885323486031646e-05 1.3971578493350606e-05
2.5885323486031646e-05 1.3971578493350606e-05
2.5885323486031646e-05 1.3971578493350606e-05
2.5885323486031646e-05 1.3971578493350606e-05
2.5885323486031646e-05 1.3971578493350606e-05
2.5885323486031646e-05 1.3971578493350606e-05
2.5885323486031646e-05 1.3971578493350606e-05
2.5885323486031646e-05 1.3971578493350606e-05
2.5885323486031646e-05 1.3971578493350606e-05
2.5885323486031646e-05 1.3971578493350606e-05
2.5885323486031646e-05 1.3971578493350606e-05
2.5885323486031646e-05 1.3971578493350606e-05
2.5885323486031646e-05 1.3971578493350606e-05
2.2074564844793043e-06 1.396459115697202e-05
3.0177399527609725e-05 1.397059318418164e-05
2.9519892182689194e-05 1.3971957363920869e-05
2.9519892182689194e-05 1.3971957363920869e-05
2.9519892182689194e-05 1.3971957363920869e-05
2.9519892182689194e-05 1.3971957363920869e-05
2.9519892182689194e-05 1.3971957363920869e-05
2.9519892182689194e-05 1.3971957363920869e-05
2.9519892182689194e-05 1.3971957363920869e-05
2.9519892182689194e-05 1.3971957363920869e-05
2.9519892182689194e-05 1.3971957363920869e-05
2.9519892182689194e-05 1.3971957363920869e-05
2.9519892182689194e-05 1.3971957363920869e-05
2.9519892182689194e-05 1.3971957363920869e-05
2.9519892182689194e-05 1.3971957363920869e-05
2.9519892182689194e-05 1.3971957363920869e-05
2.9519892182689194e-05 1.3971957363920869e-05
2.9519892182689194e-05 1.3971957363920869e-05
2.9519892182689194e-05 1.3971957363920869e-05
2.9519892182689194e-05 1.3971957363920869e-05
2.9519892182689194e-05 1.3971957363920869e-05
2.9519892182689194e-05 1.3971957363920869e-05
2.9519892182689194e-05 1.3971957363920869e-05
2.9519892182689194e-05 1.3971957363920869e-05
2.9519892182689194e-05 1.3971957363920869e-05
2.9519892182689194e-05 1.3971957363920869e-05
2.9519892182689194e-05 1.3971957363920869e-05
2.9519892182689194e-05 1.3971957363920869e-05
2.9519892182689194e-05 1.3971957363920869e-05
2.9519892182689194e-05 1.3971957363920869e-05
2.9519892182689194e-05 1.3971957363920869e-05
2.9519892182689194e-05 1.3971957363920869e-05
2.9519892182689194e-05 1.3971957363920869e-05
2.9519892182689194e-05 1.3971957363920869e-05
2.9519892182689194e-05 1.3971957363920869e-05
2.9519892182689194e-05 1.3971957363920869e-05
2.9519892182689194e-05 1.3971957363920869e-05
2.9519892182689194e-05 1.3971957363920869e-05
2.9519892182689194e-05 1.3971957363920869e-05
2.9519892182689194e-05 1.3971957363920869e-05
2.9519892182689194e-05 1.3971957363920869e-05
2.9519892182689194e-05 1.3971957363920869e-05
2.9519892182689194e-05 1.3971957363920869e-05
2.9519892182689194e-05 1.3971957363920869e-05
2.9519892182689194e-05 1.3971957363920869e-05
2.9519892182689194e-05 1.3971957363920869e-05
2.9519892182689194e-05 1.3971957363920869e-05
9.459068834259355e-06 1.3972485291454043e-05
9.459068834259355e-06 1.3972485291454043e-05
9.459068834259355e-06 1.3972485291454043e-05
9.459068834259355e-06 1.3972485291454043e-05
9.459068834259355e-06 1.3972485291454043e-05
9.459068834259355e-06 1.3972485291454043e-05
9.459068834259355e-06 1.3972485291454043e-05
9.459068834259355e-06 1.3972485291454043e-05
9.459068834259355e-06 1.3972485291454043e-05
9.459068834259355e-06 1.3972485291454043e-05
9.459068834259355e-06 1.3972485291454043e-05
9.459068834259355e-06 1.3972485291454043e-05
9.459068834259355e-06 1.3972485291454043e-05
9.459068834259355e-06 1.3972485291454043e-05
9.459068834259355e-06 1.3972485291454043e-05
9.459068834259355e-06 1.3972485291454043e-05
9.459068834259355e-06 1.3972485291454043e-05
9.459068834259355e-06 1.3972485291454043e-05
9.459068834259355e-06 1.3972485291454043e-05
9.459068834259355e-06 1.3972485291454043e-05
9.459068834259355e-06 1.3972485291454043e-05
9.459068834259355e-06 1.3972485291454043e-05
9.459068834259355e-06 1.3972485291454043e-05
9.459068834259355e-06 1.3972485291454043e-05
9.459068834259355e-06 1.3972485291454043e-05
9.459068834259355e-06 1.3972485291454043e-05
9.459068834259355e-06 1.3972485291454043e-05
9.459068834259355e-06 1.3972485291454043e-05
9.459068834259355e-06 1.3972485291454043e-05
9.459068834259355e-06 1.3972485291454043e-05
9.459068834259355e-06 1.3972485291454043e-05
9.459068834259355e-06 1.3972485291454043e-05
9.459068834259355e-06 1.3972485291454043e-05
9.459068834259355e-06 1.3972485291454043e-05
9.459068834259355e-06 1.3972485291454043e-05
9.459068834259355e-06 1.3972485291454043e-05
9.459068834259355e-06 1.3972485291454043e-05
9.459068834259355e-06 1.3972485291454043e-05
9.459068834259355e-06 1.3972485291454043e-05
9.459068834259355e-06 1.3972485291454043e-05
9.459068834259355e-06 1.3972485291454043e-05
9.459068834259355e-06 1.3972485291454043e-05
9.459068834259355e-06 1.3972485291454043e-05
9.459068834259355e-06 1.3972485291454043e-05
9.459068834259355e-06 1.3972485291454043e-05
9.459068834259355e-06 1.3972485291454043e-05
9.459068834259355e-06 1.3972485291454043e-05
9.459068834259355e-06 1.3972485291454043e-05
9.459068834259355e-06 1.3972485291454043e-05
9.459068834259355e-06 1.3972485291454043e-05
9.459068834259355e-06 1.3972485291454043e-05
9.459068834259355e-06 1.3972485291454043e-05
9.459068834259355e-06 1.3972485291454043e-05
9.459068834259355e-06 1.3972485291454043e-05
9.459068834259355e-06 1.3972485291454043e-05
9.459068834259355e-06 1.3972485291454043e-05
9.459068834259355e-06 1.3972485291454043e-05
9.459068834259355e-06 1.3972485291454043e-05
9.459068834259355e-06 1.3972485291454043e-05
9.459068834259355e-06 1.3972485291454043e-05
9.459068834259355e-06 1.3972485291454043e-05
9.459068834259355e-06 1.3972485291454043e-05
9.459068834259355e-06 1.3972485291454043e-05
9.459068834259355e-06 1.3972485291454043e-05
9.459068834259355e-06 1.3972485291454043e-05
9.459068834259355e-06 1.3972485291454043e-05
9.459068834259355e-06 1.3972485291454043e-05
9.459068834259355e-06 1.3972485291454043e-05
9.459068834259355e-06 1.3972485291454043e-05
9.459068834259355e-06 1.3972485291454043e-05
9.459068834259355e-06 1.3972485291454043e-05
9.459068834259355e-06 1.3972485291454043e-05
9.459068834259355e-06 1.3972485291454043e-05
9.459068834259355e-06 1.3972485291454043e-05
9.459068834259355e-06 1.3972485291454043e-05
9.459068834259355e-06 1.3972485291454043e-05
9.459068834259355e-06 1.3972485291454043e-05
9.459068834259355e-06 1.3972485291454043e-05
9.459068834259355e-06 1.3972485291454043e-05
9.459068834259355e-06 1.3972485291454043e-05
9.459068834259355e-06 1.3972485291454043e-05
9.459068834259355e-06 1.3972485291454043e-05
9.459068834259355e-06 1.3972485291454043e-05
9.459068834259355e-06 1.3972485291454043e-05
9.459068834259355e-06 1.3972485291454043e-05
9.459068834259355e-06 1.3972485291454043e-05
9.459068834259355e-06 1.3972485291454043e-05
9.459068834259355e-06 1.3972485291454043e-05
9.459068834259355e-06 1.3972485291454043e-05
9.459068834259355e-06 1.3972485291454043e-05
3.2241797482658402e-06 1.3971395644247486e-05
3.254377531903463e-05 1.397147602262976e-05
3.254377531903463e-05 1.397147602262976e-05
3.254377531903463e-05 1.397147602262976e-05
3.254377531903463e-05 1.397147602262976e-05
3.254377531903463e-05 1.397147602262976e-05
3.254377531903463e-05 1.397147602262976e-05
3.254377531903463e-05 1.397147602262976e-05
3.254377531903463e-05 1.397147602262976e-05
3.254377531903463e-05 1.397147602262976e-05
3.254377531903463e-05 1.397147602262976e-05
3.254377531903463e-05 1.397147602262976e-05
3.254377531903463e-05 1.397147602262976e-05
3.254377531903463e-05 1.397147602262976e-05
3.254377531903463e-05 1.397147602262976e-05
3.254377531903463e-05 1.397147602262976e-05
3.254377531903463e-05 1.397147602262976e-05
3.254377531903463e-05 1.397147602262976e-05
3.254377531903463e-05 1.397147602262976e-05
3.254377531903463e-05 1.397147602262976e-05
3.254377531903463e-05 1.397147602262976e-05
3.254377531903463e-05 1.397147602262976e-05
3.254377531903463e-05 1.397147602262976e-05
3.254377531903463e-05 1.397147602262976e-05
3.254377531903463e-05 1.397147602262976e-05
3.254377531903463e-05 1.397147602262976e-05
3.254377531903463e-05 1.397147602262976e-05
3.254377531903463e-05 1.397147602262976e-05
3.254377531903463e-05 1.397147602262976e-05
3.254377531903463e-05 1.397147602262976e-05
3.254377531903463e-05 1.397147602262976e-05
3.254377531903463e-05 1.397147602262976e-05
3.254377531903463e-05 1.397147602262976e-05
3.254377531903463e-05 1.397147602262976e-05
3.254377531903463e-05 1.397147602262976e-05
3.254377531903463e-05 1.397147602262976e-05
3.254377531903463e-05 1.397147602262976e-05
3.254377531903463e-05 1.397147602262976e-05
3.254377531903463e-05 1.397147602262976e-05
3.254377531903463e-05 1.397147602262976e-05
3.254377531903463e-05 1.397147602262976e-05
3.254377531903463e-05 1.397147602262976e-05
3.254377531903463e-05 1.397147602262976e-05
3.254377531903463e-05 1.397147602262976e-05
3.254377531903463e-05 1.397147602262976e-05
3.254377531903463e-05 1.397147602262976e-05
3.254377531903463e-05 1.397147602262976e-05
3.254377531903463e-05 1.397147602262976e-05
3.254377531903463e-05 1.397147602262976e-05
3.254377531903463e-05 1.397147602262976e-05
3.254377531903463e-05 1.397147602262976e-05
3.254377531903463e-05 1.397147602262976e-05
3.254377531903463e-05 1.397147602262976e-05
3.254377531903463e-05 1.397147602262976e-05
3.254377531903463e-05 1.397147602262976e-05
3.254377531903463e-05 1.397147602262976e-05
3.254377531903463e-05 1.397147602262976e-05
3.254377531903463e-05 1.397147602262976e-05
3.254377531903463e-05 1.397147602262976e-05
3.254377531903463e-05 1.397147602262976e-05
3.254377531903463e-05 1.397147602262976e-05
3.254377531903463e-05 1.397147602262976e-05
3.254377531903463e-05 1.397147602262976e-05
3.254377531903463e-05 1.397147602262976e-05
3.254377531903463e-05 1.397147602262976e-05
3.254377531903463e-05 1.397147602262976e-05
3.254377531903463e-05 1.397147602262976e-05
3.254377531903463e-05 1.397147602262976e-05
3.254377531903463e-05 1.397147602262976e-05
3.254377531903463e-05 1.397147602262976e-05
3.254377531903463e-05 1.397147602262976e-05
3.254377531903463e-05 1.397147602262976e-05
3.254377531903463e-05 1.397147602262976e-05
3.254377531903463e-05 1.397147602262976e-05
3.254377531903463e-05 1.397147602262976e-05
3.254377531903463e-05 1.397147602262976e-05
3.254377531903463e-05 1.397147602262976e-05
3.254377531903463e-05 1.397147602262976e-05
3.254377531903463e-05 1.397147602262976e-05
3.254377531903463e-05 1.397147602262976e-05
3.254377531903463e-05 1.397147602262976e-05
3.254377531903463e-05 1.397147602262976e-05
3.254377531903463e-05 1.397147602262976e-05
3.254377531903463e-05 1.397147602262976e-05
3.254377531903463e-05 1.397147602262976e-05
3.254377531903463e-05 1.397147602262976e-05
3.254377531903463e-05 1.397147602262976e-05
3.254377531903463e-05 1.397147602262976e-05
3.254377531903463e-05 1.397147602262976e-05
3.254377531903463e-05 1.397147602262976e-05
3.254377531903463e-05 1.397147602262976e-05
2.7364651708689382e-05 1.3971708692357154e-05
2.7364651708689382e-05 1.3971708692357154e-05
2.7364651708689382e-05 1.3971708692357154e-05
2.7364651708689382e-05 1.3971708692357154e-05
2.7364651708689382e-05 1.3971708692357154e-05
2.7364651708689382e-05 1.3971708692357154e-05
2.7364651708689382e-05 1.3971708692357154e-05
2.7364651708689382e-05 1.3971708692357154e-05
2.7364651708689382e-05 1.3971708692357154e-05
2.7364651708689382e-05 1.3971708692357154e-05
2.7364651708689382e-05 1.3971708692357154e-05
2.7364651708689382e-05 1.3971708692357154e-05
2.7364651708689382e-05 1.3971708692357154e-05
2.7364651708689382e-05 1.3971708692357154e-05
2.7364651708689382e-05 1.3971708692357154e-05
2.7364651708689382e-05 1.3971708692357154e-05
2.7364651708689382e-05 1.3971708692357154e-05
2.7364651708689382e-05 1.3971708692357154e-05
2.7364651708689382e-05 1.3971708692357154e-05
2.7364651708689382e-05 1.3971708692357154e-05
2.7364651708689382e-05 1.3971708692357154e-05
2.7364651708689382e-05 1.3971708692357154e-05
2.7364651708689382e-05 1.3971708692357154e-05
2.7364651708689382e-05 1.3971708692357154e-05
2.7364651708689382e-05 1.3971708692357154e-05
2.7364651708689382e-05 1.3971708692357154e-05
2.7364651708689382e-05 1.3971708692357154e-05
2.7364651708689382e-05 1.3971708692357154e-05
2.7364651708689382e-05 1.3971708692357154e-05
2.7364651708689382e-05 1.3971708692357154e-05
2.7364651708689382e-05 1.3971708692357154e-05
2.7364651708689382e-05 1.3971708692357154e-05
2.7364651708689382e-05 1.3971708692357154e-05
2.7364651708689382e-05 1.3971708692357154e-05
2.7364651708689382e-05 1.3971708692357154e-05
2.7364651708689382e-05 1.3971708692357154e-05
2.7364651708689382e-05 1.3971708692357154e-05
2.7364651708689382e-05 1.3971708692357154e-05
2.7364651708689382e-05 1.3971708692357154e-05
2.7364651708689382e-05 1.3971708692357154e-05
2.7364651708689382e-05 1.3971708692357154e-05
2.7364651708689382e-05 1.3971708692357154e-05
2.7364651708689382e-05 1.3971708692357154e-05
2.7364651708689382e-05 1.3971708692357154e-05
2.7364651708689382e-05 1.3971708692357154e-05
7.018281782233732e-05 1.3971128949733961e-05
7.018281782233732e-05 1.3971128949733961e-05
7.018281782233732e-05 1.3971128949733961e-05
7.018281782233732e-05 1.3971128949733961e-05
7.018281782233732e-05 1.3971128949733961e-05
7.018281782233732e-05 1.3971128949733961e-05
2.3774449354868097e-06 1.396677584163181e-05
2.3774449354868097e-06 1.396677584163181e-05
2.3774449354868097e-06 1.396677584163181e-05
6.53305380215159e-05 1.397300704640966e-05
6.53305380215159e-05 1.397300704640966e-05
1.4219923072482278e-05 1.3971745448760878e-05
1.4219923072482278e-05 1.3971745448760878e-05
1.4219923072482278e-05 1.3971745448760878e-05
1.4219923072482278e-05 1.3971745448760878e-05
1.4219923072482278e-05 1.3971745448760878e-05
1.4219923072482278e-05 1.3971745448760878e-05
1.4219923072482278e-05 1.3971745448760878e-05
1.4219923072482278e-05 1.3971745448760878e-05
1.4219923072482278e-05 1.3971745448760878e-05
1.4219923072482278e-05 1.3971745448760878e-05
1.4219923072482278e-05 1.3971745448760878e-05
1.4219923072482278e-05 1.3971745448760878e-05
1.4219923072482278e-05 1.3971745448760878e-05
1.4219923072482278e-05 1.3971745448760878e-05
1.4219923072482278e-05 1.3971745448760878e-05
1.4219923072482278e-05 1.3971745448760878e-05
1.4219923072482278e-05 1.3971745448760878e-05
1.4219923072482278e-05 1.3971745448760878e-05
1.4219923072482278e-05 1.3971745448760878e-05
1.4219923072482278e-05 1.3971745448760878e-05
1.4219923072482278e-05 1.3971745448760878e-05
1.4219923072482278e-05 1.3971745448760878e-05
1.4219923072482278e-05 1.3971745448760878e-05
1.4219923072482278e-05 1.3971745448760878e-05
1.4219923072482278e-05 1.3971745448760878e-05
1.4219923072482278e-05 1.3971745448760878e-05
1.4219923072482278e-05 1.3971745448760878e-05
1.4219923072482278e-05 1.3971745448760878e-05
1.4219923072482278e-05 1.3971745448760878e-05
1.4219923072482278e-05 1.3971745448760878e-05
1.4219923072482278e-05 1.3971745448760878e-05
1.4219923072482278e-05 1.3971745448760878e-05
1.4219923072482278e-05 1.3971745448760878e-05
1.4219923072482278e-05 1.3971745448760878e-05
1.4219923072482278e-05 1.3971745448760878e-05
1.4219923072482278e-05 1.3971745448760878e-05
1.4219923072482278e-05 1.3971745448760878e-05
1.4219923072482278e-05 1.3971745448760878e-05
1.4219923072482278e-05 1.3971745448760878e-05
1.4219923072482278e-05 1.3971745448760878e-05
1.4219923072482278e-05 1.3971745448760878e-05
1.4219923072482278e-05 1.3971745448760878e-05
1.4219923072482278e-05 1.3971745448760878e-05
1.4219923072482278e-05 1.3971745448760878e-05
1.4219923072482278e-05 1.3971745448760878e-05
1.4219923072482278e-05 1.3971745448760878e-05
1.4219923072482278e-05 1.3971745448760878e-05
1.4219923072482278e-05 1.3971745448760878e-05
1.4219923072482278e-05 1.3971745448760878e-05
1.4219923072482278e-05 1.3971745448760878e-05
1.4219923072482278e-05 1.3971745448760878e-05
1.4219923072482278e-05 1.3971745448760878e-05
1.4219923072482278e-05 1.3971745448760878e-05
1.4219923072482278e-05 1.3971745448760878e-05
1.4219923072482278e-05 1.3971745448760878e-05
1.4219923072482278e-05 1.3971745448760878e-05
1.4219923072482278e-05 1.3971745448760878e-05
1.4219923072482278e-05 1.3971745448760878e-05
1.4219923072482278e-05 1.3971745448760878e-05
1.4219923072482278e-05 1.3971745448760878e-05
1.4219923072482278e-05 1.3971745448760878e-05
1.4219923072482278e-05 1.3971745448760878e-05
1.4219923072482278e-05 1.3971745448760878e-05
1.4219923072482278e-05 1.3971745448760878e-05
1.4219923072482278e-05 1.3971745448760878e-05
1.4219923072482278e-05 1.3971745448760878e-05
1.4219923072482278e-05 1.3971745448760878e-05
1.4219923072482278e-05 1.3971745448760878e-05
1.4219923072482278e-05 1.3971745448760878e-05
1.4219923072482278e-05 1.3971745448760878e-05
1.4219923072482278e-05 1.3971745448760878e-05
1.4219923072482278e-05 1.3971745448760878e-05
1.4219923072482278e-05 1.3971745448760878e-05
1.4219923072482278e-05 1.3971745448760878e-05
1.4219923072482278e-05 1.3971745448760878e-05
1.4219923072482278e-05 1.3971745448760878e-05
1.4219923072482278e-05 1.3971745448760878e-05
1.4219923072482278e-05 1.3971745448760878e-05
1.4219923072482278e-05 1.3971745448760878e-05
1.4219923072482278e-05 1.3971745448760878e-05
1.4219923072482278e-05 1.3971745448760878e-05
1.4219923072482278e-05 1.3971745448760878e-05
1.4219923072482278e-05 1.3971745448760878e-05
1.4219923072482278e-05 1.3971745448760878e-05
1.4219923072482278e-05 1.3971745448760878e-05
1.4219923072482278e-05 1.3971745448760878e-05
1.4219923072482278e-05 1.3971745448760878e-05
1.4219923072482278e-05 1.3971745448760878e-05
1.4219923072482278e-05 1.3971745448760878e-05
1.4219923072482278e-05 1.3971745448760878e-05
1.4219923072482278e-05 1.3971745448760878e-05
1.4219923072482278e-05 1.3971745448760878e-05
1.4219923072482278e-05 1.3971745448760878e-05
1.4219923072482278e-05 1.3971745448760878e-05
1.4219923072482278e-05 1.3971745448760878e-05
1.4219923072482278e-05 1.3971745448760878e-05
1.4219923072482278e-05 1.3971745448760878e-05
1.4219923072482278e-05 1.3971745448760878e-05
1.4219923072482278e-05 1.3971745448760878e-05
1.4219923072482278e-05 1.3971745448760878e-05
1.4219923072482278e-05 1.3971745448760878e-05
1.4219923072482278e-05 1.3971745448760878e-05
1.4219923072482278e-05 1.3971745448760878e-05
1.4219923072482278e-05 1.3971745448760878e-05
1.4219923072482278e-05 1.3971745448760878e-05
1.4219923072482278e-05 1.3971745448760878e-05
1.4219923072482278e-05 1.3971745448760878e-05
1.4219923072482278e-05 1.3971745448760878e-05
1.4219923072482278e-05 1.3971745448760878e-05
1.4219923072482278e-05 1.3971745448760878e-05
1.4219923072482278e-05 1.3971745448760878e-05
1.4219923072482278e-05 1.3971745448760878e-05
1.4219923072482278e-05 1.3971745448760878e-05
1.4219923072482278e-05 1.3971745448760878e-05
1.4219923072482278e-05 1.3971745448760878e-05
1.4219923072482278e-05 1.3971745448760878e-05
1.4219923072482278e-05 1.3971745448760878e-05
1.4219923072482278e-05 1.3971745448760878e-05
1.4219923072482278e-05 1.3971745448760878e-05
1.4219923072482278e-05 1.3971745448760878e-05
1.4219923072482278e-05 1.3971745448760878e-05
1.4219923072482278e-05 1.3971745448760878e-05
1.4219923072482278e-05 1.3971745448760878e-05
1.4219923072482278e-05 1.3971745448760878e-05
1.4219923072482278e-05 1.3971745448760878e-05
1.4219923072482278e-05 1.3971745448760878e-05
1.4219923072482278e-05 1.3971745448760878e-05
1.4219923072482278e-05 1.3971745448760878e-05
1.4219923072482278e-05 1.3971745448760878e-05
1.4219923072482278e-05 1.3971745448760878e-05
1.4219923072482278e-05 1.3971745448760878e-05
1.4219923072482278e-05 1.3971745448760878e-05
1.4219923072482278e-05 1.3971745448760878e-05
1.4219923072482278e-05 1.3971745448760878e-05
1.4219923072482278e-05 1.3971745448760878e-05
6.741720823208324e-05 1.3972503383568716e-05
1.1043527449914536e-05 1.394592268712149e-05
1.1043527449914536e-05 1.394592268712149e-05
1.1479578361798445e-05 1.3974445253071065e-05
1.1479578361798445e-05 1.3974445253071065e-05
3.951439399795614e-05 1.3978077641867628e-05
3.951439399795614e-05 1.3978077641867628e-05
3.951439399795614e-05 1.3978077641867628e-05
1.5678549946053796e-05 1.3972018152042145e-05
1.5678549946053796e-05 1.3972018152042145e-05
1.5678549946053796e-05 1.3972018152042145e-05
1.5678549946053796e-05 1.3972018152042145e-05
1.5678549946053796e-05 1.3972018152042145e-05
1.5678549946053796e-05 1.3972018152042145e-05
1.5678549946053796e-05 1.3972018152042145e-05
1.5678549946053796e-05 1.3972018152042145e-05
1.5678549946053796e-05 1.3972018152042145e-05
1.5678549946053796e-05 1.3972018152042145e-05
1.5678549946053796e-05 1.3972018152042145e-05
1.5678549946053796e-05 1.3972018152042145e-05
1.5678549946053796e-05 1.3972018152042145e-05
1.5678549946053796e-05 1.3972018152042145e-05
1.5678549946053796e-05 1.3972018152042145e-05
1.5678549946053796e-05 1.3972018152042145e-05
1.5678549946053796e-05 1.3972018152042145e-05
1.5678549946053796e-05 1.3972018152042145e-05
1.5678549946053796e-05 1.3972018152042145e-05
1.5678549946053796e-05 1.3972018152042145e-05
1.5678549946053796e-05 1.3972018152042145e-05
1.5678549946053796e-05 1.3972018152042145e-05
1.5678549946053796e-05 1.3972018152042145e-05
1.5678549946053796e-05 1.3972018152042145e-05
1.5678549946053796e-05 1.3972018152042145e-05
1.5678549946053796e-05 1.3972018152042145e-05
1.5678549946053796e-05 1.3972018152042145e-05
1.5678549946053796e-05 1.3972018152042145e-05
1.5678549946053796e-05 1.3972018152042145e-05
1.5678549946053796e-05 1.3972018152042145e-05
1.5678549946053796e-05 1.3972018152042145e-05
1.5678549946053796e-05 1.3972018152042145e-05
1.5678549946053796e-05 1.3972018152042145e-05
1.5678549946053796e-05 1.3972018152042145e-05
1.5678549946053796e-05 1.3972018152042145e-05
1.5678549946053796e-05 1.3972018152042145e-05
1.5678549946053796e-05 1.3972018152042145e-05
1.5678549946053796e-05 1.3972018152042145e-05
1.5678549946053796e-05 1.3972018152042145e-05
1.5678549946053796e-05 1.3972018152042145e-05
1.5678549946053796e-05 1.3972018152042145e-05
1.5678549946053796e-05 1.3972018152042145e-05
1.5678549946053796e-05 1.3972018152042145e-05
1.5678549946053796e-05 1.3972018152042145e-05
1.5678549946053796e-05 1.3972018152042145e-05
2.4606963946980507e-06 1.3974515061787815e-05
2.4606963946980507e-06 1.3974515061787815e-05
2.4606963946980507e-06 1.3974515061787815e-05
1.0583113709140562e-05 1.396367649356711e-05
0.0003670125325534513 1.3970833419794986e-05
0.0003670125325534513 1.3970833419794986e-05
0.0003670125325534513 1.3970833419794986e-05
5.955212041279942e-07 1.3997310442719376e-05
2.0687298985565334e-05 1.3971845164105297e-05
2.0687298985565334e-05 1.3971845164105297e-05
2.0687298985565334e-05 1.3971845164105297e-05
2.0687298985565334e-05 1.3971845164105297e-05
2.0687298985565334e-05 1.3971845164105297e-05
2.0687298985565334e-05 1.3971845164105297e-05
2.0687298985565334e-05 1.3971845164105297e-05
2.0687298985565334e-05 1.3971845164105297e-05
2.0687298985565334e-05 1.3971845164105297e-05
2.0687298985565334e-05 1.3971845164105297e-05
2.0687298985565334e-05 1.3971845164105297e-05
2.0687298985565334e-05 1.3971845164105297e-05
2.0687298985565334e-05 1.3971845164105297e-05
2.0687298985565334e-05 1.3971845164105297e-05
2.0687298985565334e-05 1.3971845164105297e-05
2.0687298985565334e-05 1.3971845164105297e-05
2.0687298985565334e-05 1.3971845164105297e-05
2.0687298985565334e-05 1.3971845164105297e-05
2.0687298985565334e-05 1.3971845164105297e-05
2.0687298985565334e-05 1.3971845164105297e-05
2.0687298985565334e-05 1.3971845164105297e-05
2.0687298985565334e-05 1.3971845164105297e-05
2.0687298985565334e-05 1.3971845164105297e-05
2.0687298985565334e-05 1.3971845164105297e-05
2.0687298985565334e-05 1.3971845164105297e-05
2.0687298985565334e-05 1.3971845164105297e-05
2.0687298985565334e-05 1.3971845164105297e-05
2.0687298985565334e-05 1.3971845164105297e-05
2.0687298985565334e-05 1.3971845164105297e-05
2.0687298985565334e-05 1.3971845164105297e-05
2.0687298985565334e-05 1.3971845164105297e-05
2.0687298985565334e-05 1.3971845164105297e-05
2.0687298985565334e-05 1.3971845164105297e-05
2.0687298985565334e-05 1.3971845164105297e-05
2.0687298985565334e-05 1.3971845164105297e-05
2.0687298985565334e-05 1.3971845164105297e-05
2.0687298985565334e-05 1.3971845164105297e-05
2.0687298985565334e-05 1.3971845164105297e-05
2.0687298985565334e-05 1.3971845164105297e-05
2.0687298985565334e-05 1.3971845164105297e-05
2.0687298985565334e-05 1.3971845164105297e-05
2.0687298985565334e-05 1.3971845164105297e-05
2.0687298985565334e-05 1.3971845164105297e-05
2.0687298985565334e-05 1.3971845164105297e-05
2.0687298985565334e-05 1.3971845164105297e-05
2.750687598220423e-05 1.3974896689558633e-05
2.750687598220423e-05 1.3974896689558633e-05
2.750687598220423e-05 1.3974896689558633e-05
2.750687598220423e-05 1.3974896689558633e-05
2.750687598220423e-05 1.3974896689558633e-05
2.750687598220423e-05 1.3974896689558633e-05
1.4195540158757244e-07 1.3959857891714763e-05
1.4195540158757244e-07 1.3959857891714763e-05
8.141499333983797e-05 1.3975543684326324e-05
8.141499333983797e-05 1.3975543684326324e-05
0.00014406928925853163 1.3938600089885135e-05
3.140284465664777e-06 1.3968733868414616e-05
3.140284465664777e-06 1.3968733868414616e-05
3.140284465664777e-06 1.3968733868414616e-05
0.0003670125325534513 1.3970833419794986e-05
0.0003670125325534513 1.3970833419794986e-05
0.0003670125325534513 1.3970833419794986e-05
3.678134824240942e-05 1.397967904353479e-05
3.678134824240942e-05 1.397967904353479e-05
3.678134824240942e-05 1.397967904353479e-05
3.678134824240942e-05 1.397967904353479e-05
3.678134824240942e-05 1.397967904353479e-05
3.678134824240942e-05 1.397967904353479e-05
6.598102094525182e-06 1.3971761137986796e-05
6.598102094525182e-06 1.3971761137986796e-05
6.598102094525182e-06 1.3971761137986796e-05
6.598102094525182e-06 1.3971761137986796e-05
6.598102094525182e-06 1.3971761137986796e-05
6.598102094525182e-06 1.3971761137986796e-05
6.598102094525182e-06 1.3971761137986796e-05
6.598102094525182e-06 1.3971761137986796e-05
6.598102094525182e-06 1.3971761137986796e-05
6.598102094525182e-06 1.3971761137986796e-05
6.598102094525182e-06 1.3971761137986796e-05
6.598102094525182e-06 1.3971761137986796e-05
6.598102094525182e-06 1.3971761137986796e-05
6.598102094525182e-06 1.3971761137986796e-05
6.598102094525182e-06 1.3971761137986796e-05
6.598102094525182e-06 1.3971761137986796e-05
6.598102094525182e-06 1.3971761137986796e-05
6.598102094525182e-06 1.3971761137986796e-05
6.598102094525182e-06 1.3971761137986796e-05
6.598102094525182e-06 1.3971761137986796e-05
6.598102094525182e-06 1.3971761137986796e-05
6.598102094525182e-06 1.3971761137986796e-05
6.598102094525182e-06 1.3971761137986796e-05
6.598102094525182e-06 1.3971761137986796e-05
6.598102094525182e-06 1.3971761137986796e-05
6.598102094525182e-06 1.3971761137986796e-05
6.598102094525182e-06 1.3971761137986796e-05
6.598102094525182e-06 1.3971761137986796e-05
6.598102094525182e-06 1.3971761137986796e-05
6.598102094525182e-06 1.3971761137986796e-05
6.598102094525182e-06 1.3971761137986796e-05
6.598102094525182e-06 1.3971761137986796e-05
6.598102094525182e-06 1.3971761137986796e-05
6.598102094525182e-06 1.3971761137986796e-05
6.598102094525182e-06 1.3971761137986796e-05
6.598102094525182e-06 1.3971761137986796e-05
6.598102094525182e-06 1.3971761137986796e-05
6.598102094525182e-06 1.3971761137986796e-05
6.598102094525182e-06 1.3971761137986796e-05
6.598102094525182e-06 1.3971761137986796e-05
6.598102094525182e-06 1.3971761137986796e-05
6.598102094525182e-06 1.3971761137986796e-05
6.598102094525182e-06 1.3971761137986796e-05
6.598102094525182e-06 1.3971761137986796e-05
6.598102094525182e-06 1.3971761137986796e-05
7.018281782233732e-05 1.3971128949733961e-05
7.018281782233732e-05 1.3971128949733961e-05
7.018281782233732e-05 1.3971128949733961e-05
1.184953476945016e-05 1.3971412122760879e-05
6.6776235447756e-05 1.3970153729675382e-05
2.53401867735388e-05 1.3972687581303682e-05
2.53401867735388e-05 1.3972687581303682e-05
2.53401867735388e-05 1.3972687581303682e-05
2.2356825330803026e-06 1.3969629409356878e-05
5.048116324934823e-05 1.398178147690448e-05
2.4383433730351138e-05 1.3964523120957848e-05
1.496021452786324e-05 1.3971789597208906e-05
1.496021452786324e-05 1.3971789597208906e-05
1.496021452786324e-05 1.3971789597208906e-05
1.496021452786324e-05 1.3971789597208906e-05
1.496021452786324e-05 1.3971789597208906e-05
1.496021452786324e-05 1.3971789597208906e-05
1.496021452786324e-05 1.3971789597208906e-05
1.496021452786324e-05 1.3971789597208906e-05
1.496021452786324e-05 1.3971789597208906e-05
1.496021452786324e-05 1.3971789597208906e-05
1.496021452786324e-05 1.3971789597208906e-05
1.496021452786324e-05 1.3971789597208906e-05
1.496021452786324e-05 1.3971789597208906e-05
1.496021452786324e-05 1.3971789597208906e-05
1.496021452786324e-05 1.3971789597208906e-05
1.496021452786324e-05 1.3971789597208906e-05
1.496021452786324e-05 1.3971789597208906e-05
1.496021452786324e-05 1.3971789597208906e-05
1.496021452786324e-05 1.3971789597208906e-05
1.496021452786324e-05 1.3971789597208906e-05
1.496021452786324e-05 1.3971789597208906e-05
1.496021452786324e-05 1.3971789597208906e-05
1.496021452786324e-05 1.3971789597208906e-05
1.496021452786324e-05 1.3971789597208906e-05
1.496021452786324e-05 1.3971789597208906e-05
1.496021452786324e-05 1.3971789597208906e-05
1.496021452786324e-05 1.3971789597208906e-05
1.496021452786324e-05 1.3971789597208906e-05
1.496021452786324e-05 1.3971789597208906e-05
1.496021452786324e-05 1.3971789597208906e-05
1.496021452786324e-05 1.3971789597208906e-05
1.496021452786324e-05 1.3971789597208906e-05
1.496021452786324e-05 1.3971789597208906e-05
1.496021452786324e-05 1.3971789597208906e-05
1.496021452786324e-05 1.3971789597208906e-05
1.496021452786324e-05 1.3971789597208906e-05
1.496021452786324e-05 1.3971789597208906e-05
1.496021452786324e-05 1.3971789597208906e-05
1.496021452786324e-05 1.3971789597208906e-05
1.496021452786324e-05 1.3971789597208906e-05
1.496021452786324e-05 1.3971789597208906e-05
1.496021452786324e-05 1.3971789597208906e-05
1.496021452786324e-05 1.3971789597208906e-05
1.496021452786324e-05 1.3971789597208906e-05
1.496021452786324e-05 1.3971789597208906e-05
1.496021452786324e-05 1.3971789597208906e-05
1.496021452786324e-05 1.3971789597208906e-05
1.496021452786324e-05 1.3971789597208906e-05
1.496021452786324e-05 1.3971789597208906e-05
1.496021452786324e-05 1.3971789597208906e-05
1.496021452786324e-05 1.3971789597208906e-05
1.496021452786324e-05 1.3971789597208906e-05
1.496021452786324e-05 1.3971789597208906e-05
1.496021452786324e-05 1.3971789597208906e-05
1.496021452786324e-05 1.3971789597208906e-05
1.496021452786324e-05 1.3971789597208906e-05
1.496021452786324e-05 1.3971789597208906e-05
1.496021452786324e-05 1.3971789597208906e-05
1.496021452786324e-05 1.3971789597208906e-05
1.496021452786324e-05 1.3971789597208906e-05
1.496021452786324e-05 1.3971789597208906e-05
1.496021452786324e-05 1.3971789597208906e-05
1.496021452786324e-05 1.3971789597208906e-05
1.496021452786324e-05 1.3971789597208906e-05
1.496021452786324e-05 1.3971789597208906e-05
1.496021452786324e-05 1.3971789597208906e-05
1.496021452786324e-05 1.3971789597208906e-05
1.496021452786324e-05 1.3971789597208906e-05
1.496021452786324e-05 1.3971789597208906e-05
1.496021452786324e-05 1.3971789597208906e-05
1.496021452786324e-05 1.3971789597208906e-05
1.496021452786324e-05 1.3971789597208906e-05
1.496021452786324e-05 1.3971789597208906e-05
1.496021452786324e-05 1.3971789597208906e-05
1.496021452786324e-05 1.3971789597208906e-05
1.496021452786324e-05 1.3971789597208906e-05
1.496021452786324e-05 1.3971789597208906e-05
1.496021452786324e-05 1.3971789597208906e-05
1.496021452786324e-05 1.3971789597208906e-05
1.496021452786324e-05 1.3971789597208906e-05
1.496021452786324e-05 1.3971789597208906e-05
1.496021452786324e-05 1.3971789597208906e-05
1.496021452786324e-05 1.3971789597208906e-05
1.496021452786324e-05 1.3971789597208906e-05
1.496021452786324e-05 1.3971789597208906e-05
1.496021452786324e-05 1.3971789597208906e-05
1.496021452786324e-05 1.3971789597208906e-05
1.496021452786324e-05 1.3971789597208906e-05
1.496021452786324e-05 1.3971789597208906e-05
1.496021452786324e-05 1.3971789597208906e-05
9.194216796771644e-05 1.3985513868305726e-05
2.9519892182689194e-05 1.3971957363920869e-05
2.9519892182689194e-05 1.3971957363920869e-05
2.9519892182689194e-05 1.3971957363920869e-05
2.9519892182689194e-05 1.3971957363920869e-05
2.9519892182689194e-05 1.3971957363920869e-05
2.9519892182689194e-05 1.3971957363920869e-05
2.9519892182689194e-05 1.3971957363920869e-05
2.9519892182689194e-05 1.3971957363920869e-05
2.9519892182689194e-05 1.3971957363920869e-05
2.9519892182689194e-05 1.3971957363920869e-05
2.9519892182689194e-05 1.3971957363920869e-05
2.9519892182689194e-05 1.3971957363920869e-05
2.9519892182689194e-05 1.3971957363920869e-05
2.9519892182689194e-05 1.3971957363920869e-05
2.9519892182689194e-05 1.3971957363920869e-05
2.9519892182689194e-05 1.3971957363920869e-05
2.9519892182689194e-05 1.3971957363920869e-05
2.9519892182689194e-05 1.3971957363920869e-05
2.9519892182689194e-05 1.3971957363920869e-05
2.9519892182689194e-05 1.3971957363920869e-05
2.9519892182689194e-05 1.3971957363920869e-05
2.9519892182689194e-05 1.3971957363920869e-05
2.9519892182689194e-05 1.3971957363920869e-05
2.9519892182689194e-05 1.3971957363920869e-05
2.9519892182689194e-05 1.3971957363920869e-05
2.9519892182689194e-05 1.3971957363920869e-05
2.9519892182689194e-05 1.3971957363920869e-05
2.9519892182689194e-05 1.3971957363920869e-05
2.9519892182689194e-05 1.3971957363920869e-05
2.9519892182689194e-05 1.3971957363920869e-05
2.9519892182689194e-05 1.3971957363920869e-05
2.9519892182689194e-05 1.3971957363920869e-05
2.9519892182689194e-05 1.3971957363920869e-05
2.9519892182689194e-05 1.3971957363920869e-05
2.9519892182689194e-05 1.3971957363920869e-05
2.9519892182689194e-05 1.3971957363920869e-05
2.9519892182689194e-05 1.3971957363920869e-05
2.9519892182689194e-05 1.3971957363920869e-05
2.9519892182689194e-05 1.3971957363920869e-05
2.9519892182689194e-05 1.3971957363920869e-05
2.9519892182689194e-05 1.3971957363920869e-05
2.9519892182689194e-05 1.3971957363920869e-05
2.9519892182689194e-05 1.3971957363920869e-05
2.9519892182689194e-05 1.3971957363920869e-05
2.9519892182689194e-05 1.3971957363920869e-05
2.9519892182689194e-05 1.3971957363920869e-05
2.9519892182689194e-05 1.3971957363920869e-05
2.9519892182689194e-05 1.3971957363920869e-05
2.9519892182689194e-05 1.3971957363920869e-05
2.9519892182689194e-05 1.3971957363920869e-05
2.9519892182689194e-05 1.3971957363920869e-05
2.9519892182689194e-05 1.3971957363920869e-05
2.9519892182689194e-05 1.3971957363920869e-05
2.9519892182689194e-05 1.3971957363920869e-05
2.9519892182689194e-05 1.3971957363920869e-05
2.9519892182689194e-05 1.3971957363920869e-05
2.9519892182689194e-05 1.3971957363920869e-05
2.9519892182689194e-05 1.3971957363920869e-05
2.9519892182689194e-05 1.3971957363920869e-05
2.9519892182689194e-05 1.3971957363920869e-05
2.9519892182689194e-05 1.3971957363920869e-05
2.9519892182689194e-05 1.3971957363920869e-05
2.9519892182689194e-05 1.3971957363920869e-05
2.9519892182689194e-05 1.3971957363920869e-05
2.9519892182689194e-05 1.3971957363920869e-05
2.9519892182689194e-05 1.3971957363920869e-05
2.9519892182689194e-05 1.3971957363920869e-05
2.9519892182689194e-05 1.3971957363920869e-05
2.9519892182689194e-05 1.3971957363920869e-05
2.9519892182689194e-05 1.3971957363920869e-05
2.9519892182689194e-05 1.3971957363920869e-05
2.9519892182689194e-05 1.3971957363920869e-05
2.9519892182689194e-05 1.3971957363920869e-05
2.9519892182689194e-05 1.3971957363920869e-05
2.9519892182689194e-05 1.3971957363920869e-05
2.9519892182689194e-05 1.3971957363920869e-05
2.9519892182689194e-05 1.3971957363920869e-05
2.9519892182689194e-05 1.3971957363920869e-05
2.9519892182689194e-05 1.3971957363920869e-05
2.9519892182689194e-05 1.3971957363920869e-05
2.9519892182689194e-05 1.3971957363920869e-05
2.9519892182689194e-05 1.3971957363920869e-05
2.9519892182689194e-05 1.3971957363920869e-05
2.9519892182689194e-05 1.3971957363920869e-05
2.9519892182689194e-05 1.3971957363920869e-05
2.9519892182689194e-05 1.3971957363920869e-05
2.9519892182689194e-05 1.3971957363920869e-05
2.9519892182689194e-05 1.3971957363920869e-05
2.9519892182689194e-05 1.3971957363920869e-05
2.9519892182689194e-05 1.3971957363920869e-05
1.2374614709746787e-05 1.397097577300463e-05
1.2374614709746787e-05 1.397097577300463e-05
1.2374614709746787e-05 1.397097577300463e-05
3.260053588652965e-05 1.3971882517891578e-05
3.260053588652965e-05 1.3971882517891578e-05
3.260053588652965e-05 1.3971882517891578e-05
3.260053588652965e-05 1.3971882517891578e-05
3.260053588652965e-05 1.3971882517891578e-05
3.260053588652965e-05 1.3971882517891578e-05
3.260053588652965e-05 1.3971882517891578e-05
3.260053588652965e-05 1.3971882517891578e-05
3.260053588652965e-05 1.3971882517891578e-05
3.260053588652965e-05 1.3971882517891578e-05
3.260053588652965e-05 1.3971882517891578e-05
3.260053588652965e-05 1.3971882517891578e-05
3.260053588652965e-05 1.3971882517891578e-05
3.260053588652965e-05 1.3971882517891578e-05
3.260053588652965e-05 1.3971882517891578e-05
3.260053588652965e-05 1.3971882517891578e-05
3.260053588652965e-05 1.3971882517891578e-05
3.260053588652965e-05 1.3971882517891578e-05
3.260053588652965e-05 1.3971882517891578e-05
3.260053588652965e-05 1.3971882517891578e-05
3.260053588652965e-05 1.3971882517891578e-05
3.260053588652965e-05 1.3971882517891578e-05
3.260053588652965e-05 1.3971882517891578e-05
3.260053588652965e-05 1.3971882517891578e-05
3.260053588652965e-05 1.3971882517891578e-05
3.260053588652965e-05 1.3971882517891578e-05
3.260053588652965e-05 1.3971882517891578e-05
3.260053588652965e-05 1.3971882517891578e-05
3.260053588652965e-05 1.3971882517891578e-05
3.260053588652965e-05 1.3971882517891578e-05
3.260053588652965e-05 1.3971882517891578e-05
3.260053588652965e-05 1.3971882517891578e-05
3.260053588652965e-05 1.3971882517891578e-05
3.260053588652965e-05 1.3971882517891578e-05
3.260053588652965e-05 1.3971882517891578e-05
3.260053588652965e-05 1.3971882517891578e-05
3.260053588652965e-05 1.3971882517891578e-05
3.260053588652965e-05 1.3971882517891578e-05
3.260053588652965e-05 1.3971882517891578e-05
3.260053588652965e-05 1.3971882517891578e-05
3.260053588652965e-05 1.3971882517891578e-05
3.260053588652965e-05 1.3971882517891578e-05
3.260053588652965e-05 1.3971882517891578e-05
3.260053588652965e-05 1.3971882517891578e-05
3.260053588652965e-05 1.3971882517891578e-05
1.3790654808551952e-05 1.3972065156878739e-05
1.3790654808551952e-05 1.3972065156878739e-05
1.3790654808551952e-05 1.3972065156878739e-05
1.3790654808551952e-05 1.3972065156878739e-05
1.3790654808551952e-05 1.3972065156878739e-05
1.3790654808551952e-05 1.3972065156878739e-05
1.3790654808551952e-05 1.3972065156878739e-05
1.3790654808551952e-05 1.3972065156878739e-05
1.3790654808551952e-05 1.3972065156878739e-05
1.3790654808551952e-05 1.3972065156878739e-05
1.3790654808551952e-05 1.3972065156878739e-05
1.3790654808551952e-05 1.3972065156878739e-05
1.3790654808551952e-05 1.3972065156878739e-05
1.3790654808551952e-05 1.3972065156878739e-05
1.3790654808551952e-05 1.3972065156878739e-05
1.3790654808551952e-05 1.3972065156878739e-05
1.3790654808551952e-05 1.3972065156878739e-05
1.3790654808551952e-05 1.3972065156878739e-05
1.3790654808551952e-05 1.3972065156878739e-05
1.3790654808551952e-05 1.3972065156878739e-05
1.3790654808551952e-05 1.3972065156878739e-05
1.3790654808551952e-05 1.3972065156878739e-05
1.3790654808551952e-05 1.3972065156878739e-05
1.3790654808551952e-05 1.3972065156878739e-05
1.3790654808551952e-05 1.3972065156878739e-05
1.3790654808551952e-05 1.3972065156878739e-05
1.3790654808551952e-05 1.3972065156878739e-05
1.3790654808551952e-05 1.3972065156878739e-05
1.3790654808551952e-05 1.3972065156878739e-05
1.3790654808551952e-05 1.3972065156878739e-05
1.3790654808551952e-05 1.3972065156878739e-05
1.3790654808551952e-05 1.3972065156878739e-05
1.3790654808551952e-05 1.3972065156878739e-05
1.3790654808551952e-05 1.3972065156878739e-05
1.3790654808551952e-05 1.3972065156878739e-05
1.3790654808551952e-05 1.3972065156878739e-05
1.3790654808551952e-05 1.3972065156878739e-05
1.3790654808551952e-05 1.3972065156878739e-05
1.3790654808551952e-05 1.3972065156878739e-05
1.3790654808551952e-05 1.3972065156878739e-05
1.3790654808551952e-05 1.3972065156878739e-05
1.3790654808551952e-05 1.3972065156878739e-05
1.3790654808551952e-05 1.3972065156878739e-05
1.3790654808551952e-05 1.3972065156878739e-05
1.3790654808551952e-05 1.3972065156878739e-05
8.23716190466425e-06 1.3970452239505223e-05
6.6776235447756e-05 1.3970153729675382e-05
1.174874089401484e-05 1.3973598966697861e-05
6.859347703470791e-06 1.4018282176338307e-05
1.174874089401484e-05 1.3973598966697861e-05
2.4606963946980507e-06 1.3974515061787815e-05
2.4606963946980507e-06 1.3974515061787815e-05
2.4606963946980507e-06 1.3974515061787815e-05
2.4606963946980507e-06 1.3974515061787815e-05
2.4606963946980507e-06 1.3974515061787815e-05
2.4606963946980507e-06 1.3974515061787815e-05
1.4195540158757244e-07 1.3959857891714763e-05
2.2633561192828287e-05 1.3971265162166747e-05
2.2633561192828287e-05 1.3971265162166747e-05
2.2633561192828287e-05 1.3971265162166747e-05
2.2633561192828287e-05 1.3971265162166747e-05
2.2633561192828287e-05 1.3971265162166747e-05
2.2633561192828287e-05 1.3971265162166747e-05
2.2633561192828287e-05 1.3971265162166747e-05
2.2633561192828287e-05 1.3971265162166747e-05
2.2633561192828287e-05 1.3971265162166747e-05
2.2633561192828287e-05 1.3971265162166747e-05
2.2633561192828287e-05 1.3971265162166747e-05
2.2633561192828287e-05 1.3971265162166747e-05
2.2633561192828287e-05 1.3971265162166747e-05
2.2633561192828287e-05 1.3971265162166747e-05
2.2633561192828287e-05 1.3971265162166747e-05
2.2633561192828287e-05 1.3971265162166747e-05
2.2633561192828287e-05 1.3971265162166747e-05
2.2633561192828287e-05 1.3971265162166747e-05
2.2633561192828287e-05 1.3971265162166747e-05
2.2633561192828287e-05 1.3971265162166747e-05
2.2633561192828287e-05 1.3971265162166747e-05
2.2633561192828287e-05 1.3971265162166747e-05
2.2633561192828287e-05 1.3971265162166747e-05
2.2633561192828287e-05 1.3971265162166747e-05
2.2633561192828287e-05 1.3971265162166747e-05
2.2633561192828287e-05 1.3971265162166747e-05
2.2633561192828287e-05 1.3971265162166747e-05
2.2633561192828287e-05 1.3971265162166747e-05
2.2633561192828287e-05 1.3971265162166747e-05
2.2633561192828287e-05 1.3971265162166747e-05
2.2633561192828287e-05 1.3971265162166747e-05
2.2633561192828287e-05 1.3971265162166747e-05
2.2633561192828287e-05 1.3971265162166747e-05
2.2633561192828287e-05 1.3971265162166747e-05
2.2633561192828287e-05 1.3971265162166747e-05
2.2633561192828287e-05 1.3971265162166747e-05
2.2633561192828287e-05 1.3971265162166747e-05
2.2633561192828287e-05 1.3971265162166747e-05
2.2633561192828287e-05 1.3971265162166747e-05
2.2633561192828287e-05 1.3971265162166747e-05
2.2633561192828287e-05 1.3971265162166747e-05
2.2633561192828287e-05 1.3971265162166747e-05
2.2633561192828287e-05 1.3971265162166747e-05
2.2633561192828287e-05 1.3971265162166747e-05
2.2633561192828287e-05 1.3971265162166747e-05
1.1008544948468422e-05 1.398280419058562e-05
1.0932245818271586e-05 1.3972012315521537e-05
6.856738784939761e-05 1.3977688218566382e-05
1.1794781759281348e-05 1.3974767651549522e-05
1.1794781759281348e-05 1.3974767651549522e-05
2.4556912834171617e-05 1.3971683975197784e-05
2.4556912834171617e-05 1.3971683975197784e-05
2.4556912834171617e-05 1.3971683975197784e-05
2.4556912834171617e-05 1.3971683975197784e-05
2.4556912834171617e-05 1.3971683975197784e-05
2.4556912834171617e-05 1.3971683975197784e-05
2.7017666332864755e-05 1.3972389359015831e-05
2.7017666332864755e-05 1.3972389359015831e-05
2.7017666332864755e-05 1.3972389359015831e-05
2.7017666332864755e-05 1.3972389359015831e-05
2.7017666332864755e-05 1.3972389359015831e-05
2.7017666332864755e-05 1.3972389359015831e-05
2.7017666332864755e-05 1.3972389359015831e-05
2.7017666332864755e-05 1.3972389359015831e-05
2.7017666332864755e-05 1.3972389359015831e-05
6.710569430687826e-05 1.3973090393818305e-05
6.710569430687826e-05 1.3973090393818305e-05
1.2918694901766243e-06 1.397853251394595e-05
1.4219923072482278e-05 1.3971745448760878e-05
1.4219923072482278e-05 1.3971745448760878e-05
1.4219923072482278e-05 1.3971745448760878e-05
1.4219923072482278e-05 1.3971745448760878e-05
1.4219923072482278e-05 1.3971745448760878e-05
1.4219923072482278e-05 1.3971745448760878e-05
1.4219923072482278e-05 1.3971745448760878e-05
1.4219923072482278e-05 1.3971745448760878e-05
1.4219923072482278e-05 1.3971745448760878e-05
1.4219923072482278e-05 1.3971745448760878e-05
1.4219923072482278e-05 1.3971745448760878e-05
1.4219923072482278e-05 1.3971745448760878e-05
1.4219923072482278e-05 1.3971745448760878e-05
1.4219923072482278e-05 1.3971745448760878e-05
1.4219923072482278e-05 1.3971745448760878e-05
1.4219923072482278e-05 1.3971745448760878e-05
1.4219923072482278e-05 1.3971745448760878e-05
1.4219923072482278e-05 1.3971745448760878e-05
1.4219923072482278e-05 1.3971745448760878e-05
1.4219923072482278e-05 1.3971745448760878e-05
1.4219923072482278e-05 1.3971745448760878e-05
1.4219923072482278e-05 1.3971745448760878e-05
1.4219923072482278e-05 1.3971745448760878e-05
1.4219923072482278e-05 1.3971745448760878e-05
1.4219923072482278e-05 1.3971745448760878e-05
1.4219923072482278e-05 1.3971745448760878e-05
1.4219923072482278e-05 1.3971745448760878e-05
1.4219923072482278e-05 1.3971745448760878e-05
1.4219923072482278e-05 1.3971745448760878e-05
1.4219923072482278e-05 1.3971745448760878e-05
1.4219923072482278e-05 1.3971745448760878e-05
1.4219923072482278e-05 1.3971745448760878e-05
1.4219923072482278e-05 1.3971745448760878e-05
1.4219923072482278e-05 1.3971745448760878e-05
1.4219923072482278e-05 1.3971745448760878e-05
1.4219923072482278e-05 1.3971745448760878e-05
1.4219923072482278e-05 1.3971745448760878e-05
1.4219923072482278e-05 1.3971745448760878e-05
1.4219923072482278e-05 1.3971745448760878e-05
1.4219923072482278e-05 1.3971745448760878e-05
1.4219923072482278e-05 1.3971745448760878e-05
1.4219923072482278e-05 1.3971745448760878e-05
1.4219923072482278e-05 1.3971745448760878e-05
1.4219923072482278e-05 1.3971745448760878e-05
1.4219923072482278e-05 1.3971745448760878e-05
1.4219923072482278e-05 1.3971745448760878e-05
1.4219923072482278e-05 1.3971745448760878e-05
1.4219923072482278e-05 1.3971745448760878e-05
1.4219923072482278e-05 1.3971745448760878e-05
1.4219923072482278e-05 1.3971745448760878e-05
1.4219923072482278e-05 1.3971745448760878e-05
1.4219923072482278e-05 1.3971745448760878e-05
1.4219923072482278e-05 1.3971745448760878e-05
1.4219923072482278e-05 1.3971745448760878e-05
1.4219923072482278e-05 1.3971745448760878e-05
1.4219923072482278e-05 1.3971745448760878e-05
1.4219923072482278e-05 1.3971745448760878e-05
1.4219923072482278e-05 1.3971745448760878e-05
1.4219923072482278e-05 1.3971745448760878e-05
1.4219923072482278e-05 1.3971745448760878e-05
1.4219923072482278e-05 1.3971745448760878e-05
1.4219923072482278e-05 1.3971745448760878e-05
1.4219923072482278e-05 1.3971745448760878e-05
1.4219923072482278e-05 1.3971745448760878e-05
1.4219923072482278e-05 1.3971745448760878e-05
1.4219923072482278e-05 1.3971745448760878e-05
1.4219923072482278e-05 1.3971745448760878e-05
1.4219923072482278e-05 1.3971745448760878e-05
1.4219923072482278e-05 1.3971745448760878e-05
1.4219923072482278e-05 1.3971745448760878e-05
1.4219923072482278e-05 1.3971745448760878e-05
1.4219923072482278e-05 1.3971745448760878e-05
1.4219923072482278e-05 1.3971745448760878e-05
1.4219923072482278e-05 1.3971745448760878e-05
1.4219923072482278e-05 1.3971745448760878e-05
1.4219923072482278e-05 1.3971745448760878e-05
1.4219923072482278e-05 1.3971745448760878e-05
1.4219923072482278e-05 1.3971745448760878e-05
1.4219923072482278e-05 1.3971745448760878e-05
1.4219923072482278e-05 1.3971745448760878e-05
1.4219923072482278e-05 1.3971745448760878e-05
1.4219923072482278e-05 1.3971745448760878e-05
1.4219923072482278e-05 1.3971745448760878e-05
1.4219923072482278e-05 1.3971745448760878e-05
1.4219923072482278e-05 1.3971745448760878e-05
1.4219923072482278e-05 1.3971745448760878e-05
1.4219923072482278e-05 1.3971745448760878e-05
1.4219923072482278e-05 1.3971745448760878e-05
1.4219923072482278e-05 1.3971745448760878e-05
1.4219923072482278e-05 1.3971745448760878e-05
1.374420173046844e-05 1.3987450210389948e-05
1.374420173046844e-05 1.3987450210389948e-05
1.374420173046844e-05 1.3987450210389948e-05
9.695195355441453e-06 1.3971912633569723e-05
9.695195355441453e-06 1.3971912633569723e-05
9.695195355441453e-06 1.3971912633569723e-05
4.387994181727677e-06 1.397033482275256e-05
1.4285171875875767e-05 1.3971819018921001e-05
1.4285171875875767e-05 1.3971819018921001e-05
1.4285171875875767e-05 1.3971819018921001e-05
1.4285171875875767e-05 1.3971819018921001e-05
1.4285171875875767e-05 1.3971819018921001e-05
1.4285171875875767e-05 1.3971819018921001e-05
1.4285171875875767e-05 1.3971819018921001e-05
1.4285171875875767e-05 1.3971819018921001e-05
1.4285171875875767e-05 1.3971819018921001e-05
1.4285171875875767e-05 1.3971819018921001e-05
1.4285171875875767e-05 1.3971819018921001e-05
1.4285171875875767e-05 1.3971819018921001e-05
1.4285171875875767e-05 1.3971819018921001e-05
1.4285171875875767e-05 1.3971819018921001e-05
1.4285171875875767e-05 1.3971819018921001e-05
1.4285171875875767e-05 1.3971819018921001e-05
1.4285171875875767e-05 1.3971819018921001e-05
1.4285171875875767e-05 1.3971819018921001e-05
1.4285171875875767e-05 1.3971819018921001e-05
1.4285171875875767e-05 1.3971819018921001e-05
1.4285171875875767e-05 1.3971819018921001e-05
1.4285171875875767e-05 1.3971819018921001e-05
1.4285171875875767e-05 1.3971819018921001e-05
1.4285171875875767e-05 1.3971819018921001e-05
1.4285171875875767e-05 1.3971819018921001e-05
1.4285171875875767e-05 1.3971819018921001e-05
1.4285171875875767e-05 1.3971819018921001e-05
1.4285171875875767e-05 1.3971819018921001e-05
1.4285171875875767e-05 1.3971819018921001e-05
1.4285171875875767e-05 1.3971819018921001e-05
1.4285171875875767e-05 1.3971819018921001e-05
1.4285171875875767e-05 1.3971819018921001e-05
1.4285171875875767e-05 1.3971819018921001e-05
1.4285171875875767e-05 1.3971819018921001e-05
1.4285171875875767e-05 1.3971819018921001e-05
1.4285171875875767e-05 1.3971819018921001e-05
1.4285171875875767e-05 1.3971819018921001e-05
1.4285171875875767e-05 1.3971819018921001e-05
1.4285171875875767e-05 1.3971819018921001e-05
1.4285171875875767e-05 1.3971819018921001e-05
1.4285171875875767e-05 1.3971819018921001e-05
1.4285171875875767e-05 1.3971819018921001e-05
1.4285171875875767e-05 1.3971819018921001e-05
1.4285171875875767e-05 1.3971819018921001e-05
1.4285171875875767e-05 1.3971819018921001e-05
2.9998131263954048e-06 1.3958730701499124e-05
1.4147614332965126e-05 1.397178244173423e-05
1.4147614332965126e-05 1.397178244173423e-05
1.4147614332965126e-05 1.397178244173423e-05
1.4147614332965126e-05 1.397178244173423e-05
1.4147614332965126e-05 1.397178244173423e-05
1.4147614332965126e-05 1.397178244173423e-05
1.4147614332965126e-05 1.397178244173423e-05
1.4147614332965126e-05 1.397178244173423e-05
1.4147614332965126e-05 1.397178244173423e-05
1.4147614332965126e-05 1.397178244173423e-05
1.4147614332965126e-05 1.397178244173423e-05
1.4147614332965126e-05 1.397178244173423e-05
1.4147614332965126e-05 1.397178244173423e-05
1.4147614332965126e-05 1.397178244173423e-05
1.4147614332965126e-05 1.397178244173423e-05
1.4147614332965126e-05 1.397178244173423e-05
1.4147614332965126e-05 1.397178244173423e-05
1.4147614332965126e-05 1.397178244173423e-05
1.4147614332965126e-05 1.397178244173423e-05
1.4147614332965126e-05 1.397178244173423e-05
1.4147614332965126e-05 1.397178244173423e-05
1.4147614332965126e-05 1.397178244173423e-05
1.4147614332965126e-05 1.397178244173423e-05
1.4147614332965126e-05 1.397178244173423e-05
1.4147614332965126e-05 1.397178244173423e-05
1.4147614332965126e-05 1.397178244173423e-05
1.4147614332965126e-05 1.397178244173423e-05
1.4147614332965126e-05 1.397178244173423e-05
1.4147614332965126e-05 1.397178244173423e-05
1.4147614332965126e-05 1.397178244173423e-05
1.4147614332965126e-05 1.397178244173423e-05
1.4147614332965126e-05 1.397178244173423e-05
1.4147614332965126e-05 1.397178244173423e-05
1.4147614332965126e-05 1.397178244173423e-05
1.4147614332965126e-05 1.397178244173423e-05
1.4147614332965126e-05 1.397178244173423e-05
1.4147614332965126e-05 1.397178244173423e-05
1.4147614332965126e-05 1.397178244173423e-05
1.4147614332965126e-05 1.397178244173423e-05
1.4147614332965126e-05 1.397178244173423e-05
1.4147614332965126e-05 1.397178244173423e-05
1.4147614332965126e-05 1.397178244173423e-05
1.4147614332965126e-05 1.397178244173423e-05
1.4147614332965126e-05 1.397178244173423e-05
1.4147614332965126e-05 1.397178244173423e-05
2.4803174409473625e-07 1.3997662390380807e-05
0.0001400237128851878 1.3968019634482155e-05
0.0001400237128851878 1.3968019634482155e-05
2.4803174409473625e-07 1.3997662390380807e-05