0.06958473900079791 0.11243053319708274
0.06958473900079791 0.11243053319708274
0.06220900933689825 0.05380440108067248
0.06220900933689825 0.05380440108067248
0.013068157957361031 0.02378109383092795
0.0824782675644274 0.07882014922239176
0.061834903481389196 0.05939954085417921
0.07043548861234375 0.06207077564847348
0.06958473900079791 0.06207077564847348
0.06958473900079791 0.06207077564847348
0.06958473900079791 0.06207077564847348
0.06958473900079791 0.06207077564847348
0.0011597631479485422 0.00011828604224701486
0.00048364293013424415 0.006030838361073394
0.06958473900079791 0.11243053319708274
0.06958473900079791 0.11243053319708274
0.06958473900079791 0.11243053319708274
0.06958473900079791 0.11243053319708274
0.06958473900079791 0.11243053319708274
0.06958473900079791 0.11243053319708274
0.06958473900079791 0.11243053319708274
0.061371208197432706 0.05380440108067248
0.061371208197432706 0.05380440108067248
0.0824782675644274 0.07882014922239176
0.0824782675644274 0.07882014922239176
0.06220900933689825 0.05380440108067248
0.06220900933689825 0.05380440108067248
0.06220900933689825 0.05380440108067248
0.013202542100032195 0.017974229040973164
0.0006512731497683274 0.01190839480941249
0.0010253790052773774 0.006030838361073394
0.061371208197432706 0.05380440108067248
0.0006131276509371894 0.00011828604224701486
0.06166727326175511 0.05380440108067248
0.01374427817517533 0.017974229040973164
0.07043548861234375 0.06207077564847348
0.07043548861234375 0.06207077564847348
0.07043548861234375 0.06207077564847348
0.07043548861234375 0.06207077564847348
0.00048364293013424415 0.006030838361073394
0.0698937525372006 0.06207077564847348
0.06975936839452944 0.06761692120329801
0.0007807578705712726 0.006030838361073394
0.07425178828898191 0.07070180718675197
0.06166727326175511 0.05380440108067248
0.06166727326175511 0.05380440108067248
0.06166727326175511 0.05380440108067248
0.06153288911908395 0.05939954085417921
0.07425178828898191 0.07070180718675197
0.0698937525372006 0.06207077564847348