2.133819693431592e-06 1.9775666869075217e-06
2.133819693431592e-06 1.9775666869075217e-06
2.133819693431592e-06 1.9775666869075217e-06
2.052158051957862e-06 1.977600267595231e-06
2.052158051957862e-06 1.977600267595231e-06
2.052158051957862e-06 1.977600267595231e-06
2.052158051957862e-06 1.977600267595231e-06
2.052158051957862e-06 1.977600267595231e-06
2.052158051957862e-06 1.977600267595231e-06
2.052158051957862e-06 1.977600267595231e-06
2.052158051957862e-06 1.977600267595231e-06
2.052158051957862e-06 1.977600267595231e-06
2.052158051957862e-06 1.977600267595231e-06
2.052158051957862e-06 1.977600267595231e-06
2.231951286646669e-06 1.9775987717298254e-06
2.231951286646669e-06 1.9775987717298254e-06
2.231951286646669e-06 1.9775987717298254e-06
1.977601683334553e-06 1.977601683334553e-06
1.977601683334553e-06 1.977601683334553e-06
1.977601683334553e-06 1.977601683334553e-06
2.1969845514279133e-06 1.9775987717298254e-06
2.1969845514279133e-06 1.9775987717298254e-06
2.1969845514279133e-06 1.9775987717298254e-06
2.1969845514279133e-06 1.9775987717298254e-06
2.1969845514279133e-06 1.9775987717298254e-06
2.1969845514279133e-06 1.9775987717298254e-06
2.1969845514279133e-06 1.9775987717298254e-06
2.1969845514279133e-06 1.9775987717298254e-06
2.1969845514279133e-06 1.9775987717298254e-06
2.1969845514279133e-06 1.9775987717298254e-06
2.1969845514279133e-06 1.9775987717298254e-06
2.1969845514279133e-06 1.9775987717298254e-06
1.977601683334553e-06 1.977601683334553e-06
1.977601683334553e-06 1.977601683334553e-06
1.977601683334553e-06 1.977601683334553e-06
1.977601683334553e-06 1.977601683334553e-06
1.977601683334553e-06 1.977601683334553e-06
1.977601683334553e-06 1.977601683334553e-06
1.977601683334553e-06 1.977601683334553e-06
1.977601683334553e-06 1.977601683334553e-06
1.977601683334553e-06 1.977601683334553e-06
2.039185754535551e-06 1.9775918301931054e-06
2.039185754535551e-06 1.9775918301931054e-06
2.039185754535551e-06 1.9775918301931054e-06
2.039185754535551e-06 1.9775918301931054e-06
2.039185754535551e-06 1.9775918301931054e-06
2.039185754535551e-06 1.9775918301931054e-06
2.039185754535551e-06 1.9775918301931054e-06
2.039185754535551e-06 1.9775918301931054e-06
2.039185754535551e-06 1.9775918301931054e-06
2.039185754535551e-06 1.9775918301931054e-06
2.039185754535551e-06 1.9775918301931054e-06
1.977601683334553e-06 1.977601683334553e-06
1.977601683334553e-06 1.977601683334553e-06
1.977601683334553e-06 1.977601683334553e-06
1.977601683334553e-06 1.977601683334553e-06
1.977601683334553e-06 1.977601683334553e-06
1.977601683334553e-06 1.977601683334553e-06
1.977601683334553e-06 1.977601683334553e-06
1.977601683334553e-06 1.977601683334553e-06
1.977601683334553e-06 1.977601683334553e-06
2.1063383705296155e-06 1.977539235588099e-06
2.1063383705296155e-06 1.977539235588099e-06
2.1063383705296155e-06 1.977539235588099e-06
3.4884336736773737e-07 1.9776547696893504e-06
3.4884336736773737e-07 1.9776547696893504e-06
3.4884336736773737e-07 1.9776547696893504e-06
3.4884336736773737e-07 1.9776547696893504e-06
3.4884336736773737e-07 1.9776547696893504e-06
3.4884336736773737e-07 1.9776547696893504e-06
3.4884336736773737e-07 1.9776547696893504e-06
3.4884336736773737e-07 1.9776547696893504e-06
3.4884336736773737e-07 1.9776547696893504e-06
3.4884336736773737e-07 1.9776547696893504e-06
3.4884336736773737e-07 1.9776547696893504e-06
1.977601683334553e-06 1.977601683334553e-06
1.977601683334553e-06 1.977601683334553e-06
2.0551871002583883e-06 1.9776066740910927e-06
2.0551871002583883e-06 1.9776066740910927e-06
2.0551871002583883e-06 1.9776066740910927e-06
2.0551871002583883e-06 1.9776066740910927e-06
2.0551871002583883e-06 1.9776066740910927e-06
2.0551871002583883e-06 1.9776066740910927e-06
2.0551871002583883e-06 1.9776066740910927e-06
2.0551871002583883e-06 1.9776066740910927e-06
2.0551871002583883e-06 1.9776066740910927e-06
2.0551871002583883e-06 1.9776066740910927e-06
2.0551871002583883e-06 1.9776066740910927e-06
1.977601683334553e-06 1.977601683334553e-06
1.977601683334553e-06 1.977601683334553e-06
1.977601683334553e-06 1.977601683334553e-06
2.325069351005491e-06 1.9776094531304293e-06
2.325069351005491e-06 1.9776094531304293e-06
2.325069351005491e-06 1.9776094531304293e-06
1.977601683334553e-06 1.977601683334553e-06
1.977601683334553e-06 1.977601683334553e-06
1.977601683334553e-06 1.977601683334553e-06
1.977601683334553e-06 1.977601683334553e-06
1.977601683334553e-06 1.977601683334553e-06
1.977601683334553e-06 1.977601683334553e-06
1.977601683334553e-06 1.977601683334553e-06
1.977601683334553e-06 1.977601683334553e-06
1.977601683334553e-06 1.977601683334553e-06
1.977601683334553e-06 1.977601683334553e-06
1.977601683334553e-06 1.977601683334553e-06
1.977601683334553e-06 1.977601683334553e-06
2.226992197330083e-06 1.977599198517242e-06
2.226992197330083e-06 1.977599198517242e-06
2.226992197330083e-06 1.977599198517242e-06
1.977601683334553e-06 1.977601683334553e-06
1.977601683334553e-06 1.977601683334553e-06
1.977601683334553e-06 1.977601683334553e-06
2.0878643890322036e-06 1.9776547696893504e-06
2.0878643890322036e-06 1.9776547696893504e-06
2.0878643890322036e-06 1.9776547696893504e-06
2.0878643890322036e-06 1.9776547696893504e-06
2.0878643890322036e-06 1.9776547696893504e-06
2.0878643890322036e-06 1.9776547696893504e-06
2.0878643890322036e-06 1.9776547696893504e-06
2.0878643890322036e-06 1.9776547696893504e-06
2.0878643890322036e-06 1.9776547696893504e-06
2.0878643890322036e-06 1.9776547696893504e-06
2.0878643890322036e-06 1.9776547696893504e-06
1.977601683334553e-06 1.977601683334553e-06
1.977601683334553e-06 1.977601683334553e-06
1.977601683334553e-06 1.977601683334553e-06
2.052158051957862e-06 1.977600267595231e-06
2.052158051957862e-06 1.977600267595231e-06
2.052158051957862e-06 1.977600267595231e-06
2.052158051957862e-06 1.977600267595231e-06
2.052158051957862e-06 1.977600267595231e-06
2.052158051957862e-06 1.977600267595231e-06
2.052158051957862e-06 1.977600267595231e-06
2.052158051957862e-06 1.977600267595231e-06
2.052158051957862e-06 1.977600267595231e-06
2.052158051957862e-06 1.977600267595231e-06
2.052158051957862e-06 1.977600267595231e-06
2.3030491090955178e-06 1.9776226600226246e-06
2.3030491090955178e-06 1.9776226600226246e-06
2.3030491090955178e-06 1.9776226600226246e-06
1.977601683334553e-06 1.977601683334553e-06
1.977601683334553e-06 1.977601683334553e-06
1.977601683334553e-06 1.977601683334553e-06
1.977601683334553e-06 1.977601683334553e-06
1.977601683334553e-06 1.977601683334553e-06
1.977601683334553e-06 1.977601683334553e-06
1.977601683334553e-06 1.977601683334553e-06
1.977601683334553e-06 1.977601683334553e-06
1.977601683334553e-06 1.977601683334553e-06
1.977601683334553e-06 1.977601683334553e-06
1.977601683334553e-06 1.977601683334553e-06
1.977601683334553e-06 1.977601683334553e-06
1.977601683334553e-06 1.977601683334553e-06
1.977601683334553e-06 1.977601683334553e-06
2.2238450926980054e-06 1.9776134784068455e-06
2.2238450926980054e-06 1.9776134784068455e-06
2.2238450926980054e-06 1.9776134784068455e-06
2.2238450926980054e-06 1.9776134784068455e-06
2.2238450926980054e-06 1.9776134784068455e-06
2.2238450926980054e-06 1.9776134784068455e-06
2.2238450926980054e-06 1.9776134784068455e-06
2.2238450926980054e-06 1.9776134784068455e-06
2.2238450926980054e-06 1.9776134784068455e-06
2.2238450926980054e-06 1.9776134784068455e-06
2.2238450926980054e-06 1.9776134784068455e-06
2.2238450926980054e-06 1.9776134784068455e-06
2.2238450926980054e-06 1.9776134784068455e-06
2.2238450926980054e-06 1.9776134784068455e-06
2.2238450926980054e-06 1.9776134784068455e-06
2.2238450926980054e-06 1.9776134784068455e-06
2.2238450926980054e-06 1.9776134784068455e-06
2.2238450926980054e-06 1.9776134784068455e-06
2.2238450926980054e-06 1.9776134784068455e-06
2.2238450926980054e-06 1.9776134784068455e-06
2.2238450926980054e-06 1.9776134784068455e-06
2.0268077192329946e-06 1.9776066740910927e-06
2.0268077192329946e-06 1.9776066740910927e-06
2.0268077192329946e-06 1.9776066740910927e-06
2.0268077192329946e-06 1.9776066740910927e-06
2.0268077192329946e-06 1.9776066740910927e-06
2.0268077192329946e-06 1.9776066740910927e-06
2.0268077192329946e-06 1.9776066740910927e-06
2.0268077192329946e-06 1.9776066740910927e-06
2.0268077192329946e-06 1.9776066740910927e-06
2.0268077192329946e-06 1.9776066740910927e-06
2.0268077192329946e-06 1.9776066740910927e-06
2.0268077192329946e-06 1.9776066740910927e-06
2.0268077192329946e-06 1.9776066740910927e-06
2.0268077192329946e-06 1.9776066740910927e-06
2.0268077192329946e-06 1.9776066740910927e-06
2.0268077192329946e-06 1.9776066740910927e-06
2.0268077192329946e-06 1.9776066740910927e-06
2.0268077192329946e-06 1.9776066740910927e-06
2.0268077192329946e-06 1.9776066740910927e-06
2.0268077192329946e-06 1.9776066740910927e-06
2.0268077192329946e-06 1.9776066740910927e-06
2.0268077192329946e-06 1.9776066740910927e-06
2.0572023529081515e-06 1.9776040558878916e-06
2.0572023529081515e-06 1.9776040558878916e-06
2.0572023529081515e-06 1.9776040558878916e-06
2.0572023529081515e-06 1.9776040558878916e-06
2.0572023529081515e-06 1.9776040558878916e-06
2.0572023529081515e-06 1.9776040558878916e-06
2.0572023529081515e-06 1.9776040558878916e-06
2.0572023529081515e-06 1.9776040558878916e-06
2.0572023529081515e-06 1.9776040558878916e-06
2.0572023529081515e-06 1.9776040558878916e-06
2.0572023529081515e-06 1.9776040558878916e-06
2.0572023529081515e-06 1.9776040558878916e-06
2.0572023529081515e-06 1.9776040558878916e-06
2.0572023529081515e-06 1.9776040558878916e-06
2.0572023529081515e-06 1.9776040558878916e-06
2.0572023529081515e-06 1.9776040558878916e-06
2.0572023529081515e-06 1.9776040558878916e-06
2.0572023529081515e-06 1.9776040558878916e-06
2.0572023529081515e-06 1.9776040558878916e-06
2.0572023529081515e-06 1.9776040558878916e-06
2.0572023529081515e-06 1.9776040558878916e-06
2.0572023529081515e-06 1.9776040558878916e-06
2.0572023529081515e-06 1.9776040558878916e-06
2.0572023529081515e-06 1.9776040558878916e-06
2.0572023529081515e-06 1.9776040558878916e-06
2.0572023529081515e-06 1.9776040558878916e-06
2.0572023529081515e-06 1.9776040558878916e-06
2.0572023529081515e-06 1.9776040558878916e-06
2.0572023529081515e-06 1.9776040558878916e-06
2.0572023529081515e-06 1.9776040558878916e-06
2.0572023529081515e-06 1.9776040558878916e-06
2.0572023529081515e-06 1.9776040558878916e-06
2.0572023529081515e-06 1.9776040558878916e-06
2.0572023529081515e-06 1.9776040558878916e-06
2.0572023529081515e-06 1.9776040558878916e-06
2.0572023529081515e-06 1.9776040558878916e-06
2.0572023529081515e-06 1.9776040558878916e-06
2.0572023529081515e-06 1.9776040558878916e-06
2.0572023529081515e-06 1.9776040558878916e-06
2.0572023529081515e-06 1.9776040558878916e-06
2.0572023529081515e-06 1.9776040558878916e-06
2.0572023529081515e-06 1.9776040558878916e-06
2.0572023529081515e-06 1.9776040558878916e-06
2.0572023529081515e-06 1.9776040558878916e-06
2.0572023529081515e-06 1.9776040558878916e-06
2.0572023529081515e-06 1.9776040558878916e-06
2.0572023529081515e-06 1.9776040558878916e-06
2.0572023529081515e-06 1.9776040558878916e-06
2.0572023529081515e-06 1.9776040558878916e-06
2.0572023529081515e-06 1.9776040558878916e-06
2.0572023529081515e-06 1.9776040558878916e-06
2.0572023529081515e-06 1.9776040558878916e-06
2.0572023529081515e-06 1.9776040558878916e-06
2.0572023529081515e-06 1.9776040558878916e-06
2.0572023529081515e-06 1.9776040558878916e-06
2.0572023529081515e-06 1.9776040558878916e-06
2.0572023529081515e-06 1.9776040558878916e-06
2.0572023529081515e-06 1.9776040558878916e-06
2.0572023529081515e-06 1.9776040558878916e-06
2.0572023529081515e-06 1.9776040558878916e-06
2.0572023529081515e-06 1.9776040558878916e-06
2.0572023529081515e-06 1.9776040558878916e-06
2.0572023529081515e-06 1.9776040558878916e-06
2.0572023529081515e-06 1.9776040558878916e-06
2.0572023529081515e-06 1.9776040558878916e-06
2.0572023529081515e-06 1.9776040558878916e-06
2.0572023529081515e-06 1.9776040558878916e-06
2.0572023529081515e-06 1.9776040558878916e-06
2.0572023529081515e-06 1.9776040558878916e-06
2.0572023529081515e-06 1.9776040558878916e-06
2.0572023529081515e-06 1.9776040558878916e-06
2.0572023529081515e-06 1.9776040558878916e-06
2.0572023529081515e-06 1.9776040558878916e-06
2.0572023529081515e-06 1.9776040558878916e-06
2.0572023529081515e-06 1.9776040558878916e-06
2.0572023529081515e-06 1.9776040558878916e-06
2.0572023529081515e-06 1.9776040558878916e-06
1.977601683334553e-06 1.977601683334553e-06
1.977601683334553e-06 1.977601683334553e-06
1.977601683334553e-06 1.977601683334553e-06
1.977601683334553e-06 1.977601683334553e-06
1.977601683334553e-06 1.977601683334553e-06
1.977601683334553e-06 1.977601683334553e-06
1.977601683334553e-06 1.977601683334553e-06
1.977601683334553e-06 1.977601683334553e-06
1.977601683334553e-06 1.977601683334553e-06
1.977601683334553e-06 1.977601683334553e-06
1.977601683334553e-06 1.977601683334553e-06
1.977601683334553e-06 1.977601683334553e-06
1.977601683334553e-06 1.977601683334553e-06
1.977601683334553e-06 1.977601683334553e-06
2.056181011772054e-06 1.9776017175287494e-06
2.056181011772054e-06 1.9776017175287494e-06
2.056181011772054e-06 1.9776017175287494e-06
2.056181011772054e-06 1.9776017175287494e-06
2.056181011772054e-06 1.9776017175287494e-06
2.056181011772054e-06 1.9776017175287494e-06
2.056181011772054e-06 1.9776017175287494e-06
2.056181011772054e-06 1.9776017175287494e-06
2.056181011772054e-06 1.9776017175287494e-06
2.056181011772054e-06 1.9776017175287494e-06
2.056181011772054e-06 1.9776017175287494e-06
2.0878643890322036e-06 1.9776547696893504e-06
2.0878643890322036e-06 1.9776547696893504e-06
2.0878643890322036e-06 1.9776547696893504e-06
2.0878643890322036e-06 1.9776547696893504e-06
2.0878643890322036e-06 1.9776547696893504e-06
2.0878643890322036e-06 1.9776547696893504e-06
2.0878643890322036e-06 1.9776547696893504e-06
2.0878643890322036e-06 1.9776547696893504e-06
2.0878643890322036e-06 1.9776547696893504e-06
2.0878643890322036e-06 1.9776547696893504e-06
2.0878643890322036e-06 1.9776547696893504e-06
1.977601683334553e-06 1.977601683334553e-06
1.977601683334553e-06 1.977601683334553e-06
1.977601683334553e-06 1.977601683334553e-06
1.977601683334553e-06 1.977601683334553e-06
1.977601683334553e-06 1.977601683334553e-06
1.977601683334553e-06 1.977601683334553e-06
6.581502150493663e-06 1.9774002313362047e-06
6.581502150493663e-06 1.9774002313362047e-06
6.581502150493663e-06 1.9774002313362047e-06
1.977601683334553e-06 1.977601683334553e-06
1.977601683334553e-06 1.977601683334553e-06
1.977601683334553e-06 1.977601683334553e-06
2.0575159769584226e-06 1.977602910080032e-06
2.0575159769584226e-06 1.977602910080032e-06
2.0575159769584226e-06 1.977602910080032e-06
2.0575159769584226e-06 1.977602910080032e-06
2.0575159769584226e-06 1.977602910080032e-06
2.0575159769584226e-06 1.977602910080032e-06
2.0575159769584226e-06 1.977602910080032e-06
2.0575159769584226e-06 1.977602910080032e-06
2.0575159769584226e-06 1.977602910080032e-06
2.0575159769584226e-06 1.977602910080032e-06
2.0575159769584226e-06 1.977602910080032e-06
1.977601683334553e-06 1.977601683334553e-06
1.977601683334553e-06 1.977601683334553e-06
1.977601683334553e-06 1.977601683334553e-06
1.977601683334553e-06 1.977601683334553e-06
2.3030491090955178e-06 1.9776226600226246e-06
2.3030491090955178e-06 1.9776226600226246e-06
2.3030491090955178e-06 1.9776226600226246e-06
2.3030491090955178e-06 1.9776226600226246e-06
2.3030491090955178e-06 1.9776226600226246e-06
2.3030491090955178e-06 1.9776226600226246e-06
2.3030491090955178e-06 1.9776226600226246e-06
2.3030491090955178e-06 1.9776226600226246e-06
2.3030491090955178e-06 1.9776226600226246e-06
1.0810574146890298e-06 1.9927752543187915e-06
1.0810574146890298e-06 1.9927752543187915e-06
1.0810574146890298e-06 1.9927752543187915e-06
2.0548503703717193e-06 1.9776066740910927e-06
2.0548503703717193e-06 1.9776066740910927e-06
2.0548503703717193e-06 1.9776066740910927e-06
2.0548503703717193e-06 1.9776066740910927e-06
2.0548503703717193e-06 1.9776066740910927e-06
2.0548503703717193e-06 1.9776066740910927e-06
2.0548503703717193e-06 1.9776066740910927e-06
2.0548503703717193e-06 1.9776066740910927e-06
2.0548503703717193e-06 1.9776066740910927e-06
2.0548503703717193e-06 1.9776066740910927e-06
2.0548503703717193e-06 1.9776066740910927e-06
2.0572023529081515e-06 1.977602910080032e-06
2.0572023529081515e-06 1.977602910080032e-06
2.0572023529081515e-06 1.977602910080032e-06
2.0572023529081515e-06 1.977602910080032e-06
2.0572023529081515e-06 1.977602910080032e-06
2.0572023529081515e-06 1.977602910080032e-06
2.0572023529081515e-06 1.977602910080032e-06
2.0572023529081515e-06 1.977602910080032e-06
2.0572023529081515e-06 1.977602910080032e-06
2.0572023529081515e-06 1.977602910080032e-06
2.0572023529081515e-06 1.977602910080032e-06
2.0572023529081515e-06 1.977602910080032e-06
2.0572023529081515e-06 1.977602910080032e-06
2.0572023529081515e-06 1.977602910080032e-06
2.0572023529081515e-06 1.977602910080032e-06
2.0572023529081515e-06 1.977602910080032e-06
2.0572023529081515e-06 1.977602910080032e-06
2.0572023529081515e-06 1.977602910080032e-06
2.0572023529081515e-06 1.977602910080032e-06
2.0572023529081515e-06 1.977602910080032e-06
2.0572023529081515e-06 1.977602910080032e-06
2.0572023529081515e-06 1.977602910080032e-06
2.0572023529081515e-06 1.977602910080032e-06
2.0572023529081515e-06 1.977602910080032e-06
2.0572023529081515e-06 1.977602910080032e-06
2.0572023529081515e-06 1.977602910080032e-06
2.0572023529081515e-06 1.977602910080032e-06
2.0572023529081515e-06 1.977602910080032e-06
2.0572023529081515e-06 1.977602910080032e-06
2.0572023529081515e-06 1.977602910080032e-06
2.0572023529081515e-06 1.977602910080032e-06
2.0572023529081515e-06 1.977602910080032e-06
2.0572023529081515e-06 1.977602910080032e-06
2.0572023529081515e-06 1.977602910080032e-06
2.0572023529081515e-06 1.977602910080032e-06
2.0572023529081515e-06 1.977602910080032e-06
2.0572023529081515e-06 1.977602910080032e-06
2.0572023529081515e-06 1.977602910080032e-06
2.0572023529081515e-06 1.977602910080032e-06
2.0572023529081515e-06 1.977602910080032e-06
2.0572023529081515e-06 1.977602910080032e-06
2.0572023529081515e-06 1.977602910080032e-06
2.0572023529081515e-06 1.977602910080032e-06
2.0572023529081515e-06 1.977602910080032e-06
1.977601683334553e-06 1.977601683334553e-06
1.977601683334553e-06 1.977601683334553e-06
1.977601683334553e-06 1.977601683334553e-06
1.977601683334553e-06 1.977601683334553e-06
1.977601683334553e-06 1.977601683334553e-06
1.977601683334553e-06 1.977601683334553e-06
2.2238450926980054e-06 1.9775987717298254e-06
2.2238450926980054e-06 1.9775987717298254e-06
2.2238450926980054e-06 1.9775987717298254e-06
2.2238450926980054e-06 1.9775987717298254e-06
2.2238450926980054e-06 1.9775987717298254e-06
2.2238450926980054e-06 1.9775987717298254e-06
2.2238450926980054e-06 1.9775987717298254e-06
2.2238450926980054e-06 1.9775987717298254e-06
2.2238450926980054e-06 1.9775987717298254e-06
2.2238450926980054e-06 1.9775987717298254e-06
2.2238450926980054e-06 1.9775987717298254e-06
2.2238450926980054e-06 1.9775987717298254e-06
1.977601683334553e-06 1.977601683334553e-06
1.977601683334553e-06 1.977601683334553e-06
1.977601683334553e-06 1.977601683334553e-06
1.977601683334553e-06 1.977601683334553e-06
1.977601683334553e-06 1.977601683334553e-06
1.977601683334553e-06 1.977601683334553e-06
1.977601683334553e-06 1.977601683334553e-06
1.977601683334553e-06 1.977601683334553e-06
1.977601683334553e-06 1.977601683334553e-06
1.977601683334553e-06 1.977601683334553e-06
1.977601683334553e-06 1.977601683334553e-06
2.1738202148516413e-06 1.977622567045359e-06
2.1738202148516413e-06 1.977622567045359e-06
2.1738202148516413e-06 1.977622567045359e-06
2.1738202148516413e-06 1.977622567045359e-06
2.1738202148516413e-06 1.977622567045359e-06
2.1738202148516413e-06 1.977622567045359e-06
2.1738202148516413e-06 1.977622567045359e-06
2.1738202148516413e-06 1.977622567045359e-06
2.1738202148516413e-06 1.977622567045359e-06
2.1738202148516413e-06 1.977622567045359e-06
2.1738202148516413e-06 1.977622567045359e-06
2.1969845514279133e-06 1.9775987717298254e-06
2.1969845514279133e-06 1.9775987717298254e-06
2.1969845514279133e-06 1.9775987717298254e-06
2.0415665378280257e-06 1.977618777118362e-06
2.0415665378280257e-06 1.977618777118362e-06
2.0415665378280257e-06 1.977618777118362e-06
2.0415665378280257e-06 1.977618777118362e-06
2.0415665378280257e-06 1.977618777118362e-06
2.0415665378280257e-06 1.977618777118362e-06
2.0415665378280257e-06 1.977618777118362e-06
2.0415665378280257e-06 1.977618777118362e-06
2.0415665378280257e-06 1.977618777118362e-06
2.0415665378280257e-06 1.977618777118362e-06
2.0415665378280257e-06 1.977618777118362e-06
2.258357217322137e-06 1.977586801810952e-06
2.258357217322137e-06 1.977586801810952e-06
2.258357217322137e-06 1.977586801810952e-06
1.977601683334553e-06 1.977601683334553e-06
1.977601683334553e-06 1.977601683334553e-06
1.977601683334553e-06 1.977601683334553e-06
1.977601683334553e-06 1.977601683334553e-06
1.977601683334553e-06 1.977601683334553e-06
1.977601683334553e-06 1.977601683334553e-06
1.977601683334553e-06 1.977601683334553e-06
1.977601683334553e-06 1.977601683334553e-06
1.977601683334553e-06 1.977601683334553e-06
1.977601683334553e-06 1.977601683334553e-06
1.977601683334553e-06 1.977601683334553e-06
1.977601683334553e-06 1.977601683334553e-06
1.977601683334553e-06 1.977601683334553e-06
1.977601683334553e-06 1.977601683334553e-06
1.977601683334553e-06 1.977601683334553e-06
1.977601683334553e-06 1.977601683334553e-06
1.977601683334553e-06 1.977601683334553e-06
1.977601683334553e-06 1.977601683334553e-06
1.977601683334553e-06 1.977601683334553e-06
1.977601683334553e-06 1.977601683334553e-06
1.977601683334553e-06 1.977601683334553e-06
1.977601683334553e-06 1.977601683334553e-06
1.977601683334553e-06 1.977601683334553e-06
1.977601683334553e-06 1.977601683334553e-06
1.977601683334553e-06 1.977601683334553e-06
1.977601683334553e-06 1.977601683334553e-06
1.977601683334553e-06 1.977601683334553e-06
1.977601683334553e-06 1.977601683334553e-06
2.202565105986567e-06 1.9776239390593804e-06
2.202565105986567e-06 1.9776239390593804e-06
2.202565105986567e-06 1.9776239390593804e-06
2.202565105986567e-06 1.9776239390593804e-06
2.202565105986567e-06 1.9776239390593804e-06
2.202565105986567e-06 1.9776239390593804e-06
2.0324332402512127e-06 1.977602910080032e-06
2.0324332402512127e-06 1.977602910080032e-06
2.0324332402512127e-06 1.977602910080032e-06
2.0324332402512127e-06 1.977602910080032e-06
2.0324332402512127e-06 1.977602910080032e-06
2.0324332402512127e-06 1.977602910080032e-06
2.0324332402512127e-06 1.977602910080032e-06
2.0324332402512127e-06 1.977602910080032e-06
2.0324332402512127e-06 1.977602910080032e-06
2.0324332402512127e-06 1.977602910080032e-06
2.0324332402512127e-06 1.977602910080032e-06
2.210628429442602e-06 1.9776547696893504e-06
2.210628429442602e-06 1.9776547696893504e-06
2.210628429442602e-06 1.9776547696893504e-06
2.210628429442602e-06 1.9776547696893504e-06
2.210628429442602e-06 1.9776547696893504e-06
2.210628429442602e-06 1.9776547696893504e-06
2.210628429442602e-06 1.9776547696893504e-06
2.210628429442602e-06 1.9776547696893504e-06
2.210628429442602e-06 1.9776547696893504e-06
2.210628429442602e-06 1.9776547696893504e-06
2.210628429442602e-06 1.9776547696893504e-06
1.913653350482382e-06 1.977618777118362e-06
1.913653350482382e-06 1.977618777118362e-06
1.913653350482382e-06 1.977618777118362e-06
1.913653350482382e-06 1.977618777118362e-06
1.913653350482382e-06 1.977618777118362e-06
1.913653350482382e-06 1.977618777118362e-06
1.913653350482382e-06 1.977618777118362e-06
1.913653350482382e-06 1.977618777118362e-06
1.913653350482382e-06 1.977618777118362e-06
1.913653350482382e-06 1.977618777118362e-06
1.913653350482382e-06 1.977618777118362e-06
1.977601683334553e-06 1.977601683334553e-06
1.977601683334553e-06 1.977601683334553e-06
1.977601683334553e-06 1.977601683334553e-06
1.977601683334553e-06 1.977601683334553e-06
1.977601683334553e-06 1.977601683334553e-06
1.977601683334553e-06 1.977601683334553e-06
1.977601683334553e-06 1.977601683334553e-06
1.977601683334553e-06 1.977601683334553e-06
1.977601683334553e-06 1.977601683334553e-06
2.2628392526412936e-06 1.9776226600226246e-06
2.2628392526412936e-06 1.9776226600226246e-06
2.2628392526412936e-06 1.9776226600226246e-06
2.2628392526412936e-06 1.9776226600226246e-06
2.2628392526412936e-06 1.9776226600226246e-06
2.2628392526412936e-06 1.9776226600226246e-06
2.295509936065194e-06 1.9776226600226246e-06
2.295509936065194e-06 1.9776226600226246e-06
2.295509936065194e-06 1.9776226600226246e-06
2.295509936065194e-06 1.9776226600226246e-06
2.295509936065194e-06 1.9776226600226246e-06
2.295509936065194e-06 1.9776226600226246e-06
2.0547112236183897e-06 1.9776017175287494e-06
2.0547112236183897e-06 1.9776017175287494e-06
2.0547112236183897e-06 1.9776017175287494e-06
2.0547112236183897e-06 1.9776017175287494e-06
2.0547112236183897e-06 1.9776017175287494e-06
2.0547112236183897e-06 1.9776017175287494e-06
2.0547112236183897e-06 1.9776017175287494e-06
2.0547112236183897e-06 1.9776017175287494e-06
2.0547112236183897e-06 1.9776017175287494e-06
2.0547112236183897e-06 1.9776017175287494e-06
2.0547112236183897e-06 1.9776017175287494e-06
2.2238450926980054e-06 1.9776134784068455e-06
2.2238450926980054e-06 1.9776134784068455e-06
2.2238450926980054e-06 1.9776134784068455e-06
2.2238450926980054e-06 1.9776134784068455e-06
2.2238450926980054e-06 1.9776134784068455e-06
2.2238450926980054e-06 1.9776134784068455e-06
1.977601683334553e-06 1.977601683334553e-06
1.977601683334553e-06 1.977601683334553e-06
1.977601683334553e-06 1.977601683334553e-06
1.977601683334553e-06 1.977601683334553e-06
1.977601683334553e-06 1.977601683334553e-06
1.977601683334553e-06 1.977601683334553e-06
1.977601683334553e-06 1.977601683334553e-06
1.977601683334553e-06 1.977601683334553e-06
1.977601683334553e-06 1.977601683334553e-06
1.977601683334553e-06 1.977601683334553e-06
1.977601683334553e-06 1.977601683334553e-06
1.977601683334553e-06 1.977601683334553e-06
5.718092415875131e-07 1.9764242997870393e-06
5.718092415875131e-07 1.9764242997870393e-06
5.718092415875131e-07 1.9764242997870393e-06
5.718092415875131e-07 1.9764242997870393e-06
5.718092415875131e-07 1.9764242997870393e-06
5.718092415875131e-07 1.9764242997870393e-06
5.718092415875131e-07 1.9764242997870393e-06
5.718092415875131e-07 1.9764242997870393e-06
5.718092415875131e-07 1.9764242997870393e-06
5.718092415875131e-07 1.9764242997870393e-06
5.718092415875131e-07 1.9764242997870393e-06
1.977601683334553e-06 1.977601683334553e-06
1.977601683334553e-06 1.977601683334553e-06
1.977601683334553e-06 1.977601683334553e-06
1.977601683334553e-06 1.977601683334553e-06
1.977601683334553e-06 1.977601683334553e-06
1.977601683334553e-06 1.977601683334553e-06
1.977601683334553e-06 1.977601683334553e-06
1.977601683334553e-06 1.977601683334553e-06
1.977601683334553e-06 1.977601683334553e-06
1.977601683334553e-06 1.977601683334553e-06
1.977601683334553e-06 1.977601683334553e-06
1.977601683334553e-06 1.977601683334553e-06
1.977601683334553e-06 1.977601683334553e-06
1.977601683334553e-06 1.977601683334553e-06
1.977601683334553e-06 1.977601683334553e-06
1.977601683334553e-06 1.977601683334553e-06
1.977601683334553e-06 1.977601683334553e-06
1.977601683334553e-06 1.977601683334553e-06
1.977601683334553e-06 1.977601683334553e-06
1.977601683334553e-06 1.977601683334553e-06
1.977601683334553e-06 1.977601683334553e-06
1.977601683334553e-06 1.977601683334553e-06
1.977601683334553e-06 1.977601683334553e-06
1.977601683334553e-06 1.977601683334553e-06
2.2975823006384905e-06 1.9776094531304293e-06
2.2975823006384905e-06 1.9776094531304293e-06
2.2975823006384905e-06 1.9776094531304293e-06
1.977601683334553e-06 1.977601683334553e-06
1.977601683334553e-06 1.977601683334553e-06
1.977601683334553e-06 1.977601683334553e-06
1.9584930865743443e-06 1.9775666869075217e-06
1.9584930865743443e-06 1.9775666869075217e-06
1.9584930865743443e-06 1.9775666869075217e-06
5.541974921703015e-06 1.9774031146156845e-06
5.541974921703015e-06 1.9774031146156845e-06
5.541974921703015e-06 1.9774031146156845e-06
2.0575159769584226e-06 1.977602910080032e-06
2.0575159769584226e-06 1.977602910080032e-06
2.0575159769584226e-06 1.977602910080032e-06
2.0575159769584226e-06 1.977602910080032e-06
2.0575159769584226e-06 1.977602910080032e-06
2.0575159769584226e-06 1.977602910080032e-06
2.0575159769584226e-06 1.977602910080032e-06
2.0575159769584226e-06 1.977602910080032e-06
2.0575159769584226e-06 1.977602910080032e-06
2.0575159769584226e-06 1.977602910080032e-06
2.0575159769584226e-06 1.977602910080032e-06
2.0544337100235923e-06 1.977602057959927e-06
2.0544337100235923e-06 1.977602057959927e-06
2.0544337100235923e-06 1.977602057959927e-06
2.0544337100235923e-06 1.977602057959927e-06
2.0544337100235923e-06 1.977602057959927e-06
2.0544337100235923e-06 1.977602057959927e-06
2.0544337100235923e-06 1.977602057959927e-06
2.0544337100235923e-06 1.977602057959927e-06
2.0544337100235923e-06 1.977602057959927e-06
2.0544337100235923e-06 1.977602057959927e-06
2.0544337100235923e-06 1.977602057959927e-06
2.0544337100235923e-06 1.977602057959927e-06
2.0544337100235923e-06 1.977602057959927e-06
2.0544337100235923e-06 1.977602057959927e-06
2.0544337100235923e-06 1.977602057959927e-06
2.0544337100235923e-06 1.977602057959927e-06
2.0544337100235923e-06 1.977602057959927e-06
2.0544337100235923e-06 1.977602057959927e-06
2.0544337100235923e-06 1.977602057959927e-06
2.0544337100235923e-06 1.977602057959927e-06
2.0544337100235923e-06 1.977602057959927e-06
2.0544337100235923e-06 1.977602057959927e-06
3.849243286885339e-06 1.9774002313362047e-06
3.849243286885339e-06 1.9774002313362047e-06
3.849243286885339e-06 1.9774002313362047e-06
2.0548503703717193e-06 1.9776066740910927e-06
2.0548503703717193e-06 1.9776066740910927e-06
2.0548503703717193e-06 1.9776066740910927e-06
2.0548503703717193e-06 1.9776066740910927e-06
2.0548503703717193e-06 1.9776066740910927e-06
2.0548503703717193e-06 1.9776066740910927e-06
2.0548503703717193e-06 1.9776066740910927e-06
2.0548503703717193e-06 1.9776066740910927e-06
2.0548503703717193e-06 1.9776066740910927e-06
2.0548503703717193e-06 1.9776066740910927e-06
2.0548503703717193e-06 1.9776066740910927e-06
2.0548503703717193e-06 1.9776066740910927e-06
2.0548503703717193e-06 1.9776066740910927e-06
2.0548503703717193e-06 1.9776066740910927e-06
2.0548503703717193e-06 1.9776066740910927e-06
2.0548503703717193e-06 1.9776066740910927e-06
2.0548503703717193e-06 1.9776066740910927e-06
2.0548503703717193e-06 1.9776066740910927e-06
2.0548503703717193e-06 1.9776066740910927e-06
2.0548503703717193e-06 1.9776066740910927e-06
2.0548503703717193e-06 1.9776066740910927e-06
2.0548503703717193e-06 1.9776066740910927e-06
1.977601683334553e-06 1.977601683334553e-06
1.977601683334553e-06 1.977601683334553e-06
1.977601683334553e-06 1.977601683334553e-06
1.977601683334553e-06 1.977601683334553e-06
1.977601683334553e-06 1.977601683334553e-06
1.977601683334553e-06 1.977601683334553e-06
1.977601683334553e-06 1.977601683334553e-06
5.928429864150493e-07 1.9774002313362047e-06
5.928429864150493e-07 1.9774002313362047e-06
5.928429864150493e-07 1.9774002313362047e-06
1.977601683334553e-06 1.977601683334553e-06
1.977601683334553e-06 1.977601683334553e-06
1.977601683334553e-06 1.977601683334553e-06
1.977601683334553e-06 1.977601683334553e-06
1.977601683334553e-06 1.977601683334553e-06
1.977601683334553e-06 1.977601683334553e-06
5.5304624377497654e-06 1.9927752543187915e-06
5.5304624377497654e-06 1.9927752543187915e-06
5.5304624377497654e-06 1.9927752543187915e-06
1.977601683334553e-06 1.977601683334553e-06
1.977601683334553e-06 1.977601683334553e-06
1.977601683334553e-06 1.977601683334553e-06
1.977601683334553e-06 1.977601683334553e-06
1.977601683334553e-06 1.977601683334553e-06
2.0551871002583883e-06 1.9776066740910927e-06
2.0551871002583883e-06 1.9776066740910927e-06
2.0551871002583883e-06 1.9776066740910927e-06
2.0551871002583883e-06 1.9776066740910927e-06
2.0551871002583883e-06 1.9776066740910927e-06
2.0551871002583883e-06 1.9776066740910927e-06
2.0551871002583883e-06 1.9776066740910927e-06
2.0551871002583883e-06 1.9776066740910927e-06
2.0551871002583883e-06 1.9776066740910927e-06
2.0551871002583883e-06 1.9776066740910927e-06
2.0551871002583883e-06 1.9776066740910927e-06
2.0551871002583883e-06 1.9776066740910927e-06
2.0551871002583883e-06 1.9776066740910927e-06
2.0551871002583883e-06 1.9776066740910927e-06
2.0551871002583883e-06 1.9776066740910927e-06
2.0551871002583883e-06 1.9776066740910927e-06
2.0551871002583883e-06 1.9776066740910927e-06
2.0551871002583883e-06 1.9776066740910927e-06
2.0551871002583883e-06 1.9776066740910927e-06
2.0551871002583883e-06 1.9776066740910927e-06
2.0551871002583883e-06 1.9776066740910927e-06
2.0551871002583883e-06 1.9776066740910927e-06
2.0551871002583883e-06 1.9776066740910927e-06
2.0551871002583883e-06 1.9776066740910927e-06
2.0551871002583883e-06 1.9776066740910927e-06
2.0551871002583883e-06 1.9776066740910927e-06
2.0551871002583883e-06 1.9776066740910927e-06
2.0551871002583883e-06 1.9776066740910927e-06
2.0551871002583883e-06 1.9776066740910927e-06
2.0551871002583883e-06 1.9776066740910927e-06
2.0551871002583883e-06 1.9776066740910927e-06
2.0551871002583883e-06 1.9776066740910927e-06
2.0551871002583883e-06 1.9776066740910927e-06
2.0571007051305465e-06 1.977601940563489e-06
2.0571007051305465e-06 1.977601940563489e-06
2.0571007051305465e-06 1.977601940563489e-06
2.0571007051305465e-06 1.977601940563489e-06
2.0571007051305465e-06 1.977601940563489e-06
2.0571007051305465e-06 1.977601940563489e-06
2.0571007051305465e-06 1.977601940563489e-06
2.0571007051305465e-06 1.977601940563489e-06
2.0571007051305465e-06 1.977601940563489e-06
2.0571007051305465e-06 1.977601940563489e-06
2.0571007051305465e-06 1.977601940563489e-06
2.2628392526412936e-06 1.9776226600226246e-06
2.2628392526412936e-06 1.9776226600226246e-06
2.2628392526412936e-06 1.9776226600226246e-06
2.2628392526412936e-06 1.9776226600226246e-06
2.2628392526412936e-06 1.9776226600226246e-06
2.2628392526412936e-06 1.9776226600226246e-06
2.2628392526412936e-06 1.9776226600226246e-06
2.2628392526412936e-06 1.9776226600226246e-06
2.2628392526412936e-06 1.9776226600226246e-06
2.258357217322137e-06 1.977586801810952e-06
2.258357217322137e-06 1.977586801810952e-06
2.258357217322137e-06 1.977586801810952e-06
2.152888808156419e-06 1.9764242997870393e-06
2.152888808156419e-06 1.9764242997870393e-06
2.152888808156419e-06 1.9764242997870393e-06
2.152888808156419e-06 1.9764242997870393e-06
2.152888808156419e-06 1.9764242997870393e-06
2.152888808156419e-06 1.9764242997870393e-06
2.152888808156419e-06 1.9764242997870393e-06
2.152888808156419e-06 1.9764242997870393e-06
2.152888808156419e-06 1.9764242997870393e-06
2.152888808156419e-06 1.9764242997870393e-06
2.152888808156419e-06 1.9764242997870393e-06
3.849243286885339e-06 1.9774002313362047e-06
3.849243286885339e-06 1.9774002313362047e-06
3.849243286885339e-06 1.9774002313362047e-06
2.202565105986567e-06 1.9776239390593804e-06
2.202565105986567e-06 1.9776239390593804e-06
2.202565105986567e-06 1.9776239390593804e-06
2.295509936065194e-06 1.9776226600226246e-06
2.295509936065194e-06 1.9776226600226246e-06
2.295509936065194e-06 1.9776226600226246e-06
2.0324332402512127e-06 1.977602910080032e-06
2.0324332402512127e-06 1.977602910080032e-06
2.0324332402512127e-06 1.977602910080032e-06
2.0324332402512127e-06 1.977602910080032e-06
2.0324332402512127e-06 1.977602910080032e-06
2.0324332402512127e-06 1.977602910080032e-06
2.0324332402512127e-06 1.977602910080032e-06
2.0324332402512127e-06 1.977602910080032e-06
2.0324332402512127e-06 1.977602910080032e-06
2.0324332402512127e-06 1.977602910080032e-06
2.0324332402512127e-06 1.977602910080032e-06
2.0324332402512127e-06 1.977602910080032e-06
2.0324332402512127e-06 1.977602910080032e-06
2.0324332402512127e-06 1.977602910080032e-06
2.0324332402512127e-06 1.977602910080032e-06
2.0324332402512127e-06 1.977602910080032e-06
2.0324332402512127e-06 1.977602910080032e-06
2.0324332402512127e-06 1.977602910080032e-06
2.0324332402512127e-06 1.977602910080032e-06
2.0324332402512127e-06 1.977602910080032e-06
2.0324332402512127e-06 1.977602910080032e-06
2.0324332402512127e-06 1.977602910080032e-06
2.0324332402512127e-06 1.977602910080032e-06
2.0324332402512127e-06 1.977602910080032e-06
2.0324332402512127e-06 1.977602910080032e-06
2.0324332402512127e-06 1.977602910080032e-06
2.0324332402512127e-06 1.977602910080032e-06
2.0324332402512127e-06 1.977602910080032e-06
2.0324332402512127e-06 1.977602910080032e-06
2.0324332402512127e-06 1.977602910080032e-06
2.0324332402512127e-06 1.977602910080032e-06
2.0324332402512127e-06 1.977602910080032e-06
2.0324332402512127e-06 1.977602910080032e-06
2.0324332402512127e-06 1.977602910080032e-06
2.0324332402512127e-06 1.977602910080032e-06
2.0324332402512127e-06 1.977602910080032e-06
2.0324332402512127e-06 1.977602910080032e-06
2.0324332402512127e-06 1.977602910080032e-06
2.0324332402512127e-06 1.977602910080032e-06
2.0324332402512127e-06 1.977602910080032e-06
2.0324332402512127e-06 1.977602910080032e-06
2.0324332402512127e-06 1.977602910080032e-06
2.0324332402512127e-06 1.977602910080032e-06
2.0324332402512127e-06 1.977602910080032e-06
2.0572023529081515e-06 1.9776040558878916e-06
2.0572023529081515e-06 1.9776040558878916e-06
2.0572023529081515e-06 1.9776040558878916e-06
2.0572023529081515e-06 1.9776040558878916e-06
2.0572023529081515e-06 1.9776040558878916e-06
2.0572023529081515e-06 1.9776040558878916e-06
2.0572023529081515e-06 1.9776040558878916e-06
2.0572023529081515e-06 1.9776040558878916e-06
2.0572023529081515e-06 1.9776040558878916e-06
2.0572023529081515e-06 1.9776040558878916e-06
2.0572023529081515e-06 1.9776040558878916e-06
2.0572023529081515e-06 1.9776040558878916e-06
2.0572023529081515e-06 1.9776040558878916e-06
2.0572023529081515e-06 1.9776040558878916e-06
2.0572023529081515e-06 1.9776040558878916e-06
2.0572023529081515e-06 1.9776040558878916e-06
2.0572023529081515e-06 1.9776040558878916e-06
2.0572023529081515e-06 1.9776040558878916e-06
2.0572023529081515e-06 1.9776040558878916e-06
2.0572023529081515e-06 1.9776040558878916e-06
2.0572023529081515e-06 1.9776040558878916e-06
2.0572023529081515e-06 1.9776040558878916e-06
1.977601683334553e-06 1.977601683334553e-06
1.977601683334553e-06 1.977601683334553e-06
2.231951286646669e-06 1.9775987717298254e-06
2.231951286646669e-06 1.9775987717298254e-06
2.231951286646669e-06 1.9775987717298254e-06
2.0268077192329946e-06 1.9776066740910927e-06
2.0268077192329946e-06 1.9776066740910927e-06
2.0268077192329946e-06 1.9776066740910927e-06
2.0268077192329946e-06 1.9776066740910927e-06
2.0268077192329946e-06 1.9776066740910927e-06
2.0268077192329946e-06 1.9776066740910927e-06
2.0268077192329946e-06 1.9776066740910927e-06
2.0268077192329946e-06 1.9776066740910927e-06
2.0268077192329946e-06 1.9776066740910927e-06
2.0268077192329946e-06 1.9776066740910927e-06
2.0268077192329946e-06 1.9776066740910927e-06
2.0268077192329946e-06 1.9776066740910927e-06
2.0268077192329946e-06 1.9776066740910927e-06
2.0268077192329946e-06 1.9776066740910927e-06
2.0268077192329946e-06 1.9776066740910927e-06
2.0268077192329946e-06 1.9776066740910927e-06
2.0268077192329946e-06 1.9776066740910927e-06
2.0268077192329946e-06 1.9776066740910927e-06
2.0268077192329946e-06 1.9776066740910927e-06
2.0268077192329946e-06 1.9776066740910927e-06
2.0268077192329946e-06 1.9776066740910927e-06
2.0268077192329946e-06 1.9776066740910927e-06
2.0268077192329946e-06 1.9776066740910927e-06
2.0268077192329946e-06 1.9776066740910927e-06
2.0268077192329946e-06 1.9776066740910927e-06
2.0268077192329946e-06 1.9776066740910927e-06
2.0268077192329946e-06 1.9776066740910927e-06
2.0268077192329946e-06 1.9776066740910927e-06
2.0268077192329946e-06 1.9776066740910927e-06
2.0268077192329946e-06 1.9776066740910927e-06
2.0268077192329946e-06 1.9776066740910927e-06
2.0268077192329946e-06 1.9776066740910927e-06
2.0268077192329946e-06 1.9776066740910927e-06
2.0544337100235923e-06 1.977602057959927e-06
2.0544337100235923e-06 1.977602057959927e-06
2.0544337100235923e-06 1.977602057959927e-06
2.0544337100235923e-06 1.977602057959927e-06
2.0544337100235923e-06 1.977602057959927e-06
2.0544337100235923e-06 1.977602057959927e-06
2.0544337100235923e-06 1.977602057959927e-06
2.0544337100235923e-06 1.977602057959927e-06
2.0544337100235923e-06 1.977602057959927e-06
2.0544337100235923e-06 1.977602057959927e-06
2.0544337100235923e-06 1.977602057959927e-06