3.378824867627272e-06 2.614283441988036e-06
1.7014294494694533e-06 2.6142856899852198e-06
1.7014129330780926e-06 2.6142856899852198e-06
9.707736122652531e-07 2.6142909634406596e-06
1.7014250431641946e-06 2.6142856899852198e-06
1.7014197613691197e-06 2.6142856899852198e-06
1.9415472245305062e-06 2.6142909634406596e-06
1.7014471737045157e-06 2.6142856899852198e-06
1.701435507491739e-06 2.6142856899852198e-06
1.7014212964265633e-06 2.6142856899852198e-06
1.109455556874575e-06 2.6142909634406596e-06
9.909053785147946e-07 2.6142909634406596e-06
3.5502577819986397e-06 2.6142909634406596e-06
2.9955300035613525e-06 2.6142909634406596e-06
2.338021308185428e-06 2.614284968118408e-06
2.3380328026867668e-06 2.614284968118408e-06
1.997020002374235e-06 2.6142909634406596e-06
2.338078813302917e-06 2.614284968118408e-06
1.70144970025803e-06 2.6142856899852198e-06
8.875644454996599e-07 2.6142909634406596e-06
2.338020202063172e-06 2.614284968118408e-06
1.7014197613691197e-06 2.6142856899852198e-06
1.7013949815031215e-06 2.6142856899852198e-06
1.7012768110931344e-06 2.6142856899852198e-06
1.7014322041888789e-06 2.6142856899852198e-06
1.6516329330847744e-06 2.6142909634406596e-06
1.7014917674300986e-06 2.6142856899852198e-06
1.7014346262098613e-06 2.6142856899852198e-06
1.701426257077763e-06 2.6142856899852198e-06
1.7014788805953741e-06 2.6142856899852198e-06
3.379370512111216e-06 2.614283441988036e-06
3.3283666706237248e-06 2.6142909634406596e-06
1.7014279087218166e-06 2.6142856899852198e-06
3.379933828346161e-06 2.614283441988036e-06
5.547277784372875e-07 2.6142909634406596e-06
2.3113657434886977e-06 2.6142909634406596e-06
1.701428019613976e-06 2.6142856899852198e-06
3.3792274047176216e-06 2.614283441988036e-06
1.0262463901089818e-05 2.6142909634406596e-06
2.157076026977333e-06 2.6142682289700586e-06
1.7014493610573098e-06 2.6142856899852198e-06
1.7014490472302126e-06 2.6142856899852198e-06
1.701436382720282e-06 2.6142856899852198e-06
1.624980466165246e-06 2.6142909634406596e-06
1.2103151529540818e-06 2.6142909634406596e-06
3.379148674372227e-06 2.614283441988036e-06
3.146193299238775e-06 2.614291253174834e-06
1.7014132600821797e-06 2.6142856899852198e-06
1.701423829275926e-06 2.6142856899852198e-06
3.0113793686595606e-06 2.6142909634406596e-06