0.00014145872234481977 0.00010373639638620118
0.001980422112827477 0.00010373639638620118
0.001980422112827477 0.00010373639638620118
0.0007261547747034082 0.00010373639638620118
0.0046492766743997434 0.010071861030951168
0.0046492766743997434 0.010071861030951168
0.05815839604670024 0.0503687357362455
0.05815839604670024 0.0503687357362455
0.05815839604670024 0.0503687357362455
0.0017163658311171468 0.00010373639638620118
0.000895905241517192 0.00010373639638620118
0.0013957260604688885 0.00010373639638620118
0.0013957260604688885 0.00010373639638620118
0.0006035572153378977 0.00010373639638620118
0.0005658348893792791 0.010071861030951168
0.000895905241517192 0.00010373639638620118
0.0011788226862068315 0.00010373639638620118
0.0011788226862068315 0.00010373639638620118
0.0006318489598068617 0.00010373639638620118
0.010882891039061468 0.010071861030951168
0.010882891039061468 0.010071861030951168
0.016710990399668044 0.010071861030951168
0.016710990399668044 0.010071861030951168
0.0025368264207171016 0.010071861030951168
0.0001791810483034384 0.00010373639638620118
0.00048095965597238724 0.00010373639638620118
0.00018861162979309304 0.00010373639638620118
0.00018861162979309304 0.00010373639638620118
0.00018861162979309304 0.00010373639638620118
0.021765782078122936 0.010373639638620117
0.021765782078122936 0.010373639638620117
0.021765782078122936 0.010373639638620117
0.001895546879420585 0.00010373639638620118
0.0043474980667307945 0.010071861030951168
9.430581489654651e-06 0.00010373639638620118
5.6583488937927916e-05 0.00010373639638620118
0.001735226994096456 0.010071861030951168
0.0008110300081103001 0.00010373639638620118
0.0009713498934344291 0.00010373639638620118
0.001650351760689564 0.00010373639638620118
0.008685565551971934 0.020341764273185084
0.0001791810483034384 0.00010373639638620118
0.0005469737263999699 0.00010373639638620118
0.005582904241875554 0.00010373639638620118
0.0010185028008827025 0.00010373639638620118
0.00502649993398593 0.00010373639638620118
0.00502649993398593 0.00010373639638620118
0.0042249005073652845 0.00010373639638620118
9.430581489654651e-06 0.00010373639638620118
0.002583979328165375 0.00010373639638620118