5.195696446750182e-06 4.255417313576292e-06
5.195696446750182e-06 4.255417313576292e-06
5.195696446750182e-06 4.255417313576292e-06
5.195696446750182e-06 4.255417313576292e-06
5.212165693375079e-06 4.255374255387399e-06
5.212165693375079e-06 4.255374255387399e-06
5.212165693375079e-06 4.255374255387399e-06
5.212165693375079e-06 4.255374255387399e-06
5.212165693375079e-06 4.255374255387399e-06
5.212165693375079e-06 4.255374255387399e-06
5.212165693375079e-06 4.255374255387399e-06
5.212165693375079e-06 4.255374255387399e-06
5.212165693375079e-06 4.255374255387399e-06
5.212165693375079e-06 4.255374255387399e-06
5.212165693375079e-06 4.255374255387399e-06
9.239419594369465e-06 4.255412955171863e-06
9.239419594369465e-06 4.255412955171863e-06
9.239419594369465e-06 4.255412955171863e-06
9.239419594369465e-06 4.255412955171863e-06
3.464710388944231e-06 4.255418695145135e-06
3.464710388944231e-06 4.255418695145135e-06
3.464710388944231e-06 4.255418695145135e-06
3.464710388944231e-06 4.255418695145135e-06
3.464710388944231e-06 4.255418695145135e-06
3.464710388944231e-06 4.255418695145135e-06
3.464710388944231e-06 4.255418695145135e-06
3.464710388944231e-06 4.255418695145135e-06
3.464710388944231e-06 4.255418695145135e-06
3.464710388944231e-06 4.255418695145135e-06
4.586256297888974e-06 4.255391728601391e-06
4.586256297888974e-06 4.255391728601391e-06
4.586256297888974e-06 4.255391728601391e-06
4.586256297888974e-06 4.255391728601391e-06
4.586256297888974e-06 4.255391728601391e-06
4.586256297888974e-06 4.255391728601391e-06
4.586256297888974e-06 4.255391728601391e-06
4.586256297888974e-06 4.255391728601391e-06
4.586256297888974e-06 4.255391728601391e-06
4.890540046034289e-06 4.255364139600687e-06
4.890540046034289e-06 4.255364139600687e-06
4.890540046034289e-06 4.255364139600687e-06
4.890540046034289e-06 4.255364139600687e-06
4.890540046034289e-06 4.255364139600687e-06
4.890540046034289e-06 4.255364139600687e-06
4.890540046034289e-06 4.255364139600687e-06
4.890540046034289e-06 4.255364139600687e-06
3.0612862616429648e-06 4.255350783718973e-06
3.0612862616429648e-06 4.255350783718973e-06
3.0612862616429648e-06 4.255350783718973e-06
3.0612862616429648e-06 4.255350783718973e-06