0.4981554677206851 0.01076049643517296
0.4981554677206851 0.01076049643517296
0.4981554677206851 0.01076049643517296
0.4981554677206851 0.01076049643517296
0.4981554677206851 0.01076049643517296
0.4981554677206851 0.01076049643517296
0.4981554677206851 0.01076049643517296
0.4981554677206851 0.01076049643517296
0.4981554677206851 0.01076049643517296
0.4981554677206851 0.01076049643517296
0.4981554677206851 0.01076049643517296
0.4981554677206851 0.01076049643517296
0.4981554677206851 0.01076049643517296
0.4981554677206851 0.01076049643517296
0.4981554677206851 0.01076049643517296
0.4981554677206851 0.01076049643517296
0.4981554677206851 0.01076049643517296
0.4981554677206851 0.01076049643517296
0.4981554677206851 0.01076049643517296
0.4981554677206851 0.01076049643517296
0.4981554677206851 0.01076049643517296
0.4981554677206851 0.01076049643517296
0.4981554677206851 0.01076049643517296
0.4981554677206851 0.01076049643517296
0.4981554677206851 0.01076049643517296
0.4981554677206851 0.01076049643517296
0.4981554677206851 0.01076049643517296
0.4981554677206851 0.01076049643517296
0.6051695601648062 0.010768304346285998
0.6051695601648062 0.010768304346285998
0.6051695601648062 0.010768304346285998
0.6051695601648062 0.010768304346285998
0.6051695601648062 0.010768304346285998
0.6051695601648062 0.010768304346285998
0.6051695601648062 0.010768304346285998
0.6051695601648062 0.010768304346285998
0.6051695601648062 0.010768304346285998
0.6051695601648062 0.010768304346285998
0.6051695601648062 0.010768304346285998
0.6051695601648062 0.010768304346285998
0.6051695601648062 0.010768304346285998
0.6051695601648062 0.010768304346285998
0.6051695601648062 0.010768304346285998
0.6051695601648062 0.010768304346285998
0.6051695601648062 0.010768304346285998
0.6051695601648062 0.010768304346285998
0.6051695601648062 0.010768304346285998
0.6051695601648062 0.010768304346285998
0.6051695601648062 0.010768304346285998
0.6051695601648062 0.010768304346285998
0.6051695601648062 0.010768304346285998
0.6051695601648062 0.010768304346285998
0.6051695601648062 0.010768304346285998
0.6051695601648062 0.010768304346285998
0.6051695601648062 0.010768304346285998
0.6051695601648062 0.010768304346285998
0.26087129606284587 0.01075798527434194
0.26087129606284587 0.01075798527434194
0.26087129606284587 0.01075798527434194
0.26087129606284587 0.01075798527434194
0.26087129606284587 0.01075798527434194
0.26087129606284587 0.01075798527434194
0.26087129606284587 0.01075798527434194
0.26087129606284587 0.01075798527434194
0.26087129606284587 0.01075798527434194
0.26087129606284587 0.01075798527434194
0.26087129606284587 0.01075798527434194
0.26087129606284587 0.01075798527434194
0.26087129606284587 0.01075798527434194
0.26087129606284587 0.01075798527434194
0.26087129606284587 0.01075798527434194
0.26087129606284587 0.01075798527434194
0.26087129606284587 0.01075798527434194
0.26087129606284587 0.01075798527434194
0.26087129606284587 0.01075798527434194
0.26087129606284587 0.01075798527434194
0.26087129606284587 0.01075798527434194
0.3631788434306709 0.010753511155332747
0.3631788434306709 0.010753511155332747
0.3631788434306709 0.010753511155332747
0.3631788434306709 0.010753511155332747
0.3631788434306709 0.010753511155332747
0.3631788434306709 0.010753511155332747
0.3631788434306709 0.010753511155332747
0.3631788434306709 0.010753511155332747
0.3631788434306709 0.010753511155332747
0.3631788434306709 0.010753511155332747
0.3631788434306709 0.010753511155332747
0.3631788434306709 0.010753511155332747
0.3631788434306709 0.010753511155332747
0.3631788434306709 0.010753511155332747
0.3631788434306709 0.010753511155332747
0.3631788434306709 0.010753511155332747
0.3631788434306709 0.010753511155332747
0.3631788434306709 0.010753511155332747
0.3631788434306709 0.010753511155332747
0.3631788434306709 0.010753511155332747
0.3631788434306709 0.010753511155332747
0.3631788434306709 0.010753511155332747
0.3631788434306709 0.010753511155332747
0.3631788434306709 0.010753511155332747
0.3631788434306709 0.010753511155332747
0.3631788434306709 0.010753511155332747
0.3631788434306709 0.010753511155332747
0.3631788434306709 0.010753511155332747
0.3631788434306709 0.010753511155332747
0.3631788434306709 0.010753511155332747
0.3424110161677015 0.010747009260851408
0.3424110161677015 0.010747009260851408
0.3424110161677015 0.010747009260851408
0.3424110161677015 0.010747009260851408
0.3424110161677015 0.010747009260851408
0.3424110161677015 0.010747009260851408
0.3424110161677015 0.010747009260851408
0.3424110161677015 0.010747009260851408
0.3424110161677015 0.010747009260851408
0.3424110161677015 0.010747009260851408
0.3424110161677015 0.010747009260851408
0.3424110161677015 0.010747009260851408
0.3424110161677015 0.010747009260851408
0.3424110161677015 0.010747009260851408
0.3424110161677015 0.010747009260851408
0.31517796766459705 0.010747009260851408
0.31517796766459705 0.010747009260851408
0.31517796766459705 0.010747009260851408
0.31517796766459705 0.010747009260851408
0.31517796766459705 0.010747009260851408
0.31517796766459705 0.010747009260851408
0.31517796766459705 0.010747009260851408
0.31517796766459705 0.010747009260851408
0.31517796766459705 0.010747009260851408
0.31517796766459705 0.010747009260851408
0.31517796766459705 0.010747009260851408
0.31517796766459705 0.010747009260851408
0.31517796766459705 0.010747009260851408
0.31517796766459705 0.010747009260851408
0.31517796766459705 0.010747009260851408
0.31517796766459705 0.010747009260851408
0.31517796766459705 0.010747009260851408
0.31517796766459705 0.010747009260851408
0.31517796766459705 0.010747009260851408
0.31517796766459705 0.010747009260851408
0.31517796766459705 0.010747009260851408
0.0452618552357882 0.010748712531361415
0.0452618552357882 0.010748712531361415
0.0452618552357882 0.010748712531361415
0.0452618552357882 0.010748712531361415
0.0452618552357882 0.010748712531361415
0.0452618552357882 0.010748712531361415
0.0452618552357882 0.010748712531361415
0.0452618552357882 0.010748712531361415
0.0452618552357882 0.010748712531361415
0.0452618552357882 0.010748712531361415
0.0452618552357882 0.010748712531361415
0.0452618552357882 0.010748712531361415
0.0452618552357882 0.010748712531361415
0.0452618552357882 0.010748712531361415
0.0452618552357882 0.010748712531361415
0.0452618552357882 0.010748712531361415
0.0452618552357882 0.010748712531361415
0.0452618552357882 0.010748712531361415
0.0452618552357882 0.010748712531361415
0.0452618552357882 0.010748712531361415
0.0452618552357882 0.010748712531361415
0.38736493888686013 0.010748996974833187
0.38736493888686013 0.010748996974833187
0.38736493888686013 0.010748996974833187
0.38736493888686013 0.010748996974833187
0.38736493888686013 0.010748996974833187
0.38736493888686013 0.010748996974833187
0.38736493888686013 0.010748996974833187
0.38736493888686013 0.010748996974833187
0.38736493888686013 0.010748996974833187
0.38736493888686013 0.010748996974833187
0.38736493888686013 0.010748996974833187
0.38736493888686013 0.010748996974833187
0.38736493888686013 0.010748996974833187
0.38736493888686013 0.010748996974833187
0.38736493888686013 0.010748996974833187
0.364306590484215 0.010748712531361415
0.364306590484215 0.010748712531361415
0.364306590484215 0.010748712531361415
0.364306590484215 0.010748712531361415
0.364306590484215 0.010748712531361415
0.364306590484215 0.010748712531361415
0.364306590484215 0.010748712531361415
0.364306590484215 0.010748712531361415
0.364306590484215 0.010748712531361415
0.364306590484215 0.010748712531361415
0.364306590484215 0.010748712531361415
0.364306590484215 0.010748712531361415
0.364306590484215 0.010748712531361415
0.364306590484215 0.010748712531361415
0.364306590484215 0.010748712531361415
0.32837350632438234 0.010753464203233256
0.32837350632438234 0.010753464203233256
0.32837350632438234 0.010753464203233256
0.32837350632438234 0.010753464203233256
0.32837350632438234 0.010753464203233256
0.32837350632438234 0.010753464203233256
0.32837350632438234 0.010753464203233256
0.32837350632438234 0.010753464203233256
0.32837350632438234 0.010753464203233256
0.32837350632438234 0.010753464203233256
0.32837350632438234 0.010753464203233256
0.32837350632438234 0.010753464203233256
0.32837350632438234 0.010753464203233256
0.32837350632438234 0.010753464203233256
0.32837350632438234 0.010753464203233256
0.32837350632438234 0.010753464203233256
0.32837350632438234 0.010753464203233256
0.32837350632438234 0.010753464203233256
0.32837350632438234 0.010753464203233256
0.32837350632438234 0.010753464203233256
0.32837350632438234 0.010753464203233256
0.5185949121820114 0.010751790225265663
0.5185949121820114 0.010751790225265663
0.5185949121820114 0.010751790225265663
0.5185949121820114 0.010751790225265663
0.5185949121820114 0.010751790225265663
0.5185949121820114 0.010751790225265663
0.5185949121820114 0.010751790225265663
0.5185949121820114 0.010751790225265663
0.5185949121820114 0.010751790225265663
0.5185949121820114 0.010751790225265663
0.5185949121820114 0.010751790225265663
0.5185949121820114 0.010751790225265663
0.5185949121820114 0.010751790225265663
0.5185949121820114 0.010751790225265663
0.4204979541302411 0.010754141696330675
0.4204979541302411 0.010754141696330675
0.4204979541302411 0.010754141696330675
0.4204979541302411 0.010754141696330675
0.4204979541302411 0.010754141696330675
0.4204979541302411 0.010754141696330675
0.4204979541302411 0.010754141696330675
0.4204979541302411 0.010754141696330675
0.4204979541302411 0.010754141696330675
0.4204979541302411 0.010754141696330675
0.4204979541302411 0.010754141696330675
0.4204979541302411 0.010754141696330675
0.4204979541302411 0.010754141696330675
0.4204979541302411 0.010754141696330675
0.17363979170407615 0.010743061772605193
0.17363979170407615 0.010743061772605193
0.17363979170407615 0.010743061772605193
0.17363979170407615 0.010743061772605193
0.17363979170407615 0.010743061772605193
0.17363979170407615 0.010743061772605193
0.17363979170407615 0.010743061772605193
0.17363979170407615 0.010743061772605193
0.17363979170407615 0.010743061772605193
0.17363979170407615 0.010743061772605193
0.17363979170407615 0.010743061772605193
0.17363979170407615 0.010743061772605193
0.17363979170407615 0.010743061772605193
0.17363979170407615 0.010743061772605193
0.4341314928458646 0.010747268470343392
0.4341314928458646 0.010747268470343392
0.4341314928458646 0.010747268470343392
0.4341314928458646 0.010747268470343392
0.4341314928458646 0.010747268470343392
0.4341314928458646 0.010747268470343392
0.4341314928458646 0.010747268470343392
0.4341314928458646 0.010747268470343392
0.4341314928458646 0.010747268470343392
0.4341314928458646 0.010747268470343392
0.4341314928458646 0.010747268470343392
0.4341314928458646 0.010747268470343392
0.4341314928458646 0.010747268470343392
0.4341314928458646 0.010747268470343392
0.36176905995558845 0.010754686919114133
0.36176905995558845 0.010754686919114133
0.36176905995558845 0.010754686919114133
0.36176905995558845 0.010754686919114133
0.36176905995558845 0.010754686919114133
0.36176905995558845 0.010754686919114133
0.36176905995558845 0.010754686919114133
0.36176905995558845 0.010754686919114133
0.36176905995558845 0.010754686919114133
0.36176905995558845 0.010754686919114133
0.36176905995558845 0.010754686919114133
0.36176905995558845 0.010754686919114133
0.36176905995558845 0.010754686919114133
0.36176905995558845 0.010754686919114133
0.36176905995558845 0.010754686919114133
0.3617353143340559 0.010759544114130867
0.3617353143340559 0.010759544114130867
0.3617353143340559 0.010759544114130867
0.3617353143340559 0.010759544114130867
0.3617353143340559 0.010759544114130867
0.3617353143340559 0.010759544114130867
0.3617353143340559 0.010759544114130867
0.3617353143340559 0.010759544114130867
0.3617353143340559 0.010759544114130867
0.3617353143340559 0.010759544114130867
0.3617353143340559 0.010759544114130867
0.3617353143340559 0.010759544114130867
0.3617353143340559 0.010759544114130867
0.3617353143340559 0.010759544114130867
0.3617353143340559 0.010759544114130867
0.04544252934334356 0.010754686919114133
0.04544252934334356 0.010754686919114133
0.04544252934334356 0.010754686919114133
0.04544252934334356 0.010754686919114133
0.04544252934334356 0.010754686919114133
0.04544252934334356 0.010754686919114133
0.04544252934334356 0.010754686919114133
0.04544252934334356 0.010754686919114133
0.04544252934334356 0.010754686919114133
0.04544252934334356 0.010754686919114133
0.04544252934334356 0.010754686919114133
0.04544252934334356 0.010754686919114133
0.04544252934334356 0.010754686919114133
0.04544252934334356 0.010754686919114133
0.04544252934334356 0.010754686919114133
0.04544252934334356 0.010754686919114133
0.04544252934334356 0.010754686919114133
0.04544252934334356 0.010754686919114133
0.04544252934334356 0.010754686919114133
0.04544252934334356 0.010754686919114133
0.04544252934334356 0.010754686919114133
0.12646867465268474 0.010753511155332747
0.12646867465268474 0.010753511155332747
0.12646867465268474 0.010753511155332747
0.12646867465268474 0.010753511155332747
0.12646867465268474 0.010753511155332747
0.12646867465268474 0.010753511155332747
0.12646867465268474 0.010753511155332747
0.12646867465268474 0.010753511155332747
0.12646867465268474 0.010753511155332747
0.12646867465268474 0.010753511155332747
0.12646867465268474 0.010753511155332747
0.12646867465268474 0.010753511155332747
0.12646867465268474 0.010753511155332747
0.12646867465268474 0.010753511155332747
0.12646867465268474 0.010753511155332747
0.12646867465268474 0.010753511155332747
0.12646867465268474 0.010753511155332747
0.12646867465268474 0.010753511155332747
0.12646867465268474 0.010753511155332747
0.12646867465268474 0.010753511155332747
0.12646867465268474 0.010753511155332747
0.12646867465268474 0.010753511155332747
0.12646867465268474 0.010753511155332747
0.12646867465268474 0.010753511155332747
0.12646867465268474 0.010753511155332747
0.12646867465268474 0.010753511155332747
0.12646867465268474 0.010753511155332747
0.12646867465268474 0.010753511155332747
0.12646867465268474 0.010753511155332747
0.12646867465268474 0.010753511155332747
0.12646867465268474 0.010753511155332747
0.12646867465268474 0.010753511155332747
0.12646867465268474 0.010753511155332747
0.12646867465268474 0.010753511155332747
0.12646867465268474 0.010753511155332747
0.12646867465268474 0.010753511155332747
0.12646867465268474 0.010753511155332747
0.12646867465268474 0.010753511155332747
0.12646867465268474 0.010753511155332747
0.12646867465268474 0.010753511155332747
0.12646867465268474 0.010753511155332747
0.12646867465268474 0.010753511155332747
0.4363832711564893 0.010755851968092062
0.4363832711564893 0.010755851968092062
0.4363832711564893 0.010755851968092062
0.4363832711564893 0.010755851968092062
0.4363832711564893 0.010755851968092062
0.4363832711564893 0.010755851968092062
0.4363832711564893 0.010755851968092062
0.4363832711564893 0.010755851968092062
0.4363832711564893 0.010755851968092062
0.4363832711564893 0.010755851968092062
0.4363832711564893 0.010755851968092062
0.4363832711564893 0.010755851968092062
0.4363832711564893 0.010755851968092062
0.4363832711564893 0.010755851968092062
0.3896957994011138 0.010748630213574863
0.3896957994011138 0.010748630213574863
0.3896957994011138 0.010748630213574863
0.3896957994011138 0.010748630213574863
0.3896957994011138 0.010748630213574863
0.3896957994011138 0.010748630213574863
0.3896957994011138 0.010748630213574863
0.3896957994011138 0.010748630213574863
0.3896957994011138 0.010748630213574863
0.3896957994011138 0.010748630213574863
0.3896957994011138 0.010748630213574863
0.3896957994011138 0.010748630213574863
0.3896957994011138 0.010748630213574863
0.3896957994011138 0.010748630213574863
0.36655280487375425 0.010768304346285998
0.36655280487375425 0.010768304346285998
0.36655280487375425 0.010768304346285998
0.36655280487375425 0.010768304346285998
0.36655280487375425 0.010768304346285998
0.36655280487375425 0.010768304346285998
0.36655280487375425 0.010768304346285998
0.36655280487375425 0.010768304346285998
0.36655280487375425 0.010768304346285998
0.36655280487375425 0.010768304346285998
0.36655280487375425 0.010768304346285998
0.36655280487375425 0.010768304346285998
0.36655280487375425 0.010768304346285998
0.36655280487375425 0.010768304346285998
0.36655280487375425 0.010768304346285998
0.36655280487375425 0.010768304346285998
0.36655280487375425 0.010768304346285998
0.36655280487375425 0.010768304346285998
0.36655280487375425 0.010768304346285998
0.36655280487375425 0.010768304346285998
0.36655280487375425 0.010768304346285998
0.36655280487375425 0.010768304346285998
0.36655280487375425 0.010768304346285998
0.36655280487375425 0.010768304346285998
0.36655280487375425 0.010768304346285998
0.36655280487375425 0.010768304346285998
0.36655280487375425 0.010768304346285998
0.36655280487375425 0.010768304346285998
0.36655280487375425 0.010768304346285998
0.36655280487375425 0.010768304346285998
0.37244223312938435 0.010748835542816195
0.37244223312938435 0.010748835542816195
0.37244223312938435 0.010748835542816195
0.37244223312938435 0.010748835542816195
0.37244223312938435 0.010748835542816195
0.37244223312938435 0.010748835542816195
0.37244223312938435 0.010748835542816195
0.37244223312938435 0.010748835542816195
0.37244223312938435 0.010748835542816195
0.37244223312938435 0.010748835542816195
0.37244223312938435 0.010748835542816195
0.37244223312938435 0.010748835542816195
0.37244223312938435 0.010748835542816195
0.37244223312938435 0.010748835542816195
0.37244223312938435 0.010748835542816195
0.3344140249759846 0.010757599432671851
0.3344140249759846 0.010757599432671851
0.3344140249759846 0.010757599432671851
0.3344140249759846 0.010757599432671851
0.3344140249759846 0.010757599432671851
0.3344140249759846 0.010757599432671851
0.3344140249759846 0.010757599432671851
0.3344140249759846 0.010757599432671851
0.3344140249759846 0.010757599432671851
0.3344140249759846 0.010757599432671851
0.3344140249759846 0.010757599432671851
0.3344140249759846 0.010757599432671851
0.3344140249759846 0.010757599432671851
0.3344140249759846 0.010757599432671851
0.13391825240505917 0.010747268470343392
0.13391825240505917 0.010747268470343392
0.13391825240505917 0.010747268470343392
0.13391825240505917 0.010747268470343392
0.13391825240505917 0.010747268470343392
0.13391825240505917 0.010747268470343392
0.13391825240505917 0.010747268470343392
0.13391825240505917 0.010747268470343392
0.13391825240505917 0.010747268470343392
0.13391825240505917 0.010747268470343392
0.13391825240505917 0.010747268470343392
0.13391825240505917 0.010747268470343392
0.13391825240505917 0.010747268470343392
0.13391825240505917 0.010747268470343392
0.13391825240505917 0.010747268470343392
0.13391825240505917 0.010747268470343392
0.13391825240505917 0.010747268470343392
0.13391825240505917 0.010747268470343392
0.13391825240505917 0.010747268470343392
0.13391825240505917 0.010747268470343392
0.13391825240505917 0.010747268470343392
0.42369024312701836 0.010759738403860056
0.42369024312701836 0.010759738403860056
0.42369024312701836 0.010759738403860056
0.42369024312701836 0.010759738403860056
0.42369024312701836 0.010759738403860056
0.42369024312701836 0.010759738403860056
0.42369024312701836 0.010759738403860056
0.42369024312701836 0.010759738403860056
0.42369024312701836 0.010759738403860056
0.42369024312701836 0.010759738403860056
0.42369024312701836 0.010759738403860056
0.42369024312701836 0.010759738403860056
0.42369024312701836 0.010759738403860056
0.42369024312701836 0.010759738403860056
0.42369024312701836 0.010759738403860056
0.36662469174668133 0.010761175572920778
0.36662469174668133 0.010761175572920778
0.36662469174668133 0.010761175572920778
0.36662469174668133 0.010761175572920778
0.36662469174668133 0.010761175572920778
0.36662469174668133 0.010761175572920778
0.36662469174668133 0.010761175572920778
0.36662469174668133 0.010761175572920778
0.36662469174668133 0.010761175572920778
0.36662469174668133 0.010761175572920778
0.36662469174668133 0.010761175572920778
0.36662469174668133 0.010761175572920778
0.36662469174668133 0.010761175572920778
0.36662469174668133 0.010761175572920778
0.36662469174668133 0.010761175572920778
0.12991687937692256 0.010755851968092062
0.12991687937692256 0.010755851968092062
0.12991687937692256 0.010755851968092062
0.12991687937692256 0.010755851968092062
0.12991687937692256 0.010755851968092062
0.12991687937692256 0.010755851968092062
0.12991687937692256 0.010755851968092062
0.12991687937692256 0.010755851968092062
0.12991687937692256 0.010755851968092062
0.12991687937692256 0.010755851968092062
0.12991687937692256 0.010755851968092062
0.12991687937692256 0.010755851968092062
0.12991687937692256 0.010755851968092062
0.12991687937692256 0.010755851968092062
0.12991687937692256 0.010755851968092062
0.12991687937692256 0.010755851968092062
0.12991687937692256 0.010755851968092062
0.12991687937692256 0.010755851968092062
0.12991687937692256 0.010755851968092062
0.12991687937692256 0.010755851968092062
0.12991687937692256 0.010755851968092062
0.3346993714622216 0.010758116668469703
0.3346993714622216 0.010758116668469703
0.3346993714622216 0.010758116668469703
0.3346993714622216 0.010758116668469703
0.3346993714622216 0.010758116668469703
0.3346993714622216 0.010758116668469703
0.3346993714622216 0.010758116668469703
0.3346993714622216 0.010758116668469703
0.3346993714622216 0.010758116668469703
0.3346993714622216 0.010758116668469703
0.3346993714622216 0.010758116668469703
0.3346993714622216 0.010758116668469703
0.3346993714622216 0.010758116668469703
0.3346993714622216 0.010758116668469703
0.4336998494665881 0.010755851968092062
0.4336998494665881 0.010755851968092062
0.4336998494665881 0.010755851968092062
0.4336998494665881 0.010755851968092062
0.4336998494665881 0.010755851968092062
0.4336998494665881 0.010755851968092062
0.4336998494665881 0.010755851968092062
0.4336998494665881 0.010755851968092062
0.4336998494665881 0.010755851968092062
0.4336998494665881 0.010755851968092062
0.4336998494665881 0.010755851968092062
0.4336998494665881 0.010755851968092062
0.4336998494665881 0.010755851968092062
0.4336998494665881 0.010755851968092062
0.4336998494665881 0.010755851968092062
0.42428397318708105 0.010750399148483235
0.42428397318708105 0.010750399148483235
0.42428397318708105 0.010750399148483235
0.42428397318708105 0.010750399148483235
0.42428397318708105 0.010750399148483235
0.42428397318708105 0.010750399148483235
0.42428397318708105 0.010750399148483235
0.42428397318708105 0.010750399148483235
0.42428397318708105 0.010750399148483235
0.42428397318708105 0.010750399148483235
0.42428397318708105 0.010750399148483235
0.42428397318708105 0.010750399148483235
0.42428397318708105 0.010750399148483235
0.42428397318708105 0.010750399148483235
0.42428397318708105 0.010750399148483235
0.03231793423441598 0.01073374574951862
0.03231793423441598 0.01073374574951862
0.03231793423441598 0.01073374574951862
0.03231793423441598 0.01073374574951862
0.03231793423441598 0.01073374574951862
0.03231793423441598 0.01073374574951862
0.03231793423441598 0.01073374574951862
0.03231793423441598 0.01073374574951862
0.03231793423441598 0.01073374574951862
0.03231793423441598 0.01073374574951862
0.03231793423441598 0.01073374574951862
0.03231793423441598 0.01073374574951862
0.03231793423441598 0.01073374574951862
0.03231793423441598 0.01073374574951862
0.03231793423441598 0.01073374574951862
0.03231793423441598 0.01073374574951862
0.03231793423441598 0.01073374574951862
0.03231793423441598 0.01073374574951862
0.03231793423441598 0.01073374574951862
0.03231793423441598 0.01073374574951862
0.03231793423441598 0.01073374574951862
0.5519790278911857 0.010773708675442027
0.5519790278911857 0.010773708675442027
0.5519790278911857 0.010773708675442027
0.5519790278911857 0.010773708675442027
0.5519790278911857 0.010773708675442027
0.5519790278911857 0.010773708675442027
0.5519790278911857 0.010773708675442027
0.5519790278911857 0.010773708675442027
0.5519790278911857 0.010773708675442027
0.5519790278911857 0.010773708675442027
0.5519790278911857 0.010773708675442027
0.5519790278911857 0.010773708675442027
0.5519790278911857 0.010773708675442027
0.5519790278911857 0.010773708675442027
0.7747747747747747 0.010526315789473684
0.7747747747747747 0.010526315789473684
0.7747747747747747 0.010526315789473684
0.7747747747747747 0.010526315789473684
0.7747747747747747 0.010526315789473684
0.7747747747747747 0.010526315789473684
0.7747747747747747 0.010526315789473684
0.7747747747747747 0.010526315789473684
0.7747747747747747 0.010526315789473684
0.7747747747747747 0.010526315789473684
0.7747747747747747 0.010526315789473684
0.7747747747747747 0.010526315789473684
0.7747747747747747 0.010526315789473684
0.7747747747747747 0.010526315789473684
0.7747747747747747 0.010526315789473684
0.3841359471553377 0.010751537844343408
0.3841359471553377 0.010751537844343408
0.3841359471553377 0.010751537844343408
0.3841359471553377 0.010751537844343408
0.3841359471553377 0.010751537844343408
0.3841359471553377 0.010751537844343408
0.3841359471553377 0.010751537844343408
0.3841359471553377 0.010751537844343408
0.3841359471553377 0.010751537844343408
0.3841359471553377 0.010751537844343408
0.3841359471553377 0.010751537844343408
0.3841359471553377 0.010751537844343408
0.3841359471553377 0.010751537844343408
0.3841359471553377 0.010751537844343408
0.3841359471553377 0.010751537844343408
0.3841359471553377 0.010751537844343408
0.3841359471553377 0.010751537844343408
0.3841359471553377 0.010751537844343408
0.3841359471553377 0.010751537844343408
0.3841359471553377 0.010751537844343408
0.3841359471553377 0.010751537844343408
0.3841359471553377 0.010751537844343408
0.3841359471553377 0.010751537844343408
0.3841359471553377 0.010751537844343408
0.3841359471553377 0.010751537844343408
0.3841359471553377 0.010751537844343408
0.3841359471553377 0.010751537844343408
0.3841359471553377 0.010751537844343408
0.3841359471553377 0.010751537844343408
0.3841359471553377 0.010751537844343408
0.36956435196857707 0.01075798527434194
0.36956435196857707 0.01075798527434194
0.36956435196857707 0.01075798527434194
0.36956435196857707 0.01075798527434194
0.36956435196857707 0.01075798527434194
0.36956435196857707 0.01075798527434194
0.36956435196857707 0.01075798527434194
0.36956435196857707 0.01075798527434194
0.36956435196857707 0.01075798527434194
0.36956435196857707 0.01075798527434194
0.36956435196857707 0.01075798527434194
0.36956435196857707 0.01075798527434194
0.36956435196857707 0.01075798527434194
0.36956435196857707 0.01075798527434194
0.02148781640809661 0.010773708675442027
0.02148781640809661 0.010773708675442027
0.02148781640809661 0.010773708675442027
0.02148781640809661 0.010773708675442027
0.02148781640809661 0.010773708675442027
0.02148781640809661 0.010773708675442027
0.02148781640809661 0.010773708675442027
0.02148781640809661 0.010773708675442027
0.02148781640809661 0.010773708675442027
0.02148781640809661 0.010773708675442027
0.02148781640809661 0.010773708675442027
0.02148781640809661 0.010773708675442027
0.02148781640809661 0.010773708675442027
0.02148781640809661 0.010773708675442027
0.02148781640809661 0.010773708675442027
0.02148781640809661 0.010773708675442027
0.02148781640809661 0.010773708675442027
0.02148781640809661 0.010773708675442027
0.02148781640809661 0.010773708675442027
0.02148781640809661 0.010773708675442027
0.02148781640809661 0.010773708675442027
0.39925587817881936 0.010748932867675592
0.39925587817881936 0.010748932867675592
0.39925587817881936 0.010748932867675592
0.39925587817881936 0.010748932867675592
0.39925587817881936 0.010748932867675592
0.39925587817881936 0.010748932867675592
0.39925587817881936 0.010748932867675592
0.39925587817881936 0.010748932867675592
0.39925587817881936 0.010748932867675592
0.39925587817881936 0.010748932867675592
0.39925587817881936 0.010748932867675592
0.39925587817881936 0.010748932867675592
0.39925587817881936 0.010748932867675592
0.39925587817881936 0.010748932867675592
0.39925587817881936 0.010748932867675592
0.39925587817881936 0.010748932867675592
0.39925587817881936 0.010748932867675592
0.39925587817881936 0.010748932867675592
0.39925587817881936 0.010748932867675592
0.39925587817881936 0.010748932867675592
0.39925587817881936 0.010748932867675592
0.39925587817881936 0.010748932867675592
0.39925587817881936 0.010748932867675592
0.39925587817881936 0.010748932867675592
0.39925587817881936 0.010748932867675592
0.39925587817881936 0.010748932867675592
0.39925587817881936 0.010748932867675592
0.39925587817881936 0.010748932867675592
0.39925587817881936 0.010748932867675592
0.39925587817881936 0.010748932867675592
0.7954749506195008 0.010743061772605193
0.7954749506195008 0.010743061772605193
0.7954749506195008 0.010743061772605193
0.7954749506195008 0.010743061772605193
0.7954749506195008 0.010743061772605193
0.7954749506195008 0.010743061772605193
0.7954749506195008 0.010743061772605193
0.7954749506195008 0.010743061772605193
0.7954749506195008 0.010743061772605193
0.7954749506195008 0.010743061772605193
0.7954749506195008 0.010743061772605193
0.7954749506195008 0.010743061772605193
0.7954749506195008 0.010743061772605193
0.7954749506195008 0.010743061772605193
0.7954749506195008 0.010743061772605193
0.3424110161677015 0.010747009260851408
0.3424110161677015 0.010747009260851408
0.3424110161677015 0.010747009260851408
0.3424110161677015 0.010747009260851408
0.3424110161677015 0.010747009260851408
0.3424110161677015 0.010747009260851408
0.3424110161677015 0.010747009260851408
0.3424110161677015 0.010747009260851408
0.3424110161677015 0.010747009260851408
0.3424110161677015 0.010747009260851408
0.3424110161677015 0.010747009260851408
0.3424110161677015 0.010747009260851408
0.3424110161677015 0.010747009260851408
0.3424110161677015 0.010747009260851408
0.09608933891701564 0.010751790225265663
0.09608933891701564 0.010751790225265663
0.09608933891701564 0.010751790225265663
0.09608933891701564 0.010751790225265663
0.09608933891701564 0.010751790225265663
0.09608933891701564 0.010751790225265663
0.09608933891701564 0.010751790225265663
0.09608933891701564 0.010751790225265663
0.09608933891701564 0.010751790225265663
0.09608933891701564 0.010751790225265663
0.09608933891701564 0.010751790225265663
0.09608933891701564 0.010751790225265663
0.09608933891701564 0.010751790225265663
0.09608933891701564 0.010751790225265663
0.09608933891701564 0.010751790225265663
0.09608933891701564 0.010751790225265663
0.09608933891701564 0.010751790225265663
0.09608933891701564 0.010751790225265663
0.09608933891701564 0.010751790225265663
0.09608933891701564 0.010751790225265663
0.09608933891701564 0.010751790225265663
0.1533973187081048 0.010750399148483235
0.1533973187081048 0.010750399148483235
0.1533973187081048 0.010750399148483235
0.1533973187081048 0.010750399148483235
0.1533973187081048 0.010750399148483235
0.1533973187081048 0.010750399148483235
0.1533973187081048 0.010750399148483235
0.1533973187081048 0.010750399148483235
0.1533973187081048 0.010750399148483235
0.1533973187081048 0.010750399148483235
0.1533973187081048 0.010750399148483235
0.1533973187081048 0.010750399148483235
0.1533973187081048 0.010750399148483235
0.1533973187081048 0.010750399148483235
0.1533973187081048 0.010750399148483235
0.1533973187081048 0.010750399148483235
0.1533973187081048 0.010750399148483235
0.1533973187081048 0.010750399148483235
0.1533973187081048 0.010750399148483235
0.1533973187081048 0.010750399148483235
0.1533973187081048 0.010750399148483235
0.5346809013382596 0.010748996974833187
0.5346809013382596 0.010748996974833187
0.5346809013382596 0.010748996974833187
0.5346809013382596 0.010748996974833187
0.5346809013382596 0.010748996974833187
0.5346809013382596 0.010748996974833187
0.5346809013382596 0.010748996974833187
0.5346809013382596 0.010748996974833187
0.5346809013382596 0.010748996974833187
0.5346809013382596 0.010748996974833187
0.5346809013382596 0.010748996974833187
0.5346809013382596 0.010748996974833187
0.5346809013382596 0.010748996974833187
0.5346809013382596 0.010748996974833187
0.44626273781436676 0.010759738403860056
0.44626273781436676 0.010759738403860056
0.44626273781436676 0.010759738403860056
0.44626273781436676 0.010759738403860056
0.44626273781436676 0.010759738403860056
0.44626273781436676 0.010759738403860056
0.44626273781436676 0.010759738403860056
0.44626273781436676 0.010759738403860056
0.44626273781436676 0.010759738403860056
0.44626273781436676 0.010759738403860056
0.44626273781436676 0.010759738403860056
0.44626273781436676 0.010759738403860056
0.44626273781436676 0.010759738403860056
0.44626273781436676 0.010759738403860056
0.03616636528028933 0.010893246187363835
0.03616636528028933 0.010893246187363835
0.03616636528028933 0.010893246187363835
0.03616636528028933 0.010893246187363835
0.03616636528028933 0.010893246187363835
0.03616636528028933 0.010893246187363835
0.03616636528028933 0.010893246187363835
0.03616636528028933 0.010893246187363835
0.03616636528028933 0.010893246187363835
0.03616636528028933 0.010893246187363835
0.03616636528028933 0.010893246187363835
0.03616636528028933 0.010893246187363835
0.03616636528028933 0.010893246187363835
0.03616636528028933 0.010893246187363835
0.39397926127120203 0.010746766084844376
0.39397926127120203 0.010746766084844376
0.39397926127120203 0.010746766084844376
0.39397926127120203 0.010746766084844376
0.39397926127120203 0.010746766084844376
0.39397926127120203 0.010746766084844376
0.39397926127120203 0.010746766084844376
0.39397926127120203 0.010746766084844376
0.39397926127120203 0.010746766084844376
0.39397926127120203 0.010746766084844376
0.39397926127120203 0.010746766084844376
0.39397926127120203 0.010746766084844376
0.39397926127120203 0.010746766084844376
0.39397926127120203 0.010746766084844376
0.028277634961439587 0.010768304346285998
0.028277634961439587 0.010768304346285998
0.028277634961439587 0.010768304346285998
0.028277634961439587 0.010768304346285998
0.028277634961439587 0.010768304346285998
0.028277634961439587 0.010768304346285998
0.028277634961439587 0.010768304346285998
0.028277634961439587 0.010768304346285998
0.028277634961439587 0.010768304346285998
0.028277634961439587 0.010768304346285998
0.028277634961439587 0.010768304346285998
0.028277634961439587 0.010768304346285998
0.028277634961439587 0.010768304346285998
0.028277634961439587 0.010768304346285998
0.028277634961439587 0.010768304346285998
0.028277634961439587 0.010768304346285998
0.028277634961439587 0.010768304346285998
0.028277634961439587 0.010768304346285998
0.028277634961439587 0.010768304346285998
0.028277634961439587 0.010768304346285998
0.028277634961439587 0.010768304346285998
0.028277634961439587 0.010768304346285998
0.028277634961439587 0.010768304346285998
0.028277634961439587 0.010768304346285998
0.028277634961439587 0.010768304346285998
0.028277634961439587 0.010768304346285998
0.028277634961439587 0.010768304346285998
0.028277634961439587 0.010768304346285998
0.028277634961439587 0.010768304346285998
0.028277634961439587 0.010768304346285998
0.028277634961439587 0.010768304346285998
0.028277634961439587 0.010768304346285998
0.028277634961439587 0.010768304346285998
0.028277634961439587 0.010768304346285998
0.028277634961439587 0.010768304346285998
0.028277634961439587 0.010768304346285998
0.028277634961439587 0.010768304346285998
0.028277634961439587 0.010768304346285998
0.028277634961439587 0.010768304346285998
0.028277634961439587 0.010768304346285998
0.028277634961439587 0.010768304346285998
0.028277634961439587 0.010768304346285998
0.3973435984837354 0.010750154625511738
0.3973435984837354 0.010750154625511738
0.3973435984837354 0.010750154625511738
0.3973435984837354 0.010750154625511738
0.3973435984837354 0.010750154625511738
0.3973435984837354 0.010750154625511738
0.3973435984837354 0.010750154625511738
0.3973435984837354 0.010750154625511738
0.3973435984837354 0.010750154625511738
0.3973435984837354 0.010750154625511738
0.3973435984837354 0.010750154625511738
0.3973435984837354 0.010750154625511738
0.3973435984837354 0.010750154625511738
0.3973435984837354 0.010750154625511738
0.3973435984837354 0.010750154625511738
0.5882785035941025 0.010761175572920778
0.5882785035941025 0.010761175572920778
0.5882785035941025 0.010761175572920778
0.5882785035941025 0.010761175572920778
0.5882785035941025 0.010761175572920778
0.5882785035941025 0.010761175572920778
0.5882785035941025 0.010761175572920778
0.5882785035941025 0.010761175572920778
0.5882785035941025 0.010761175572920778
0.5882785035941025 0.010761175572920778
0.5882785035941025 0.010761175572920778
0.5882785035941025 0.010761175572920778
0.5882785035941025 0.010761175572920778
0.5882785035941025 0.010761175572920778
0.547710308654428 0.01073374574951862
0.547710308654428 0.01073374574951862
0.547710308654428 0.01073374574951862
0.547710308654428 0.01073374574951862
0.547710308654428 0.01073374574951862
0.547710308654428 0.01073374574951862
0.547710308654428 0.01073374574951862
0.547710308654428 0.01073374574951862
0.547710308654428 0.01073374574951862
0.547710308654428 0.01073374574951862
0.547710308654428 0.01073374574951862
0.547710308654428 0.01073374574951862
0.547710308654428 0.01073374574951862
0.547710308654428 0.01073374574951862
0.42231870810481414 0.010750399148483235
0.42231870810481414 0.010750399148483235
0.42231870810481414 0.010750399148483235
0.42231870810481414 0.010750399148483235
0.42231870810481414 0.010750399148483235
0.42231870810481414 0.010750399148483235
0.42231870810481414 0.010750399148483235
0.42231870810481414 0.010750399148483235
0.42231870810481414 0.010750399148483235
0.42231870810481414 0.010750399148483235
0.42231870810481414 0.010750399148483235
0.42231870810481414 0.010750399148483235
0.42231870810481414 0.010750399148483235
0.42231870810481414 0.010750399148483235
0.36956435196857707 0.01075798527434194
0.36956435196857707 0.01075798527434194
0.36956435196857707 0.01075798527434194
0.36956435196857707 0.01075798527434194
0.36956435196857707 0.01075798527434194
0.36956435196857707 0.01075798527434194
0.36956435196857707 0.01075798527434194
0.36956435196857707 0.01075798527434194
0.36956435196857707 0.01075798527434194
0.36956435196857707 0.01075798527434194
0.36956435196857707 0.01075798527434194
0.36956435196857707 0.01075798527434194
0.36956435196857707 0.01075798527434194
0.36956435196857707 0.01075798527434194
0.36956435196857707 0.01075798527434194
0.35081488688883483 0.010739974381712484
0.35081488688883483 0.010739974381712484
0.35081488688883483 0.010739974381712484
0.35081488688883483 0.010739974381712484
0.35081488688883483 0.010739974381712484
0.35081488688883483 0.010739974381712484
0.35081488688883483 0.010739974381712484
0.35081488688883483 0.010739974381712484
0.35081488688883483 0.010739974381712484
0.35081488688883483 0.010739974381712484
0.35081488688883483 0.010739974381712484
0.35081488688883483 0.010739974381712484
0.35081488688883483 0.010739974381712484
0.35081488688883483 0.010739974381712484
0.35081488688883483 0.010739974381712484
0.21204147745759594 0.010746766084844376
0.21204147745759594 0.010746766084844376
0.21204147745759594 0.010746766084844376
0.21204147745759594 0.010746766084844376
0.21204147745759594 0.010746766084844376
0.21204147745759594 0.010746766084844376
0.21204147745759594 0.010746766084844376
0.21204147745759594 0.010746766084844376
0.21204147745759594 0.010746766084844376
0.21204147745759594 0.010746766084844376
0.21204147745759594 0.010746766084844376
0.21204147745759594 0.010746766084844376
0.21204147745759594 0.010746766084844376
0.21204147745759594 0.010746766084844376
0.21204147745759594 0.010746766084844376
0.21204147745759594 0.010746766084844376
0.21204147745759594 0.010746766084844376
0.21204147745759594 0.010746766084844376
0.21204147745759594 0.010746766084844376
0.21204147745759594 0.010746766084844376
0.21204147745759594 0.010746766084844376
0.13004701905861485 0.010759738403860056
0.13004701905861485 0.010759738403860056
0.13004701905861485 0.010759738403860056
0.13004701905861485 0.010759738403860056
0.13004701905861485 0.010759738403860056
0.13004701905861485 0.010759738403860056
0.13004701905861485 0.010759738403860056
0.13004701905861485 0.010759738403860056
0.13004701905861485 0.010759738403860056
0.13004701905861485 0.010759738403860056
0.13004701905861485 0.010759738403860056
0.13004701905861485 0.010759738403860056
0.13004701905861485 0.010759738403860056
0.13004701905861485 0.010759738403860056
0.13004701905861485 0.010759738403860056
0.13004701905861485 0.010759738403860056
0.13004701905861485 0.010759738403860056
0.13004701905861485 0.010759738403860056
0.13004701905861485 0.010759738403860056
0.13004701905861485 0.010759738403860056
0.13004701905861485 0.010759738403860056
0.17861145519966967 0.010749051554274624
0.17861145519966967 0.010749051554274624
0.17861145519966967 0.010749051554274624
0.17861145519966967 0.010749051554274624
0.17861145519966967 0.010749051554274624
0.17861145519966967 0.010749051554274624
0.17861145519966967 0.010749051554274624
0.17861145519966967 0.010749051554274624
0.17861145519966967 0.010749051554274624
0.17861145519966967 0.010749051554274624
0.17861145519966967 0.010749051554274624
0.17861145519966967 0.010749051554274624
0.17861145519966967 0.010749051554274624
0.17861145519966967 0.010749051554274624
0.17861145519966967 0.010749051554274624
0.17861145519966967 0.010749051554274624
0.17861145519966967 0.010749051554274624
0.17861145519966967 0.010749051554274624
0.17861145519966967 0.010749051554274624
0.17861145519966967 0.010749051554274624
0.17861145519966967 0.010749051554274624
0.5103524819166444 0.010753511155332747
0.5103524819166444 0.010753511155332747
0.5103524819166444 0.010753511155332747
0.5103524819166444 0.010753511155332747
0.5103524819166444 0.010753511155332747
0.5103524819166444 0.010753511155332747
0.5103524819166444 0.010753511155332747
0.5103524819166444 0.010753511155332747
0.5103524819166444 0.010753511155332747
0.5103524819166444 0.010753511155332747
0.5103524819166444 0.010753511155332747
0.5103524819166444 0.010753511155332747
0.5103524819166444 0.010753511155332747
0.5103524819166444 0.010753511155332747
0.5103524819166444 0.010753511155332747
0.5103524819166444 0.010753511155332747
0.5103524819166444 0.010753511155332747
0.5103524819166444 0.010753511155332747
0.5103524819166444 0.010753511155332747
0.5103524819166444 0.010753511155332747
0.5103524819166444 0.010753511155332747
0.5103524819166444 0.010753511155332747
0.5103524819166444 0.010753511155332747
0.5103524819166444 0.010753511155332747
0.5103524819166444 0.010753511155332747
0.5103524819166444 0.010753511155332747
0.5103524819166444 0.010753511155332747
0.5103524819166444 0.010753511155332747
0.0697012483471167 0.010748835542816195
0.0697012483471167 0.010748835542816195
0.0697012483471167 0.010748835542816195
0.0697012483471167 0.010748835542816195
0.0697012483471167 0.010748835542816195
0.0697012483471167 0.010748835542816195
0.0697012483471167 0.010748835542816195
0.0697012483471167 0.010748835542816195
0.0697012483471167 0.010748835542816195
0.0697012483471167 0.010748835542816195
0.0697012483471167 0.010748835542816195
0.0697012483471167 0.010748835542816195
0.0697012483471167 0.010748835542816195
0.0697012483471167 0.010748835542816195
0.0697012483471167 0.010748835542816195
0.0697012483471167 0.010748835542816195
0.0697012483471167 0.010748835542816195
0.0697012483471167 0.010748835542816195
0.0697012483471167 0.010748835542816195
0.0697012483471167 0.010748835542816195
0.0697012483471167 0.010748835542816195
0.07795415977488024 0.010748996974833187
0.07795415977488024 0.010748996974833187
0.07795415977488024 0.010748996974833187
0.07795415977488024 0.010748996974833187
0.07795415977488024 0.010748996974833187
0.07795415977488024 0.010748996974833187
0.07795415977488024 0.010748996974833187
0.07795415977488024 0.010748996974833187
0.07795415977488024 0.010748996974833187
0.07795415977488024 0.010748996974833187
0.07795415977488024 0.010748996974833187
0.07795415977488024 0.010748996974833187
0.07795415977488024 0.010748996974833187
0.07795415977488024 0.010748996974833187
0.07795415977488024 0.010748996974833187
0.07795415977488024 0.010748996974833187
0.07795415977488024 0.010748996974833187
0.07795415977488024 0.010748996974833187
0.07795415977488024 0.010748996974833187
0.07795415977488024 0.010748996974833187
0.07795415977488024 0.010748996974833187
0.030723792719880325 0.010748932867675592
0.030723792719880325 0.010748932867675592
0.030723792719880325 0.010748932867675592
0.030723792719880325 0.010748932867675592
0.030723792719880325 0.010748932867675592
0.030723792719880325 0.010748932867675592
0.030723792719880325 0.010748932867675592
0.030723792719880325 0.010748932867675592
0.030723792719880325 0.010748932867675592
0.030723792719880325 0.010748932867675592
0.030723792719880325 0.010748932867675592
0.030723792719880325 0.010748932867675592
0.030723792719880325 0.010748932867675592
0.030723792719880325 0.010748932867675592
0.030723792719880325 0.010748932867675592
0.030723792719880325 0.010748932867675592
0.030723792719880325 0.010748932867675592
0.030723792719880325 0.010748932867675592
0.030723792719880325 0.010748932867675592
0.030723792719880325 0.010748932867675592
0.030723792719880325 0.010748932867675592
0.030723792719880325 0.010748932867675592
0.030723792719880325 0.010748932867675592
0.030723792719880325 0.010748932867675592
0.030723792719880325 0.010748932867675592
0.030723792719880325 0.010748932867675592
0.030723792719880325 0.010748932867675592
0.030723792719880325 0.010748932867675592
0.030723792719880325 0.010748932867675592
0.030723792719880325 0.010748932867675592
0.030723792719880325 0.010748932867675592
0.030723792719880325 0.010748932867675592
0.030723792719880325 0.010748932867675592
0.030723792719880325 0.010748932867675592
0.030723792719880325 0.010748932867675592
0.030723792719880325 0.010748932867675592
0.030723792719880325 0.010748932867675592
0.030723792719880325 0.010748932867675592
0.030723792719880325 0.010748932867675592
0.030723792719880325 0.010748932867675592
0.030723792719880325 0.010748932867675592
0.030723792719880325 0.010748932867675592
0.385315748900973 0.010751790225265663
0.385315748900973 0.010751790225265663
0.385315748900973 0.010751790225265663
0.385315748900973 0.010751790225265663
0.385315748900973 0.010751790225265663
0.385315748900973 0.010751790225265663
0.385315748900973 0.010751790225265663
0.385315748900973 0.010751790225265663
0.385315748900973 0.010751790225265663
0.385315748900973 0.010751790225265663
0.385315748900973 0.010751790225265663
0.385315748900973 0.010751790225265663
0.385315748900973 0.010751790225265663
0.385315748900973 0.010751790225265663
0.385315748900973 0.010751790225265663
0.18018018018018017 0.010526315789473684
0.18018018018018017 0.010526315789473684
0.18018018018018017 0.010526315789473684
0.18018018018018017 0.010526315789473684
0.18018018018018017 0.010526315789473684
0.18018018018018017 0.010526315789473684
0.18018018018018017 0.010526315789473684
0.18018018018018017 0.010526315789473684
0.18018018018018017 0.010526315789473684
0.18018018018018017 0.010526315789473684
0.18018018018018017 0.010526315789473684
0.18018018018018017 0.010526315789473684
0.18018018018018017 0.010526315789473684
0.18018018018018017 0.010526315789473684
0.3346993714622216 0.010758116668469703
0.3346993714622216 0.010758116668469703
0.3346993714622216 0.010758116668469703
0.3346993714622216 0.010758116668469703
0.3346993714622216 0.010758116668469703
0.3346993714622216 0.010758116668469703
0.3346993714622216 0.010758116668469703
0.3346993714622216 0.010758116668469703
0.3346993714622216 0.010758116668469703
0.3346993714622216 0.010758116668469703
0.3346993714622216 0.010758116668469703
0.3346993714622216 0.010758116668469703
0.3346993714622216 0.010758116668469703
0.3346993714622216 0.010758116668469703
0.3346993714622216 0.010758116668469703
0.22060840119777236 0.010748630213574863
0.22060840119777236 0.010748630213574863
0.22060840119777236 0.010748630213574863
0.22060840119777236 0.010748630213574863
0.22060840119777236 0.010748630213574863
0.22060840119777236 0.010748630213574863
0.22060840119777236 0.010748630213574863
0.22060840119777236 0.010748630213574863
0.22060840119777236 0.010748630213574863
0.22060840119777236 0.010748630213574863
0.22060840119777236 0.010748630213574863
0.22060840119777236 0.010748630213574863
0.22060840119777236 0.010748630213574863
0.22060840119777236 0.010748630213574863
0.22060840119777236 0.010748630213574863
0.22060840119777236 0.010748630213574863
0.22060840119777236 0.010748630213574863
0.22060840119777236 0.010748630213574863
0.22060840119777236 0.010748630213574863
0.22060840119777236 0.010748630213574863
0.22060840119777236 0.010748630213574863
0.592788410701068 0.010754686919114133
0.592788410701068 0.010754686919114133
0.592788410701068 0.010754686919114133
0.592788410701068 0.010754686919114133
0.592788410701068 0.010754686919114133
0.592788410701068 0.010754686919114133
0.592788410701068 0.010754686919114133
0.592788410701068 0.010754686919114133
0.592788410701068 0.010754686919114133
0.592788410701068 0.010754686919114133
0.592788410701068 0.010754686919114133
0.592788410701068 0.010754686919114133
0.592788410701068 0.010754686919114133
0.592788410701068 0.010754686919114133
0.33581324683780883 0.010753464203233256
0.33581324683780883 0.010753464203233256
0.33581324683780883 0.010753464203233256
0.33581324683780883 0.010753464203233256
0.33581324683780883 0.010753464203233256
0.33581324683780883 0.010753464203233256
0.33581324683780883 0.010753464203233256
0.33581324683780883 0.010753464203233256
0.33581324683780883 0.010753464203233256
0.33581324683780883 0.010753464203233256
0.33581324683780883 0.010753464203233256
0.33581324683780883 0.010753464203233256
0.33581324683780883 0.010753464203233256
0.33581324683780883 0.010753464203233256
0.33581324683780883 0.010753464203233256
0.4319502547490762 0.010747268470343392
0.4319502547490762 0.010747268470343392
0.4319502547490762 0.010747268470343392
0.4319502547490762 0.010747268470343392
0.4319502547490762 0.010747268470343392
0.4319502547490762 0.010747268470343392
0.4319502547490762 0.010747268470343392
0.4319502547490762 0.010747268470343392
0.4319502547490762 0.010747268470343392
0.4319502547490762 0.010747268470343392
0.4319502547490762 0.010747268470343392
0.4319502547490762 0.010747268470343392
0.4319502547490762 0.010747268470343392
0.4319502547490762 0.010747268470343392
0.4319502547490762 0.010747268470343392
0.02681159420289855 0.01076049643517296
0.02681159420289855 0.01076049643517296
0.02681159420289855 0.01076049643517296
0.02681159420289855 0.01076049643517296
0.02681159420289855 0.01076049643517296
0.02681159420289855 0.01076049643517296
0.02681159420289855 0.01076049643517296
0.02681159420289855 0.01076049643517296
0.02681159420289855 0.01076049643517296
0.02681159420289855 0.01076049643517296
0.02681159420289855 0.01076049643517296
0.02681159420289855 0.01076049643517296
0.02681159420289855 0.01076049643517296
0.02681159420289855 0.01076049643517296
0.02681159420289855 0.01076049643517296
0.02681159420289855 0.01076049643517296
0.02681159420289855 0.01076049643517296
0.02681159420289855 0.01076049643517296
0.02681159420289855 0.01076049643517296
0.02681159420289855 0.01076049643517296
0.02681159420289855 0.01076049643517296
0.02681159420289855 0.01076049643517296
0.02681159420289855 0.01076049643517296
0.02681159420289855 0.01076049643517296
0.02681159420289855 0.01076049643517296
0.02681159420289855 0.01076049643517296
0.02681159420289855 0.01076049643517296
0.02681159420289855 0.01076049643517296
0.02681159420289855 0.01076049643517296
0.02681159420289855 0.01076049643517296
0.02681159420289855 0.01076049643517296
0.02681159420289855 0.01076049643517296
0.02681159420289855 0.01076049643517296
0.02681159420289855 0.01076049643517296
0.02681159420289855 0.01076049643517296
0.02681159420289855 0.01076049643517296
0.02681159420289855 0.01076049643517296
0.02681159420289855 0.01076049643517296
0.02681159420289855 0.01076049643517296
0.02681159420289855 0.01076049643517296
0.02681159420289855 0.01076049643517296
0.02681159420289855 0.01076049643517296
0.04544493205731508 0.010759544114130867
0.04544493205731508 0.010759544114130867
0.04544493205731508 0.010759544114130867
0.04544493205731508 0.010759544114130867
0.04544493205731508 0.010759544114130867
0.04544493205731508 0.010759544114130867
0.04544493205731508 0.010759544114130867
0.04544493205731508 0.010759544114130867
0.04544493205731508 0.010759544114130867
0.04544493205731508 0.010759544114130867
0.04544493205731508 0.010759544114130867
0.04544493205731508 0.010759544114130867
0.04544493205731508 0.010759544114130867
0.04544493205731508 0.010759544114130867
0.04544493205731508 0.010759544114130867
0.04544493205731508 0.010759544114130867
0.04544493205731508 0.010759544114130867
0.04544493205731508 0.010759544114130867
0.04544493205731508 0.010759544114130867
0.04544493205731508 0.010759544114130867
0.04544493205731508 0.010759544114130867
0.41069427240016515 0.010749051554274624
0.41069427240016515 0.010749051554274624
0.41069427240016515 0.010749051554274624
0.41069427240016515 0.010749051554274624
0.41069427240016515 0.010749051554274624
0.41069427240016515 0.010749051554274624
0.41069427240016515 0.010749051554274624
0.41069427240016515 0.010749051554274624
0.41069427240016515 0.010749051554274624
0.41069427240016515 0.010749051554274624
0.41069427240016515 0.010749051554274624
0.41069427240016515 0.010749051554274624
0.41069427240016515 0.010749051554274624
0.41069427240016515 0.010749051554274624
0.4735440340909091 0.010745801309422147
0.4735440340909091 0.010745801309422147
0.4735440340909091 0.010745801309422147
0.4735440340909091 0.010745801309422147
0.4735440340909091 0.010745801309422147
0.4735440340909091 0.010745801309422147
0.4735440340909091 0.010745801309422147
0.4735440340909091 0.010745801309422147
0.4735440340909091 0.010745801309422147
0.4735440340909091 0.010745801309422147
0.4735440340909091 0.010745801309422147
0.4735440340909091 0.010745801309422147
0.4735440340909091 0.010745801309422147
0.4735440340909091 0.010745801309422147
0.15900409173951774 0.010754141696330675
0.15900409173951774 0.010754141696330675
0.15900409173951774 0.010754141696330675
0.15900409173951774 0.010754141696330675
0.15900409173951774 0.010754141696330675
0.15900409173951774 0.010754141696330675
0.15900409173951774 0.010754141696330675
0.15900409173951774 0.010754141696330675
0.15900409173951774 0.010754141696330675
0.15900409173951774 0.010754141696330675
0.15900409173951774 0.010754141696330675
0.15900409173951774 0.010754141696330675
0.15900409173951774 0.010754141696330675
0.15900409173951774 0.010754141696330675
0.15900409173951774 0.010754141696330675
0.15900409173951774 0.010754141696330675
0.15900409173951774 0.010754141696330675
0.15900409173951774 0.010754141696330675
0.15900409173951774 0.010754141696330675
0.15900409173951774 0.010754141696330675
0.15900409173951774 0.010754141696330675
0.33581324683780883 0.010753464203233256
0.33581324683780883 0.010753464203233256
0.33581324683780883 0.010753464203233256
0.33581324683780883 0.010753464203233256
0.33581324683780883 0.010753464203233256
0.33581324683780883 0.010753464203233256
0.33581324683780883 0.010753464203233256
0.33581324683780883 0.010753464203233256
0.33581324683780883 0.010753464203233256
0.33581324683780883 0.010753464203233256
0.33581324683780883 0.010753464203233256
0.33581324683780883 0.010753464203233256
0.33581324683780883 0.010753464203233256
0.33581324683780883 0.010753464203233256
0.04504504504504504 0.010526315789473684
0.04504504504504504 0.010526315789473684
0.04504504504504504 0.010526315789473684
0.04504504504504504 0.010526315789473684
0.04504504504504504 0.010526315789473684
0.04504504504504504 0.010526315789473684
0.04504504504504504 0.010526315789473684
0.04504504504504504 0.010526315789473684
0.04504504504504504 0.010526315789473684
0.04504504504504504 0.010526315789473684
0.04504504504504504 0.010526315789473684
0.04504504504504504 0.010526315789473684
0.04504504504504504 0.010526315789473684
0.04504504504504504 0.010526315789473684
0.04504504504504504 0.010526315789473684
0.04504504504504504 0.010526315789473684
0.04504504504504504 0.010526315789473684
0.04504504504504504 0.010526315789473684
0.04504504504504504 0.010526315789473684
0.04504504504504504 0.010526315789473684
0.04504504504504504 0.010526315789473684
0.045096804659216116 0.010761175572920778
0.045096804659216116 0.010761175572920778
0.045096804659216116 0.010761175572920778
0.045096804659216116 0.010761175572920778
0.045096804659216116 0.010761175572920778
0.045096804659216116 0.010761175572920778
0.045096804659216116 0.010761175572920778
0.045096804659216116 0.010761175572920778
0.045096804659216116 0.010761175572920778
0.045096804659216116 0.010761175572920778
0.045096804659216116 0.010761175572920778
0.045096804659216116 0.010761175572920778
0.045096804659216116 0.010761175572920778
0.045096804659216116 0.010761175572920778
0.045096804659216116 0.010761175572920778
0.045096804659216116 0.010761175572920778
0.045096804659216116 0.010761175572920778
0.045096804659216116 0.010761175572920778
0.045096804659216116 0.010761175572920778
0.045096804659216116 0.010761175572920778
0.045096804659216116 0.010761175572920778
0.39397926127120203 0.010746766084844376
0.39397926127120203 0.010746766084844376
0.39397926127120203 0.010746766084844376
0.39397926127120203 0.010746766084844376
0.39397926127120203 0.010746766084844376
0.39397926127120203 0.010746766084844376
0.39397926127120203 0.010746766084844376
0.39397926127120203 0.010746766084844376
0.39397926127120203 0.010746766084844376
0.39397926127120203 0.010746766084844376
0.39397926127120203 0.010746766084844376
0.39397926127120203 0.010746766084844376
0.39397926127120203 0.010746766084844376
0.39397926127120203 0.010746766084844376
0.39397926127120203 0.010746766084844376
0.4204979541302411 0.010754141696330675
0.4204979541302411 0.010754141696330675
0.4204979541302411 0.010754141696330675
0.4204979541302411 0.010754141696330675
0.4204979541302411 0.010754141696330675
0.4204979541302411 0.010754141696330675
0.4204979541302411 0.010754141696330675
0.4204979541302411 0.010754141696330675
0.4204979541302411 0.010754141696330675
0.4204979541302411 0.010754141696330675
0.4204979541302411 0.010754141696330675
0.4204979541302411 0.010754141696330675
0.4204979541302411 0.010754141696330675
0.4204979541302411 0.010754141696330675
0.4204979541302411 0.010754141696330675
0.24782585210392696 0.010754431474275832
0.24782585210392696 0.010754431474275832
0.24782585210392696 0.010754431474275832
0.24782585210392696 0.010754431474275832
0.24782585210392696 0.010754431474275832
0.24782585210392696 0.010754431474275832
0.24782585210392696 0.010754431474275832
0.24782585210392696 0.010754431474275832
0.24782585210392696 0.010754431474275832
0.24782585210392696 0.010754431474275832
0.24782585210392696 0.010754431474275832
0.24782585210392696 0.010754431474275832
0.24782585210392696 0.010754431474275832
0.24782585210392696 0.010754431474275832
0.24782585210392696 0.010754431474275832
0.24782585210392696 0.010754431474275832
0.24782585210392696 0.010754431474275832
0.24782585210392696 0.010754431474275832
0.24782585210392696 0.010754431474275832
0.24782585210392696 0.010754431474275832
0.24782585210392696 0.010754431474275832
0.5608709705856425 0.010750154625511738
0.5608709705856425 0.010750154625511738
0.5608709705856425 0.010750154625511738
0.5608709705856425 0.010750154625511738
0.5608709705856425 0.010750154625511738
0.5608709705856425 0.010750154625511738
0.5608709705856425 0.010750154625511738
0.5608709705856425 0.010750154625511738
0.5608709705856425 0.010750154625511738
0.5608709705856425 0.010750154625511738
0.5608709705856425 0.010750154625511738
0.5608709705856425 0.010750154625511738
0.5608709705856425 0.010750154625511738
0.5608709705856425 0.010750154625511738
0.5904315542799968 0.010748712531361415
0.5904315542799968 0.010748712531361415
0.5904315542799968 0.010748712531361415
0.5904315542799968 0.010748712531361415
0.5904315542799968 0.010748712531361415
0.5904315542799968 0.010748712531361415
0.5904315542799968 0.010748712531361415
0.5904315542799968 0.010748712531361415
0.5904315542799968 0.010748712531361415
0.5904315542799968 0.010748712531361415
0.5904315542799968 0.010748712531361415
0.5904315542799968 0.010748712531361415
0.5904315542799968 0.010748712531361415
0.5904315542799968 0.010748712531361415
0.4199717571111559 0.01073374574951862
0.4199717571111559 0.01073374574951862
0.4199717571111559 0.01073374574951862
0.4199717571111559 0.01073374574951862
0.4199717571111559 0.01073374574951862
0.4199717571111559 0.01073374574951862
0.4199717571111559 0.01073374574951862
0.4199717571111559 0.01073374574951862
0.4199717571111559 0.01073374574951862
0.4199717571111559 0.01073374574951862
0.4199717571111559 0.01073374574951862
0.4199717571111559 0.01073374574951862
0.4199717571111559 0.01073374574951862
0.4199717571111559 0.01073374574951862
0.4199717571111559 0.01073374574951862
0.5928197536086289 0.010759544114130867
0.5928197536086289 0.010759544114130867
0.5928197536086289 0.010759544114130867
0.5928197536086289 0.010759544114130867
0.5928197536086289 0.010759544114130867
0.5928197536086289 0.010759544114130867
0.5928197536086289 0.010759544114130867
0.5928197536086289 0.010759544114130867
0.5928197536086289 0.010759544114130867
0.5928197536086289 0.010759544114130867
0.5928197536086289 0.010759544114130867
0.5928197536086289 0.010759544114130867
0.5928197536086289 0.010759544114130867
0.5928197536086289 0.010759544114130867
0.33117195004803074 0.010757599432671851
0.33117195004803074 0.010757599432671851
0.33117195004803074 0.010757599432671851
0.33117195004803074 0.010757599432671851
0.33117195004803074 0.010757599432671851
0.33117195004803074 0.010757599432671851
0.33117195004803074 0.010757599432671851
0.33117195004803074 0.010757599432671851
0.33117195004803074 0.010757599432671851
0.33117195004803074 0.010757599432671851
0.33117195004803074 0.010757599432671851
0.33117195004803074 0.010757599432671851
0.33117195004803074 0.010757599432671851
0.33117195004803074 0.010757599432671851
0.33117195004803074 0.010757599432671851
0.33117195004803074 0.010757599432671851
0.33117195004803074 0.010757599432671851
0.33117195004803074 0.010757599432671851
0.33117195004803074 0.010757599432671851
0.33117195004803074 0.010757599432671851
0.33117195004803074 0.010757599432671851
0.3344140249759846 0.010757599432671851
0.3344140249759846 0.010757599432671851
0.3344140249759846 0.010757599432671851
0.3344140249759846 0.010757599432671851
0.3344140249759846 0.010757599432671851
0.3344140249759846 0.010757599432671851
0.3344140249759846 0.010757599432671851
0.3344140249759846 0.010757599432671851
0.3344140249759846 0.010757599432671851
0.3344140249759846 0.010757599432671851
0.3344140249759846 0.010757599432671851
0.3344140249759846 0.010757599432671851
0.3344140249759846 0.010757599432671851
0.3344140249759846 0.010757599432671851
0.3344140249759846 0.010757599432671851
0.6248601313549015 0.010739974381712484
0.6248601313549015 0.010739974381712484
0.6248601313549015 0.010739974381712484
0.6248601313549015 0.010739974381712484
0.6248601313549015 0.010739974381712484
0.6248601313549015 0.010739974381712484
0.6248601313549015 0.010739974381712484
0.6248601313549015 0.010739974381712484
0.6248601313549015 0.010739974381712484
0.6248601313549015 0.010739974381712484
0.6248601313549015 0.010739974381712484
0.6248601313549015 0.010739974381712484
0.6248601313549015 0.010739974381712484
0.6248601313549015 0.010739974381712484
0.3306012570755567 0.010758116668469703
0.3306012570755567 0.010758116668469703
0.3306012570755567 0.010758116668469703
0.3306012570755567 0.010758116668469703
0.3306012570755567 0.010758116668469703
0.3306012570755567 0.010758116668469703
0.3306012570755567 0.010758116668469703
0.3306012570755567 0.010758116668469703
0.3306012570755567 0.010758116668469703
0.3306012570755567 0.010758116668469703
0.3306012570755567 0.010758116668469703
0.3306012570755567 0.010758116668469703
0.3306012570755567 0.010758116668469703
0.3306012570755567 0.010758116668469703
0.3306012570755567 0.010758116668469703
0.3306012570755567 0.010758116668469703
0.3306012570755567 0.010758116668469703
0.3306012570755567 0.010758116668469703
0.3306012570755567 0.010758116668469703
0.3306012570755567 0.010758116668469703
0.3306012570755567 0.010758116668469703
0.0221073939910505 0.010751537844343408
0.0221073939910505 0.010751537844343408
0.0221073939910505 0.010751537844343408
0.0221073939910505 0.010751537844343408
0.0221073939910505 0.010751537844343408
0.0221073939910505 0.010751537844343408
0.0221073939910505 0.010751537844343408
0.0221073939910505 0.010751537844343408
0.0221073939910505 0.010751537844343408
0.0221073939910505 0.010751537844343408
0.0221073939910505 0.010751537844343408
0.0221073939910505 0.010751537844343408
0.0221073939910505 0.010751537844343408
0.0221073939910505 0.010751537844343408
0.0221073939910505 0.010751537844343408
0.0221073939910505 0.010751537844343408
0.0221073939910505 0.010751537844343408
0.0221073939910505 0.010751537844343408
0.0221073939910505 0.010751537844343408
0.0221073939910505 0.010751537844343408
0.0221073939910505 0.010751537844343408
0.0221073939910505 0.010751537844343408
0.0221073939910505 0.010751537844343408
0.0221073939910505 0.010751537844343408
0.0221073939910505 0.010751537844343408
0.0221073939910505 0.010751537844343408
0.0221073939910505 0.010751537844343408
0.0221073939910505 0.010751537844343408
0.0221073939910505 0.010751537844343408
0.0221073939910505 0.010751537844343408
0.0221073939910505 0.010751537844343408
0.0221073939910505 0.010751537844343408
0.0221073939910505 0.010751537844343408
0.0221073939910505 0.010751537844343408
0.0221073939910505 0.010751537844343408
0.0221073939910505 0.010751537844343408
0.0221073939910505 0.010751537844343408
0.0221073939910505 0.010751537844343408
0.0221073939910505 0.010751537844343408
0.0221073939910505 0.010751537844343408
0.0221073939910505 0.010751537844343408
0.0221073939910505 0.010751537844343408
0.5578565185234989 0.010748835542816195
0.5578565185234989 0.010748835542816195
0.5578565185234989 0.010748835542816195
0.5578565185234989 0.010748835542816195
0.5578565185234989 0.010748835542816195
0.5578565185234989 0.010748835542816195
0.5578565185234989 0.010748835542816195
0.5578565185234989 0.010748835542816195
0.5578565185234989 0.010748835542816195
0.5578565185234989 0.010748835542816195
0.5578565185234989 0.010748835542816195
0.5578565185234989 0.010748835542816195
0.5578565185234989 0.010748835542816195
0.5578565185234989 0.010748835542816195
0.04178543093062208 0.010750154625511738
0.04178543093062208 0.010750154625511738
0.04178543093062208 0.010750154625511738
0.04178543093062208 0.010750154625511738
0.04178543093062208 0.010750154625511738
0.04178543093062208 0.010750154625511738
0.04178543093062208 0.010750154625511738
0.04178543093062208 0.010750154625511738
0.04178543093062208 0.010750154625511738
0.04178543093062208 0.010750154625511738
0.04178543093062208 0.010750154625511738
0.04178543093062208 0.010750154625511738
0.04178543093062208 0.010750154625511738
0.04178543093062208 0.010750154625511738
0.04178543093062208 0.010750154625511738
0.04178543093062208 0.010750154625511738
0.04178543093062208 0.010750154625511738
0.04178543093062208 0.010750154625511738
0.04178543093062208 0.010750154625511738
0.04178543093062208 0.010750154625511738
0.04178543093062208 0.010750154625511738
0.024324981756263683 0.010739974381712484
0.024324981756263683 0.010739974381712484
0.024324981756263683 0.010739974381712484
0.024324981756263683 0.010739974381712484
0.024324981756263683 0.010739974381712484
0.024324981756263683 0.010739974381712484
0.024324981756263683 0.010739974381712484
0.024324981756263683 0.010739974381712484
0.024324981756263683 0.010739974381712484
0.024324981756263683 0.010739974381712484
0.024324981756263683 0.010739974381712484
0.024324981756263683 0.010739974381712484
0.024324981756263683 0.010739974381712484
0.024324981756263683 0.010739974381712484
0.024324981756263683 0.010739974381712484
0.024324981756263683 0.010739974381712484
0.024324981756263683 0.010739974381712484
0.024324981756263683 0.010739974381712484
0.024324981756263683 0.010739974381712484
0.024324981756263683 0.010739974381712484
0.024324981756263683 0.010739974381712484
0.3896957994011138 0.010748630213574863
0.3896957994011138 0.010748630213574863
0.3896957994011138 0.010748630213574863
0.3896957994011138 0.010748630213574863
0.3896957994011138 0.010748630213574863
0.3896957994011138 0.010748630213574863
0.3896957994011138 0.010748630213574863
0.3896957994011138 0.010748630213574863
0.3896957994011138 0.010748630213574863
0.3896957994011138 0.010748630213574863
0.3896957994011138 0.010748630213574863
0.3896957994011138 0.010748630213574863
0.3896957994011138 0.010748630213574863
0.3896957994011138 0.010748630213574863
0.3896957994011138 0.010748630213574863
0.11764914772727272 0.010745801309422147
0.11764914772727272 0.010745801309422147
0.11764914772727272 0.010745801309422147
0.11764914772727272 0.010745801309422147
0.11764914772727272 0.010745801309422147
0.11764914772727272 0.010745801309422147
0.11764914772727272 0.010745801309422147
0.11764914772727272 0.010745801309422147
0.11764914772727272 0.010745801309422147
0.11764914772727272 0.010745801309422147
0.11764914772727272 0.010745801309422147
0.11764914772727272 0.010745801309422147
0.11764914772727272 0.010745801309422147
0.11764914772727272 0.010745801309422147
0.11764914772727272 0.010745801309422147
0.11764914772727272 0.010745801309422147
0.11764914772727272 0.010745801309422147
0.11764914772727272 0.010745801309422147
0.11764914772727272 0.010745801309422147
0.11764914772727272 0.010745801309422147
0.11764914772727272 0.010745801309422147
0.951627486437613 0.010893246187363835
0.951627486437613 0.010893246187363835
0.951627486437613 0.010893246187363835
0.951627486437613 0.010893246187363835
0.951627486437613 0.010893246187363835
0.951627486437613 0.010893246187363835
0.951627486437613 0.010893246187363835
0.951627486437613 0.010893246187363835
0.951627486437613 0.010893246187363835
0.951627486437613 0.010893246187363835
0.951627486437613 0.010893246187363835
0.951627486437613 0.010893246187363835
0.951627486437613 0.010893246187363835
0.951627486437613 0.010893246187363835
0.951627486437613 0.010893246187363835
0.5937566588536117 0.010751537844343408
0.5937566588536117 0.010751537844343408
0.5937566588536117 0.010751537844343408
0.5937566588536117 0.010751537844343408
0.5937566588536117 0.010751537844343408
0.5937566588536117 0.010751537844343408
0.5937566588536117 0.010751537844343408
0.5937566588536117 0.010751537844343408
0.5937566588536117 0.010751537844343408
0.5937566588536117 0.010751537844343408
0.5937566588536117 0.010751537844343408
0.5937566588536117 0.010751537844343408
0.5937566588536117 0.010751537844343408
0.5937566588536117 0.010751537844343408
0.5937566588536117 0.010751537844343408
0.5937566588536117 0.010751537844343408
0.5937566588536117 0.010751537844343408
0.5937566588536117 0.010751537844343408
0.5937566588536117 0.010751537844343408
0.5937566588536117 0.010751537844343408
0.5937566588536117 0.010751537844343408
0.5937566588536117 0.010751537844343408
0.5937566588536117 0.010751537844343408
0.5937566588536117 0.010751537844343408
0.5937566588536117 0.010751537844343408
0.5937566588536117 0.010751537844343408
0.5937566588536117 0.010751537844343408
0.5937566588536117 0.010751537844343408
0.47503293807641633 0.01076049643517296
0.47503293807641633 0.01076049643517296
0.47503293807641633 0.01076049643517296
0.47503293807641633 0.01076049643517296
0.47503293807641633 0.01076049643517296
0.47503293807641633 0.01076049643517296
0.47503293807641633 0.01076049643517296
0.47503293807641633 0.01076049643517296
0.47503293807641633 0.01076049643517296
0.47503293807641633 0.01076049643517296
0.47503293807641633 0.01076049643517296
0.47503293807641633 0.01076049643517296
0.47503293807641633 0.01076049643517296
0.47503293807641633 0.01076049643517296
0.47503293807641633 0.01076049643517296
0.47503293807641633 0.01076049643517296
0.47503293807641633 0.01076049643517296
0.47503293807641633 0.01076049643517296
0.47503293807641633 0.01076049643517296
0.47503293807641633 0.01076049643517296
0.47503293807641633 0.01076049643517296
0.47503293807641633 0.01076049643517296
0.47503293807641633 0.01076049643517296
0.47503293807641633 0.01076049643517296
0.47503293807641633 0.01076049643517296
0.47503293807641633 0.01076049643517296
0.47503293807641633 0.01076049643517296
0.47503293807641633 0.01076049643517296
0.47503293807641633 0.01076049643517296
0.47503293807641633 0.01076049643517296
0.41069427240016515 0.010749051554274624
0.41069427240016515 0.010749051554274624
0.41069427240016515 0.010749051554274624
0.41069427240016515 0.010749051554274624
0.41069427240016515 0.010749051554274624
0.41069427240016515 0.010749051554274624
0.41069427240016515 0.010749051554274624
0.41069427240016515 0.010749051554274624
0.41069427240016515 0.010749051554274624
0.41069427240016515 0.010749051554274624
0.41069427240016515 0.010749051554274624
0.41069427240016515 0.010749051554274624
0.41069427240016515 0.010749051554274624
0.41069427240016515 0.010749051554274624
0.41069427240016515 0.010749051554274624
0.4088068181818182 0.010745801309422147
0.4088068181818182 0.010745801309422147
0.4088068181818182 0.010745801309422147
0.4088068181818182 0.010745801309422147
0.4088068181818182 0.010745801309422147
0.4088068181818182 0.010745801309422147
0.4088068181818182 0.010745801309422147
0.4088068181818182 0.010745801309422147
0.4088068181818182 0.010745801309422147
0.4088068181818182 0.010745801309422147
0.4088068181818182 0.010745801309422147
0.4088068181818182 0.010745801309422147
0.4088068181818182 0.010745801309422147
0.4088068181818182 0.010745801309422147
0.4088068181818182 0.010745801309422147
0.012206148282097649 0.010893246187363835
0.012206148282097649 0.010893246187363835
0.012206148282097649 0.010893246187363835
0.012206148282097649 0.010893246187363835
0.012206148282097649 0.010893246187363835
0.012206148282097649 0.010893246187363835
0.012206148282097649 0.010893246187363835
0.012206148282097649 0.010893246187363835
0.012206148282097649 0.010893246187363835
0.012206148282097649 0.010893246187363835
0.012206148282097649 0.010893246187363835
0.012206148282097649 0.010893246187363835
0.012206148282097649 0.010893246187363835
0.012206148282097649 0.010893246187363835
0.012206148282097649 0.010893246187363835
0.012206148282097649 0.010893246187363835
0.012206148282097649 0.010893246187363835
0.012206148282097649 0.010893246187363835
0.012206148282097649 0.010893246187363835
0.012206148282097649 0.010893246187363835
0.012206148282097649 0.010893246187363835
0.030885257676423056 0.010743061772605193
0.030885257676423056 0.010743061772605193
0.030885257676423056 0.010743061772605193
0.030885257676423056 0.010743061772605193
0.030885257676423056 0.010743061772605193
0.030885257676423056 0.010743061772605193
0.030885257676423056 0.010743061772605193
0.030885257676423056 0.010743061772605193
0.030885257676423056 0.010743061772605193
0.030885257676423056 0.010743061772605193
0.030885257676423056 0.010743061772605193
0.030885257676423056 0.010743061772605193
0.030885257676423056 0.010743061772605193
0.030885257676423056 0.010743061772605193
0.030885257676423056 0.010743061772605193
0.030885257676423056 0.010743061772605193
0.030885257676423056 0.010743061772605193
0.030885257676423056 0.010743061772605193
0.030885257676423056 0.010743061772605193
0.030885257676423056 0.010743061772605193
0.030885257676423056 0.010743061772605193
0.5700203291013003 0.010748932867675592
0.5700203291013003 0.010748932867675592
0.5700203291013003 0.010748932867675592
0.5700203291013003 0.010748932867675592
0.5700203291013003 0.010748932867675592
0.5700203291013003 0.010748932867675592
0.5700203291013003 0.010748932867675592
0.5700203291013003 0.010748932867675592
0.5700203291013003 0.010748932867675592
0.5700203291013003 0.010748932867675592
0.5700203291013003 0.010748932867675592
0.5700203291013003 0.010748932867675592
0.5700203291013003 0.010748932867675592
0.5700203291013003 0.010748932867675592
0.5700203291013003 0.010748932867675592
0.5700203291013003 0.010748932867675592
0.5700203291013003 0.010748932867675592
0.5700203291013003 0.010748932867675592
0.5700203291013003 0.010748932867675592
0.5700203291013003 0.010748932867675592
0.5700203291013003 0.010748932867675592
0.5700203291013003 0.010748932867675592
0.5700203291013003 0.010748932867675592
0.5700203291013003 0.010748932867675592
0.5700203291013003 0.010748932867675592
0.5700203291013003 0.010748932867675592
0.5700203291013003 0.010748932867675592
0.5700203291013003 0.010748932867675592
0.4265331557007177 0.010773708675442027
0.4265331557007177 0.010773708675442027
0.4265331557007177 0.010773708675442027
0.4265331557007177 0.010773708675442027
0.4265331557007177 0.010773708675442027
0.4265331557007177 0.010773708675442027
0.4265331557007177 0.010773708675442027
0.4265331557007177 0.010773708675442027
0.4265331557007177 0.010773708675442027
0.4265331557007177 0.010773708675442027
0.4265331557007177 0.010773708675442027
0.4265331557007177 0.010773708675442027
0.4265331557007177 0.010773708675442027
0.4265331557007177 0.010773708675442027
0.4265331557007177 0.010773708675442027