0.07129928312630203 0.49999844720979125
0.07129928312630203 0.49999844720979125
0.07129928312630203 0.49999844720979125
0.07129928312630203 0.49999844720979125
0.07129928312630203 0.49999844720979125
0.07129928312630203 0.49999844720979125
0.07129928312630203 0.49999844720979125
0.07129928312630203 0.49999844720979125
0.07129928312630203 0.49999844720979125
0.07129928312630203 0.49999844720979125
0.07129928312630203 0.49999844720979125
0.07129928312630203 0.49999844720979125
0.07129928312630203 0.49999844720979125
0.07129928312630203 0.49999844720979125
0.07129928312630203 0.49999844720979125
0.07129928312630203 0.49999844720979125
0.07129928312630203 0.49999844720979125
0.07129928312630203 0.49999844720979125
0.07129928312630203 0.49999844720979125
0.07129928312630203 0.49999844720979125
0.07129928312630203 0.49999844720979125
0.9287007168736979 0.49999844720979125
0.9287007168736979 0.49999844720979125
0.9287007168736979 0.49999844720979125
0.9287007168736979 0.49999844720979125
0.9287007168736979 0.49999844720979125
0.9287007168736979 0.49999844720979125
0.9287007168736979 0.49999844720979125
0.9287007168736979 0.49999844720979125
0.9287007168736979 0.49999844720979125
0.9287007168736979 0.49999844720979125
0.9287007168736979 0.49999844720979125
0.9287007168736979 0.49999844720979125
0.9287007168736979 0.49999844720979125
0.9287007168736979 0.49999844720979125
0.9287007168736979 0.49999844720979125
0.9287007168736979 0.49999844720979125
0.9287007168736979 0.49999844720979125
0.9287007168736979 0.49999844720979125
0.9287007168736979 0.49999844720979125
0.9287007168736979 0.49999844720979125
0.9287007168736979 0.49999844720979125
0.9287007168736979 0.49999844720979125
0.9287007168736979 0.49999844720979125
0.9287007168736979 0.49999844720979125
0.9287007168736979 0.49999844720979125
0.9287007168736979 0.49999844720979125
0.9287007168736979 0.49999844720979125
0.9287007168736979 0.49999844720979125
0.9287007168736979 0.49999844720979125