1.3140674257851675e-06 4.255276033712439e-06
1.3140674257851675e-06 4.255276033712439e-06
1.3140674257851675e-06 4.255276033712439e-06
1.3140674257851675e-06 4.255276033712439e-06
1.3140674257851675e-06 4.255276033712439e-06
1.3140674257851675e-06 4.255276033712439e-06
1.3140674257851675e-06 4.255276033712439e-06
1.3140674257851675e-06 4.255276033712439e-06
1.5706541208526963e-06 4.2553738190590026e-06
1.5706541208526963e-06 4.2553738190590026e-06
1.5706541208526963e-06 4.2553738190590026e-06
1.5706541208526963e-06 4.2553738190590026e-06
1.5706541208526963e-06 4.2553738190590026e-06
1.5706541208526963e-06 4.2553738190590026e-06
1.5706541208526963e-06 4.2553738190590026e-06
3.2591484068826226e-06 4.255368971554787e-06
3.2591484068826226e-06 4.255368971554787e-06
3.2591484068826226e-06 4.255368971554787e-06
3.2591484068826226e-06 4.255368971554787e-06
3.2591484068826226e-06 4.255368971554787e-06
2.381855989651658e-06 4.255301895363306e-06
2.381855989651658e-06 4.255301895363306e-06
2.381855989651658e-06 4.255301895363306e-06
1.0720917027562082e-06 4.2553709683217985e-06
1.0720917027562082e-06 4.2553709683217985e-06
1.0720917027562082e-06 4.2553709683217985e-06
1.0720917027562082e-06 4.2553709683217985e-06
1.0720917027562082e-06 4.2553709683217985e-06
1.0720917027562082e-06 4.2553709683217985e-06
1.0720917027562082e-06 4.2553709683217985e-06
1.0720917027562082e-06 4.2553709683217985e-06
1.0720917027562082e-06 4.2553709683217985e-06
1.0720917027562082e-06 4.2553709683217985e-06
1.0720917027562082e-06 4.2553709683217985e-06
1.0720917027562082e-06 4.2553709683217985e-06
1.0720917027562082e-06 4.2553709683217985e-06
2.578169173039797e-06 4.256422566900891e-06
2.578169173039797e-06 4.256422566900891e-06
2.578169173039797e-06 4.256422566900891e-06
2.578169173039797e-06 4.256422566900891e-06
2.578169173039797e-06 4.256422566900891e-06
2.578169173039797e-06 4.256422566900891e-06
2.578169173039797e-06 4.256422566900891e-06
2.578169173039797e-06 4.256422566900891e-06
2.578169173039797e-06 4.256422566900891e-06
2.578169173039797e-06 4.256422566900891e-06
2.578169173039797e-06 4.256422566900891e-06
2.578169173039797e-06 4.256422566900891e-06
2.578169173039797e-06 4.256422566900891e-06
2.578169173039797e-06 4.256422566900891e-06
2.578169173039797e-06 4.256422566900891e-06
2.578169173039797e-06 4.256422566900891e-06
2.578169173039797e-06 4.256422566900891e-06
2.578169173039797e-06 4.256422566900891e-06
2.578169173039797e-06 4.256422566900891e-06
1.8273615853994196e-06 4.255367124254361e-06
1.8273615853994196e-06 4.255367124254361e-06
1.8273615853994196e-06 4.255367124254361e-06
1.8273615853994196e-06 4.255367124254361e-06
1.8273615853994196e-06 4.255367124254361e-06
1.8273615853994196e-06 4.255367124254361e-06
1.8273615853994196e-06 4.255367124254361e-06
1.8273615853994196e-06 4.255367124254361e-06
1.8273615853994196e-06 4.255367124254361e-06
1.8273615853994196e-06 4.255367124254361e-06
1.8273615853994196e-06 4.255367124254361e-06
3.080542783459286e-06 4.255075473971019e-06
3.080542783459286e-06 4.255075473971019e-06
3.080542783459286e-06 4.255075473971019e-06
3.080542783459286e-06 4.255075473971019e-06
3.080542783459286e-06 4.255075473971019e-06
3.080542783459286e-06 4.255075473971019e-06
3.080542783459286e-06 4.255075473971019e-06
3.080542783459286e-06 4.255075473971019e-06
3.080542783459286e-06 4.255075473971019e-06
3.080542783459286e-06 4.255075473971019e-06
3.080542783459286e-06 4.255075473971019e-06
3.080542783459286e-06 4.255075473971019e-06
3.080542783459286e-06 4.255075473971019e-06
3.080542783459286e-06 4.255075473971019e-06
8.390685044374726e-06 4.2553012484073195e-06
8.390685044374726e-06 4.2553012484073195e-06
8.390685044374726e-06 4.2553012484073195e-06
8.390685044374726e-06 4.2553012484073195e-06
8.390685044374726e-06 4.2553012484073195e-06
8.390685044374726e-06 4.2553012484073195e-06
8.390685044374726e-06 4.2553012484073195e-06
3.965723077625523e-06 4.255375973651384e-06
3.965723077625523e-06 4.255375973651384e-06
3.965723077625523e-06 4.255375973651384e-06
3.965723077625523e-06 4.255375973651384e-06
3.965723077625523e-06 4.255375973651384e-06
3.965723077625523e-06 4.255375973651384e-06
3.965723077625523e-06 4.255375973651384e-06
3.965723077625523e-06 4.255375973651384e-06
3.965723077625523e-06 4.255375973651384e-06
3.965723077625523e-06 4.255375973651384e-06
3.965723077625523e-06 4.255375973651384e-06
3.965723077625523e-06 4.255375973651384e-06
3.965723077625523e-06 4.255375973651384e-06
3.965723077625523e-06 4.255375973651384e-06
3.965723077625523e-06 4.255375973651384e-06
3.965723077625523e-06 4.255375973651384e-06
3.965723077625523e-06 4.255375973651384e-06
1.660835218700698e-06 4.25429329097948e-06
1.660835218700698e-06 4.25429329097948e-06
1.660835218700698e-06 4.25429329097948e-06
1.660835218700698e-06 4.25429329097948e-06
1.660835218700698e-06 4.25429329097948e-06
1.660835218700698e-06 4.25429329097948e-06
1.660835218700698e-06 4.25429329097948e-06
1.660835218700698e-06 4.25429329097948e-06
1.660835218700698e-06 4.25429329097948e-06
4.586256297888974e-06 4.255391728601391e-06
4.586256297888974e-06 4.255391728601391e-06
4.586256297888974e-06 4.255391728601391e-06
4.586256297888974e-06 4.255391728601391e-06
4.586256297888974e-06 4.255391728601391e-06
4.586256297888974e-06 4.255391728601391e-06
4.586256297888974e-06 4.255391728601391e-06
4.586256297888974e-06 4.255391728601391e-06
4.586256297888974e-06 4.255391728601391e-06
4.586256297888974e-06 4.255391728601391e-06
4.890540046034289e-06 4.255364139600687e-06
4.890540046034289e-06 4.255364139600687e-06
4.890540046034289e-06 4.255364139600687e-06
4.890540046034289e-06 4.255364139600687e-06
4.890540046034289e-06 4.255364139600687e-06
4.890540046034289e-06 4.255364139600687e-06
5.195696446750182e-06 4.255417313576292e-06
5.195696446750182e-06 4.255417313576292e-06
1.259209725937974e-05 4.255397359975768e-06
1.259209725937974e-05 4.255397359975768e-06
1.259209725937974e-05 4.255397359975768e-06
1.259209725937974e-05 4.255397359975768e-06
1.259209725937974e-05 4.255397359975768e-06
1.259209725937974e-05 4.255397359975768e-06
1.259209725937974e-05 4.255397359975768e-06
1.259209725937974e-05 4.255397359975768e-06
1.259209725937974e-05 4.255397359975768e-06
1.259209725937974e-05 4.255397359975768e-06
5.626742583583179e-06 4.2555100200774295e-06
5.626742583583179e-06 4.2555100200774295e-06
5.626742583583179e-06 4.2555100200774295e-06
5.626742583583179e-06 4.2555100200774295e-06
5.626742583583179e-06 4.2555100200774295e-06
3.2890248677246387e-06 4.255388347167635e-06
3.2890248677246387e-06 4.255388347167635e-06
3.2890248677246387e-06 4.255388347167635e-06
3.2890248677246387e-06 4.255388347167635e-06
3.2890248677246387e-06 4.255388347167635e-06
3.2890248677246387e-06 4.255388347167635e-06
3.2890248677246387e-06 4.255388347167635e-06
3.2890248677246387e-06 4.255388347167635e-06
3.2890248677246387e-06 4.255388347167635e-06
3.2890248677246387e-06 4.255388347167635e-06
2.5237523026410064e-06 4.2563104997471325e-06
2.5237523026410064e-06 4.2563104997471325e-06
2.5237523026410064e-06 4.2563104997471325e-06
2.5237523026410064e-06 4.2563104997471325e-06
3.152009731983355e-06 4.256739693101952e-06
3.152009731983355e-06 4.256739693101952e-06
3.152009731983355e-06 4.256739693101952e-06
3.152009731983355e-06 4.256739693101952e-06
3.152009731983355e-06 4.256739693101952e-06
3.152009731983355e-06 4.256739693101952e-06
3.152009731983355e-06 4.256739693101952e-06
3.152009731983355e-06 4.256739693101952e-06
3.152009731983355e-06 4.256739693101952e-06
3.152009731983355e-06 4.256739693101952e-06
2.5484070764678725e-06 4.256739693101952e-06
2.5484070764678725e-06 4.256739693101952e-06
2.5484070764678725e-06 4.256739693101952e-06
2.5484070764678725e-06 4.256739693101952e-06
2.5484070764678725e-06 4.256739693101952e-06
2.5484070764678725e-06 4.256739693101952e-06
2.5484070764678725e-06 4.256739693101952e-06
2.5484070764678725e-06 4.256739693101952e-06
2.5484070764678725e-06 4.256739693101952e-06
2.5484070764678725e-06 4.256739693101952e-06
1.3195154665222536e-06 4.255108758353638e-06
1.3195154665222536e-06 4.255108758353638e-06
1.96933728978408e-06 4.255108758353638e-06
1.96933728978408e-06 4.255108758353638e-06
1.96933728978408e-06 4.255108758353638e-06
1.96933728978408e-06 4.255108758353638e-06
1.96933728978408e-06 4.255108758353638e-06
1.96933728978408e-06 4.255108758353638e-06
1.96933728978408e-06 4.255108758353638e-06
1.96933728978408e-06 4.255108758353638e-06
1.96933728978408e-06 4.255108758353638e-06
1.96933728978408e-06 4.255108758353638e-06
1.96933728978408e-06 4.255108758353638e-06
1.96933728978408e-06 4.255108758353638e-06
1.96933728978408e-06 4.255108758353638e-06
1.9163483292700363e-06 4.254021468521427e-06
9.239419594369465e-06 4.255412955171863e-06
3.431700006546087e-06 4.255440400894889e-06
3.431700006546087e-06 4.255440400894889e-06
3.431700006546087e-06 4.255440400894889e-06
3.431700006546087e-06 4.255440400894889e-06
3.431700006546087e-06 4.255440400894889e-06
3.431700006546087e-06 4.255440400894889e-06
3.431700006546087e-06 4.255440400894889e-06
3.431700006546087e-06 4.255440400894889e-06
3.431700006546087e-06 4.255440400894889e-06
3.431700006546087e-06 4.255440400894889e-06
3.431700006546087e-06 4.255440400894889e-06
3.431700006546087e-06 4.255440400894889e-06
3.431700006546087e-06 4.255440400894889e-06
3.431700006546087e-06 4.255440400894889e-06
2.230448025842699e-06 4.254869636341667e-06
2.6197271167923716e-06 4.255614910516907e-06
2.6197271167923716e-06 4.255614910516907e-06
2.6197271167923716e-06 4.255614910516907e-06
2.6197271167923716e-06 4.255614910516907e-06
2.6197271167923716e-06 4.255614910516907e-06
2.6197271167923716e-06 4.255614910516907e-06
2.6197271167923716e-06 4.255614910516907e-06
2.6197271167923716e-06 4.255614910516907e-06
2.6197271167923716e-06 4.255614910516907e-06
2.6197271167923716e-06 4.255614910516907e-06
2.6197271167923716e-06 4.255614910516907e-06
2.6197271167923716e-06 4.255614910516907e-06
2.6197271167923716e-06 4.255614910516907e-06
2.6197271167923716e-06 4.255614910516907e-06
2.6197271167923716e-06 4.255614910516907e-06
2.6197271167923716e-06 4.255614910516907e-06
2.6197271167923716e-06 4.255614910516907e-06
1.7707333307735315e-06 4.255614910516907e-06
1.7707333307735315e-06 4.255614910516907e-06
1.1286068458339276e-05 4.25429329097948e-06
1.1286068458339276e-05 4.25429329097948e-06
1.1286068458339276e-05 4.25429329097948e-06
1.1286068458339276e-05 4.25429329097948e-06
1.1286068458339276e-05 4.25429329097948e-06
1.5162316451367318e-06 4.25429329097948e-06
1.5162316451367318e-06 4.25429329097948e-06
1.5162316451367318e-06 4.25429329097948e-06
1.5162316451367318e-06 4.25429329097948e-06
1.5162316451367318e-06 4.25429329097948e-06
1.5162316451367318e-06 4.25429329097948e-06
1.5162316451367318e-06 4.25429329097948e-06
1.5162316451367318e-06 4.25429329097948e-06
1.5162316451367318e-06 4.25429329097948e-06
1.5162316451367318e-06 4.25429329097948e-06
1.5162316451367318e-06 4.25429329097948e-06
1.5162316451367318e-06 4.25429329097948e-06
1.5162316451367318e-06 4.25429329097948e-06
1.5162316451367318e-06 4.25429329097948e-06
1.5162316451367318e-06 4.25429329097948e-06
1.5162316451367318e-06 4.25429329097948e-06
1.5162316451367318e-06 4.25429329097948e-06
1.5162316451367318e-06 4.25429329097948e-06
1.5162316451367318e-06 4.25429329097948e-06
1.5162316451367318e-06 4.25429329097948e-06
1.5162316451367318e-06 4.25429329097948e-06
1.5162316451367318e-06 4.25429329097948e-06
1.5162316451367318e-06 4.25429329097948e-06
1.5162316451367318e-06 4.25429329097948e-06
1.5162316451367318e-06 4.25429329097948e-06
1.5162316451367318e-06 4.25429329097948e-06
1.5162316451367318e-06 4.25429329097948e-06
1.5162316451367318e-06 4.25429329097948e-06
1.5162316451367318e-06 4.25429329097948e-06