2.036783862586471e-05 1.7978502607508845e-05
2.0838210972389277e-05 1.7978542732911062e-05
2.3285389832933924e-05 1.797849024415052e-05
1.957499150935444e-05 1.797851487781585e-05
2.0209571535399397e-05 1.7978474590825447e-05
1.9509873549948535e-05 1.7978435381493522e-05
2.218700781521738e-05 1.7978495824483026e-05
1.8377791434938656e-05 1.7978445763876003e-05
2.0619209156930552e-05 1.7978501779826392e-05
2.0619209156930552e-05 1.7978501779826392e-05
2.1882461417531836e-05 1.7978466468469347e-05
2.1882461417531836e-05 1.7978466468469347e-05
1.9869802998000388e-05 1.7978485355545044e-05
1.999399555483893e-05 1.7978532286298862e-05
2.1066190024686885e-05 1.7978492262134704e-05
2.0852680682017746e-05 1.797851556852568e-05
1.7025702123600238e-05 1.7978573095718176e-05
1.894688181222195e-05 1.7978451615291797e-05
2.092998202140945e-05 1.7978461049750278e-05
2.077323480318268e-05 1.797851219624122e-05
1.9609055973633238e-05 1.79784805354523e-05
1.957499150935444e-05 1.797851487781585e-05
2.1335544026450372e-05 1.7978492262134704e-05
2.257001438330814e-05 1.7978478278859283e-05
1.9237862695856598e-05 1.797846093115498e-05
2.1572375054967456e-05 1.797852390277707e-05
2.127336497598495e-05 1.7978537118881073e-05
2.156687012053094e-05 1.7978440355839663e-05
2.257001438330814e-05 1.7978478278859283e-05
2.1232033835886735e-05 1.7978556338513208e-05
1.9859654586801806e-05 1.797846281970186e-05
2.008766226268242e-05 1.797854070508889e-05
2.1548394620053256e-05 1.797853294198481e-05
2.1776496257232745e-05 1.7978495257498975e-05
2.167384403267338e-05 1.7978501837763642e-05
2.154577731065455e-05 1.7978544687095913e-05
2.047811747818516e-05 1.797852017447105e-05
2.1646382317864618e-05 1.797864066103277e-05
2.034280220223556e-05 1.7978516686281765e-05
2.041275659382755e-05 1.7978536686604323e-05
2.1024361871343184e-05 1.7978529500256026e-05
2.0122975813079762e-05 1.7978485909270675e-05
2.0416261352019046e-05 1.7978467318307345e-05
1.997141908393337e-05 1.7978510975337034e-05
2.199400101951324e-05 1.7978473624451862e-05
2.0326716940577447e-05 1.7978489342659417e-05
2.2843167718099626e-05 1.7978499318734464e-05
2.1887196973604883e-05 1.797847247326155e-05
2.0367418293976757e-05 1.7978517033578125e-05
2.0229686855540474e-05 1.7978523309195883e-05