0.0031121881462749467 0.0036101983595417343
6.912634221566757e-06 0.00014246037482707144
6.010986279623268e-06 0.00014246037482707144
0.0009022490405714525 0.00014246037482707144
8.11483147749141e-06 0.00014246037482707144
0.0043252051775029225 0.004209493691620174
0.0017065190047850457 0.001179355508062085
0.000895937504977848 0.00014246037482707144
0.048441035680914006 0.04959394284934575
0.001109026968590493 0.0012127164819139941
0.0002290185772536465 0.00014246037482707144
0.001300777430910475 0.0017455904156025968
0.0002067779280190404 0.00014246037482707144
2.404394511849307e-06 0.00014246037482707144
3.907141081755124e-06 0.00014246037482707144
0.004322800782991073 0.004209493691620174
9.317028733416065e-06 0.00014246037482707144
2.1038451978681436e-06 0.00014246037482707144
3.6065917677739605e-06 0.00014246037482707144
0.0020305111652567398 0.002111659480031654
0.00018153178564462268 0.00014246037482707144
0.004328811769270696 0.004209493691620174
0.04845275710415927 0.04959394284934575
0.0011027154329968883 0.001445942749563377
0.0010915951083795854 0.0015123641479532141
0.002130293537498486 0.002511390067626601
3.0956579340059825e-05 0.00014246037482707144
2.7049438258304703e-06 0.00014246037482707144
0.0006969738591223178 0.00014246037482707144
0.0020275056721169283 0.002111659480031654
1.5929113641001658e-05 0.00014246037482707144
0.00026388229767546143 0.00014246037482707144
0.07083286122045263 0.07017195327900805
0.004333019459666432 0.004209493691620174
7.814282163510247e-06 0.00014246037482707144
1.4426367071095842e-05 0.00014246037482707144
8.415380791472574e-06 0.00014246037482707144
0.024857231562126096 0.02561972517169631
4.207690395736287e-06 0.00014246037482707144
0.0006458804757455201 0.00014246037482707144
5.109338337679777e-06 0.00014246037482707144
0.0012370609763464684 0.0013792208018595588
0.0008869210255584131 0.00014246037482707144
0.0008869210255584131 0.00014246037482707144
0.0043225002336770915 0.004209493691620174
3.907141081755124e-06 0.00014246037482707144
0.015639684651637797 0.016196602530444894
0.0008914292652681306 0.00014246037482707144
0.023679078251319936 0.023755117227757173
0.001109628067218455 0.0012127164819139941