4.639957225595269e-06 6.793550077861093e-06
3.7256320379517716e-06 6.79427614535411e-06
3.749063685989204e-06 6.79427614535411e-06
4.304493633609834e-06 6.793651178803049e-06
4.9648184254395226e-06 6.793793889677784e-06
9.5529026614148e-07 6.79427614535411e-06
3.1298458649224994e-06 6.793655021256115e-06
4.822824644597763e-07 6.79427614535411e-06
5.159762064922426e-06 6.79427614535411e-06
4.01783847230093e-06 6.79427614535411e-06
5.3102189617131205e-06 6.79427614535411e-06
4.8883499835708265e-06 6.79427614535411e-06
5.4822428028493435e-06 6.793837831946357e-06
5.659178825362278e-06 6.7934571631765115e-06
4.295138843194748e-06 6.79427614535411e-06
3.3746667010432714e-06 6.79427614535411e-06
3.079841090766535e-06 6.793733421041714e-06
4.579448750663631e-06 6.79427614535411e-06
4.7098572984795235e-06 6.793564182432947e-06
3.306799416054324e-06 6.793578319789934e-06
4.3089681534678245e-06 6.793651178803049e-06
4.580764117599123e-06 6.79427614535411e-06
3.3049961626991524e-06 6.79427614535411e-06
4.829523012159704e-06 6.79427614535411e-06
6.468111176999604e-06 6.79427614535411e-06
4.021477926828719e-06 6.79355080890259e-06
5.360652076048077e-06 6.793416818388299e-06
4.960778341410038e-06 6.793793889677784e-06
4.305925569538798e-06 6.793651178803049e-06
3.880866706199762e-06 6.79427614535411e-06
3.1046933649598096e-06 6.79427614535411e-06
5.254096463778139e-06 6.79427614535411e-06
3.3264571767426534e-06 6.79427614535411e-06
4.300098294479953e-06 6.793651178803049e-06
4.5339692578227204e-06 6.79427614535411e-06
4.213512423874027e-06 6.79427614535411e-06
4.7169381754667615e-06 6.793582405621136e-06
5.502167284598479e-06 6.79427614535411e-06
4.580764117599123e-06 6.79427614535411e-06
4.9707689045288295e-06 6.79427614535411e-06
3.994275712988371e-06 6.793651068047732e-06
2.0697955766398734e-06 6.79427614535411e-06
2.970487181507527e-06 6.793765746286354e-06
3.08493288321125e-06 6.793733421041714e-06
3.306577199768658e-06 6.793578319789934e-06
4.309483635425719e-06 6.793651178803049e-06
5.139892067862243e-06 6.79427614535411e-06
3.220830538160048e-06 6.793572718450762e-06
2.7812878061098297e-06 6.79427614535411e-06
6.652914353485307e-06 6.79427614535411e-06