1.6746942973231263e-06 1.9775929920452044e-06
2.099239178305666e-06 1.977593771610049e-06
2.099239178305666e-06 1.977593771610049e-06
1.8349902486339694e-06 1.9775975917728873e-06
1.8150683210679616e-06 1.977605347992471e-06
1.80328192317726e-06 1.9776068412403236e-06
1.80328192317726e-06 1.9776068412403236e-06
2.2352330004587925e-06 1.9775963915472193e-06
2.0621179583106394e-06 1.9775986227872708e-06
1.9720488667676714e-06 1.977610085552392e-06
1.8279514930349018e-06 1.9776040224352e-06
1.902039604074897e-06 1.9776014929055505e-06
2.0103368497479815e-06 1.977600381925782e-06
2.0103368497479815e-06 1.977600381925782e-06
2.083250032883444e-06 1.977594069210018e-06
2.0395391257612476e-06 1.9776034393362155e-06
1.971535830355443e-06 1.977604388533812e-06
1.9456958727662134e-06 1.977601691346706e-06
2.1932935452847738e-06 1.9776032367530443e-06
2.1746575814624104e-06 1.977602010064291e-06
2.034650994672288e-06 1.9776083824447355e-06
1.9883645741179543e-06 1.977603583655884e-06
1.8262599395846808e-06 1.9776014457548427e-06
2.1422642387831572e-06 1.977599257044043e-06
1.918008795669171e-06 1.9776010763501054e-06
1.8883569614675955e-06 1.97759852803434e-06
1.8207433001421903e-06 1.9776057728175254e-06
1.8931193579966e-06 1.9776024968208606e-06
1.9882298245368e-06 1.977601346789433e-06
1.8200460770676067e-06 1.977602262697352e-06
1.718059243355646e-06 1.9775983978735497e-06
2.1019832587592985e-06 1.977575209762256e-06
1.8218463667751386e-06 1.9776031585763523e-06
2.1247119845113254e-06 1.9776039061829916e-06
1.9444141786587586e-06 1.9776025569643892e-06
1.9444141786587586e-06 1.9776025569643892e-06
2.1541822560669906e-06 1.9776032144531803e-06
2.003453827685981e-06 1.9776041563694925e-06
1.8848831102129471e-06 1.977603187030928e-06
2.045212218041739e-06 1.977603471831593e-06
1.9583454697901895e-06 1.977589568165514e-06
1.6415830983400018e-06 1.9776120458783807e-06
1.69498989917146e-06 1.977603388257297e-06
1.644405106202491e-06 1.977591819378201e-06
2.071511667288868e-06 1.9776028300585484e-06
2.09595918956345e-06 1.9775981934179557e-06
1.6182840422376863e-06 1.977591571744647e-06
1.9661732163071517e-06 1.977597221869925e-06
1.921449269356588e-06 1.9776039537101225e-06
2.1418510833409887e-06 1.977601700010542e-06