1.451238993128507e-06 2.12885614139665e-06
1.0995654631348764e-06 2.128855218781014e-06
1.0637134617985563e-06 2.128854891306397e-06
1.3037358885255002e-06 2.128856178230655e-06
1.2439841064093115e-06 2.1288546469872936e-06
1.4469977031836557e-06 2.12885579966709e-06
1.315213338509701e-06 2.12885564928479e-06
1.3004847962188866e-06 2.1288538379602162e-06
1.2970805256213997e-06 2.1288550179331574e-06
1.3248869007554364e-06 2.1288554208949137e-06
1.0485568219625214e-06 2.128854782309701e-06
1.3510686932197222e-06 2.128855522734591e-06
1.4109658529736607e-06 2.1288562655582283e-06
1.2812831794581027e-06 2.1288550180846044e-06
1.3363377769575335e-06 2.128856006539824e-06
1.2990188129323993e-06 2.128855342763767e-06
1.4347363150318077e-06 2.128854816307741e-06
1.2990169649923744e-06 2.1288555968513515e-06
1.3299993414918947e-06 2.1288549666690272e-06
1.272688793703885e-06 2.1288555205487423e-06
1.2137232810417075e-06 2.1288556687678313e-06
1.4520814131125604e-06 2.1288552114282475e-06
1.406666543912283e-06 2.1288547286376254e-06
1.0863405386114949e-06 2.1288556710338295e-06
1.3077185881204132e-06 2.1288559782779456e-06
1.3124327666930514e-06 2.1288563903995057e-06
1.1730545406580352e-06 2.1288534171285334e-06
1.2137223731587713e-06 2.128854949961487e-06
1.3537477252474942e-06 2.1288556181704927e-06
1.3195264675293797e-06 2.128855087359537e-06