0.08333333333333333 0.002398081534772182
1.4558880480326586e-06 1.48450767787371e-06
1.4558880480326586e-06 1.48450767787371e-06
1.4558880480326586e-06 1.48450767787371e-06
1.4558880480326586e-06 1.48450767787371e-06
1.4558880480326586e-06 1.48450767787371e-06
1.4558880480326586e-06 1.48450767787371e-06
1.4558880480326586e-06 1.48450767787371e-06
0.00036310820624546115 0.002398081534772182
0.00036310820624546115 0.002398081534772182
0.00036310820624546115 0.002398081534772182
0.00036310820624546115 0.002398081534772182
0.00036310820624546115 0.002398081534772182
0.00036310820624546115 0.002398081534772182
0.00036310820624546115 0.002398081534772182
0.00036310820624546115 0.002398081534772182
0.00036310820624546115 0.002398081534772182
0.00036310820624546115 0.002398081534772182
0.00036310820624546115 0.002398081534772182
0.00036310820624546115 0.002398081534772182
0.00036310820624546115 0.002398081534772182
0.00036310820624546115 0.002398081534772182
0.00036310820624546115 0.002398081534772182
0.00036310820624546115 0.002398081534772182
0.00036310820624546115 0.002398081534772182
0.00036310820624546115 0.002398081534772182
0.00036310820624546115 0.002398081534772182
0.00036310820624546115 0.002398081534772182
0.00036310820624546115 0.002398081534772182
0.00036310820624546115 0.002398081534772182
0.00036310820624546115 0.002398081534772182
0.00036310820624546115 0.002398081534772182
0.00036310820624546115 0.002398081534772182
0.00036310820624546115 0.002398081534772182
0.00036310820624546115 0.002398081534772182
0.00036310820624546115 0.002398081534772182
0.00036310820624546115 0.002398081534772182
0.00036310820624546115 0.002398081534772182
0.00036310820624546115 0.002398081534772182
0.00036310820624546115 0.002398081534772182
0.00036310820624546115 0.002398081534772182
0.00036310820624546115 0.002398081534772182
0.00036310820624546115 0.002398081534772182
0.00036310820624546115 0.002398081534772182
0.00036310820624546115 0.002398081534772182
0.00036310820624546115 0.002398081534772182
0.00036310820624546115 0.002398081534772182
0.00036310820624546115 0.002398081534772182
0.00036310820624546115 0.002398081534772182
0.00036310820624546115 0.002398081534772182
0.00036310820624546115 0.002398081534772182
0.00036310820624546115 0.002398081534772182
0.00036310820624546115 0.002398081534772182
0.00036310820624546115 0.002398081534772182
0.00036310820624546115 0.002398081534772182
0.00036310820624546115 0.002398081534772182
0.00036310820624546115 0.002398081534772182
0.00036310820624546115 0.002398081534772182
0.00036310820624546115 0.002398081534772182
0.00036310820624546115 0.002398081534772182
0.00036310820624546115 0.002398081534772182
0.00036310820624546115 0.002398081534772182
0.00036310820624546115 0.002398081534772182
0.00036310820624546115 0.002398081534772182
0.00036310820624546115 0.002398081534772182
0.00036310820624546115 0.002398081534772182
0.00036310820624546115 0.002398081534772182
0.00036310820624546115 0.002398081534772182
0.00036310820624546115 0.002398081534772182
0.00036310820624546115 0.002398081534772182
0.00036310820624546115 0.002398081534772182
0.00036310820624546115 0.002398081534772182
0.00036310820624546115 0.002398081534772182
0.00036310820624546115 0.002398081534772182
0.00036310820624546115 0.002398081534772182
0.00036310820624546115 0.002398081534772182
0.00036310820624546115 0.002398081534772182
0.00036310820624546115 0.002398081534772182
0.00036310820624546115 0.002398081534772182
0.00036310820624546115 0.002398081534772182
0.00036310820624546115 0.002398081534772182
0.00036310820624546115 0.002398081534772182
0.00036310820624546115 0.002398081534772182
0.00036310820624546115 0.002398081534772182
0.00036310820624546115 0.002398081534772182
0.00036310820624546115 0.002398081534772182
0.00036310820624546115 0.002398081534772182
0.00036310820624546115 0.002398081534772182
0.00036310820624546115 0.002398081534772182
0.00036310820624546115 0.002398081534772182
0.00036310820624546115 0.002398081534772182
0.00036310820624546115 0.002398081534772182
0.00036310820624546115 0.002398081534772182
0.00036310820624546115 0.002398081534772182
0.00036310820624546115 0.002398081534772182
0.00036310820624546115 0.002398081534772182
0.00036310820624546115 0.002398081534772182
0.00036310820624546115 0.002398081534772182
0.00036310820624546115 0.002398081534772182
0.00036310820624546115 0.002398081534772182
0.00036310820624546115 0.002398081534772182
0.00036310820624546115 0.002398081534772182
0.00036310820624546115 0.002398081534772182
0.00036310820624546115 0.002398081534772182
0.00036310820624546115 0.002398081534772182
0.00036310820624546115 0.002398081534772182
0.00036310820624546115 0.002398081534772182
0.00036310820624546115 0.002398081534772182
0.00036310820624546115 0.002398081534772182
0.00036310820624546115 0.002398081534772182
0.00036310820624546115 0.002398081534772182
0.00036310820624546115 0.002398081534772182
0.00036310820624546115 0.002398081534772182
0.00036310820624546115 0.002398081534772182
0.00036310820624546115 0.002398081534772182
0.00036310820624546115 0.002398081534772182
0.00036310820624546115 0.002398081534772182
0.00036310820624546115 0.002398081534772182
0.00036310820624546115 0.002398081534772182
0.00036310820624546115 0.002398081534772182
0.00036310820624546115 0.002398081534772182
0.00036310820624546115 0.002398081534772182
0.00036310820624546115 0.002398081534772182
0.00036310820624546115 0.002398081534772182
0.00036310820624546115 0.002398081534772182
0.00036310820624546115 0.002398081534772182
0.00036310820624546115 0.002398081534772182
0.00036310820624546115 0.002398081534772182
0.00036310820624546115 0.002398081534772182
0.00036310820624546115 0.002398081534772182
0.00036310820624546115 0.002398081534772182
0.00036310820624546115 0.002398081534772182
0.00036310820624546115 0.002398081534772182
0.00036310820624546115 0.002398081534772182
0.00036310820624546115 0.002398081534772182
0.00036310820624546115 0.002398081534772182
0.00036310820624546115 0.002398081534772182
0.00036310820624546115 0.002398081534772182
0.00036310820624546115 0.002398081534772182
0.00036310820624546115 0.002398081534772182
0.00036310820624546115 0.002398081534772182
0.00036310820624546115 0.002398081534772182
0.00036310820624546115 0.002398081534772182
0.00036310820624546115 0.002398081534772182
0.00036310820624546115 0.002398081534772182
0.00036310820624546115 0.002398081534772182
0.00036310820624546115 0.002398081534772182
0.00036310820624546115 0.002398081534772182
0.00036310820624546115 0.002398081534772182
0.00036310820624546115 0.002398081534772182
0.00036310820624546115 0.002398081534772182
0.00036310820624546115 0.002398081534772182
0.00036310820624546115 0.002398081534772182
0.00036310820624546115 0.002398081534772182
0.00036310820624546115 0.002398081534772182
0.00036310820624546115 0.002398081534772182
0.00036310820624546115 0.002398081534772182
0.00036310820624546115 0.002398081534772182
0.00036310820624546115 0.002398081534772182
0.00036310820624546115 0.002398081534772182
0.00036310820624546115 0.002398081534772182
0.00036310820624546115 0.002398081534772182
0.00036310820624546115 0.002398081534772182
0.00036310820624546115 0.002398081534772182
0.00036310820624546115 0.002398081534772182
0.00036310820624546115 0.002398081534772182
0.00036310820624546115 0.002398081534772182
0.00036310820624546115 0.002398081534772182
0.00036310820624546115 0.002398081534772182
0.00036310820624546115 0.002398081534772182
0.00036310820624546115 0.002398081534772182
0.00036310820624546115 0.002398081534772182
0.00036310820624546115 0.002398081534772182
0.00036310820624546115 0.002398081534772182
0.00036310820624546115 0.002398081534772182
0.00036310820624546115 0.002398081534772182
0.00036310820624546115 0.002398081534772182
0.00036310820624546115 0.002398081534772182
0.00036310820624546115 0.002398081534772182
0.00036310820624546115 0.002398081534772182
0.00036310820624546115 0.002398081534772182
0.00036310820624546115 0.002398081534772182
0.00036310820624546115 0.002398081534772182
0.00036310820624546115 0.002398081534772182
0.00036310820624546115 0.002398081534772182
0.00036310820624546115 0.002398081534772182
0.00036310820624546115 0.002398081534772182
0.00036310820624546115 0.002398081534772182
0.00036310820624546115 0.002398081534772182
0.00036310820624546115 0.002398081534772182
0.00036310820624546115 0.002398081534772182
0.00036310820624546115 0.002398081534772182
0.00036310820624546115 0.002398081534772182
0.00036310820624546115 0.002398081534772182
0.07142857142857142 0.002398081534772182
0.07142857142857142 0.002398081534772182
0.07142857142857142 0.002398081534772182
0.07142857142857142 0.002398081534772182
0.07142857142857142 0.002398081534772182
0.07142857142857142 0.002398081534772182
0.07142857142857142 0.002398081534772182
0.07142857142857142 0.002398081534772182
0.07142857142857142 0.002398081534772182
0.07142857142857142 0.002398081534772182
0.07142857142857142 0.002398081534772182
0.07142857142857142 0.002398081534772182
0.07142857142857142 0.002398081534772182
0.07142857142857142 0.002398081534772182
0.07142857142857142 0.002398081534772182
0.07142857142857142 0.002398081534772182
0.07142857142857142 0.002398081534772182
0.07142857142857142 0.002398081534772182
0.07142857142857142 0.002398081534772182
0.07142857142857142 0.002398081534772182
0.07142857142857142 0.002398081534772182
0.07142857142857142 0.002398081534772182
0.07142857142857142 0.002398081534772182
0.07142857142857142 0.002398081534772182
0.07142857142857142 0.002398081534772182
0.07142857142857142 0.002398081534772182
0.07142857142857142 0.002398081534772182
0.07142857142857142 0.002398081534772182
0.00023234200743494423 0.002398081534772182
0.00023234200743494423 0.002398081534772182
0.00023234200743494423 0.002398081534772182
0.00023234200743494423 0.002398081534772182
0.00023234200743494423 0.002398081534772182
0.00023234200743494423 0.002398081534772182
0.00023234200743494423 0.002398081534772182
0.00023234200743494423 0.002398081534772182
0.00023234200743494423 0.002398081534772182
0.00023234200743494423 0.002398081534772182
0.00023234200743494423 0.002398081534772182
0.00023234200743494423 0.002398081534772182
0.00023234200743494423 0.002398081534772182
0.00023234200743494423 0.002398081534772182
0.00023234200743494423 0.002398081534772182
0.00023234200743494423 0.002398081534772182
0.00023234200743494423 0.002398081534772182
0.00023234200743494423 0.002398081534772182
0.00023234200743494423 0.002398081534772182
0.00023234200743494423 0.002398081534772182
0.00023234200743494423 0.002398081534772182
0.00023234200743494423 0.002398081534772182
0.00023234200743494423 0.002398081534772182
0.00023234200743494423 0.002398081534772182
0.00023234200743494423 0.002398081534772182
0.00023234200743494423 0.002398081534772182
0.00023234200743494423 0.002398081534772182
0.00023234200743494423 0.002398081534772182
0.00023234200743494423 0.002398081534772182
0.00023234200743494423 0.002398081534772182
0.00023234200743494423 0.002398081534772182
0.00023234200743494423 0.002398081534772182
0.00023234200743494423 0.002398081534772182
0.00023234200743494423 0.002398081534772182
0.00023234200743494423 0.002398081534772182
0.00023234200743494423 0.002398081534772182
0.00023234200743494423 0.002398081534772182
0.00023234200743494423 0.002398081534772182
0.00023234200743494423 0.002398081534772182
0.00023234200743494423 0.002398081534772182
0.00023234200743494423 0.002398081534772182
0.00023234200743494423 0.002398081534772182
0.00023234200743494423 0.002398081534772182
0.00023234200743494423 0.002398081534772182
0.00023234200743494423 0.002398081534772182
0.00023234200743494423 0.002398081534772182
0.00023234200743494423 0.002398081534772182
0.00023234200743494423 0.002398081534772182
0.00023234200743494423 0.002398081534772182
0.00023234200743494423 0.002398081534772182
0.00023234200743494423 0.002398081534772182
0.00023234200743494423 0.002398081534772182
0.00023234200743494423 0.002398081534772182
0.00023234200743494423 0.002398081534772182
0.00023234200743494423 0.002398081534772182
0.00023234200743494423 0.002398081534772182
0.00023234200743494423 0.002398081534772182
0.00023234200743494423 0.002398081534772182
0.00023234200743494423 0.002398081534772182
0.00023234200743494423 0.002398081534772182
0.00023234200743494423 0.002398081534772182
0.00023234200743494423 0.002398081534772182
0.00023234200743494423 0.002398081534772182
0.00023234200743494423 0.002398081534772182
0.00023234200743494423 0.002398081534772182
0.00023234200743494423 0.002398081534772182
0.00023234200743494423 0.002398081534772182
0.00023234200743494423 0.002398081534772182
0.00023234200743494423 0.002398081534772182
0.00023234200743494423 0.002398081534772182
0.00023234200743494423 0.002398081534772182
0.00023234200743494423 0.002398081534772182
0.00023234200743494423 0.002398081534772182
0.00023234200743494423 0.002398081534772182
0.00023234200743494423 0.002398081534772182
0.00023234200743494423 0.002398081534772182
0.00023234200743494423 0.002398081534772182
0.00023234200743494423 0.002398081534772182
0.00023234200743494423 0.002398081534772182
0.00023234200743494423 0.002398081534772182
0.00023234200743494423 0.002398081534772182
0.00023234200743494423 0.002398081534772182
0.00023234200743494423 0.002398081534772182
0.00023234200743494423 0.002398081534772182
0.00023234200743494423 0.002398081534772182
0.00023234200743494423 0.002398081534772182
0.00023234200743494423 0.002398081534772182
0.00023234200743494423 0.002398081534772182
0.00023234200743494423 0.002398081534772182
0.00023234200743494423 0.002398081534772182
0.00023234200743494423 0.002398081534772182
0.00023234200743494423 0.002398081534772182
0.00023234200743494423 0.002398081534772182
0.00023234200743494423 0.002398081534772182
0.00023234200743494423 0.002398081534772182
0.00023234200743494423 0.002398081534772182
0.00023234200743494423 0.002398081534772182
0.00023234200743494423 0.002398081534772182
0.00023234200743494423 0.002398081534772182
0.00023234200743494423 0.002398081534772182
0.00023234200743494423 0.002398081534772182
0.00023234200743494423 0.002398081534772182
0.00023234200743494423 0.002398081534772182
0.00023234200743494423 0.002398081534772182
0.00023234200743494423 0.002398081534772182
0.00023234200743494423 0.002398081534772182
0.00023234200743494423 0.002398081534772182
0.00023234200743494423 0.002398081534772182
0.00023234200743494423 0.002398081534772182
0.00023234200743494423 0.002398081534772182
0.00023234200743494423 0.002398081534772182
0.00023234200743494423 0.002398081534772182
0.00023234200743494423 0.002398081534772182
0.00023234200743494423 0.002398081534772182
0.00023234200743494423 0.002398081534772182
0.00023234200743494423 0.002398081534772182
0.00023234200743494423 0.002398081534772182
0.00023234200743494423 0.002398081534772182
0.00023234200743494423 0.002398081534772182
0.00023234200743494423 0.002398081534772182
0.00023234200743494423 0.002398081534772182
0.00023234200743494423 0.002398081534772182
0.00023234200743494423 0.002398081534772182
0.00023234200743494423 0.002398081534772182
0.00023234200743494423 0.002398081534772182
0.00023234200743494423 0.002398081534772182
0.00023234200743494423 0.002398081534772182
0.00023234200743494423 0.002398081534772182
0.00023234200743494423 0.002398081534772182
0.00023234200743494423 0.002398081534772182
0.00023234200743494423 0.002398081534772182
0.00023234200743494423 0.002398081534772182
0.00023234200743494423 0.002398081534772182
0.00023234200743494423 0.002398081534772182
0.00023234200743494423 0.002398081534772182
0.00023234200743494423 0.002398081534772182
0.00023234200743494423 0.002398081534772182
0.00023234200743494423 0.002398081534772182
0.00023234200743494423 0.002398081534772182
0.00023234200743494423 0.002398081534772182
0.00023234200743494423 0.002398081534772182
0.00023234200743494423 0.002398081534772182
0.00023234200743494423 0.002398081534772182
0.00023234200743494423 0.002398081534772182
0.00023234200743494423 0.002398081534772182
0.00023234200743494423 0.002398081534772182
0.00023234200743494423 0.002398081534772182
0.00023234200743494423 0.002398081534772182
0.00023234200743494423 0.002398081534772182
0.00023234200743494423 0.002398081534772182
0.00023234200743494423 0.002398081534772182
0.00023234200743494423 0.002398081534772182
0.00023234200743494423 0.002398081534772182
0.00023234200743494423 0.002398081534772182
0.00023234200743494423 0.002398081534772182
0.00023234200743494423 0.002398081534772182
0.00023234200743494423 0.002398081534772182
0.00023234200743494423 0.002398081534772182
0.00023234200743494423 0.002398081534772182
0.00023234200743494423 0.002398081534772182
0.00023234200743494423 0.002398081534772182
0.00023234200743494423 0.002398081534772182
0.00023234200743494423 0.002398081534772182
0.00023234200743494423 0.002398081534772182
0.00023234200743494423 0.002398081534772182
0.00023234200743494423 0.002398081534772182
0.00023234200743494423 0.002398081534772182
0.00023234200743494423 0.002398081534772182
0.00023234200743494423 0.002398081534772182
0.00023234200743494423 0.002398081534772182
0.00023234200743494423 0.002398081534772182
0.00023234200743494423 0.002398081534772182
0.00023234200743494423 0.002398081534772182
0.00023234200743494423 0.002398081534772182
0.00023234200743494423 0.002398081534772182
0.00023234200743494423 0.002398081534772182
0.00023234200743494423 0.002398081534772182
0.00023234200743494423 0.002398081534772182
0.00023234200743494423 0.002398081534772182
0.00023234200743494423 0.002398081534772182
0.00023234200743494423 0.002398081534772182
0.00023234200743494423 0.002398081534772182
0.00023234200743494423 0.002398081534772182
0.00023234200743494423 0.002398081534772182
0.00023234200743494423 0.002398081534772182
0.00023234200743494423 0.002398081534772182
0.00023234200743494423 0.002398081534772182
0.00023234200743494423 0.002398081534772182
0.00023234200743494423 0.002398081534772182
0.00023234200743494423 0.002398081534772182
0.00023234200743494423 0.002398081534772182
0.00023234200743494423 0.002398081534772182
0.00023234200743494423 0.002398081534772182
0.00023234200743494423 0.002398081534772182
0.00023234200743494423 0.002398081534772182
0.00023234200743494423 0.002398081534772182
0.00023234200743494423 0.002398081534772182
0.00023234200743494423 0.002398081534772182
0.00023234200743494423 0.002398081534772182
0.00023234200743494423 0.002398081534772182
0.00023234200743494423 0.002398081534772182
0.00023234200743494423 0.002398081534772182
0.00023234200743494423 0.002398081534772182
0.00023234200743494423 0.002398081534772182
0.00023234200743494423 0.002398081534772182
0.00023234200743494423 0.002398081534772182
0.00023234200743494423 0.002398081534772182
0.00023234200743494423 0.002398081534772182
0.00023234200743494423 0.002398081534772182
0.00023234200743494423 0.002398081534772182
0.00023234200743494423 0.002398081534772182
0.00023234200743494423 0.002398081534772182
0.00023234200743494423 0.002398081534772182
0.00023234200743494423 0.002398081534772182
0.00019665683382497542 0.002398081534772182
0.00019665683382497542 0.002398081534772182
0.00019665683382497542 0.002398081534772182
0.00019665683382497542 0.002398081534772182
0.00019665683382497542 0.002398081534772182
0.00019665683382497542 0.002398081534772182
2.174574870612795e-05 2.3751840767659493e-05
0.001869158878504673 0.002398081534772182
0.001869158878504673 0.002398081534772182
0.001869158878504673 0.002398081534772182
0.001869158878504673 0.002398081534772182
0.001869158878504673 0.002398081534772182
0.001869158878504673 0.002398081534772182
0.001869158878504673 0.002398081534772182
0.00012202562538133008 0.002398081534772182
4.397881628377243e-07 4.0951919170740016e-07
4.397881628377243e-07 4.0951919170740016e-07
1.0 0.002398081534772182
1.0 0.002398081534772182
1.0 0.002398081534772182
1.0 0.002398081534772182
1.0 0.002398081534772182
1.0 0.002398081534772182
1.0 0.002398081534772182
1.0 0.002398081534772182
0.0006901311249137336 0.002398081534772182
0.0006901311249137336 0.002398081534772182
0.0006901311249137336 0.002398081534772182
0.0006901311249137336 0.002398081534772182
0.0006901311249137336 0.002398081534772182
0.001026694045174538 0.002398081534772182
0.001026694045174538 0.002398081534772182
0.001026694045174538 0.002398081534772182
0.001026694045174538 0.002398081534772182
0.001026694045174538 0.002398081534772182
0.001026694045174538 0.002398081534772182
6.039012017633915e-05 0.002398081534772182
1.5482296767760905e-06 1.827084703646861e-06
0.002702702702702703 0.002398081534772182
0.002702702702702703 0.002398081534772182
0.010638297872340425 0.002398081534772182
0.00018835938971557733 0.002398081534772182
9.277298450691158e-05 0.002398081534772182
9.277298450691158e-05 0.002398081534772182
9.277298450691158e-05 0.002398081534772182
0.00027616680475006904 0.002398081534772182
0.00027616680475006904 0.002398081534772182
0.5 0.002398081534772182
0.5 0.002398081534772182
0.5 0.002398081534772182
0.5 0.002398081534772182
0.5 0.002398081534772182
0.5 0.002398081534772182
0.5 0.002398081534772182
0.5 0.002398081534772182
0.5 0.002398081534772182
0.5 0.002398081534772182
0.5 0.002398081534772182
0.5 0.002398081534772182
0.5 0.002398081534772182
0.5 0.002398081534772182
0.5 0.002398081534772182
0.5 0.002398081534772182
0.5 0.002398081534772182
0.5 0.002398081534772182
0.5 0.002398081534772182
0.5 0.002398081534772182
0.5 0.002398081534772182
0.5 0.002398081534772182
0.5 0.002398081534772182
0.5 0.002398081534772182
0.5 0.002398081534772182
0.5 0.002398081534772182
0.5 0.002398081534772182
0.5 0.002398081534772182
0.5 0.002398081534772182
0.5 0.002398081534772182
0.5 0.002398081534772182
0.5 0.002398081534772182
0.5 0.002398081534772182
0.5 0.002398081534772182
0.5 0.002398081534772182
0.5 0.002398081534772182
0.5 0.002398081534772182
0.5 0.002398081534772182
0.5 0.002398081534772182
0.5 0.002398081534772182
0.5 0.002398081534772182
0.5 0.002398081534772182
0.5 0.002398081534772182
0.5 0.002398081534772182
0.5 0.002398081534772182
0.5 0.002398081534772182
0.5 0.002398081534772182
0.5 0.002398081534772182
0.5 0.002398081534772182
0.5 0.002398081534772182
0.5 0.002398081534772182
0.5 0.002398081534772182
0.5 0.002398081534772182
0.5 0.002398081534772182
0.5 0.002398081534772182
0.5 0.002398081534772182
0.5 0.002398081534772182
0.5 0.002398081534772182
0.5 0.002398081534772182
0.5 0.002398081534772182
0.5 0.002398081534772182
0.5 0.002398081534772182
0.5 0.002398081534772182
0.5 0.002398081534772182
0.5 0.002398081534772182
0.5 0.002398081534772182
0.5 0.002398081534772182
0.5 0.002398081534772182
0.5 0.002398081534772182
0.5 0.002398081534772182
0.5 0.002398081534772182
0.5 0.002398081534772182
0.5 0.002398081534772182
0.5 0.002398081534772182
0.5 0.002398081534772182
0.5 0.002398081534772182
0.5 0.002398081534772182
0.5 0.002398081534772182
0.5 0.002398081534772182
0.5 0.002398081534772182
0.5 0.002398081534772182
0.5 0.002398081534772182
0.5 0.002398081534772182
0.5 0.002398081534772182
0.5 0.002398081534772182
0.5 0.002398081534772182
0.5 0.002398081534772182
0.5 0.002398081534772182
0.5 0.002398081534772182
0.5 0.002398081534772182
0.5 0.002398081534772182
0.5 0.002398081534772182
0.5 0.002398081534772182
0.5 0.002398081534772182
0.5 0.002398081534772182
0.5 0.002398081534772182
0.5 0.002398081534772182
0.5 0.002398081534772182
0.5 0.002398081534772182
0.5 0.002398081534772182
0.5 0.002398081534772182
0.5 0.002398081534772182
0.5 0.002398081534772182
0.5 0.002398081534772182
0.5 0.002398081534772182
0.5 0.002398081534772182
0.5 0.002398081534772182
0.5 0.002398081534772182
0.5 0.002398081534772182
0.5 0.002398081534772182
0.5 0.002398081534772182
0.5 0.002398081534772182
0.5 0.002398081534772182
0.5 0.002398081534772182
0.5 0.002398081534772182
0.5 0.002398081534772182
0.5 0.002398081534772182
0.5 0.002398081534772182
0.5 0.002398081534772182
0.5 0.002398081534772182
0.5 0.002398081534772182
0.5 0.002398081534772182
0.5 0.002398081534772182
0.5 0.002398081534772182
0.5 0.002398081534772182
0.5 0.002398081534772182
0.5 0.002398081534772182
0.5 0.002398081534772182
0.5 0.002398081534772182
0.5 0.002398081534772182
0.5 0.002398081534772182
0.5 0.002398081534772182
0.5 0.002398081534772182
0.5 0.002398081534772182
0.5 0.002398081534772182
0.5 0.002398081534772182
0.5 0.002398081534772182
0.5 0.002398081534772182
0.5 0.002398081534772182
0.5 0.002398081534772182
0.5 0.002398081534772182
0.5 0.002398081534772182
0.5 0.002398081534772182
0.5 0.002398081534772182
0.5 0.002398081534772182
0.5 0.002398081534772182
0.5 0.002398081534772182
0.5 0.002398081534772182
0.5 0.002398081534772182
0.5 0.002398081534772182
0.5 0.002398081534772182
0.5 0.002398081534772182
0.5 0.002398081534772182
0.5 0.002398081534772182
0.5 0.002398081534772182
0.5 0.002398081534772182
0.5 0.002398081534772182
0.5 0.002398081534772182
0.5 0.002398081534772182
0.5 0.002398081534772182
0.5 0.002398081534772182
0.5 0.002398081534772182
0.5 0.002398081534772182
0.5 0.002398081534772182
0.5 0.002398081534772182
0.5 0.002398081534772182
0.5 0.002398081534772182
0.5 0.002398081534772182
0.5 0.002398081534772182
0.5 0.002398081534772182
0.5 0.002398081534772182
0.5 0.002398081534772182
0.5 0.002398081534772182
0.5 0.002398081534772182
0.5 0.002398081534772182
0.5 0.002398081534772182
0.5 0.002398081534772182
0.5 0.002398081534772182
0.5 0.002398081534772182
0.5 0.002398081534772182
0.5 0.002398081534772182
0.5 0.002398081534772182
0.5 0.002398081534772182
0.5 0.002398081534772182
0.5 0.002398081534772182
0.5 0.002398081534772182
0.5 0.002398081534772182
0.5 0.002398081534772182
0.5 0.002398081534772182
0.5 0.002398081534772182
0.5 0.002398081534772182
0.5 0.002398081534772182
0.5 0.002398081534772182
0.5 0.002398081534772182
0.5 0.002398081534772182
0.5 0.002398081534772182
0.5 0.002398081534772182
0.5 0.002398081534772182
0.5 0.002398081534772182
0.5 0.002398081534772182
0.5 0.002398081534772182
0.5 0.002398081534772182
0.5 0.002398081534772182
0.5 0.002398081534772182
0.5 0.002398081534772182
0.5 0.002398081534772182
0.5 0.002398081534772182
0.5 0.002398081534772182
0.5 0.002398081534772182
0.5 0.002398081534772182
0.5 0.002398081534772182
0.5 0.002398081534772182
0.5 0.002398081534772182
0.5 0.002398081534772182
0.022727272727272728 0.002398081534772182
1.0 0.002398081534772182
1.0 0.002398081534772182
0.0072992700729927005 0.002398081534772182
0.0072992700729927005 0.002398081534772182
0.0072992700729927005 0.002398081534772182
0.0072992700729927005 0.002398081534772182
0.0072992700729927005 0.002398081534772182
0.00021417862497322766 0.002398081534772182
0.00021417862497322766 0.002398081534772182
0.00021417862497322766 0.002398081534772182
0.00021417862497322766 0.002398081534772182
0.00021417862497322766 0.002398081534772182
0.0012121212121212121 0.002398081534772182
0.0136986301369863 0.002398081534772182
0.0136986301369863 0.002398081534772182
0.0136986301369863 0.002398081534772182
0.0002937720329024677 0.002398081534772182
0.0002937720329024677 0.002398081534772182
0.0002937720329024677 0.002398081534772182
0.0002937720329024677 0.002398081534772182
0.0006406149903907751 2.3751840767659493e-05
0.0006406149903907751 2.3751840767659493e-05
0.0006406149903907751 2.3751840767659493e-05
0.0006406149903907751 2.3751840767659493e-05
0.0006406149903907751 2.3751840767659493e-05
0.0006406149903907751 2.3751840767659493e-05
0.0006406149903907751 2.3751840767659493e-05
0.0006406149903907751 2.3751840767659493e-05
0.0006406149903907751 2.3751840767659493e-05
0.0006406149903907751 2.3751840767659493e-05
0.0006406149903907751 2.3751840767659493e-05
0.0006406149903907751 2.3751840767659493e-05
0.0006406149903907751 2.3751840767659493e-05
0.0006406149903907751 2.3751840767659493e-05
0.0006406149903907751 2.3751840767659493e-05
0.0006406149903907751 2.3751840767659493e-05
0.0006406149903907751 2.3751840767659493e-05
0.0006406149903907751 2.3751840767659493e-05
0.0006406149903907751 2.3751840767659493e-05
0.0006406149903907751 2.3751840767659493e-05
0.0006406149903907751 2.3751840767659493e-05
0.0006406149903907751 2.3751840767659493e-05
0.0006406149903907751 2.3751840767659493e-05
0.0006406149903907751 2.3751840767659493e-05
0.0006406149903907751 2.3751840767659493e-05
0.0006406149903907751 2.3751840767659493e-05
0.0006406149903907751 2.3751840767659493e-05
0.0006406149903907751 2.3751840767659493e-05
0.0006406149903907751 2.3751840767659493e-05
0.0006406149903907751 2.3751840767659493e-05
0.0006406149903907751 2.3751840767659493e-05
0.0006406149903907751 2.3751840767659493e-05
0.0006406149903907751 2.3751840767659493e-05
0.0006406149903907751 2.3751840767659493e-05
0.0006406149903907751 2.3751840767659493e-05
0.0006406149903907751 2.3751840767659493e-05
0.0006406149903907751 2.3751840767659493e-05
0.0006406149903907751 2.3751840767659493e-05
0.0006406149903907751 2.3751840767659493e-05
0.0006406149903907751 2.3751840767659493e-05
0.0006406149903907751 2.3751840767659493e-05
0.0006406149903907751 2.3751840767659493e-05
0.0006406149903907751 2.3751840767659493e-05
0.0006406149903907751 2.3751840767659493e-05
0.0006406149903907751 2.3751840767659493e-05
0.0006406149903907751 2.3751840767659493e-05
0.0006406149903907751 2.3751840767659493e-05
0.0006406149903907751 2.3751840767659493e-05
0.0006406149903907751 2.3751840767659493e-05
0.0006406149903907751 2.3751840767659493e-05
0.0006406149903907751 2.3751840767659493e-05
0.0006406149903907751 2.3751840767659493e-05
0.0006406149903907751 2.3751840767659493e-05
0.0006406149903907751 2.3751840767659493e-05
0.0006406149903907751 2.3751840767659493e-05
0.0006406149903907751 2.3751840767659493e-05
0.0006406149903907751 2.3751840767659493e-05
0.0006406149903907751 2.3751840767659493e-05
0.0006406149903907751 2.3751840767659493e-05
0.0006406149903907751 2.3751840767659493e-05
0.0006406149903907751 2.3751840767659493e-05
0.0006406149903907751 2.3751840767659493e-05
0.0006406149903907751 2.3751840767659493e-05
0.0006406149903907751 2.3751840767659493e-05
0.0006406149903907751 2.3751840767659493e-05
0.0006406149903907751 2.3751840767659493e-05
0.0006406149903907751 2.3751840767659493e-05
0.0006406149903907751 2.3751840767659493e-05
0.0006406149903907751 2.3751840767659493e-05
0.0006406149903907751 2.3751840767659493e-05
0.0006406149903907751 2.3751840767659493e-05
0.0006406149903907751 2.3751840767659493e-05
0.0006406149903907751 2.3751840767659493e-05
0.0006406149903907751 2.3751840767659493e-05
0.0006406149903907751 2.3751840767659493e-05
0.0006406149903907751 2.3751840767659493e-05
0.0006406149903907751 2.3751840767659493e-05
0.0006406149903907751 2.3751840767659493e-05
0.0006406149903907751 2.3751840767659493e-05
0.0006406149903907751 2.3751840767659493e-05
0.0006406149903907751 2.3751840767659493e-05
0.0006406149903907751 2.3751840767659493e-05
0.0006406149903907751 2.3751840767659493e-05
0.0006406149903907751 2.3751840767659493e-05
0.0006406149903907751 2.3751840767659493e-05
0.0006406149903907751 2.3751840767659493e-05
0.0006406149903907751 2.3751840767659493e-05
0.0006406149903907751 2.3751840767659493e-05
0.0006406149903907751 2.3751840767659493e-05
0.0006406149903907751 2.3751840767659493e-05
0.0006406149903907751 2.3751840767659493e-05
0.0006406149903907751 2.3751840767659493e-05
0.0006406149903907751 2.3751840767659493e-05
0.0006406149903907751 2.3751840767659493e-05
0.0006406149903907751 2.3751840767659493e-05
0.0006406149903907751 2.3751840767659493e-05
0.0006406149903907751 2.3751840767659493e-05
0.0006406149903907751 2.3751840767659493e-05
0.0006406149903907751 2.3751840767659493e-05
0.0006406149903907751 2.3751840767659493e-05
0.0006406149903907751 2.3751840767659493e-05
0.0006406149903907751 2.3751840767659493e-05
0.0006406149903907751 2.3751840767659493e-05
0.0006406149903907751 2.3751840767659493e-05
0.0006406149903907751 2.3751840767659493e-05
0.0006406149903907751 2.3751840767659493e-05
0.0006406149903907751 2.3751840767659493e-05
0.0006406149903907751 2.3751840767659493e-05
0.0006406149903907751 2.3751840767659493e-05
0.0006406149903907751 2.3751840767659493e-05
0.0006406149903907751 2.3751840767659493e-05
0.0006406149903907751 2.3751840767659493e-05
0.0006406149903907751 2.3751840767659493e-05
0.0006406149903907751 2.3751840767659493e-05
0.0006406149903907751 2.3751840767659493e-05
0.0006406149903907751 2.3751840767659493e-05
0.0006406149903907751 2.3751840767659493e-05
0.0006406149903907751 2.3751840767659493e-05
0.0006406149903907751 2.3751840767659493e-05
0.0006406149903907751 2.3751840767659493e-05
0.0006406149903907751 2.3751840767659493e-05
0.0006406149903907751 2.3751840767659493e-05
0.0006406149903907751 2.3751840767659493e-05
0.0006406149903907751 2.3751840767659493e-05
0.0006406149903907751 2.3751840767659493e-05
0.0006406149903907751 2.3751840767659493e-05
0.0006406149903907751 2.3751840767659493e-05
0.0006406149903907751 2.3751840767659493e-05
0.0006406149903907751 2.3751840767659493e-05
0.0006406149903907751 2.3751840767659493e-05
0.0006406149903907751 2.3751840767659493e-05
0.0006406149903907751 2.3751840767659493e-05
0.0006406149903907751 2.3751840767659493e-05
0.0006406149903907751 2.3751840767659493e-05
0.0006406149903907751 2.3751840767659493e-05
0.0006406149903907751 2.3751840767659493e-05
0.0006406149903907751 2.3751840767659493e-05
0.0006406149903907751 2.3751840767659493e-05
0.0006406149903907751 2.3751840767659493e-05
0.0006406149903907751 2.3751840767659493e-05
0.0006406149903907751 2.3751840767659493e-05
0.0006406149903907751 2.3751840767659493e-05
0.0006406149903907751 2.3751840767659493e-05
0.0006406149903907751 2.3751840767659493e-05
0.0006406149903907751 2.3751840767659493e-05
0.0006406149903907751 2.3751840767659493e-05
0.0006406149903907751 2.3751840767659493e-05
0.0006406149903907751 2.3751840767659493e-05
0.0006406149903907751 2.3751840767659493e-05
0.0006406149903907751 2.3751840767659493e-05
0.0006406149903907751 2.3751840767659493e-05
0.0006406149903907751 2.3751840767659493e-05
0.0006406149903907751 2.3751840767659493e-05
0.0006406149903907751 2.3751840767659493e-05
0.0006406149903907751 2.3751840767659493e-05
0.0006406149903907751 2.3751840767659493e-05
0.0006406149903907751 2.3751840767659493e-05
0.0006406149903907751 2.3751840767659493e-05
0.0006406149903907751 2.3751840767659493e-05
0.0006406149903907751 2.3751840767659493e-05
0.0006406149903907751 2.3751840767659493e-05
0.0006406149903907751 2.3751840767659493e-05
0.0006406149903907751 2.3751840767659493e-05
0.0006406149903907751 2.3751840767659493e-05
0.0006406149903907751 2.3751840767659493e-05
0.0006406149903907751 2.3751840767659493e-05
0.0006406149903907751 2.3751840767659493e-05
0.0006406149903907751 2.3751840767659493e-05
0.0006406149903907751 2.3751840767659493e-05
0.0006406149903907751 2.3751840767659493e-05
0.0006406149903907751 2.3751840767659493e-05
0.0006406149903907751 2.3751840767659493e-05
0.0006406149903907751 2.3751840767659493e-05
0.0006406149903907751 2.3751840767659493e-05
0.0006406149903907751 2.3751840767659493e-05
0.0006406149903907751 2.3751840767659493e-05
0.0006406149903907751 2.3751840767659493e-05
0.0006406149903907751 2.3751840767659493e-05
0.0006406149903907751 2.3751840767659493e-05
0.0006406149903907751 2.3751840767659493e-05
0.0006406149903907751 2.3751840767659493e-05
0.0006406149903907751 2.3751840767659493e-05
0.0006406149903907751 2.3751840767659493e-05
0.0006406149903907751 2.3751840767659493e-05
0.0006406149903907751 2.3751840767659493e-05
0.0006406149903907751 2.3751840767659493e-05
0.0007782101167315176 0.002398081534772182
0.0007782101167315176 0.002398081534772182