0.0005847491483515 0.0004666520901154787
0.0005847491483515 0.0004666520901154787
0.0005847491483515 0.0004666520901154787
0.0005847491483515 0.0004666520901154787
0.0005847491483515 0.0004666520901154787
4.049041996663589e-06 9.110344492493076e-06
0.0005827246273531683 0.000766618618034973
0.0005827246273531683 0.000766618618034973
0.0005827246273531683 0.000766618618034973
0.0005827246273531683 0.000766618618034973
0.003098191967780423 0.002866384313471433
0.003098191967780423 0.002866384313471433
0.003098191967780423 0.002866384313471433
0.003098191967780423 0.002866384313471433
0.003098191967780423 0.002866384313471433
0.003098191967780423 0.002866384313471433
0.003098191967780423 0.002866384313471433
0.003098191967780423 0.002866384313471433
0.003098191967780423 0.002866384313471433
0.003098191967780423 0.002866384313471433
0.003098191967780423 0.002866384313471433
0.003098191967780423 0.002866384313471433
0.003098191967780423 0.002866384313471433
0.003098191967780423 0.002866384313471433
0.003098191967780423 0.002866384313471433
0.003098191967780423 0.002866384313471433
0.003098191967780423 0.002866384313471433
0.003098191967780423 0.002866384313471433
0.003098191967780423 0.002866384313471433
0.003098191967780423 0.002866384313471433
0.003098191967780423 0.002866384313471433
0.003098191967780423 0.002866384313471433
0.003098191967780423 0.002866384313471433
0.003098191967780423 0.002866384313471433
0.003098191967780423 0.002866384313471433
0.003098191967780423 0.002866384313471433
0.00040726614083107937 0.00033337112439196884
0.00040726614083107937 0.00033337112439196884
0.00040726614083107937 0.00033337112439196884
0.00040726614083107937 0.00033337112439196884
0.00040726614083107937 0.00033337112439196884
0.00040726614083107937 0.00033337112439196884
0.00040726614083107937 0.00033337112439196884
0.00040726614083107937 0.00033337112439196884
0.0002915310237597784 9.110344492493076e-06
0.0002915310237597784 9.110344492493076e-06
0.0002915310237597784 9.110344492493076e-06
0.00016094941936737768 9.110344492493076e-06
0.00016094941936737768 9.110344492493076e-06
0.00016094941936737768 9.110344492493076e-06