4.0006881736986975e-05 9.098008370673169e-05
4.0006881736986975e-05 9.098008370673169e-05
4.0006881736986975e-05 9.098008370673169e-05
4.0006881736986975e-05 9.098008370673169e-05
4.0006881736986975e-05 9.098008370673169e-05
4.0006881736986975e-05 9.098008370673169e-05
4.0006881736986975e-05 9.098008370673169e-05
4.0006881736986975e-05 9.098008370673169e-05
4.0006881736986975e-05 9.098008370673169e-05
4.0006881736986975e-05 9.098008370673169e-05
4.0006881736986975e-05 9.098008370673169e-05
4.0006881736986975e-05 9.098008370673169e-05
4.0006881736986975e-05 9.098008370673169e-05
4.0006881736986975e-05 9.098008370673169e-05
4.0006881736986975e-05 9.098008370673169e-05
4.0006881736986975e-05 9.098008370673169e-05
4.0006881736986975e-05 9.098008370673169e-05
4.0006881736986975e-05 9.098008370673169e-05
4.0006881736986975e-05 9.098008370673169e-05
4.0006881736986975e-05 9.098008370673169e-05
4.0006881736986975e-05 9.098008370673169e-05
4.0006881736986975e-05 9.098008370673169e-05
4.0006881736986975e-05 9.098008370673169e-05
4.0006881736986975e-05 9.098008370673169e-05
4.0006881736986975e-05 9.098008370673169e-05
4.0006881736986975e-05 9.098008370673169e-05
4.0006881736986975e-05 9.098008370673169e-05
4.0006881736986975e-05 9.098008370673169e-05
4.0006881736986975e-05 9.098008370673169e-05
4.0006881736986975e-05 9.098008370673169e-05
4.0006881736986975e-05 9.098008370673169e-05
4.0006881736986975e-05 9.098008370673169e-05
4.0006881736986975e-05 9.098008370673169e-05
4.0006881736986975e-05 9.098008370673169e-05
4.0006881736986975e-05 9.098008370673169e-05
4.0006881736986975e-05 9.098008370673169e-05
4.0006881736986975e-05 9.098008370673169e-05
4.0006881736986975e-05 9.098008370673169e-05
4.0006881736986975e-05 9.098008370673169e-05
4.0006881736986975e-05 9.098008370673169e-05
4.0006881736986975e-05 9.098008370673169e-05
4.0006881736986975e-05 9.098008370673169e-05
4.0006881736986975e-05 9.098008370673169e-05
4.0006881736986975e-05 9.098008370673169e-05
4.0006881736986975e-05 9.098008370673169e-05
4.0006881736986975e-05 9.098008370673169e-05
4.0006881736986975e-05 9.098008370673169e-05
4.0006881736986975e-05 9.098008370673169e-05
4.0006881736986975e-05 9.098008370673169e-05
4.0006881736986975e-05 9.098008370673169e-05
4.0006881736986975e-05 9.098008370673169e-05
4.0006881736986975e-05 9.098008370673169e-05
4.0006881736986975e-05 9.098008370673169e-05
4.0006881736986975e-05 9.098008370673169e-05
4.0006881736986975e-05 9.098008370673169e-05
4.0006881736986975e-05 9.098008370673169e-05
4.0006881736986975e-05 9.098008370673169e-05
4.0006881736986975e-05 9.098008370673169e-05
4.0006881736986975e-05 9.098008370673169e-05
4.0006881736986975e-05 9.098008370673169e-05
4.0006881736986975e-05 9.098008370673169e-05
4.0006881736986975e-05 9.098008370673169e-05
4.0006881736986975e-05 9.098008370673169e-05
4.0006881736986975e-05 9.098008370673169e-05
4.0006881736986975e-05 9.098008370673169e-05
4.0006881736986975e-05 9.098008370673169e-05
4.0006881736986975e-05 9.098008370673169e-05
4.0006881736986975e-05 9.098008370673169e-05
4.0006881736986975e-05 9.098008370673169e-05
4.0006881736986975e-05 9.098008370673169e-05
4.0006881736986975e-05 9.098008370673169e-05
4.0006881736986975e-05 9.098008370673169e-05
4.0006881736986975e-05 9.098008370673169e-05
4.0006881736986975e-05 9.098008370673169e-05
4.0006881736986975e-05 9.098008370673169e-05
4.0006881736986975e-05 9.098008370673169e-05
4.0006881736986975e-05 9.098008370673169e-05
4.0006881736986975e-05 9.098008370673169e-05
4.0006881736986975e-05 9.098008370673169e-05
4.0006881736986975e-05 9.098008370673169e-05
4.0006881736986975e-05 9.098008370673169e-05
4.0006881736986975e-05 9.098008370673169e-05
4.0006881736986975e-05 9.098008370673169e-05
4.0006881736986975e-05 9.098008370673169e-05
4.0006881736986975e-05 9.098008370673169e-05
4.0006881736986975e-05 9.098008370673169e-05
4.0006881736986975e-05 9.098008370673169e-05
4.0006881736986975e-05 9.098008370673169e-05
4.0006881736986975e-05 9.098008370673169e-05
4.0006881736986975e-05 9.098008370673169e-05
4.0006881736986975e-05 9.098008370673169e-05
7.612359937729445e-05 0.00020207645337542266
7.612359937729445e-05 0.00020207645337542266
7.612359937729445e-05 0.00020207645337542266
7.612359937729445e-05 0.00020207645337542266
7.612359937729445e-05 0.00020207645337542266
7.612359937729445e-05 0.00020207645337542266
7.612359937729445e-05 0.00020207645337542266
7.612359937729445e-05 0.00020207645337542266
7.612359937729445e-05 0.00020207645337542266
7.612359937729445e-05 0.00020207645337542266
7.612359937729445e-05 0.00020207645337542266
7.612359937729445e-05 0.00020207645337542266
7.612359937729445e-05 0.00020207645337542266
7.612359937729445e-05 0.00020207645337542266
5.6150801504111476e-05 0.00012888851227718843
5.6150801504111476e-05 0.00012888851227718843
5.6150801504111476e-05 0.00012888851227718843
5.6150801504111476e-05 0.00012888851227718843
5.6150801504111476e-05 0.00012888851227718843
5.6150801504111476e-05 0.00012888851227718843
5.6150801504111476e-05 0.00012888851227718843
5.6150801504111476e-05 0.00012888851227718843
5.6150801504111476e-05 0.00012888851227718843
5.6150801504111476e-05 0.00012888851227718843
5.6150801504111476e-05 0.00012888851227718843
5.6150801504111476e-05 0.00012888851227718843
5.6150801504111476e-05 0.00012888851227718843
5.6150801504111476e-05 0.00012888851227718843
5.6150801504111476e-05 0.00012888851227718843
5.6150801504111476e-05 0.00012888851227718843
5.6150801504111476e-05 0.00012888851227718843
5.6150801504111476e-05 0.00012888851227718843
5.6150801504111476e-05 0.00012888851227718843
5.6150801504111476e-05 0.00012888851227718843
5.6150801504111476e-05 0.00012888851227718843
5.6150801504111476e-05 0.00012888851227718843
5.6150801504111476e-05 0.00012888851227718843
5.6150801504111476e-05 0.00012888851227718843
0.000126595509944356 0.0003153973674988057
0.000126595509944356 0.0003153973674988057
0.000126595509944356 0.0003153973674988057
0.000126595509944356 0.0003153973674988057
0.000126595509944356 0.0003153973674988057
0.000126595509944356 0.0003153973674988057
0.000126595509944356 0.0003153973674988057
0.000126595509944356 0.0003153973674988057
0.000126595509944356 0.0003153973674988057
0.000126595509944356 0.0003153973674988057
0.000126595509944356 0.0003153973674988057
0.000126595509944356 0.0003153973674988057
0.000126595509944356 0.0003153973674988057
0.000126595509944356 0.0003153973674988057
0.000126595509944356 0.0003153973674988057
0.000126595509944356 0.0003153973674988057
0.000126595509944356 0.0003153973674988057
0.000126595509944356 0.0003153973674988057
0.000126595509944356 0.0003153973674988057
0.000126595509944356 0.0003153973674988057
0.000126595509944356 0.0003153973674988057
0.000126595509944356 0.0003153973674988057
0.000126595509944356 0.0003153973674988057
0.000126595509944356 0.0003153973674988057
0.000126595509944356 0.0003153973674988057
0.000126595509944356 0.0003153973674988057
0.000126595509944356 0.0003153973674988057
0.000126595509944356 0.0003153973674988057
0.000126595509944356 0.0003153973674988057
0.000126595509944356 0.0003153973674988057
0.000126595509944356 0.0003153973674988057
0.000126595509944356 0.0003153973674988057
0.000126595509944356 0.0003153973674988057
0.00019630164595135132 0.0005058261836612328
6.014927302707211e-05 0.0001428532351418456
6.014927302707211e-05 0.0001428532351418456
6.014927302707211e-05 0.0001428532351418456
6.014927302707211e-05 0.0001428532351418456
6.014927302707211e-05 0.0001428532351418456
6.014927302707211e-05 0.0001428532351418456
6.014927302707211e-05 0.0001428532351418456
6.014927302707211e-05 0.0001428532351418456
6.014927302707211e-05 0.0001428532351418456
6.014927302707211e-05 0.0001428532351418456
6.014927302707211e-05 0.0001428532351418456
6.014927302707211e-05 0.0001428532351418456
6.014927302707211e-05 0.0001428532351418456
6.014927302707211e-05 0.0001428532351418456
6.014927302707211e-05 0.0001428532351418456
6.014927302707211e-05 0.0001428532351418456
6.014927302707211e-05 0.0001428532351418456
6.014927302707211e-05 0.0001428532351418456
6.014927302707211e-05 0.0001428532351418456
6.014927302707211e-05 0.0001428532351418456
6.014927302707211e-05 0.0001428532351418456
6.014927302707211e-05 0.0001428532351418456
6.014927302707211e-05 0.0001428532351418456
6.014927302707211e-05 0.0001428532351418456
6.014927302707211e-05 0.0001428532351418456
6.014927302707211e-05 0.0001428532351418456
6.014927302707211e-05 0.0001428532351418456
6.014927302707211e-05 0.0001428532351418456
6.014927302707211e-05 0.0001428532351418456
6.014927302707211e-05 0.0001428532351418456
6.014927302707211e-05 0.0001428532351418456
6.014927302707211e-05 0.0001428532351418456
6.014927302707211e-05 0.0001428532351418456
6.014927302707211e-05 0.0001428532351418456
6.014927302707211e-05 0.0001428532351418456
6.014927302707211e-05 0.0001428532351418456
6.014927302707211e-05 0.0001428532351418456
6.014927302707211e-05 0.0001428532351418456
6.014927302707211e-05 0.0001428532351418456
6.014927302707211e-05 0.0001428532351418456
6.014927302707211e-05 0.0001428532351418456
6.014927302707211e-05 0.0001428532351418456
6.014927302707211e-05 0.0001428532351418456
6.014927302707211e-05 0.0001428532351418456
6.014927302707211e-05 0.0001428532351418456
6.014927302707211e-05 0.0001428532351418456
6.014927302707211e-05 0.0001428532351418456
6.014927302707211e-05 0.0001428532351418456
6.014927302707211e-05 0.0001428532351418456
6.014927302707211e-05 0.0001428532351418456
6.014927302707211e-05 0.0001428532351418456
6.014927302707211e-05 0.0001428532351418456
6.014927302707211e-05 0.0001428532351418456
6.014927302707211e-05 0.0001428532351418456
6.014927302707211e-05 0.0001428532351418456
6.014927302707211e-05 0.0001428532351418456
6.014927302707211e-05 0.0001428532351418456
6.014927302707211e-05 0.0001428532351418456
6.014927302707211e-05 0.0001428532351418456
6.014927302707211e-05 0.0001428532351418456
6.014927302707211e-05 0.0001428532351418456
6.014927302707211e-05 0.0001428532351418456
6.014927302707211e-05 0.0001428532351418456
6.014927302707211e-05 0.0001428532351418456
6.014927302707211e-05 0.0001428532351418456
6.014927302707211e-05 0.0001428532351418456
6.014927302707211e-05 0.0001428532351418456
6.014927302707211e-05 0.0001428532351418456
6.014927302707211e-05 0.0001428532351418456
6.014927302707211e-05 0.0001428532351418456
6.014927302707211e-05 0.0001428532351418456
6.014927302707211e-05 0.0001428532351418456
6.014927302707211e-05 0.0001428532351418456
6.014927302707211e-05 0.0001428532351418456
6.014927302707211e-05 0.0001428532351418456
6.014927302707211e-05 0.0001428532351418456
6.014927302707211e-05 0.0001428532351418456
6.014927302707211e-05 0.0001428532351418456
6.014927302707211e-05 0.0001428532351418456
6.014927302707211e-05 0.0001428532351418456
6.014927302707211e-05 0.0001428532351418456
6.014927302707211e-05 0.0001428532351418456
6.014927302707211e-05 0.0001428532351418456
6.014927302707211e-05 0.0001428532351418456
0.0004340038667628867 0.0010868392278883835
0.0004340038667628867 0.0010868392278883835
0.0002638791356524611 0.000591370544093756
0.0002638791356524611 0.000591370544093756
0.0002638791356524611 0.000591370544093756
0.0002638791356524611 0.000591370544093756
0.0002512832965954819 0.0005703996126282447
0.0002512832965954819 0.0005703996126282447
0.00021674117811050102 0.000591370544093756
0.00021674117811050102 0.000591370544093756
0.00021674117811050102 0.000591370544093756
0.00021674117811050102 0.000591370544093756
0.00021674117811050102 0.000591370544093756
0.00021674117811050102 0.000591370544093756
0.00021674117811050102 0.000591370544093756
0.00021674117811050102 0.000591370544093756
5.6601296077333666e-05 0.00014465186379025678
5.6601296077333666e-05 0.00014465186379025678
5.6601296077333666e-05 0.00014465186379025678
5.6601296077333666e-05 0.00014465186379025678
5.6601296077333666e-05 0.00014465186379025678
5.6601296077333666e-05 0.00014465186379025678
5.6601296077333666e-05 0.00014465186379025678
5.6601296077333666e-05 0.00014465186379025678
5.6601296077333666e-05 0.00014465186379025678
5.6601296077333666e-05 0.00014465186379025678
5.6601296077333666e-05 0.00014465186379025678
5.6601296077333666e-05 0.00014465186379025678
5.6601296077333666e-05 0.00014465186379025678
5.6601296077333666e-05 0.00014465186379025678
5.6601296077333666e-05 0.00014465186379025678
5.6601296077333666e-05 0.00014465186379025678
5.6601296077333666e-05 0.00014465186379025678
5.6601296077333666e-05 0.00014465186379025678
5.6601296077333666e-05 0.00014465186379025678
5.6601296077333666e-05 0.00014465186379025678
5.6601296077333666e-05 0.00014465186379025678
5.6601296077333666e-05 0.00014465186379025678
5.6601296077333666e-05 0.00014465186379025678
5.6601296077333666e-05 0.00014465186379025678
5.6601296077333666e-05 0.00014465186379025678
5.6601296077333666e-05 0.00014465186379025678
5.6601296077333666e-05 0.00014465186379025678
5.6601296077333666e-05 0.00014465186379025678
5.6601296077333666e-05 0.00014465186379025678
5.6601296077333666e-05 0.00014465186379025678
0.00031002179149273686 0.0007733310736631306
0.00024819911894863187 0.0004995440665652818
0.00024819911894863187 0.0004995440665652818
0.00024819911894863187 0.0004995440665652818
0.00024819911894863187 0.0004995440665652818
0.00024819911894863187 0.0004995440665652818
0.00024819911894863187 0.0004995440665652818
2.9505562820664426e-05 7.149011948593428e-05
2.9505562820664426e-05 7.149011948593428e-05
2.9505562820664426e-05 7.149011948593428e-05
2.9505562820664426e-05 7.149011948593428e-05
2.9505562820664426e-05 7.149011948593428e-05
2.9505562820664426e-05 7.149011948593428e-05
2.9505562820664426e-05 7.149011948593428e-05
2.9505562820664426e-05 7.149011948593428e-05
2.9505562820664426e-05 7.149011948593428e-05
2.9505562820664426e-05 7.149011948593428e-05
2.9505562820664426e-05 7.149011948593428e-05
2.9505562820664426e-05 7.149011948593428e-05
2.9505562820664426e-05 7.149011948593428e-05
2.9505562820664426e-05 7.149011948593428e-05
2.9505562820664426e-05 7.149011948593428e-05
2.9505562820664426e-05 7.149011948593428e-05
2.9505562820664426e-05 7.149011948593428e-05
2.9505562820664426e-05 7.149011948593428e-05
2.9505562820664426e-05 7.149011948593428e-05
2.9505562820664426e-05 7.149011948593428e-05
2.9505562820664426e-05 7.149011948593428e-05
2.9505562820664426e-05 7.149011948593428e-05
2.9505562820664426e-05 7.149011948593428e-05
2.9505562820664426e-05 7.149011948593428e-05
2.9505562820664426e-05 7.149011948593428e-05
2.9505562820664426e-05 7.149011948593428e-05
2.9505562820664426e-05 7.149011948593428e-05
2.9505562820664426e-05 7.149011948593428e-05
2.9505562820664426e-05 7.149011948593428e-05
2.9505562820664426e-05 7.149011948593428e-05
2.9505562820664426e-05 7.149011948593428e-05
2.9505562820664426e-05 7.149011948593428e-05
2.9505562820664426e-05 7.149011948593428e-05
2.9505562820664426e-05 7.149011948593428e-05
2.9505562820664426e-05 7.149011948593428e-05
2.9505562820664426e-05 7.149011948593428e-05
2.9505562820664426e-05 7.149011948593428e-05
2.9505562820664426e-05 7.149011948593428e-05
2.9505562820664426e-05 7.149011948593428e-05
2.9505562820664426e-05 7.149011948593428e-05
2.9505562820664426e-05 7.149011948593428e-05
2.9505562820664426e-05 7.149011948593428e-05
2.9505562820664426e-05 7.149011948593428e-05
2.9505562820664426e-05 7.149011948593428e-05
2.9505562820664426e-05 7.149011948593428e-05
2.9505562820664426e-05 7.149011948593428e-05
2.9505562820664426e-05 7.149011948593428e-05
2.9505562820664426e-05 7.149011948593428e-05
2.9505562820664426e-05 7.149011948593428e-05
2.9505562820664426e-05 7.149011948593428e-05
2.9505562820664426e-05 7.149011948593428e-05
2.9505562820664426e-05 7.149011948593428e-05
2.9505562820664426e-05 7.149011948593428e-05
2.9505562820664426e-05 7.149011948593428e-05
2.9505562820664426e-05 7.149011948593428e-05
2.9505562820664426e-05 7.149011948593428e-05
2.9505562820664426e-05 7.149011948593428e-05
2.9505562820664426e-05 7.149011948593428e-05
2.9505562820664426e-05 7.149011948593428e-05
2.9505562820664426e-05 7.149011948593428e-05
2.9505562820664426e-05 7.149011948593428e-05
2.9505562820664426e-05 7.149011948593428e-05
2.9505562820664426e-05 7.149011948593428e-05
2.9505562820664426e-05 7.149011948593428e-05
2.9505562820664426e-05 7.149011948593428e-05
2.9505562820664426e-05 7.149011948593428e-05
2.9505562820664426e-05 7.149011948593428e-05
2.9505562820664426e-05 7.149011948593428e-05
2.9505562820664426e-05 7.149011948593428e-05
2.9505562820664426e-05 7.149011948593428e-05
2.9505562820664426e-05 7.149011948593428e-05
2.9505562820664426e-05 7.149011948593428e-05
2.9505562820664426e-05 7.149011948593428e-05
2.9505562820664426e-05 7.149011948593428e-05
2.9505562820664426e-05 7.149011948593428e-05
2.9505562820664426e-05 7.149011948593428e-05
2.9505562820664426e-05 7.149011948593428e-05
2.9505562820664426e-05 7.149011948593428e-05
2.9505562820664426e-05 7.149011948593428e-05
2.9505562820664426e-05 7.149011948593428e-05
2.9505562820664426e-05 7.149011948593428e-05
2.9505562820664426e-05 7.149011948593428e-05
2.9505562820664426e-05 7.149011948593428e-05
2.9505562820664426e-05 7.149011948593428e-05
2.9505562820664426e-05 7.149011948593428e-05
2.9505562820664426e-05 7.149011948593428e-05
2.9505562820664426e-05 7.149011948593428e-05
2.9505562820664426e-05 7.149011948593428e-05
2.9505562820664426e-05 7.149011948593428e-05
2.9505562820664426e-05 7.149011948593428e-05
2.9505562820664426e-05 7.149011948593428e-05
2.9505562820664426e-05 7.149011948593428e-05
2.9505562820664426e-05 7.149011948593428e-05
2.9505562820664426e-05 7.149011948593428e-05
2.9505562820664426e-05 7.149011948593428e-05
2.9505562820664426e-05 7.149011948593428e-05
2.9505562820664426e-05 7.149011948593428e-05
2.9505562820664426e-05 7.149011948593428e-05
0.00015697908158414703 0.0003740756367883922
0.00456486159488091 0.008936278089397624