0.27641025031725147 0.13444716608492718
0.009737349130686907 0.0032777221823834697
0.18935284533650884 0.10550225764996671
0.09338212100666544 0.04517024646922402
0.015914889604921795 0.007212368572040708
0.0010781375700473223 0.004526798023401679
0.009269376868679164 0.004795853328831192
0.0044689243038577246 0.006815301198215956
0.10724191866327805 0.048008358344872944
0.093225746982997 0.04453785152056491
0.18688535522774075 0.1046065564408659
0.09338940313031667 0.0456987753384367
0.17974657443154402 0.06388415444387763
0.027082217858910004 0.012375777510425894
0.027082217858910004 0.012375777510425894
0.0933882533213191 0.04456468039717469
0.0933882533213191 0.04456468039717469
0.1789417081332506 0.11153952142649903
0.14356668451425744 0.07812070618202473
0.01158164276277639 0.00929467266662553
0.02463427450310046 0.01780249270925278
0.20396040211120262 0.10823420382817407
0.023287081627623624 0.011482375919320203
0.19576418030691467 0.09125880705783425
0.013868612858927251 0.007268325943255393
0.05389269752472952 0.02603857455878954
0.00977299320961133 0.003971057007913369
0.02639501534803377 0.014459231414008277
0.02639501534803377 0.014459231414008277
0.18912633296398912 0.10243993301979319
0.010642632081434072 0.00617102488991537
0.14875653905958655 0.08705395555374992
0.27407652132186644 0.1380629321125939
0.23068771225953183 0.0849241260205992
0.18622958082946456 0.10364876554589673
0.028445891330018562 0.0123715615441015
0.02328784816695533 0.01188289272013764
0.18935284533650884 0.10112186863892127
0.06531719972450577 0.01600610778539505
0.15772198308324348 0.08199172980715021
0.2791368307201369 0.13530415705777676
0.014966680451598982 0.008533882379905326
0.012105572395998817 0.004818082969450725
0.017147101580642428 0.008508203312293107
0.01720075933386199 0.008102320736153712
0.019950335916698637 0.010621168980146247
0.03337895519922549 0.014391009413486262
0.009402371442730505 0.005182572421677885
0.024912145010844614 0.01383220224067112
0.14759139927539036 0.08619313188424182