0.005153257275624795 0.0052341093716089995
0.007174559675229897 0.006434124690953501
0.003966008076698851 0.003897922101133206
0.0682774673719239 0.06929875700540858
0.0682774673719239 0.06929875700540858
0.0682774673719239 0.06929875700540858
0.0682774673719239 0.06929875700540858
0.0682774673719239 0.06929875700540858
0.0682774673719239 0.06929875700540858
0.0682774673719239 0.06929875700540858
0.0682774673719239 0.06929875700540858
0.027455669646846554 0.028532279135478324
0.027455669646846554 0.028532279135478324
0.00017872568585981948 8.51074694570569e-05
0.000246811661425465 8.51074694570569e-05
0.004774529036540892 0.005131980408260531
0.04159627569713656 0.04183457661161632
0.04159627569713656 0.04183457661161632
0.04159627569713656 0.04183457661161632
0.04159627569713656 0.04183457661161632
0.04159627569713656 0.04183457661161632
0.00023404554100690648 8.51074694570569e-05
0.3610386515572539 0.3657323284978106
0.3610386515572539 0.3657323284978106
0.3610386515572539 0.3657323284978106
0.3610386515572539 0.3657323284978106
0.3610386515572539 0.3657323284978106
0.3610386515572539 0.3657323284978106
0.3610386515572539 0.3657323284978106
0.3610386515572539 0.3657323284978106
0.3610386515572539 0.3657323284978106
0.3610386515572539 0.3657323284978106
0.3610386515572539 0.3657323284978106
0.3610386515572539 0.3657323284978106
0.3610386515572539 0.3657323284978106
0.3610386515572539 0.3657323284978106
0.3610386515572539 0.3657323284978106
0.3610386515572539 0.3657323284978106
0.3610386515572539 0.3657323284978106
0.003191530104639634 0.0030979118882368713
8.085209598420406e-05 8.51074694570569e-05
0.005336238334957467 0.004834104265160832
0.005791563296552722 0.006131993174380949
0.04423035187683247 0.04409843529917403
0.04423035187683247 0.04409843529917403
0.04423035187683247 0.04409843529917403
0.04423035187683247 0.04409843529917403
0.04423035187683247 0.04409843529917403
0.0007787333455320706 0.0007659672251135121
0.00023830091447975932 0.0003319191308825219