0.013935733391273167 0.07116672030052562
0.013935733391273167 0.07116672030052562
0.013935733391273167 0.07116672030052562
0.013935733391273167 0.07116672030052562
0.05303676974829444 0.09533334240327014
0.08458115682913034 0.13106669326582787
0.04811475751007605 0.11910003417390544
0.03751545874191266 0.08606665083468787
0.02118135567626953 0.03126663149147612
0.024062362730210823 0.03269999581076682
0.06548458449743952 0.16376668907659467
0.0704661350336681 0.11713338451112525
0.06548458449743952 0.15923329219982293
0.06548458449743952 0.16376668907659467
0.05040213271032746 0.1321666700566678
0.02567676658010265 0.030533313630916162
0.008497273563527431 0.043333374192949616
0.008497273563527431 0.043333374192949616
0.008497273563527431 0.043333374192949616
0.008497273563527431 0.043333374192949616
0.036548028750262834 0.07953333289330669
0.03751545874191266 0.12880006217845782
0.022433006954800598 0.06003332797668254
0.02901818517838523 0.1501666331483111
0.02901818517838523 0.1501666331483111
0.02901818517838523 0.1501666331483111
0.02901818517838523 0.1501666331483111
0.02901818517838523 0.1501666331483111
0.02901818517838523 0.1501666331483111
0.02901818517838523 0.1501666331483111
0.06548458449743952 0.16376668907659467
0.06697250313956761 0.1007999549556406
0.017186228118160084 0.021000046741604998
0.018451484301892578 0.023633336759255007
0.04462112561597555 0.07696672038134685
0.05040213271032746 0.11183339837196431
0.036548028750262834 0.08789994548608777
0.02550246215108638 0.12316668851084614
0.02550246215108638 0.12316668851084614
0.06548458449743952 0.15470003002508287
0.036466399319054286 0.17283334812810647
0.036466399319054286 0.17283334812810647
0.036466399319054286 0.17283334812810647
0.036466399319054286 0.17283334812810647
0.036466399319054286 0.17283334812810647
0.08458115682913034 0.12903336609735752
0.004523294224394457 0.007699972237911267
0.01200504917095614 0.016166668440243417
0.05452064732947161 0.1447666981016308
0.01768880139842261 0.02210002353244494