1.5929714533819843e-06 1.9775928598347293e-06
1.5929714533819843e-06 1.9775928598347293e-06
1.5929714533819843e-06 1.9775928598347293e-06
1.5929714533819843e-06 1.9775928598347293e-06
1.5929714533819843e-06 1.9775928598347293e-06
1.5929714533819843e-06 1.9775928598347293e-06
1.5929714533819843e-06 1.9775928598347293e-06
1.5929714533819843e-06 1.9775928598347293e-06
1.5929714533819843e-06 1.9775928598347293e-06
1.5929714533819843e-06 1.9775928598347293e-06
1.5929714533819843e-06 1.9775928598347293e-06
1.9464789119160727e-06 1.97759656579801e-06
1.9464789119160727e-06 1.97759656579801e-06
1.9464789119160727e-06 1.97759656579801e-06
1.9464789119160727e-06 1.97759656579801e-06
1.9464789119160727e-06 1.97759656579801e-06
1.9464789119160727e-06 1.97759656579801e-06
1.9464789119160727e-06 1.97759656579801e-06
1.9464789119160727e-06 1.97759656579801e-06
1.9464789119160727e-06 1.97759656579801e-06
1.9464789119160727e-06 1.97759656579801e-06
1.9464789119160727e-06 1.97759656579801e-06
1.9464789119160727e-06 1.97759656579801e-06
1.9464789119160727e-06 1.97759656579801e-06
1.9464789119160727e-06 1.97759656579801e-06
1.9464789119160727e-06 1.97759656579801e-06
1.9464789119160727e-06 1.97759656579801e-06
1.9464789119160727e-06 1.97759656579801e-06
1.9464789119160727e-06 1.97759656579801e-06
1.9464789119160727e-06 1.97759656579801e-06
1.9464789119160727e-06 1.97759656579801e-06
1.9464789119160727e-06 1.97759656579801e-06
1.9464789119160727e-06 1.97759656579801e-06
1.9464789119160727e-06 1.97759656579801e-06
1.9464789119160727e-06 1.97759656579801e-06
1.9464789119160727e-06 1.97759656579801e-06
1.9464789119160727e-06 1.97759656579801e-06
1.9464789119160727e-06 1.97759656579801e-06
1.9464789119160727e-06 1.97759656579801e-06
1.9464789119160727e-06 1.97759656579801e-06
1.9464789119160727e-06 1.97759656579801e-06
1.9464789119160727e-06 1.97759656579801e-06
1.9464789119160727e-06 1.97759656579801e-06
1.9464789119160727e-06 1.97759656579801e-06
1.9464789119160727e-06 1.97759656579801e-06
1.9464789119160727e-06 1.97759656579801e-06
1.9464789119160727e-06 1.97759656579801e-06
1.9464789119160727e-06 1.97759656579801e-06
1.9464789119160727e-06 1.97759656579801e-06
1.9464789119160727e-06 1.97759656579801e-06
1.9464789119160727e-06 1.97759656579801e-06
1.9464789119160727e-06 1.97759656579801e-06
1.9464789119160727e-06 1.97759656579801e-06
1.9464789119160727e-06 1.97759656579801e-06
1.9464789119160727e-06 1.97759656579801e-06
1.9464789119160727e-06 1.97759656579801e-06
1.9464789119160727e-06 1.97759656579801e-06
1.9464789119160727e-06 1.97759656579801e-06
1.9464789119160727e-06 1.97759656579801e-06
1.9464789119160727e-06 1.97759656579801e-06
1.9464789119160727e-06 1.97759656579801e-06
1.9464789119160727e-06 1.97759656579801e-06
1.9464789119160727e-06 1.97759656579801e-06
1.9464789119160727e-06 1.97759656579801e-06
1.9464789119160727e-06 1.97759656579801e-06
1.9464789119160727e-06 1.97759656579801e-06
1.9464789119160727e-06 1.97759656579801e-06
1.9464789119160727e-06 1.97759656579801e-06
1.9464789119160727e-06 1.97759656579801e-06
1.9464789119160727e-06 1.97759656579801e-06
1.9464789119160727e-06 1.97759656579801e-06
1.9464789119160727e-06 1.97759656579801e-06
1.9464789119160727e-06 1.97759656579801e-06
1.9464789119160727e-06 1.97759656579801e-06
1.9464789119160727e-06 1.97759656579801e-06
1.9464789119160727e-06 1.97759656579801e-06
1.9464789119160727e-06 1.97759656579801e-06
1.9464789119160727e-06 1.97759656579801e-06
1.9464789119160727e-06 1.97759656579801e-06
1.9464789119160727e-06 1.97759656579801e-06
1.9464789119160727e-06 1.97759656579801e-06
1.9464789119160727e-06 1.97759656579801e-06
1.9464789119160727e-06 1.97759656579801e-06
1.9464789119160727e-06 1.97759656579801e-06
1.9464789119160727e-06 1.97759656579801e-06
1.9464789119160727e-06 1.97759656579801e-06
1.9464789119160727e-06 1.97759656579801e-06
1.9464789119160727e-06 1.97759656579801e-06
1.9464789119160727e-06 1.97759656579801e-06
1.9464789119160727e-06 1.97759656579801e-06
1.9464789119160727e-06 1.97759656579801e-06
1.9464789119160727e-06 1.97759656579801e-06
1.9464789119160727e-06 1.97759656579801e-06
1.9464789119160727e-06 1.97759656579801e-06
1.9464789119160727e-06 1.97759656579801e-06
1.9464789119160727e-06 1.97759656579801e-06
1.9464789119160727e-06 1.97759656579801e-06
1.9464789119160727e-06 1.97759656579801e-06
1.9464789119160727e-06 1.97759656579801e-06
1.9464789119160727e-06 1.97759656579801e-06
1.9464789119160727e-06 1.97759656579801e-06
1.9464789119160727e-06 1.97759656579801e-06
1.9464789119160727e-06 1.97759656579801e-06
1.9464789119160727e-06 1.97759656579801e-06
1.9464789119160727e-06 1.97759656579801e-06
1.9464789119160727e-06 1.97759656579801e-06
1.9464789119160727e-06 1.97759656579801e-06
1.9464789119160727e-06 1.97759656579801e-06
1.9464789119160727e-06 1.97759656579801e-06
1.9464789119160727e-06 1.97759656579801e-06
1.9464789119160727e-06 1.97759656579801e-06
1.9464789119160727e-06 1.97759656579801e-06
1.9464789119160727e-06 1.97759656579801e-06
1.9464789119160727e-06 1.97759656579801e-06
1.9464789119160727e-06 1.97759656579801e-06
1.9464789119160727e-06 1.97759656579801e-06
1.9464789119160727e-06 1.97759656579801e-06
1.9464789119160727e-06 1.97759656579801e-06
1.9464789119160727e-06 1.97759656579801e-06
1.9464789119160727e-06 1.97759656579801e-06
1.9464789119160727e-06 1.97759656579801e-06
1.8571798142561693e-06 1.977585807491725e-06
1.8571798142561693e-06 1.977585807491725e-06
1.8571798142561693e-06 1.977585807491725e-06
1.8571798142561693e-06 1.977585807491725e-06
1.8571798142561693e-06 1.977585807491725e-06
1.8571798142561693e-06 1.977585807491725e-06
1.9595335258199842e-06 1.977603188477846e-06
1.9595335258199842e-06 1.977603188477846e-06
1.9595335258199842e-06 1.977603188477846e-06
1.9595335258199842e-06 1.977603188477846e-06
1.9595335258199842e-06 1.977603188477846e-06
1.9595335258199842e-06 1.977603188477846e-06
1.840134392805168e-06 1.9775989639681003e-06
1.840134392805168e-06 1.9775989639681003e-06
1.840134392805168e-06 1.9775989639681003e-06
1.840134392805168e-06 1.9775989639681003e-06
1.840134392805168e-06 1.9775989639681003e-06
1.840134392805168e-06 1.9775989639681003e-06
1.840134392805168e-06 1.9775989639681003e-06
1.840134392805168e-06 1.9775989639681003e-06
1.840134392805168e-06 1.9775989639681003e-06
1.840134392805168e-06 1.9775989639681003e-06
1.840134392805168e-06 1.9775989639681003e-06
1.939393902631312e-06 1.97760083833356e-06
1.939393902631312e-06 1.97760083833356e-06
1.939393902631312e-06 1.97760083833356e-06
1.939393902631312e-06 1.97760083833356e-06
1.939393902631312e-06 1.97760083833356e-06
1.939393902631312e-06 1.97760083833356e-06
1.939393902631312e-06 1.97760083833356e-06
1.939393902631312e-06 1.97760083833356e-06
1.939393902631312e-06 1.97760083833356e-06
1.939393902631312e-06 1.97760083833356e-06
1.930997883884162e-06 1.9776000429712307e-06
1.930997883884162e-06 1.9776000429712307e-06
1.930997883884162e-06 1.9776000429712307e-06
1.930997883884162e-06 1.9776000429712307e-06
1.930997883884162e-06 1.9776000429712307e-06
1.930997883884162e-06 1.9776000429712307e-06
1.7700203778376784e-06 1.9775757646937277e-06
1.7700203778376784e-06 1.9775757646937277e-06
1.7700203778376784e-06 1.9775757646937277e-06
1.7700203778376784e-06 1.9775757646937277e-06
1.7700203778376784e-06 1.9775757646937277e-06
1.7700203778376784e-06 1.9775757646937277e-06
1.7700203778376784e-06 1.9775757646937277e-06
1.7700203778376784e-06 1.9775757646937277e-06
1.7700203778376784e-06 1.9775757646937277e-06
1.7700203778376784e-06 1.9775757646937277e-06
1.9060739141732207e-06 1.9776008071451196e-06
1.9060739141732207e-06 1.9776008071451196e-06
1.9060739141732207e-06 1.9776008071451196e-06
1.9060739141732207e-06 1.9776008071451196e-06
1.9060739141732207e-06 1.9776008071451196e-06
1.9060739141732207e-06 1.9776008071451196e-06
1.9060739141732207e-06 1.9776008071451196e-06
1.9060739141732207e-06 1.9776008071451196e-06
1.9060739141732207e-06 1.9776008071451196e-06
1.9060739141732207e-06 1.9776008071451196e-06
1.9440866461676047e-06 1.9776042155153544e-06
1.9440866461676047e-06 1.9776042155153544e-06
1.9440866461676047e-06 1.9776042155153544e-06
1.9440866461676047e-06 1.9776042155153544e-06
1.9440866461676047e-06 1.9776042155153544e-06
1.9440866461676047e-06 1.9776042155153544e-06
1.8470725178678253e-06 1.977602575111897e-06
1.8470725178678253e-06 1.977602575111897e-06
1.8470725178678253e-06 1.977602575111897e-06
1.8470725178678253e-06 1.977602575111897e-06
1.8470725178678253e-06 1.977602575111897e-06
1.8470725178678253e-06 1.977602575111897e-06
1.8470725178678253e-06 1.977602575111897e-06
1.8470725178678253e-06 1.977602575111897e-06
1.8470725178678253e-06 1.977602575111897e-06
1.8470725178678253e-06 1.977602575111897e-06
1.8470725178678253e-06 1.977602575111897e-06
1.8400635169820855e-06 1.9776046638332445e-06
1.8400635169820855e-06 1.9776046638332445e-06
1.8400635169820855e-06 1.9776046638332445e-06
1.8400635169820855e-06 1.9776046638332445e-06
1.8400635169820855e-06 1.9776046638332445e-06
1.8400635169820855e-06 1.9776046638332445e-06
1.8400635169820855e-06 1.9776046638332445e-06
1.8400635169820855e-06 1.9776046638332445e-06
1.8400635169820855e-06 1.9776046638332445e-06
1.8400635169820855e-06 1.9776046638332445e-06
1.8400635169820855e-06 1.9776046638332445e-06
1.939393902631312e-06 1.97760083833356e-06
1.939393902631312e-06 1.97760083833356e-06
1.939393902631312e-06 1.97760083833356e-06
1.939393902631312e-06 1.97760083833356e-06
1.939393902631312e-06 1.97760083833356e-06
1.939393902631312e-06 1.97760083833356e-06
1.939393902631312e-06 1.97760083833356e-06
1.939393902631312e-06 1.97760083833356e-06
1.939393902631312e-06 1.97760083833356e-06
1.939393902631312e-06 1.97760083833356e-06
1.7970700803714165e-06 1.977597088812756e-06
1.7970700803714165e-06 1.977597088812756e-06
1.7970700803714165e-06 1.977597088812756e-06
1.7970700803714165e-06 1.977597088812756e-06
1.7970700803714165e-06 1.977597088812756e-06
1.7970700803714165e-06 1.977597088812756e-06
1.7970700803714165e-06 1.977597088812756e-06
1.7970700803714165e-06 1.977597088812756e-06
1.7970700803714165e-06 1.977597088812756e-06
1.7970700803714165e-06 1.977597088812756e-06
1.7970700803714165e-06 1.977597088812756e-06
1.6430386164723321e-06 1.9775928598347293e-06
1.6430386164723321e-06 1.9775928598347293e-06
1.6430386164723321e-06 1.9775928598347293e-06
1.6430386164723321e-06 1.9775928598347293e-06
1.6430386164723321e-06 1.9775928598347293e-06
1.6430386164723321e-06 1.9775928598347293e-06
1.6430386164723321e-06 1.9775928598347293e-06
1.6430386164723321e-06 1.9775928598347293e-06
1.6430386164723321e-06 1.9775928598347293e-06
1.6430386164723321e-06 1.9775928598347293e-06
1.6430386164723321e-06 1.9775928598347293e-06
1.9733134495352323e-06 1.9776033707432063e-06
1.9733134495352323e-06 1.9776033707432063e-06
1.9733134495352323e-06 1.9776033707432063e-06
1.9733134495352323e-06 1.9776033707432063e-06
1.9733134495352323e-06 1.9776033707432063e-06
1.9733134495352323e-06 1.9776033707432063e-06
1.8470725178678253e-06 1.977617580090873e-06
1.8470725178678253e-06 1.977617580090873e-06
1.8470725178678253e-06 1.977617580090873e-06
1.8470725178678253e-06 1.977617580090873e-06
1.8470725178678253e-06 1.977617580090873e-06
1.8470725178678253e-06 1.977617580090873e-06
1.8470725178678253e-06 1.977617580090873e-06
1.8470725178678253e-06 1.977617580090873e-06
1.8470725178678253e-06 1.977617580090873e-06
1.8470725178678253e-06 1.977617580090873e-06
1.8470725178678253e-06 1.977617580090873e-06
1.6180380981571968e-06 1.9776098061175806e-06
1.6180380981571968e-06 1.9776098061175806e-06
1.6180380981571968e-06 1.9776098061175806e-06
1.6180380981571968e-06 1.9776098061175806e-06
1.6180380981571968e-06 1.9776098061175806e-06
1.6180380981571968e-06 1.9776098061175806e-06
1.6180380981571968e-06 1.9776098061175806e-06
1.6180380981571968e-06 1.9776098061175806e-06
1.6180380981571968e-06 1.9776098061175806e-06
1.6180380981571968e-06 1.9776098061175806e-06
1.6180380981571968e-06 1.9776098061175806e-06
1.9733134495352323e-06 1.9776043769608175e-06
1.9733134495352323e-06 1.9776043769608175e-06
1.9733134495352323e-06 1.9776043769608175e-06
1.9733134495352323e-06 1.9776043769608175e-06
1.9733134495352323e-06 1.9776043769608175e-06
1.9733134495352323e-06 1.9776043769608175e-06
1.9889822457908228e-06 1.9775966028543412e-06
1.9889822457908228e-06 1.9775966028543412e-06
1.9889822457908228e-06 1.9775966028543412e-06
1.9889822457908228e-06 1.9775966028543412e-06
1.9889822457908228e-06 1.9775966028543412e-06
1.9889822457908228e-06 1.9775966028543412e-06
1.9889822457908228e-06 1.9775966028543412e-06
1.9889822457908228e-06 1.9775966028543412e-06
1.9889822457908228e-06 1.9775966028543412e-06
1.9889822457908228e-06 1.9775966028543412e-06
1.9889822457908228e-06 1.9776043093410656e-06
1.9889822457908228e-06 1.9776043093410656e-06
1.9889822457908228e-06 1.9776043093410656e-06
1.9889822457908228e-06 1.9776043093410656e-06
1.9889822457908228e-06 1.9776043093410656e-06
1.9889822457908228e-06 1.9776043093410656e-06
1.9889822457908228e-06 1.9776043093410656e-06
1.9889822457908228e-06 1.9776043093410656e-06
1.9889822457908228e-06 1.9776043093410656e-06
1.9889822457908228e-06 1.9776043093410656e-06
1.939393902631312e-06 1.977604037463903e-06
1.939393902631312e-06 1.977604037463903e-06
1.939393902631312e-06 1.977604037463903e-06
1.939393902631312e-06 1.977604037463903e-06
1.939393902631312e-06 1.977604037463903e-06
1.939393902631312e-06 1.977604037463903e-06
1.939393902631312e-06 1.977604037463903e-06
1.939393902631312e-06 1.977604037463903e-06
1.939393902631312e-06 1.977604037463903e-06
1.939393902631312e-06 1.977604037463903e-06
1.9317584213714995e-06 1.9775968434665246e-06
1.9317584213714995e-06 1.9775968434665246e-06
1.9317584213714995e-06 1.9775968434665246e-06
1.9317584213714995e-06 1.9775968434665246e-06
1.9317584213714995e-06 1.9775968434665246e-06
1.9317584213714995e-06 1.9775968434665246e-06
1.9317584213714995e-06 1.9775968434665246e-06
1.9317584213714995e-06 1.9775968434665246e-06
1.9317584213714995e-06 1.9775968434665246e-06
1.9317584213714995e-06 1.9775968434665246e-06
1.8470725178678253e-06 1.977617580090873e-06
1.8470725178678253e-06 1.977617580090873e-06
1.8470725178678253e-06 1.977617580090873e-06
1.8470725178678253e-06 1.977617580090873e-06
1.8470725178678253e-06 1.977617580090873e-06
1.8470725178678253e-06 1.977617580090873e-06
1.8470725178678253e-06 1.977617580090873e-06
1.8470725178678253e-06 1.977617580090873e-06
1.8470725178678253e-06 1.977617580090873e-06
1.8470725178678253e-06 1.977617580090873e-06
1.8470725178678253e-06 1.977617580090873e-06
1.9595335258199842e-06 1.9776010012675786e-06
1.9595335258199842e-06 1.9776010012675786e-06
1.9595335258199842e-06 1.9776010012675786e-06
1.9595335258199842e-06 1.9776010012675786e-06
1.9595335258199842e-06 1.9776010012675786e-06
1.9595335258199842e-06 1.9776010012675786e-06
1.9595335258199842e-06 1.9776025234653174e-06
1.9595335258199842e-06 1.9776025234653174e-06
1.9595335258199842e-06 1.9776025234653174e-06
1.9595335258199842e-06 1.9776025234653174e-06
1.9595335258199842e-06 1.9776025234653174e-06
1.9595335258199842e-06 1.9776025234653174e-06
1.9733134495352323e-06 1.9776043769608175e-06
1.9733134495352323e-06 1.9776043769608175e-06
1.9733134495352323e-06 1.9776043769608175e-06
1.9733134495352323e-06 1.9776043769608175e-06
1.9733134495352323e-06 1.9776043769608175e-06
1.9733134495352323e-06 1.9776043769608175e-06
1.939393902631312e-06 1.977605650277107e-06
1.939393902631312e-06 1.977605650277107e-06
1.939393902631312e-06 1.977605650277107e-06
1.939393902631312e-06 1.977605650277107e-06
1.939393902631312e-06 1.977605650277107e-06
1.939393902631312e-06 1.977605650277107e-06
1.939393902631312e-06 1.977605650277107e-06
1.939393902631312e-06 1.977605650277107e-06
1.939393902631312e-06 1.977605650277107e-06
1.939393902631312e-06 1.977605650277107e-06
1.753007637722984e-06 1.9776188241376984e-06
1.753007637722984e-06 1.9776188241376984e-06
1.753007637722984e-06 1.9776188241376984e-06
1.753007637722984e-06 1.9776188241376984e-06
1.753007637722984e-06 1.9776188241376984e-06
1.753007637722984e-06 1.9776188241376984e-06
1.753007637722984e-06 1.9776188241376984e-06
1.753007637722984e-06 1.9776188241376984e-06
1.753007637722984e-06 1.9776188241376984e-06
1.753007637722984e-06 1.9776188241376984e-06
1.900302338101992e-06 1.9775952903293095e-06
1.900302338101992e-06 1.9775952903293095e-06
1.900302338101992e-06 1.9775952903293095e-06
1.900302338101992e-06 1.9775952903293095e-06
1.900302338101992e-06 1.9775952903293095e-06
1.900302338101992e-06 1.9775952903293095e-06
1.547567466692563e-06 1.977641739810736e-06
1.547567466692563e-06 1.977641739810736e-06
1.547567466692563e-06 1.977641739810736e-06
1.547567466692563e-06 1.977641739810736e-06
1.547567466692563e-06 1.977641739810736e-06
1.547567466692563e-06 1.977641739810736e-06
1.547567466692563e-06 1.977641739810736e-06
1.547567466692563e-06 1.977641739810736e-06
1.547567466692563e-06 1.977641739810736e-06
1.547567466692563e-06 1.977641739810736e-06
1.547567466692563e-06 1.977641739810736e-06
1.9517423101609276e-06 1.977602914559722e-06
1.9517423101609276e-06 1.977602914559722e-06
1.9517423101609276e-06 1.977602914559722e-06
1.9517423101609276e-06 1.977602914559722e-06
1.9517423101609276e-06 1.977602914559722e-06
1.9517423101609276e-06 1.977602914559722e-06
1.9517423101609276e-06 1.977602914559722e-06
1.9517423101609276e-06 1.977602914559722e-06
1.9517423101609276e-06 1.977602914559722e-06
1.9517423101609276e-06 1.977602914559722e-06
1.9517423101609276e-06 1.977602914559722e-06
1.9517423101609276e-06 1.977602914559722e-06
1.9517423101609276e-06 1.977602914559722e-06
1.9517423101609276e-06 1.977602914559722e-06
1.9517423101609276e-06 1.977602914559722e-06
1.9517423101609276e-06 1.977602914559722e-06
1.9517423101609276e-06 1.977602914559722e-06
1.9517423101609276e-06 1.977602914559722e-06
1.9517423101609276e-06 1.977602914559722e-06
1.9517423101609276e-06 1.977602914559722e-06
1.9517423101609276e-06 1.977602914559722e-06
1.9517423101609276e-06 1.977602914559722e-06
1.9517423101609276e-06 1.977602914559722e-06
1.9517423101609276e-06 1.977602914559722e-06
1.911753479163552e-06 1.9775952903293095e-06
1.911753479163552e-06 1.9775952903293095e-06
1.911753479163552e-06 1.9775952903293095e-06
1.911753479163552e-06 1.9775952903293095e-06
1.911753479163552e-06 1.9775952903293095e-06
1.911753479163552e-06 1.9775952903293095e-06
1.9889822457908228e-06 1.9775966028543412e-06
1.9889822457908228e-06 1.9775966028543412e-06
1.9889822457908228e-06 1.9775966028543412e-06
1.9889822457908228e-06 1.9775966028543412e-06
1.9889822457908228e-06 1.9775966028543412e-06
1.9889822457908228e-06 1.9775966028543412e-06
1.9889822457908228e-06 1.9775966028543412e-06
1.9889822457908228e-06 1.9775966028543412e-06
1.9889822457908228e-06 1.9775966028543412e-06
1.9889822457908228e-06 1.9775966028543412e-06
1.9588566051934496e-06 1.977603599161491e-06
1.9588566051934496e-06 1.977603599161491e-06
1.9588566051934496e-06 1.977603599161491e-06
1.9588566051934496e-06 1.977603599161491e-06
1.9588566051934496e-06 1.977603599161491e-06
1.9588566051934496e-06 1.977603599161491e-06
1.8673838603175596e-06 1.9775876090894265e-06
1.8673838603175596e-06 1.9775876090894265e-06
1.8673838603175596e-06 1.9775876090894265e-06
1.8673838603175596e-06 1.9775876090894265e-06
1.8673838603175596e-06 1.9775876090894265e-06
1.8673838603175596e-06 1.9775876090894265e-06
1.8515111009792933e-06 1.9776056349885093e-06
1.8515111009792933e-06 1.9776056349885093e-06
1.8515111009792933e-06 1.9776056349885093e-06
1.8515111009792933e-06 1.9776056349885093e-06
1.8515111009792933e-06 1.9776056349885093e-06
1.8515111009792933e-06 1.9776056349885093e-06
1.8515111009792933e-06 1.9776056349885093e-06
1.8515111009792933e-06 1.9776056349885093e-06
1.8515111009792933e-06 1.9776056349885093e-06
1.8515111009792933e-06 1.9776056349885093e-06
1.8515111009792933e-06 1.9776056349885093e-06
1.8515111009792933e-06 1.9776056349885093e-06
1.8515111009792933e-06 1.9776056349885093e-06
1.8515111009792933e-06 1.9776056349885093e-06
1.8515111009792933e-06 1.9776056349885093e-06
1.8515111009792933e-06 1.9776056349885093e-06
1.8515111009792933e-06 1.9776056349885093e-06
1.8515111009792933e-06 1.9776056349885093e-06
1.8515111009792933e-06 1.9776056349885093e-06
1.8515111009792933e-06 1.9776056349885093e-06
1.8515111009792933e-06 1.9776056349885093e-06
1.8515111009792933e-06 1.9776056349885093e-06
1.8515111009792933e-06 1.9776056349885093e-06
1.8515111009792933e-06 1.9776056349885093e-06
1.8515111009792933e-06 1.9776056349885093e-06
1.8515111009792933e-06 1.9776056349885093e-06
1.8515111009792933e-06 1.9776056349885093e-06
1.8515111009792933e-06 1.9776056349885093e-06
1.8515111009792933e-06 1.9776056349885093e-06
1.8515111009792933e-06 1.9776056349885093e-06
1.8515111009792933e-06 1.9776056349885093e-06
1.8515111009792933e-06 1.9776056349885093e-06
1.8515111009792933e-06 1.9776056349885093e-06
1.8515111009792933e-06 1.9776056349885093e-06
1.8515111009792933e-06 1.9776056349885093e-06
1.8515111009792933e-06 1.9776056349885093e-06
1.8515111009792933e-06 1.9776056349885093e-06
1.8515111009792933e-06 1.9776056349885093e-06
1.8515111009792933e-06 1.9776056349885093e-06
1.8515111009792933e-06 1.9776056349885093e-06
1.7438292122861822e-06 1.977513574898246e-06
1.7438292122861822e-06 1.977513574898246e-06
1.7438292122861822e-06 1.977513574898246e-06
1.7438292122861822e-06 1.977513574898246e-06
1.7438292122861822e-06 1.977513574898246e-06
1.7438292122861822e-06 1.977513574898246e-06
1.7438292122861822e-06 1.977513574898246e-06
1.7438292122861822e-06 1.977513574898246e-06
1.7438292122861822e-06 1.977513574898246e-06
1.7438292122861822e-06 1.977513574898246e-06
1.7438292122861822e-06 1.977513574898246e-06
1.9733134495352323e-06 1.9776043769608175e-06
1.9733134495352323e-06 1.9776043769608175e-06
1.9733134495352323e-06 1.9776043769608175e-06
1.9733134495352323e-06 1.9776043769608175e-06
1.9733134495352323e-06 1.9776043769608175e-06
1.9733134495352323e-06 1.9776043769608175e-06
1.993500331327902e-06 1.977606930629849e-06
1.993500331327902e-06 1.977606930629849e-06
1.993500331327902e-06 1.977606930629849e-06
1.993500331327902e-06 1.977606930629849e-06
1.993500331327902e-06 1.977606930629849e-06
1.993500331327902e-06 1.977606930629849e-06
1.7486663130497123e-06 1.977608933226281e-06
1.7486663130497123e-06 1.977608933226281e-06
1.7486663130497123e-06 1.977608933226281e-06
1.7486663130497123e-06 1.977608933226281e-06
1.7486663130497123e-06 1.977608933226281e-06
1.7486663130497123e-06 1.977608933226281e-06
1.7486663130497123e-06 1.977608933226281e-06
1.7486663130497123e-06 1.977608933226281e-06
1.7486663130497123e-06 1.977608933226281e-06
1.7486663130497123e-06 1.977608933226281e-06
1.8470725178678253e-06 1.977602575111897e-06
1.8470725178678253e-06 1.977602575111897e-06
1.8470725178678253e-06 1.977602575111897e-06
1.8470725178678253e-06 1.977602575111897e-06
1.8470725178678253e-06 1.977602575111897e-06
1.8470725178678253e-06 1.977602575111897e-06
1.8470725178678253e-06 1.977602575111897e-06
1.8470725178678253e-06 1.977602575111897e-06
1.8470725178678253e-06 1.977602575111897e-06
1.8470725178678253e-06 1.977602575111897e-06
1.8470725178678253e-06 1.977602575111897e-06
1.7438292122861822e-06 1.977553547917589e-06
1.7438292122861822e-06 1.977553547917589e-06
1.7438292122861822e-06 1.977553547917589e-06
1.7438292122861822e-06 1.977553547917589e-06
1.7438292122861822e-06 1.977553547917589e-06
1.7438292122861822e-06 1.977553547917589e-06
1.7438292122861822e-06 1.977553547917589e-06
1.7438292122861822e-06 1.977553547917589e-06
1.7438292122861822e-06 1.977553547917589e-06
1.7438292122861822e-06 1.977553547917589e-06
1.7438292122861822e-06 1.977553547917589e-06
1.8983056111605435e-06 1.9775996330572643e-06
1.8983056111605435e-06 1.9775996330572643e-06
1.8983056111605435e-06 1.9775996330572643e-06
1.8983056111605435e-06 1.9775996330572643e-06
1.8983056111605435e-06 1.9775996330572643e-06
1.8983056111605435e-06 1.9775996330572643e-06
1.8017716164377183e-06 1.977605467763555e-06
1.8017716164377183e-06 1.977605467763555e-06
1.8017716164377183e-06 1.977605467763555e-06
1.8017716164377183e-06 1.977605467763555e-06
1.8017716164377183e-06 1.977605467763555e-06
1.8017716164377183e-06 1.977605467763555e-06
1.8017716164377183e-06 1.977605467763555e-06
1.8017716164377183e-06 1.977605467763555e-06
1.8017716164377183e-06 1.977605467763555e-06
1.8017716164377183e-06 1.977605467763555e-06
1.9016649687041039e-06 1.977600340111744e-06
1.9016649687041039e-06 1.977600340111744e-06
1.9016649687041039e-06 1.977600340111744e-06
1.9016649687041039e-06 1.977600340111744e-06
1.9016649687041039e-06 1.977600340111744e-06
1.9016649687041039e-06 1.977600340111744e-06
1.9016649687041039e-06 1.977600340111744e-06
1.9016649687041039e-06 1.977600340111744e-06
1.9016649687041039e-06 1.977600340111744e-06
1.9016649687041039e-06 1.977600340111744e-06
1.9595335258199842e-06 1.9776025234653174e-06
1.9595335258199842e-06 1.9776025234653174e-06
1.9595335258199842e-06 1.9776025234653174e-06
1.9595335258199842e-06 1.9776025234653174e-06
1.9595335258199842e-06 1.9776025234653174e-06
1.9595335258199842e-06 1.9776025234653174e-06
1.7691357048176327e-06 1.9776083901745617e-06
1.7691357048176327e-06 1.9776083901745617e-06
1.7691357048176327e-06 1.9776083901745617e-06
1.7691357048176327e-06 1.9776083901745617e-06
1.7691357048176327e-06 1.9776083901745617e-06
1.7691357048176327e-06 1.9776083901745617e-06
1.7691357048176327e-06 1.9776083901745617e-06
1.7691357048176327e-06 1.9776083901745617e-06
1.7691357048176327e-06 1.9776083901745617e-06
1.7691357048176327e-06 1.9776083901745617e-06
1.7691357048176327e-06 1.9776083901745617e-06
1.7594133072994917e-06 1.9776211749412004e-06
1.7594133072994917e-06 1.9776211749412004e-06
1.7594133072994917e-06 1.9776211749412004e-06
1.7594133072994917e-06 1.9776211749412004e-06
1.7594133072994917e-06 1.9776211749412004e-06
1.7594133072994917e-06 1.9776211749412004e-06
1.7594133072994917e-06 1.9776211749412004e-06
1.7594133072994917e-06 1.9776211749412004e-06
1.7594133072994917e-06 1.9776211749412004e-06
1.7594133072994917e-06 1.9776211749412004e-06
1.8823676260110498e-06 1.977633733368935e-06
1.8823676260110498e-06 1.977633733368935e-06
1.8823676260110498e-06 1.977633733368935e-06
1.8823676260110498e-06 1.977633733368935e-06
1.8823676260110498e-06 1.977633733368935e-06
1.8823676260110498e-06 1.977633733368935e-06
1.8823676260110498e-06 1.977633733368935e-06
1.8823676260110498e-06 1.977633733368935e-06
1.8823676260110498e-06 1.977633733368935e-06
1.8823676260110498e-06 1.977633733368935e-06
1.5775332846737628e-06 1.977617907080825e-06
1.5775332846737628e-06 1.977617907080825e-06
1.5775332846737628e-06 1.977617907080825e-06
1.5775332846737628e-06 1.977617907080825e-06
1.5775332846737628e-06 1.977617907080825e-06
1.5775332846737628e-06 1.977617907080825e-06
1.5775332846737628e-06 1.977617907080825e-06
1.5775332846737628e-06 1.977617907080825e-06
1.5775332846737628e-06 1.977617907080825e-06
1.5775332846737628e-06 1.977617907080825e-06
1.5775332846737628e-06 1.977617907080825e-06
1.91226768145963e-06 1.977597414720821e-06
1.91226768145963e-06 1.977597414720821e-06
1.91226768145963e-06 1.977597414720821e-06
1.91226768145963e-06 1.977597414720821e-06
1.91226768145963e-06 1.977597414720821e-06
1.91226768145963e-06 1.977597414720821e-06
1.8823676260110498e-06 1.9776327442442416e-06
1.8823676260110498e-06 1.9776327442442416e-06
1.8823676260110498e-06 1.9776327442442416e-06
1.8823676260110498e-06 1.9776327442442416e-06
1.8823676260110498e-06 1.9776327442442416e-06
1.8823676260110498e-06 1.9776327442442416e-06
1.8823676260110498e-06 1.9776327442442416e-06
1.8823676260110498e-06 1.9776327442442416e-06
1.8823676260110498e-06 1.9776327442442416e-06
1.8823676260110498e-06 1.9776327442442416e-06
1.9403237936449234e-06 1.9775999905094587e-06
1.9403237936449234e-06 1.9775999905094587e-06
1.9403237936449234e-06 1.9775999905094587e-06
1.9403237936449234e-06 1.9775999905094587e-06
1.9403237936449234e-06 1.9775999905094587e-06
1.9403237936449234e-06 1.9775999905094587e-06
1.7989507751803313e-06 1.977608771731938e-06
1.7989507751803313e-06 1.977608771731938e-06
1.7989507751803313e-06 1.977608771731938e-06
1.7989507751803313e-06 1.977608771731938e-06
1.7989507751803313e-06 1.977608771731938e-06
1.7989507751803313e-06 1.977608771731938e-06
1.7989507751803313e-06 1.977608771731938e-06
1.7989507751803313e-06 1.977608771731938e-06
1.7989507751803313e-06 1.977608771731938e-06
1.7989507751803313e-06 1.977608771731938e-06
1.7989507751803313e-06 1.977608771731938e-06
1.9733134495352323e-06 1.9776043769608175e-06
1.9733134495352323e-06 1.9776043769608175e-06
1.9733134495352323e-06 1.9776043769608175e-06
1.9733134495352323e-06 1.9776043769608175e-06
1.9733134495352323e-06 1.9776043769608175e-06
1.9733134495352323e-06 1.9776043769608175e-06
1.943642631995513e-06 1.9776020178563943e-06
1.943642631995513e-06 1.9776020178563943e-06
1.943642631995513e-06 1.9776020178563943e-06
1.943642631995513e-06 1.9776020178563943e-06
1.943642631995513e-06 1.9776020178563943e-06
1.943642631995513e-06 1.9776020178563943e-06
1.8352321355744482e-06 1.9776066673706464e-06
1.8352321355744482e-06 1.9776066673706464e-06
1.8352321355744482e-06 1.9776066673706464e-06
1.8352321355744482e-06 1.9776066673706464e-06
1.8352321355744482e-06 1.9776066673706464e-06
1.8352321355744482e-06 1.9776066673706464e-06
1.8352321355744482e-06 1.9776066673706464e-06
1.8352321355744482e-06 1.9776066673706464e-06
1.8352321355744482e-06 1.9776066673706464e-06
1.8352321355744482e-06 1.9776066673706464e-06
1.8352321355744482e-06 1.9776066673706464e-06
1.8470725178678253e-06 1.977617580090873e-06
1.8470725178678253e-06 1.977617580090873e-06
1.8470725178678253e-06 1.977617580090873e-06
1.8470725178678253e-06 1.977617580090873e-06
1.8470725178678253e-06 1.977617580090873e-06
1.8470725178678253e-06 1.977617580090873e-06
1.8470725178678253e-06 1.977617580090873e-06
1.8470725178678253e-06 1.977617580090873e-06
1.8470725178678253e-06 1.977617580090873e-06
1.8470725178678253e-06 1.977617580090873e-06
1.8470725178678253e-06 1.977617580090873e-06
1.921806718545928e-06 1.977599495702277e-06
1.921806718545928e-06 1.977599495702277e-06
1.921806718545928e-06 1.977599495702277e-06
1.921806718545928e-06 1.977599495702277e-06
1.921806718545928e-06 1.977599495702277e-06
1.921806718545928e-06 1.977599495702277e-06
1.8470725178678253e-06 1.977617580090873e-06
1.8470725178678253e-06 1.977617580090873e-06
1.8470725178678253e-06 1.977617580090873e-06
1.8470725178678253e-06 1.977617580090873e-06
1.8470725178678253e-06 1.977617580090873e-06
1.8470725178678253e-06 1.977617580090873e-06
1.8470725178678253e-06 1.977617580090873e-06
1.8470725178678253e-06 1.977617580090873e-06
1.8470725178678253e-06 1.977617580090873e-06
1.8470725178678253e-06 1.977617580090873e-06
1.8470725178678253e-06 1.977617580090873e-06
1.9394180651853933e-06 1.9775694009916103e-06
1.9394180651853933e-06 1.9775694009916103e-06
1.9394180651853933e-06 1.9775694009916103e-06
1.9394180651853933e-06 1.9775694009916103e-06
1.9394180651853933e-06 1.9775694009916103e-06
1.9394180651853933e-06 1.9775694009916103e-06
1.941059366438551e-06 1.9776027501927685e-06
1.941059366438551e-06 1.9776027501927685e-06
1.941059366438551e-06 1.9776027501927685e-06
1.941059366438551e-06 1.9776027501927685e-06
1.941059366438551e-06 1.9776027501927685e-06
1.941059366438551e-06 1.9776027501927685e-06
2.0123951421090508e-06 1.977602551716265e-06
2.0123951421090508e-06 1.977602551716265e-06
2.0123951421090508e-06 1.977602551716265e-06
2.0123951421090508e-06 1.977602551716265e-06
2.0123951421090508e-06 1.977602551716265e-06
2.0123951421090508e-06 1.977602551716265e-06
1.9889822457908228e-06 1.9776043093410656e-06
1.9889822457908228e-06 1.9776043093410656e-06
1.9889822457908228e-06 1.9776043093410656e-06
1.9889822457908228e-06 1.9776043093410656e-06
1.9889822457908228e-06 1.9776043093410656e-06
1.9889822457908228e-06 1.9776043093410656e-06
1.9889822457908228e-06 1.9776043093410656e-06
1.9889822457908228e-06 1.9776043093410656e-06
1.9889822457908228e-06 1.9776043093410656e-06
1.9889822457908228e-06 1.9776043093410656e-06
1.9540038141498536e-06 1.977599657975055e-06
1.9540038141498536e-06 1.977599657975055e-06
1.9540038141498536e-06 1.977599657975055e-06
1.9540038141498536e-06 1.977599657975055e-06
1.9540038141498536e-06 1.977599657975055e-06
1.9540038141498536e-06 1.977599657975055e-06
1.9540038141498536e-06 1.977599657975055e-06
1.9540038141498536e-06 1.977599657975055e-06
1.9540038141498536e-06 1.977599657975055e-06
1.9540038141498536e-06 1.977599657975055e-06
1.9540038141498536e-06 1.977599657975055e-06
1.9540038141498536e-06 1.977599657975055e-06
1.9540038141498536e-06 1.977599657975055e-06
1.9540038141498536e-06 1.977599657975055e-06
1.9540038141498536e-06 1.977599657975055e-06
1.9540038141498536e-06 1.977599657975055e-06
1.9540038141498536e-06 1.977599657975055e-06
1.9540038141498536e-06 1.977599657975055e-06
1.9540038141498536e-06 1.977599657975055e-06
1.9540038141498536e-06 1.977599657975055e-06
1.9540038141498536e-06 1.977599657975055e-06
1.9540038141498536e-06 1.977599657975055e-06
1.9540038141498536e-06 1.977599657975055e-06
1.9540038141498536e-06 1.977599657975055e-06
1.9540038141498536e-06 1.977599657975055e-06
1.9540038141498536e-06 1.977599657975055e-06
1.9540038141498536e-06 1.977599657975055e-06
1.9540038141498536e-06 1.977599657975055e-06
1.9540038141498536e-06 1.977599657975055e-06
1.9540038141498536e-06 1.977599657975055e-06
1.9540038141498536e-06 1.977599657975055e-06
1.9540038141498536e-06 1.977599657975055e-06
1.9540038141498536e-06 1.977599657975055e-06
1.9540038141498536e-06 1.977599657975055e-06
1.9540038141498536e-06 1.977599657975055e-06
1.9540038141498536e-06 1.977599657975055e-06
1.9540038141498536e-06 1.977599657975055e-06
1.9540038141498536e-06 1.977599657975055e-06
1.9540038141498536e-06 1.977599657975055e-06
1.9540038141498536e-06 1.977599657975055e-06
1.9540038141498536e-06 1.977599657975055e-06
1.9540038141498536e-06 1.977599657975055e-06
1.9540038141498536e-06 1.977599657975055e-06
1.9540038141498536e-06 1.977599657975055e-06
1.9540038141498536e-06 1.977599657975055e-06
1.9540038141498536e-06 1.977599657975055e-06
1.9540038141498536e-06 1.977599657975055e-06
1.9540038141498536e-06 1.977599657975055e-06
1.9540038141498536e-06 1.977599657975055e-06
1.9540038141498536e-06 1.977599657975055e-06
1.9540038141498536e-06 1.977599657975055e-06
1.9540038141498536e-06 1.977599657975055e-06
1.9540038141498536e-06 1.977599657975055e-06
1.9540038141498536e-06 1.977599657975055e-06
1.9540038141498536e-06 1.977599657975055e-06
1.9540038141498536e-06 1.977599657975055e-06
1.9540038141498536e-06 1.977599657975055e-06
1.9540038141498536e-06 1.977599657975055e-06
1.9540038141498536e-06 1.977599657975055e-06
1.9540038141498536e-06 1.977599657975055e-06
1.9540038141498536e-06 1.977599657975055e-06
1.9540038141498536e-06 1.977599657975055e-06
1.9540038141498536e-06 1.977599657975055e-06
1.9540038141498536e-06 1.977599657975055e-06
1.9540038141498536e-06 1.977599657975055e-06
1.9540038141498536e-06 1.977599657975055e-06
1.9733134495352323e-06 1.9776033707432063e-06
1.9733134495352323e-06 1.9776033707432063e-06
1.9733134495352323e-06 1.9776033707432063e-06
1.9733134495352323e-06 1.9776033707432063e-06
1.9733134495352323e-06 1.9776033707432063e-06
1.9733134495352323e-06 1.9776033707432063e-06
1.6319816099754788e-06 1.9776605351507636e-06
1.6319816099754788e-06 1.9776605351507636e-06
1.6319816099754788e-06 1.9776605351507636e-06
1.6319816099754788e-06 1.9776605351507636e-06
1.6319816099754788e-06 1.9776605351507636e-06
1.6319816099754788e-06 1.9776605351507636e-06
1.6319816099754788e-06 1.9776605351507636e-06
1.6319816099754788e-06 1.9776605351507636e-06
1.6319816099754788e-06 1.9776605351507636e-06
1.6319816099754788e-06 1.9776605351507636e-06
1.6319816099754788e-06 1.9776605351507636e-06
1.9595335258199842e-06 1.977600647679828e-06
1.9595335258199842e-06 1.977600647679828e-06
1.9595335258199842e-06 1.977600647679828e-06
1.9595335258199842e-06 1.977600647679828e-06
1.9595335258199842e-06 1.977600647679828e-06
1.9595335258199842e-06 1.977600647679828e-06
1.5610397068650068e-06 1.977563343916728e-06
1.5610397068650068e-06 1.977563343916728e-06
1.5610397068650068e-06 1.977563343916728e-06
1.5610397068650068e-06 1.977563343916728e-06
1.5610397068650068e-06 1.977563343916728e-06
1.5610397068650068e-06 1.977563343916728e-06
1.5610397068650068e-06 1.977563343916728e-06
1.5610397068650068e-06 1.977563343916728e-06
1.5610397068650068e-06 1.977563343916728e-06
1.5610397068650068e-06 1.977563343916728e-06
1.5610397068650068e-06 1.977563343916728e-06
1.6621194558860177e-06 1.9776383922241747e-06
1.6621194558860177e-06 1.9776383922241747e-06
1.6621194558860177e-06 1.9776383922241747e-06
1.6621194558860177e-06 1.9776383922241747e-06
1.6621194558860177e-06 1.9776383922241747e-06
1.6621194558860177e-06 1.9776383922241747e-06
1.6621194558860177e-06 1.9776383922241747e-06
1.6621194558860177e-06 1.9776383922241747e-06
1.6621194558860177e-06 1.9776383922241747e-06
1.6621194558860177e-06 1.9776383922241747e-06
1.6621194558860177e-06 1.9776383922241747e-06
1.9440866461676047e-06 1.9775883332294653e-06
1.9440866461676047e-06 1.9775883332294653e-06
1.9440866461676047e-06 1.9775883332294653e-06
1.9440866461676047e-06 1.9775883332294653e-06
1.9440866461676047e-06 1.9775883332294653e-06
1.9440866461676047e-06 1.9775883332294653e-06
1.7853492409812137e-06 1.9776013204812295e-06
1.7853492409812137e-06 1.9776013204812295e-06
1.7853492409812137e-06 1.9776013204812295e-06
1.7853492409812137e-06 1.9776013204812295e-06
1.7853492409812137e-06 1.9776013204812295e-06
1.7853492409812137e-06 1.9776013204812295e-06
1.7853492409812137e-06 1.9776013204812295e-06
1.7853492409812137e-06 1.9776013204812295e-06
1.7853492409812137e-06 1.9776013204812295e-06
1.7853492409812137e-06 1.9776013204812295e-06
1.7853492409812137e-06 1.9776013204812295e-06
1.7656695179653477e-06 1.977586620265111e-06
1.7656695179653477e-06 1.977586620265111e-06
1.7656695179653477e-06 1.977586620265111e-06
1.7656695179653477e-06 1.977586620265111e-06
1.7656695179653477e-06 1.977586620265111e-06
1.7656695179653477e-06 1.977586620265111e-06
1.7656695179653477e-06 1.977586620265111e-06
1.7656695179653477e-06 1.977586620265111e-06
1.7656695179653477e-06 1.977586620265111e-06
1.7656695179653477e-06 1.977586620265111e-06
1.760846215531129e-06 1.977582345799466e-06
1.760846215531129e-06 1.977582345799466e-06
1.760846215531129e-06 1.977582345799466e-06
1.760846215531129e-06 1.977582345799466e-06
1.760846215531129e-06 1.977582345799466e-06
1.760846215531129e-06 1.977582345799466e-06
1.760846215531129e-06 1.977582345799466e-06
1.760846215531129e-06 1.977582345799466e-06
1.760846215531129e-06 1.977582345799466e-06
1.760846215531129e-06 1.977582345799466e-06
1.760846215531129e-06 1.977582345799466e-06
1.760846215531129e-06 1.977582345799466e-06
1.760846215531129e-06 1.977582345799466e-06
1.760846215531129e-06 1.977582345799466e-06
1.760846215531129e-06 1.977582345799466e-06
1.760846215531129e-06 1.977582345799466e-06
1.760846215531129e-06 1.977582345799466e-06
1.760846215531129e-06 1.977582345799466e-06
1.760846215531129e-06 1.977582345799466e-06
1.760846215531129e-06 1.977582345799466e-06
1.760846215531129e-06 1.977582345799466e-06
1.760846215531129e-06 1.977582345799466e-06
1.760846215531129e-06 1.977582345799466e-06
1.760846215531129e-06 1.977582345799466e-06
1.760846215531129e-06 1.977582345799466e-06
1.760846215531129e-06 1.977582345799466e-06
1.760846215531129e-06 1.977582345799466e-06
1.760846215531129e-06 1.977582345799466e-06
1.760846215531129e-06 1.977582345799466e-06
1.760846215531129e-06 1.977582345799466e-06
1.760846215531129e-06 1.977582345799466e-06
1.760846215531129e-06 1.977582345799466e-06
1.760846215531129e-06 1.977582345799466e-06
1.760846215531129e-06 1.977582345799466e-06
1.760846215531129e-06 1.977582345799466e-06
1.760846215531129e-06 1.977582345799466e-06
1.760846215531129e-06 1.977582345799466e-06
1.760846215531129e-06 1.977582345799466e-06
1.760846215531129e-06 1.977582345799466e-06
1.760846215531129e-06 1.977582345799466e-06
1.760846215531129e-06 1.977582345799466e-06
1.760846215531129e-06 1.977582345799466e-06
1.760846215531129e-06 1.977582345799466e-06
1.760846215531129e-06 1.977582345799466e-06
1.4515384658631675e-06 1.9775211071718966e-06
1.4515384658631675e-06 1.9775211071718966e-06
1.4515384658631675e-06 1.9775211071718966e-06
1.4515384658631675e-06 1.9775211071718966e-06
1.4515384658631675e-06 1.9775211071718966e-06
1.4515384658631675e-06 1.9775211071718966e-06
1.4515384658631675e-06 1.9775211071718966e-06
1.4515384658631675e-06 1.9775211071718966e-06
1.4515384658631675e-06 1.9775211071718966e-06
1.4515384658631675e-06 1.9775211071718966e-06
1.4515384658631675e-06 1.9775211071718966e-06
1.629773377268356e-06 1.9774718518919356e-06
1.629773377268356e-06 1.9774718518919356e-06
1.629773377268356e-06 1.9774718518919356e-06
1.629773377268356e-06 1.9774718518919356e-06
1.629773377268356e-06 1.9774718518919356e-06
1.629773377268356e-06 1.9774718518919356e-06
1.629773377268356e-06 1.9774718518919356e-06
1.629773377268356e-06 1.9774718518919356e-06
1.629773377268356e-06 1.9774718518919356e-06
1.629773377268356e-06 1.9774718518919356e-06
1.629773377268356e-06 1.9774718518919356e-06
1.910464359728064e-06 1.977571165149248e-06
1.910464359728064e-06 1.977571165149248e-06
1.910464359728064e-06 1.977571165149248e-06
1.910464359728064e-06 1.977571165149248e-06
1.910464359728064e-06 1.977571165149248e-06
1.910464359728064e-06 1.977571165149248e-06
1.489879153495132e-06 1.977743766884306e-06
1.489879153495132e-06 1.977743766884306e-06
1.489879153495132e-06 1.977743766884306e-06
1.489879153495132e-06 1.977743766884306e-06
1.489879153495132e-06 1.977743766884306e-06
1.489879153495132e-06 1.977743766884306e-06
1.489879153495132e-06 1.977743766884306e-06
1.489879153495132e-06 1.977743766884306e-06
1.489879153495132e-06 1.977743766884306e-06
1.489879153495132e-06 1.977743766884306e-06
1.489879153495132e-06 1.977743766884306e-06
1.8739553649423712e-06 1.9775940692448454e-06
1.8739553649423712e-06 1.9775940692448454e-06
1.8739553649423712e-06 1.9775940692448454e-06
1.8739553649423712e-06 1.9775940692448454e-06
1.8739553649423712e-06 1.9775940692448454e-06
1.8739553649423712e-06 1.9775940692448454e-06
1.8739553649423712e-06 1.9775940692448454e-06
1.8739553649423712e-06 1.9775940692448454e-06
1.8739553649423712e-06 1.9775940692448454e-06
1.8739553649423712e-06 1.9775940692448454e-06
1.9388222902974476e-06 1.977600874756389e-06
1.9388222902974476e-06 1.977600874756389e-06
1.9388222902974476e-06 1.977600874756389e-06
1.9388222902974476e-06 1.977600874756389e-06
1.9388222902974476e-06 1.977600874756389e-06
1.9388222902974476e-06 1.977600874756389e-06
1.792121211700342e-06 1.9776016578652775e-06
1.792121211700342e-06 1.9776016578652775e-06
1.792121211700342e-06 1.9776016578652775e-06
1.792121211700342e-06 1.9776016578652775e-06
1.792121211700342e-06 1.9776016578652775e-06
1.792121211700342e-06 1.9776016578652775e-06
1.792121211700342e-06 1.9776016578652775e-06
1.792121211700342e-06 1.9776016578652775e-06
1.792121211700342e-06 1.9776016578652775e-06
1.792121211700342e-06 1.9776016578652775e-06
1.792121211700342e-06 1.9776016578652775e-06
1.8400635169820855e-06 1.9775960575186932e-06
1.8400635169820855e-06 1.9775960575186932e-06
1.8400635169820855e-06 1.9775960575186932e-06
1.8400635169820855e-06 1.9775960575186932e-06
1.8400635169820855e-06 1.9775960575186932e-06
1.8400635169820855e-06 1.9775960575186932e-06
1.8400635169820855e-06 1.9775960575186932e-06
1.8400635169820855e-06 1.9775960575186932e-06
1.8400635169820855e-06 1.9775960575186932e-06
1.8400635169820855e-06 1.9775960575186932e-06
1.8400635169820855e-06 1.9775960575186932e-06
1.8331809164127874e-06 1.9776129853172697e-06
1.8331809164127874e-06 1.9776129853172697e-06
1.8331809164127874e-06 1.9776129853172697e-06
1.8331809164127874e-06 1.9776129853172697e-06
1.8331809164127874e-06 1.9776129853172697e-06
1.8331809164127874e-06 1.9776129853172697e-06
1.8331809164127874e-06 1.9776129853172697e-06
1.8331809164127874e-06 1.9776129853172697e-06
1.8331809164127874e-06 1.9776129853172697e-06
1.8331809164127874e-06 1.9776129853172697e-06
1.8331809164127874e-06 1.9776129853172697e-06
1.9733134495352323e-06 1.9776043769608175e-06
1.9733134495352323e-06 1.9776043769608175e-06
1.9733134495352323e-06 1.9776043769608175e-06
1.9733134495352323e-06 1.9776043769608175e-06
1.9733134495352323e-06 1.9776043769608175e-06
1.9733134495352323e-06 1.9776043769608175e-06
1.939393902631312e-06 1.977599625597188e-06
1.939393902631312e-06 1.977599625597188e-06
1.939393902631312e-06 1.977599625597188e-06
1.939393902631312e-06 1.977599625597188e-06
1.939393902631312e-06 1.977599625597188e-06
1.939393902631312e-06 1.977599625597188e-06
1.939393902631312e-06 1.977599625597188e-06
1.939393902631312e-06 1.977599625597188e-06
1.939393902631312e-06 1.977599625597188e-06
1.939393902631312e-06 1.977599625597188e-06
1.8505005338107128e-06 1.977590455808114e-06
1.8505005338107128e-06 1.977590455808114e-06
1.8505005338107128e-06 1.977590455808114e-06
1.8505005338107128e-06 1.977590455808114e-06
1.8505005338107128e-06 1.977590455808114e-06
1.8505005338107128e-06 1.977590455808114e-06
1.8505005338107128e-06 1.977590455808114e-06
1.8505005338107128e-06 1.977590455808114e-06
1.8505005338107128e-06 1.977590455808114e-06
1.8505005338107128e-06 1.977590455808114e-06
1.8505005338107128e-06 1.977590455808114e-06
1.8505005338107128e-06 1.977590455808114e-06
1.8505005338107128e-06 1.977590455808114e-06
1.8505005338107128e-06 1.977590455808114e-06
1.8505005338107128e-06 1.977590455808114e-06
1.8505005338107128e-06 1.977590455808114e-06
1.8505005338107128e-06 1.977590455808114e-06
1.8505005338107128e-06 1.977590455808114e-06
1.8505005338107128e-06 1.977590455808114e-06
1.8505005338107128e-06 1.977590455808114e-06
1.8505005338107128e-06 1.977590455808114e-06
1.8505005338107128e-06 1.977590455808114e-06
1.8505005338107128e-06 1.977590455808114e-06
1.8505005338107128e-06 1.977590455808114e-06
1.8505005338107128e-06 1.977590455808114e-06
1.8505005338107128e-06 1.977590455808114e-06
1.8505005338107128e-06 1.977590455808114e-06
1.8505005338107128e-06 1.977590455808114e-06
1.8505005338107128e-06 1.977590455808114e-06
1.8505005338107128e-06 1.977590455808114e-06
1.8505005338107128e-06 1.977590455808114e-06
1.8505005338107128e-06 1.977590455808114e-06
1.8505005338107128e-06 1.977590455808114e-06
1.8505005338107128e-06 1.977590455808114e-06
1.8505005338107128e-06 1.977590455808114e-06
1.8505005338107128e-06 1.977590455808114e-06
1.8505005338107128e-06 1.977590455808114e-06
1.8505005338107128e-06 1.977590455808114e-06
1.8505005338107128e-06 1.977590455808114e-06
1.8505005338107128e-06 1.977590455808114e-06
1.8505005338107128e-06 1.977590455808114e-06
1.8505005338107128e-06 1.977590455808114e-06
1.8505005338107128e-06 1.977590455808114e-06
1.8505005338107128e-06 1.977590455808114e-06
1.8505005338107128e-06 1.977590455808114e-06
1.8505005338107128e-06 1.977590455808114e-06
1.8505005338107128e-06 1.977590455808114e-06
1.8505005338107128e-06 1.977590455808114e-06
1.8505005338107128e-06 1.977590455808114e-06
1.8505005338107128e-06 1.977590455808114e-06
1.8505005338107128e-06 1.977590455808114e-06
1.8505005338107128e-06 1.977590455808114e-06
1.8505005338107128e-06 1.977590455808114e-06
1.8505005338107128e-06 1.977590455808114e-06
1.8505005338107128e-06 1.977590455808114e-06
1.8505005338107128e-06 1.977590455808114e-06
1.8505005338107128e-06 1.977590455808114e-06
1.8505005338107128e-06 1.977590455808114e-06
1.8505005338107128e-06 1.977590455808114e-06
1.8505005338107128e-06 1.977590455808114e-06
1.8505005338107128e-06 1.977590455808114e-06
1.8505005338107128e-06 1.977590455808114e-06
1.8505005338107128e-06 1.977590455808114e-06
1.8505005338107128e-06 1.977590455808114e-06
1.8505005338107128e-06 1.977590455808114e-06
1.8505005338107128e-06 1.977590455808114e-06
1.8505005338107128e-06 1.977590455808114e-06
1.8505005338107128e-06 1.977590455808114e-06
1.8505005338107128e-06 1.977590455808114e-06
1.8505005338107128e-06 1.977590455808114e-06
1.8505005338107128e-06 1.977590455808114e-06
1.8505005338107128e-06 1.977590455808114e-06
1.8505005338107128e-06 1.977590455808114e-06
1.8505005338107128e-06 1.977590455808114e-06
1.8505005338107128e-06 1.977590455808114e-06
1.8505005338107128e-06 1.977590455808114e-06
1.8505005338107128e-06 1.977590455808114e-06
1.8505005338107128e-06 1.977590455808114e-06
1.8505005338107128e-06 1.977590455808114e-06
1.8505005338107128e-06 1.977590455808114e-06
1.8505005338107128e-06 1.977590455808114e-06
1.8505005338107128e-06 1.977590455808114e-06
1.8505005338107128e-06 1.977590455808114e-06
1.8505005338107128e-06 1.977590455808114e-06
1.8505005338107128e-06 1.977590455808114e-06
1.8505005338107128e-06 1.977590455808114e-06
1.8505005338107128e-06 1.977590455808114e-06
1.8505005338107128e-06 1.977590455808114e-06
1.8505005338107128e-06 1.977590455808114e-06
1.8505005338107128e-06 1.977590455808114e-06
1.8505005338107128e-06 1.977590455808114e-06
1.8505005338107128e-06 1.977590455808114e-06
1.8505005338107128e-06 1.977590455808114e-06
1.8505005338107128e-06 1.977590455808114e-06
1.8505005338107128e-06 1.977590455808114e-06
1.8505005338107128e-06 1.977590455808114e-06
1.8505005338107128e-06 1.977590455808114e-06
1.8505005338107128e-06 1.977590455808114e-06
1.8505005338107128e-06 1.977590455808114e-06
1.8505005338107128e-06 1.977590455808114e-06
1.8505005338107128e-06 1.977590455808114e-06
1.8505005338107128e-06 1.977590455808114e-06
1.8505005338107128e-06 1.977590455808114e-06
1.8505005338107128e-06 1.977590455808114e-06
1.8505005338107128e-06 1.977590455808114e-06
1.8505005338107128e-06 1.977590455808114e-06
1.8505005338107128e-06 1.977590455808114e-06
1.8505005338107128e-06 1.977590455808114e-06
1.8505005338107128e-06 1.977590455808114e-06
1.8505005338107128e-06 1.977590455808114e-06
1.8505005338107128e-06 1.977590455808114e-06
1.8505005338107128e-06 1.977590455808114e-06
1.8505005338107128e-06 1.977590455808114e-06
1.8505005338107128e-06 1.977590455808114e-06
1.8505005338107128e-06 1.977590455808114e-06
1.8505005338107128e-06 1.977590455808114e-06
1.8505005338107128e-06 1.977590455808114e-06
1.8505005338107128e-06 1.977590455808114e-06
1.8505005338107128e-06 1.977590455808114e-06
1.8505005338107128e-06 1.977590455808114e-06
1.8505005338107128e-06 1.977590455808114e-06
1.7099535218200295e-06 1.9775681532565353e-06
1.7099535218200295e-06 1.9775681532565353e-06
1.7099535218200295e-06 1.9775681532565353e-06
1.7099535218200295e-06 1.9775681532565353e-06
1.7099535218200295e-06 1.9775681532565353e-06
1.7099535218200295e-06 1.9775681532565353e-06
1.7099535218200295e-06 1.9775681532565353e-06
1.7099535218200295e-06 1.9775681532565353e-06
1.7099535218200295e-06 1.9775681532565353e-06
1.7099535218200295e-06 1.9775681532565353e-06
1.8470725178678253e-06 1.977617580090873e-06
1.8470725178678253e-06 1.977617580090873e-06
1.8470725178678253e-06 1.977617580090873e-06
1.8470725178678253e-06 1.977617580090873e-06
1.8470725178678253e-06 1.977617580090873e-06
1.8470725178678253e-06 1.977617580090873e-06
1.8470725178678253e-06 1.977617580090873e-06
1.8470725178678253e-06 1.977617580090873e-06
1.8470725178678253e-06 1.977617580090873e-06
1.8470725178678253e-06 1.977617580090873e-06
1.8470725178678253e-06 1.977617580090873e-06
1.737852002695659e-06 1.9776624169172627e-06
1.737852002695659e-06 1.9776624169172627e-06
1.737852002695659e-06 1.9776624169172627e-06
1.737852002695659e-06 1.9776624169172627e-06
1.737852002695659e-06 1.9776624169172627e-06
1.737852002695659e-06 1.9776624169172627e-06
1.737852002695659e-06 1.9776624169172627e-06
1.737852002695659e-06 1.9776624169172627e-06
1.737852002695659e-06 1.9776624169172627e-06
1.737852002695659e-06 1.9776624169172627e-06
1.924357277883556e-06 1.9775988328566484e-06
1.924357277883556e-06 1.9775988328566484e-06
1.924357277883556e-06 1.9775988328566484e-06
1.924357277883556e-06 1.9775988328566484e-06
1.924357277883556e-06 1.9775988328566484e-06
1.924357277883556e-06 1.9775988328566484e-06
1.9055064521158838e-06 1.977592926764023e-06
1.9055064521158838e-06 1.977592926764023e-06
1.9055064521158838e-06 1.977592926764023e-06
1.9055064521158838e-06 1.977592926764023e-06
1.9055064521158838e-06 1.977592926764023e-06
1.9055064521158838e-06 1.977592926764023e-06
1.7368258493251587e-06 1.977601030462745e-06
1.7368258493251587e-06 1.977601030462745e-06
1.7368258493251587e-06 1.977601030462745e-06
1.7368258493251587e-06 1.977601030462745e-06
1.7368258493251587e-06 1.977601030462745e-06
1.7368258493251587e-06 1.977601030462745e-06
1.7368258493251587e-06 1.977601030462745e-06
1.7368258493251587e-06 1.977601030462745e-06
1.7368258493251587e-06 1.977601030462745e-06
1.7368258493251587e-06 1.977601030462745e-06
1.7368258493251587e-06 1.977601030462745e-06
1.8400635169820855e-06 1.9776046638332445e-06
1.8400635169820855e-06 1.9776046638332445e-06
1.8400635169820855e-06 1.9776046638332445e-06
1.8400635169820855e-06 1.9776046638332445e-06
1.8400635169820855e-06 1.9776046638332445e-06
1.8400635169820855e-06 1.9776046638332445e-06
1.8400635169820855e-06 1.9776046638332445e-06
1.8400635169820855e-06 1.9776046638332445e-06
1.8400635169820855e-06 1.9776046638332445e-06
1.8400635169820855e-06 1.9776046638332445e-06
1.8400635169820855e-06 1.9776046638332445e-06
1.846958859617124e-06 1.9776018056714303e-06
1.846958859617124e-06 1.9776018056714303e-06
1.846958859617124e-06 1.9776018056714303e-06
1.846958859617124e-06 1.9776018056714303e-06
1.846958859617124e-06 1.9776018056714303e-06
1.846958859617124e-06 1.9776018056714303e-06
1.6928017746361236e-06 1.977606661424448e-06
1.6928017746361236e-06 1.977606661424448e-06
1.6928017746361236e-06 1.977606661424448e-06
1.6928017746361236e-06 1.977606661424448e-06
1.6928017746361236e-06 1.977606661424448e-06
1.6928017746361236e-06 1.977606661424448e-06
1.6928017746361236e-06 1.977606661424448e-06
1.6928017746361236e-06 1.977606661424448e-06
1.6928017746361236e-06 1.977606661424448e-06
1.6928017746361236e-06 1.977606661424448e-06
1.7593204606850037e-06 1.977603504989744e-06
1.7593204606850037e-06 1.977603504989744e-06
1.7593204606850037e-06 1.977603504989744e-06
1.7593204606850037e-06 1.977603504989744e-06
1.7593204606850037e-06 1.977603504989744e-06
1.7593204606850037e-06 1.977603504989744e-06
1.7593204606850037e-06 1.977603504989744e-06
1.7593204606850037e-06 1.977603504989744e-06
1.7593204606850037e-06 1.977603504989744e-06
1.7593204606850037e-06 1.977603504989744e-06
1.7593204606850037e-06 1.977603504989744e-06
1.8400635169820855e-06 1.97761167182203e-06
1.8400635169820855e-06 1.97761167182203e-06
1.8400635169820855e-06 1.97761167182203e-06
1.8400635169820855e-06 1.97761167182203e-06
1.8400635169820855e-06 1.97761167182203e-06
1.8400635169820855e-06 1.97761167182203e-06
1.8400635169820855e-06 1.97761167182203e-06
1.8400635169820855e-06 1.97761167182203e-06
1.8400635169820855e-06 1.97761167182203e-06
1.8400635169820855e-06 1.97761167182203e-06
1.8400635169820855e-06 1.97761167182203e-06
1.9112923638334183e-06 1.9776095831998744e-06
1.9112923638334183e-06 1.9776095831998744e-06
1.9112923638334183e-06 1.9776095831998744e-06
1.9112923638334183e-06 1.9776095831998744e-06
1.9112923638334183e-06 1.9776095831998744e-06
1.9112923638334183e-06 1.9776095831998744e-06
1.8400635169820855e-06 1.9776015494054615e-06
1.8400635169820855e-06 1.9776015494054615e-06
1.8400635169820855e-06 1.9776015494054615e-06
1.8400635169820855e-06 1.9776015494054615e-06
1.8400635169820855e-06 1.9776015494054615e-06
1.8400635169820855e-06 1.9776015494054615e-06
1.8400635169820855e-06 1.9776015494054615e-06
1.8400635169820855e-06 1.9776015494054615e-06
1.8400635169820855e-06 1.9776015494054615e-06
1.8400635169820855e-06 1.9776015494054615e-06
1.8400635169820855e-06 1.9776015494054615e-06