4.0332294840711213e-07 1.5700508459425515e-06
4.96982586779768e-07 1.569882658910139e-06
5.728726271796665e-07 1.569882658910139e-06
3.8880796321347964e-07 1.569882658910139e-06
3.0589637290548487e-07 1.569882658910139e-06
9.592116871331283e-06 1.569882658910139e-06
4.04932481596492e-05 1.569882658910139e-06
4.1142681740860067e-07 1.5700528030580993e-06
1.3578845268011467e-07 1.569882658910139e-06
3.8091014089611683e-07 1.569882658910139e-06
6.707297369076913e-07 1.569882658910139e-06
6.707297369076913e-07 1.569882658910139e-06
6.707297369076913e-07 1.569882658910139e-06
3.177274612353834e-07 1.569882658910139e-06
8.828270085705671e-07 1.569882658910139e-06
5.023984154091076e-07 1.569882658910139e-06
1.002771097855847e-06 1.569882658910139e-06
3.852170626669304e-07 1.569882658910139e-06
2.643122231418432e-06 1.569882658910139e-06
7.146878991226566e-07 1.569882658910139e-06
7.853321874035316e-07 1.569882658910139e-06
5.761317695298577e-07 1.5700528030580993e-06
5.761317695298577e-07 1.5700528030580993e-06
4.359000509599001e-07 1.569882658910139e-06
4.035851606060471e-07 1.5700514138854781e-06
4.035851606060471e-07 1.5700514138854781e-06
1.7175622734835934e-07 1.569882658910139e-06
3.946981814392361e-07 1.5700510221502423e-06
7.454220266918795e-07 1.569882658910139e-06
7.454220266918795e-07 1.569882658910139e-06
7.454220266918795e-07 1.569882658910139e-06
7.454220266918795e-07 1.569882658910139e-06
2.491152321460604e-05 1.569882658910139e-06
2.491152321460604e-05 1.569882658910139e-06
2.491152321460604e-05 1.569882658910139e-06
2.8638903526400593e-07 1.569882658910139e-06
3.7254577233557164e-07 1.5700528030580993e-06
5.969735452365786e-07 1.569882658910139e-06
6.100404743408577e-07 1.569882658910139e-06
3.4367138790393906e-07 1.569882658910139e-06
1.2022935914385154e-06 1.569882658910139e-06
4.1905320288322646e-07 1.569882658910139e-06
4.942596594534816e-07 1.569882658910139e-06
3.9370598422677284e-07 1.569882658910139e-06
2.9175657818907975e-06 1.569882658910139e-06
4.1734336789649797e-07 1.5700515207525766e-06
3.521120987666037e-07 1.5700528030580993e-06
5.226720345534683e-07 1.569882658910139e-06
7.904163360121549e-07 1.569882658910139e-06
7.904163360121549e-07 1.569882658910139e-06