3.5549313851840724e-06 7.688995309773866e-06
4.063021887974087e-06 7.688997240179068e-06
2.9792320855580554e-06 7.68899994529588e-06
3.4699404089555112e-06 7.68899683739877e-06
3.635644768977508e-06 7.68899745577703e-06
3.7996011062877888e-06 7.68899613556242e-06
3.8020226640721213e-06 7.68899543920596e-06
2.667409650688541e-06 7.689006347945626e-06
3.623668940239108e-06 7.688989116446729e-06
3.9704750827755285e-06 7.688998382692352e-06
3.8020226640721213e-06 7.68899543920596e-06
4.543235970917169e-06 7.688994333980323e-06
3.3065641278977616e-06 7.6889943317985e-06
4.000084644958571e-06 7.688994952676362e-06
3.976670780567322e-06 7.688989897763694e-06
3.2742974089411807e-06 7.688993160231518e-06
3.825395449628628e-06 7.688996833361523e-06
7.26755835037334e-06 7.688989690492287e-06
3.932355334210291e-06 7.688993385518341e-06
3.932355334210291e-06 7.689006770738454e-06
3.5985053670704312e-06 7.688992717484393e-06
3.34040162855554e-06 7.689006465642546e-06
7.677984759202356e-06 7.689032116532287e-06
4.018330715443988e-06 7.688997277871705e-06
4.018330715443988e-06 7.688997277871705e-06
4.018330715443988e-06 7.688997277871705e-06
4.018330715443988e-06 7.688997277871705e-06
4.018330715443988e-06 7.688997277871705e-06
3.7996011062877888e-06 7.68899613556242e-06
3.34040162855554e-06 7.68900313293662e-06
3.868327111791267e-06 7.688995998498105e-06
3.4699404089555112e-06 7.68899455961965e-06
3.4699404089555112e-06 7.688993708078676e-06
3.4606608462815815e-06 7.688993251632079e-06
4.14043023145115e-06 7.688998834142461e-06
3.7996011062877888e-06 7.689000165764907e-06
3.8741302265751574e-06 7.688994382807405e-06
6.445602688894385e-06 7.688992572706098e-06
3.34040162855554e-06 7.689006465642546e-06
4.2924570154570814e-06 7.688993344862102e-06
3.8020226640721213e-06 7.688994268970705e-06
3.8020226640721213e-06 7.688994268970705e-06
3.8217609509028274e-06 7.688997299761083e-06
3.8210427416754896e-06 7.688996341068351e-06
3.34040162855554e-06 7.68900247883667e-06
4.764071565238138e-06 7.688992184089032e-06
3.8020226640721213e-06 7.688994268970705e-06
3.34040162855554e-06 7.688996503243668e-06
3.4606608462815815e-06 7.688996928148478e-06
3.9704750827755285e-06 7.688997085368355e-06