0.0019064843827339697 1.4237456300463718e-05
0.004420841411421332 1.4237456300463718e-05
0.00716822555690144 1.4237456300463718e-05
0.004420841411421332 1.4237456300463718e-05
0.00716822555690144 1.4237456300463718e-05
0.004420841411421332 1.4237456300463718e-05
0.004420841411421332 1.4237456300463718e-05
0.0023202604564661966 1.4237456300463718e-05
9.56579095187406e-06 1.4237456300463718e-05
0.002196795015110613 1.4237456300463718e-05
0.004420841411421332 1.4237456300463718e-05
0.001932345387342234 1.4237456300463718e-05
0.00716822555690144 1.4237456300463718e-05
0.00716822555690144 1.4237456300463718e-05
0.00716822555690144 1.4237456300463718e-05
0.00716822555690144 1.4237456300463718e-05
0.00716822555690144 1.4237456300463718e-05
0.00716822555690144 1.4237456300463718e-05
0.004420841411421332 1.4237456300463718e-05
0.004420841411421332 1.4237456300463718e-05
0.002055755213634144 1.4237456300463718e-05
0.004420841411421332 1.4237456300463718e-05
0.0021892313664509913 1.4237456300463718e-05
6.367924790637093e-05 1.4237456300463718e-05
0.004420841411421332 1.4237456300463718e-05
0.004420841411421332 1.4237456300463718e-05
0.0020468568034463543 1.4237456300463718e-05
0.007797231927050834 1.4237456300463718e-05
0.00716822555690144 1.4237456300463718e-05
0.002346955687029566 1.4237456300463718e-05
0.004420841411421332 1.4237456300463718e-05
0.004420841411421332 1.4237456300463718e-05
0.004420841411421332 1.4237456300463718e-05
0.004420841411421332 1.4237456300463718e-05
0.016142828381924216 1.4237456300463718e-05
0.016142828381924216 1.4237456300463718e-05
0.016142828381924216 1.4237456300463718e-05
0.016142828381924216 1.4237456300463718e-05
0.016142828381924216 1.4237456300463718e-05
0.016142828381924216 1.4237456300463718e-05
0.0023596359215471664 1.4237456300463718e-05
0.0021078109132327146 1.4237456300463718e-05
0.009385598145571317 1.4237456300463718e-05
0.009385598145571317 1.4237456300463718e-05
0.009385598145571317 1.4237456300463718e-05
0.009385598145571317 1.4237456300463718e-05
0.009385598145571317 1.4237456300463718e-05
0.009385598145571317 1.4237456300463718e-05
0.002074219414773808 1.4237456300463718e-05
0.004420841411421332 1.4237456300463718e-05