1.9277173160027227e-06 1.9758418580244727e-06
1.9277173160027227e-06 1.9758418580244727e-06
2.1041916799902286e-06 1.975839636847854e-06
2.1041916799902286e-06 1.975839636847854e-06
1.4616822179007843e-06 1.9758627383062496e-06
1.4616822179007843e-06 1.9758627383062496e-06
1.8984993324584149e-06 1.9758384506530617e-06
1.8984993324584149e-06 1.9758384506530617e-06
1.8984993324584149e-06 1.9758384506530617e-06
1.8984993324584149e-06 1.9758384506530617e-06
1.8984993324584149e-06 1.9758384506530617e-06
1.8984993324584149e-06 1.9758384506530617e-06
1.8984993324584149e-06 1.9758384506530617e-06
1.8984993324584149e-06 1.9758384506530617e-06
1.8984993324584149e-06 1.9758384506530617e-06
1.8984993324584149e-06 1.9758384506530617e-06
1.8773247053852606e-06 1.975841157331309e-06
1.8773247053852606e-06 1.975841157331309e-06
7.939846792094673e-07 1.9758454562708374e-06
7.939846792094673e-07 1.9758454562708374e-06
1.845757958367494e-06 1.9758385495738565e-06
1.845757958367494e-06 1.9758385495738565e-06
2.0094188084360583e-06 1.9758407424865658e-06
2.0094188084360583e-06 1.9758407424865658e-06
6.690057636141919e-07 1.975832369209861e-06
6.690057636141919e-07 1.975832369209861e-06
2.049160267862248e-06 1.975839963310511e-06
2.035700107246234e-06 1.975838710484212e-06
2.035700107246234e-06 1.975838710484212e-06
2.137201483633963e-06 1.9758388474689693e-06
2.137201483633963e-06 1.9758388474689693e-06
2.0578418151048895e-06 1.9758401145242527e-06
2.0578418151048895e-06 1.9758401145242527e-06
2.0614762326165e-06 1.975839181344985e-06
2.0614762326165e-06 1.975839181344985e-06
2.035700107246234e-06 1.975838710484212e-06
2.035700107246234e-06 1.975838710484212e-06
1.2107155414578404e-06 1.975841580337189e-06
1.2107155414578404e-06 1.975841580337189e-06
1.2908022403120629e-06 1.9758354563120394e-06
1.2908022403120629e-06 1.9758354563120394e-06
1.8670346708491447e-06 1.9758389953105383e-06
1.8670346708491447e-06 1.9758389953105383e-06
1.0251953656103401e-06 1.9758383495742946e-06
1.77540040228698e-06 1.975841077136434e-06
1.77540040228698e-06 1.975841077136434e-06
1.5160225619371447e-06 1.975838753727322e-06
1.5160225619371447e-06 1.975838753727322e-06
1.2019097899988394e-06 1.9758440864269506e-06
1.2019097899988394e-06 1.9758440864269506e-06
7.824832492608875e-07 1.9758414170639107e-06
7.824832492608875e-07 1.9758414170639107e-06
1.8676099033178073e-06 1.975841928522153e-06
1.8676099033178073e-06 1.975841928522153e-06
6.690057636141919e-07 1.9758368914134002e-06
6.690057636141919e-07 1.9758368914134002e-06
9.7446004922591e-07 1.9758434811728496e-06
9.7446004922591e-07 1.9758434811728496e-06
1.8209666781195806e-06 1.975840682905406e-06
1.8209666781195806e-06 1.975840682905406e-06
2.0578418151048895e-06 1.9758406124046752e-06
2.0578418151048895e-06 1.9758406124046752e-06
9.7446004922591e-07 1.9758434811728496e-06
9.7446004922591e-07 1.9758434811728496e-06
1.8533157040674887e-06 1.975839217947445e-06
1.8533157040674887e-06 1.975839217947445e-06
1.8533157040674887e-06 1.975839217947445e-06
1.8533157040674887e-06 1.975839217947445e-06
1.8533157040674887e-06 1.975839217947445e-06
1.8533157040674887e-06 1.975839217947445e-06
1.8533157040674887e-06 1.975839217947445e-06
1.8533157040674887e-06 1.975839217947445e-06
1.8533157040674887e-06 1.975839217947445e-06
1.8533157040674887e-06 1.975839217947445e-06
1.931200209822204e-06 1.975838805244976e-06
1.931200209822204e-06 1.975838805244976e-06
1.931200209822204e-06 1.975838805244976e-06
1.931200209822204e-06 1.975838805244976e-06
1.931200209822204e-06 1.975838805244976e-06
1.3081495613975603e-06 1.9758389456892366e-06
1.3081495613975603e-06 1.9758389456892366e-06
2.049160267862248e-06 1.97583783861788e-06
9.150143989694433e-07 1.975840938576929e-06
9.150143989694433e-07 1.975840938576929e-06
2.044925251578315e-06 1.9758371585863955e-06
2.044925251578315e-06 1.9758371585863955e-06
2.0094188084360583e-06 1.975838802170615e-06
2.0094188084360583e-06 1.975838802170615e-06
6.690057636141919e-07 1.975838164161654e-06
6.690057636141919e-07 1.975838164161654e-06
1.8995248612952177e-06 1.975838421843639e-06
1.8995248612952177e-06 1.975838421843639e-06
2.0303541538174843e-06 1.975837895902e-06
2.0303541538174843e-06 1.975837895902e-06
7.824832492608875e-07 1.9758397522671563e-06
7.824832492608875e-07 1.9758397522671563e-06
2.035700107246234e-06 1.975840883774158e-06
2.035700107246234e-06 1.975840883774158e-06
1.923681608893418e-06 1.9758418055688315e-06
1.923681608893418e-06 1.9758418055688315e-06
7.824832492608875e-07 1.9758414389201577e-06
7.824832492608875e-07 1.9758414389201577e-06
7.833281234918908e-07 1.9758347048605744e-06
7.833281234918908e-07 1.9758347048605744e-06
1.8773247053852606e-06 1.9758374657853372e-06
1.8773247053852606e-06 1.9758374657853372e-06
1.2557553534041123e-06 1.9758384873608315e-06
1.2557553534041123e-06 1.9758384873608315e-06
7.724870713024814e-07 1.9758329827256025e-06
7.724870713024814e-07 1.9758329827256025e-06
1.9811287017299783e-06 1.9758101555803733e-06
1.9811287017299783e-06 1.9758101555803733e-06
1.9775761731559326e-06 1.975838110267349e-06
1.9775761731559326e-06 1.975838110267349e-06
1.2657712707515323e-06 1.9758465469258378e-06
1.4273597368187515e-06 1.9758033173059782e-06
1.4273597368187515e-06 1.9758033173059782e-06
1.3081495613975603e-06 1.9758409715107294e-06
1.3081495613975603e-06 1.9758409715107294e-06
9.7446004922591e-07 1.975841800280778e-06
9.7446004922591e-07 1.975841800280778e-06
1.6507856627878512e-06 1.9758405283301792e-06
1.6507856627878512e-06 1.9758405283301792e-06
1.307039179195675e-06 1.9758411608978465e-06
1.307039179195675e-06 1.9758411608978465e-06
1.8209666781195806e-06 1.9758394492676133e-06
1.8209666781195806e-06 1.9758394492676133e-06
1.3659013402873963e-06 1.9758949018980074e-06
2.048298241248011e-06 1.9758392729657437e-06
2.044925251578315e-06 1.975841538831081e-06
2.044925251578315e-06 1.975841538831081e-06
1.462167152547686e-06 1.975860729561063e-06
1.462167152547686e-06 1.975860729561063e-06
1.6359698101052244e-06 1.975841360631271e-06
1.6359698101052244e-06 1.975841360631271e-06
1.962301667074201e-06 1.975837596332704e-06
1.962301667074201e-06 1.975837596332704e-06
1.8670346708491447e-06 1.97584079025589e-06
1.8670346708491447e-06 1.97584079025589e-06
1.2534407524950587e-06 1.9758388055359405e-06
1.2534407524950587e-06 1.9758388055359405e-06
7.824832492608875e-07 1.9758409034616673e-06
7.824832492608875e-07 1.9758409034616673e-06
2.0578418151048895e-06 1.9758401145242527e-06
2.0578418151048895e-06 1.9758401145242527e-06
1.845757958367494e-06 1.9758380503195347e-06
1.845757958367494e-06 1.9758380503195347e-06
6.690057636141919e-07 1.975832369209861e-06
6.690057636141919e-07 1.975832369209861e-06
1.8683552834402448e-06 1.97584426628674e-06
1.8683552834402448e-06 1.97584426628674e-06
1.2908022403120629e-06 1.9758426585001447e-06
1.2908022403120629e-06 1.9758426585001447e-06
2.0578418151048895e-06 1.9758406124046752e-06
2.0578418151048895e-06 1.9758406124046752e-06
2.0578418151048895e-06 1.9758401145242527e-06
2.0578418151048895e-06 1.9758401145242527e-06
2.044925251578315e-06 1.9758409673705945e-06
2.044925251578315e-06 1.9758409673705945e-06
2.035700107246234e-06 1.975840883774158e-06
2.035700107246234e-06 1.975840883774158e-06
1.3824319664268415e-06 1.9758396293186977e-06
1.3824319664268415e-06 1.9758396293186977e-06
1.8730598733640951e-06 1.975837501646256e-06
1.8730598733640951e-06 1.975837501646256e-06
2.035700107246234e-06 1.975838710484212e-06
2.035700107246234e-06 1.975838710484212e-06
1.8691741005791676e-06 1.975839127748333e-06
6.690057636141919e-07 1.975842581585967e-06
6.690057636141919e-07 1.975842581585967e-06
1.3720262792062441e-06 1.9758412832723246e-06
1.3720262792062441e-06 1.9758412832723246e-06
2.0029414968552734e-06 1.9758410265808932e-06
2.0029414968552734e-06 1.9758410265808932e-06
2.0487553110270974e-06 1.975838271721711e-06
2.0487553110270974e-06 1.975838271721711e-06
1.8552214156956742e-06 1.975841823610037e-06
1.8552214156956742e-06 1.975841823610037e-06
1.1066426878535279e-06 1.9758421086869514e-06
1.1066426878535279e-06 1.9758421086869514e-06
2.0094188084360583e-06 1.9758387289210955e-06
2.0094188084360583e-06 1.9758387289210955e-06
1.631550755632954e-06 1.9758444885931384e-06
1.631550755632954e-06 1.9758444885931384e-06
1.3751542695317184e-06 1.97579719886565e-06
1.3751542695317184e-06 1.97579719886565e-06
1.6584591592012648e-06 1.9758453558706098e-06
1.6584591592012648e-06 1.9758453558706098e-06
1.3095295024993873e-06 1.975842980808631e-06
1.3095295024993873e-06 1.975842980808631e-06
1.982476784494523e-06 1.975839642025445e-06
1.982476784494523e-06 1.975839642025445e-06
1.8805395120462656e-06 1.9758381549331266e-06
1.8805395120462656e-06 1.9758381549331266e-06
1.7827450242389416e-06 1.975838060862196e-06
1.7827450242389416e-06 1.975838060862196e-06
2.051544410065452e-06 1.9758373845114146e-06
2.051544410065452e-06 1.9758373845114146e-06
1.1066426878535279e-06 1.9758421086869514e-06
1.1066426878535279e-06 1.9758421086869514e-06
1.1451076898648082e-06 1.975842242777751e-06
1.1451076898648082e-06 1.975842242777751e-06
1.1066426878535279e-06 1.975842587919112e-06
1.1066426878535279e-06 1.975842587919112e-06
7.824832492608875e-07 1.9758414170639107e-06
7.824832492608875e-07 1.9758414170639107e-06
1.9012719217598042e-06 1.9758724767739045e-06
1.9012719217598042e-06 1.9758724767739045e-06
1.0166384982414699e-06 1.9758391440099055e-06
1.0166384982414699e-06 1.9758391440099055e-06
1.1019964076956813e-06 1.9758372787296076e-06
1.1019964076956813e-06 1.9758372787296076e-06