0.0019278884052507112 9.99645839759628e-05
0.0019278884052507112 9.99645839759628e-05
0.15940638173904104 0.18178702402577374
0.15940638173904104 0.18178702402577374
0.01114176691686374 0.010099279112542985
0.01114176691686374 0.010099279112542985
0.09343832470781781 0.09089351201288687
0.09574607853217718 0.10099279112542985
0.008494133506986096 9.99645839759628e-05
0.13478367664027602 0.1413899075756018
0.13478367664027602 0.1413899075756018
0.005163884795101164 9.99645839759628e-05
0.005163884795101164 9.99645839759628e-05
0.09452079834572895 0.09089351201288687
0.034961899212850304 0.04039711645017194
5.712261941483588e-06 9.99645839759628e-05
5.712261941483588e-06 9.99645839759628e-05
5.712261941483588e-06 9.99645839759628e-05
0.053603866058881997 0.0706949537878009
0.04847711096640048 0.05049639556271492
0.08744044966926004 0.0706949537878009
0.15892083947401492 0.12135986107778958
0.12460156972958152 0.12119134935051581
0.12460156972958152 0.12119134935051581
0.18946430407512768 0.24238269870103163
0.0011196033405307833 9.99645839759628e-05
0.0011196033405307833 9.99645839759628e-05
0.08123122093886738 0.0809598884966469
0.08123122093886738 0.0809598884966469
0.08123122093886738 0.0809598884966469
0.21026550593504015 0.18178702402577374
0.02480264134992174 0.02019855822508597
0.16278804080839931 0.16158846580068775
0.16278804080839931 0.16158846580068775
0.16278804080839931 0.16158846580068775
0.16278804080839931 0.16158846580068775
0.14156698769578777 0.11109207023797284
0.14156698769578777 0.11109207023797284
0.14156698769578777 0.11109207023797284
0.06993522294958357 0.04039711645017194
0.06993522294958357 0.04039711645017194
0.06993522294958357 0.04039711645017194
0.09981320903451349 0.09089351201288687
0.09981320903451349 0.09089351201288687
0.002096400132524477 0.010099279112542985
0.002096400132524477 0.010099279112542985
0.002096400132524477 0.010099279112542985
0.028481338040237173 0.02019855822508597
0.028481338040237173 0.02019855822508597
0.02247775073973792 0.02019855822508597