0.07277038319927842 0.008849409766532201
0.07277038319927842 0.008849409766532201
0.07277038319927842 0.008849409766532201
0.07277038319927842 0.008849409766532201
0.07277038319927842 0.008849409766532201
0.07277038319927842 0.008849409766532201
0.07277038319927842 0.008849409766532201
0.07277038319927842 0.008849409766532201
0.07277038319927842 0.008849409766532201
0.07277038319927842 0.008849409766532201
0.07277038319927842 0.008849409766532201
0.07277038319927842 0.008849409766532201
0.07277038319927842 0.008849409766532201
0.07277038319927842 0.008849409766532201
0.07277038319927842 0.008849409766532201
0.07277038319927842 0.008849409766532201
0.07277038319927842 0.008849409766532201
0.07277038319927842 0.008849409766532201
0.07277038319927842 0.008849409766532201
0.07277038319927842 0.008849409766532201
0.07277038319927842 0.008849409766532201
0.07277038319927842 0.008849409766532201
0.07277038319927842 0.008849409766532201
0.07277038319927842 0.008849409766532201
0.07277038319927842 0.008849409766532201
0.07277038319927842 0.008849409766532201
0.07277038319927842 0.008849409766532201
0.07277038319927842 0.008849409766532201
0.07277038319927842 0.008849409766532201
0.07277038319927842 0.008849409766532201
0.07277038319927842 0.008849409766532201
0.07277038319927842 0.008849409766532201
0.38749734099127847 0.00884922626458119
0.38749734099127847 0.00884922626458119
0.38749734099127847 0.00884922626458119
0.38749734099127847 0.00884922626458119
0.38749734099127847 0.00884922626458119
0.38749734099127847 0.00884922626458119
0.38749734099127847 0.00884922626458119
0.38749734099127847 0.00884922626458119
0.38749734099127847 0.00884922626458119
0.38749734099127847 0.00884922626458119
0.38749734099127847 0.00884922626458119
0.38749734099127847 0.00884922626458119
0.38749734099127847 0.00884922626458119
0.38749734099127847 0.00884922626458119
0.38749734099127847 0.00884922626458119
0.38749734099127847 0.00884922626458119
0.38749734099127847 0.00884922626458119
0.38749734099127847 0.00884922626458119
1.0 0.008849815075884662
1.0 0.008849815075884662
1.0 0.008849815075884662
1.0 0.008849815075884662
1.0 0.008849815075884662
1.0 0.008849815075884662
1.0 0.008849815075884662
1.0 0.008849815075884662
1.0 0.008849815075884662
1.0 0.008849815075884662
1.0 0.008849815075884662
1.0 0.008849815075884662
1.0 0.008849815075884662
1.0 0.008849815075884662
1.0 0.008849815075884662
1.0 0.008849815075884662
1.0 0.008849815075884662
1.0 0.008849815075884662
1.0 0.008849815075884662
1.0 0.008849815075884662
1.0 0.008849815075884662
1.0 0.008849815075884662
1.0 0.008849815075884662
1.0 0.008849815075884662
1.0 0.008849815075884662
1.0 0.008849815075884662
1.0 0.008849815075884662
1.0 0.008849815075884662
1.0 0.008849815075884662
1.0 0.008849815075884662
1.0 0.008849815075884662
1.0 0.008849815075884662
1.0 0.008849815075884662
1.0 0.008849815075884662
1.0 0.008849815075884662
1.0 0.008849815075884662
1.0 0.008849815075884662
1.0 0.008849815075884662
1.0 0.008849815075884662
1.0 0.008849815075884662
1.0 0.008849815075884662
1.0 0.008849815075884662
1.0 0.008849815075884662
1.0 0.008849815075884662
1.0 0.008849815075884662
1.0 0.008849815075884662
1.0 0.008849815075884662
1.0 0.008849815075884662
1.0 0.008849815075884662
1.0 0.008849815075884662
1.0 0.008849815075884662
1.0 0.008849815075884662
1.0 0.008849815075884662
1.0 0.008849815075884662
1.0 0.008849815075884662
1.0 0.008849815075884662
1.0 0.008849815075884662
1.0 0.008849815075884662
1.0 0.008849815075884662
1.0 0.008849815075884662
1.0 0.008849815075884662
1.0 0.008849815075884662
1.0 0.008849815075884662
1.0 0.008849815075884662
0.31887046369743993 0.00884917398516207
0.31887046369743993 0.00884917398516207
0.31887046369743993 0.00884917398516207
0.31887046369743993 0.00884917398516207
0.31887046369743993 0.00884917398516207
0.31887046369743993 0.00884917398516207
0.31887046369743993 0.00884917398516207
0.31887046369743993 0.00884917398516207
0.31887046369743993 0.00884917398516207
0.31887046369743993 0.00884917398516207
0.31887046369743993 0.00884917398516207
0.31887046369743993 0.00884917398516207
0.31887046369743993 0.00884917398516207
0.31887046369743993 0.00884917398516207
0.31887046369743993 0.00884917398516207
0.31887046369743993 0.00884917398516207
0.31887046369743993 0.00884917398516207
0.31887046369743993 0.00884917398516207
0.31887046369743993 0.00884917398516207
0.31887046369743993 0.00884917398516207
0.31887046369743993 0.00884917398516207
0.31887046369743993 0.00884917398516207
0.31887046369743993 0.00884917398516207
0.31887046369743993 0.00884917398516207
0.31887046369743993 0.00884917398516207
0.31887046369743993 0.00884917398516207
0.31887046369743993 0.00884917398516207
0.31887046369743993 0.00884917398516207
0.31887046369743993 0.00884917398516207
0.31887046369743993 0.00884917398516207
0.31887046369743993 0.00884917398516207
0.31887046369743993 0.00884917398516207
0.14054578729261014 0.008850096726530489
0.14054578729261014 0.008850096726530489
0.14054578729261014 0.008850096726530489
0.14054578729261014 0.008850096726530489
0.14054578729261014 0.008850096726530489
0.14054578729261014 0.008850096726530489
0.14054578729261014 0.008850096726530489
0.14054578729261014 0.008850096726530489
0.14054578729261014 0.008850096726530489
0.14054578729261014 0.008850096726530489
0.14054578729261014 0.008850096726530489
0.14054578729261014 0.008850096726530489
0.14054578729261014 0.008850096726530489
0.14054578729261014 0.008850096726530489
0.14054578729261014 0.008850096726530489
0.14054578729261014 0.008850096726530489
0.14054578729261014 0.008850096726530489
0.14054578729261014 0.008850096726530489
0.14054578729261014 0.008850096726530489
0.14054578729261014 0.008850096726530489
0.14054578729261014 0.008850096726530489
0.14054578729261014 0.008850096726530489
0.14054578729261014 0.008850096726530489
0.14054578729261014 0.008850096726530489
0.14054578729261014 0.008850096726530489
0.14054578729261014 0.008850096726530489
0.14054578729261014 0.008850096726530489
0.14054578729261014 0.008850096726530489
0.14054578729261014 0.008850096726530489
0.14054578729261014 0.008850096726530489
0.14054578729261014 0.008850096726530489
0.14054578729261014 0.008850096726530489
0.26137021335176625 0.008849628645109698
0.26137021335176625 0.008849628645109698
0.26137021335176625 0.008849628645109698
0.26137021335176625 0.008849628645109698
0.26137021335176625 0.008849628645109698
0.26137021335176625 0.008849628645109698
0.26137021335176625 0.008849628645109698
0.26137021335176625 0.008849628645109698
0.26137021335176625 0.008849628645109698
0.26137021335176625 0.008849628645109698
0.26137021335176625 0.008849628645109698
0.26137021335176625 0.008849628645109698
0.26137021335176625 0.008849628645109698
0.26137021335176625 0.008849628645109698
0.26137021335176625 0.008849628645109698
0.26137021335176625 0.008849628645109698
0.26137021335176625 0.008849628645109698
0.26137021335176625 0.008849628645109698
0.6658542225222016 0.008849509535454974
0.6658542225222016 0.008849509535454974
0.6658542225222016 0.008849509535454974
0.6658542225222016 0.008849509535454974
0.6658542225222016 0.008849509535454974
0.6658542225222016 0.008849509535454974
0.6658542225222016 0.008849509535454974
0.6658542225222016 0.008849509535454974
0.6658542225222016 0.008849509535454974
0.6658542225222016 0.008849509535454974
0.6658542225222016 0.008849509535454974
0.6658542225222016 0.008849509535454974
0.6658542225222016 0.008849509535454974
0.6658542225222016 0.008849509535454974
0.6658542225222016 0.008849509535454974
0.6658542225222016 0.008849509535454974
0.6658542225222016 0.008849509535454974
0.6658542225222016 0.008849509535454974
0.6658542225222016 0.008849509535454974
0.6658542225222016 0.008849509535454974
0.6658542225222016 0.008849509535454974
0.6658542225222016 0.008849509535454974
0.6658542225222016 0.008849509535454974
0.6658542225222016 0.008849509535454974
0.6658542225222016 0.008849509535454974
0.6658542225222016 0.008849509535454974
0.6658542225222016 0.008849509535454974
0.6658542225222016 0.008849509535454974
0.6658542225222016 0.008849509535454974
0.6658542225222016 0.008849509535454974
0.6658542225222016 0.008849509535454974
0.6658542225222016 0.008849509535454974
0.09372240480952622 0.008849450314694727
0.09372240480952622 0.008849450314694727
0.09372240480952622 0.008849450314694727
0.09372240480952622 0.008849450314694727
0.09372240480952622 0.008849450314694727
0.09372240480952622 0.008849450314694727
0.09372240480952622 0.008849450314694727
0.09372240480952622 0.008849450314694727
0.09372240480952622 0.008849450314694727
0.09372240480952622 0.008849450314694727
0.09372240480952622 0.008849450314694727
0.09372240480952622 0.008849450314694727
0.09372240480952622 0.008849450314694727
0.09372240480952622 0.008849450314694727
0.09372240480952622 0.008849450314694727
0.09372240480952622 0.008849450314694727
0.09372240480952622 0.008849450314694727
0.09372240480952622 0.008849450314694727
0.09372240480952622 0.008849450314694727
0.09372240480952622 0.008849450314694727
0.09372240480952622 0.008849450314694727
0.09372240480952622 0.008849450314694727
0.09372240480952622 0.008849450314694727
0.09372240480952622 0.008849450314694727
0.09372240480952622 0.008849450314694727
0.09372240480952622 0.008849450314694727
0.09372240480952622 0.008849450314694727
0.09372240480952622 0.008849450314694727
0.09372240480952622 0.008849450314694727
0.09372240480952622 0.008849450314694727
0.09372240480952622 0.008849450314694727
0.09372240480952622 0.008849450314694727
0.11745496074121974 0.008849628645109698
0.11745496074121974 0.008849628645109698
0.11745496074121974 0.008849628645109698
0.11745496074121974 0.008849628645109698
0.11745496074121974 0.008849628645109698
0.11745496074121974 0.008849628645109698
0.11745496074121974 0.008849628645109698
0.11745496074121974 0.008849628645109698
0.11745496074121974 0.008849628645109698
0.11745496074121974 0.008849628645109698
0.11745496074121974 0.008849628645109698
0.11745496074121974 0.008849628645109698
0.11745496074121974 0.008849628645109698
0.11745496074121974 0.008849628645109698
0.11745496074121974 0.008849628645109698
0.11745496074121974 0.008849628645109698
0.11745496074121974 0.008849628645109698
0.11745496074121974 0.008849628645109698
0.11745496074121974 0.008849628645109698
0.11745496074121974 0.008849628645109698
0.11745496074121974 0.008849628645109698
0.11745496074121974 0.008849628645109698
0.11745496074121974 0.008849628645109698
0.11745496074121974 0.008849628645109698
0.11745496074121974 0.008849628645109698
0.11745496074121974 0.008849628645109698
0.11745496074121974 0.008849628645109698
0.11745496074121974 0.008849628645109698
0.11745496074121974 0.008849628645109698
0.11745496074121974 0.008849628645109698
0.11745496074121974 0.008849628645109698
0.11745496074121974 0.008849628645109698
0.22933685421014524 0.008849779988720776
0.22933685421014524 0.008849779988720776
0.22933685421014524 0.008849779988720776
0.22933685421014524 0.008849779988720776
0.22933685421014524 0.008849779988720776
0.22933685421014524 0.008849779988720776
0.22933685421014524 0.008849779988720776
0.22933685421014524 0.008849779988720776
0.22933685421014524 0.008849779988720776
0.22933685421014524 0.008849779988720776
0.22933685421014524 0.008849779988720776
0.22933685421014524 0.008849779988720776
0.22933685421014524 0.008849779988720776
0.22933685421014524 0.008849779988720776
0.22933685421014524 0.008849779988720776
0.22933685421014524 0.008849779988720776
0.22933685421014524 0.008849779988720776
0.22933685421014524 0.008849779988720776
0.22933685421014524 0.008849779988720776
0.22933685421014524 0.008849779988720776
0.22933685421014524 0.008849779988720776
0.22933685421014524 0.008849779988720776
0.22933685421014524 0.008849779988720776
0.22933685421014524 0.008849779988720776
0.22933685421014524 0.008849779988720776
0.22933685421014524 0.008849779988720776
0.22933685421014524 0.008849779988720776
0.22933685421014524 0.008849779988720776
0.22933685421014524 0.008849779988720776
0.22933685421014524 0.008849779988720776
0.22933685421014524 0.008849779988720776
0.22933685421014524 0.008849779988720776
0.23984177233489 0.008849738679326393
0.23984177233489 0.008849738679326393
0.23984177233489 0.008849738679326393
0.23984177233489 0.008849738679326393
0.23984177233489 0.008849738679326393
0.23984177233489 0.008849738679326393
0.23984177233489 0.008849738679326393
0.23984177233489 0.008849738679326393
0.23984177233489 0.008849738679326393
0.23984177233489 0.008849738679326393
0.23984177233489 0.008849738679326393
0.23984177233489 0.008849738679326393
0.23984177233489 0.008849738679326393
0.23984177233489 0.008849738679326393
0.23984177233489 0.008849738679326393
0.23984177233489 0.008849738679326393
0.23984177233489 0.008849738679326393
0.23984177233489 0.008849738679326393
0.6658542225222016 0.00884957476638701
0.6658542225222016 0.00884957476638701
0.6658542225222016 0.00884957476638701
0.6658542225222016 0.00884957476638701
0.6658542225222016 0.00884957476638701
0.6658542225222016 0.00884957476638701
0.6658542225222016 0.00884957476638701
0.6658542225222016 0.00884957476638701
0.6658542225222016 0.00884957476638701
0.6658542225222016 0.00884957476638701
0.6658542225222016 0.00884957476638701
0.6658542225222016 0.00884957476638701
0.6658542225222016 0.00884957476638701
0.6658542225222016 0.00884957476638701
0.6658542225222016 0.00884957476638701
0.6658542225222016 0.00884957476638701
0.6658542225222016 0.00884957476638701
0.6658542225222016 0.00884957476638701
0.6658542225222016 0.00884957476638701
0.6658542225222016 0.00884957476638701
0.6658542225222016 0.00884957476638701
0.6658542225222016 0.00884957476638701
0.6658542225222016 0.00884957476638701
0.6658542225222016 0.00884957476638701
0.6658542225222016 0.00884957476638701
0.6658542225222016 0.00884957476638701
0.6658542225222016 0.00884957476638701
0.6658542225222016 0.00884957476638701
0.6658542225222016 0.00884957476638701
0.6658542225222016 0.00884957476638701
0.6658542225222016 0.00884957476638701
0.6658542225222016 0.00884957476638701
0.6658542225222016 0.008849992452406278
0.6658542225222016 0.008849992452406278
0.6658542225222016 0.008849992452406278
0.6658542225222016 0.008849992452406278
0.6658542225222016 0.008849992452406278
0.6658542225222016 0.008849992452406278
0.6658542225222016 0.008849992452406278
0.6658542225222016 0.008849992452406278
0.6658542225222016 0.008849992452406278
0.6658542225222016 0.008849992452406278
0.6658542225222016 0.008849992452406278
0.6658542225222016 0.008849992452406278
0.6658542225222016 0.008849992452406278
0.6658542225222016 0.008849992452406278
0.6658542225222016 0.008849992452406278
0.6658542225222016 0.008849992452406278
0.6658542225222016 0.008849992452406278
0.6658542225222016 0.008849992452406278
0.6658542225222016 0.008849992452406278
0.6658542225222016 0.008849992452406278
0.6658542225222016 0.008849992452406278
0.6658542225222016 0.008849992452406278
0.6658542225222016 0.008849992452406278
0.6658542225222016 0.008849992452406278
0.6658542225222016 0.008849992452406278
0.6658542225222016 0.008849992452406278
0.6658542225222016 0.008849992452406278
0.6658542225222016 0.008849992452406278
0.6658542225222016 0.008849992452406278
0.6658542225222016 0.008849992452406278
0.6658542225222016 0.008849992452406278
0.6658542225222016 0.008849992452406278
0.4038647205496505 0.008849426178717593
0.4038647205496505 0.008849426178717593
0.4038647205496505 0.008849426178717593
0.4038647205496505 0.008849426178717593
0.4038647205496505 0.008849426178717593
0.4038647205496505 0.008849426178717593
0.4038647205496505 0.008849426178717593
0.4038647205496505 0.008849426178717593
0.4038647205496505 0.008849426178717593
0.4038647205496505 0.008849426178717593
0.4038647205496505 0.008849426178717593
0.4038647205496505 0.008849426178717593
0.4038647205496505 0.008849426178717593
0.4038647205496505 0.008849426178717593
0.4038647205496505 0.008849426178717593
0.4038647205496505 0.008849426178717593
0.4038647205496505 0.008849426178717593
0.4038647205496505 0.008849426178717593
0.10467686740801087 0.008849620318735348
0.10467686740801087 0.008849620318735348
0.10467686740801087 0.008849620318735348
0.10467686740801087 0.008849620318735348
0.10467686740801087 0.008849620318735348
0.10467686740801087 0.008849620318735348
0.10467686740801087 0.008849620318735348
0.10467686740801087 0.008849620318735348
0.10467686740801087 0.008849620318735348
0.10467686740801087 0.008849620318735348
0.10467686740801087 0.008849620318735348
0.10467686740801087 0.008849620318735348
0.10467686740801087 0.008849620318735348
0.10467686740801087 0.008849620318735348
0.10467686740801087 0.008849620318735348
0.10467686740801087 0.008849620318735348
0.10467686740801087 0.008849620318735348
0.10467686740801087 0.008849620318735348
0.10467686740801087 0.008849620318735348
0.10467686740801087 0.008849620318735348
0.10467686740801087 0.008849620318735348
0.10467686740801087 0.008849620318735348
0.10467686740801087 0.008849620318735348
0.10467686740801087 0.008849620318735348
0.10467686740801087 0.008849620318735348
0.10467686740801087 0.008849620318735348
0.10467686740801087 0.008849620318735348
0.10467686740801087 0.008849620318735348
0.10467686740801087 0.008849620318735348
0.10467686740801087 0.008849620318735348
0.10467686740801087 0.008849620318735348
0.10467686740801087 0.008849620318735348
0.44959659834278237 0.008849904339802124
0.44959659834278237 0.008849904339802124
0.44959659834278237 0.008849904339802124
0.44959659834278237 0.008849904339802124
0.44959659834278237 0.008849904339802124
0.44959659834278237 0.008849904339802124
0.44959659834278237 0.008849904339802124
0.44959659834278237 0.008849904339802124
0.44959659834278237 0.008849904339802124
0.44959659834278237 0.008849904339802124
0.44959659834278237 0.008849904339802124
0.44959659834278237 0.008849904339802124
0.44959659834278237 0.008849904339802124
0.44959659834278237 0.008849904339802124
0.44959659834278237 0.008849904339802124
0.44959659834278237 0.008849904339802124
0.44959659834278237 0.008849904339802124
0.44959659834278237 0.008849904339802124
0.32569458445905075 0.008849504371126625
0.32569458445905075 0.008849504371126625
0.32569458445905075 0.008849504371126625
0.32569458445905075 0.008849504371126625
0.32569458445905075 0.008849504371126625
0.32569458445905075 0.008849504371126625
0.32569458445905075 0.008849504371126625
0.32569458445905075 0.008849504371126625
0.32569458445905075 0.008849504371126625
0.32569458445905075 0.008849504371126625
0.32569458445905075 0.008849504371126625
0.32569458445905075 0.008849504371126625
0.32569458445905075 0.008849504371126625
0.32569458445905075 0.008849504371126625
0.32569458445905075 0.008849504371126625
0.32569458445905075 0.008849504371126625
0.32569458445905075 0.008849504371126625
0.32569458445905075 0.008849504371126625
0.32569458445905075 0.008849504371126625
0.32569458445905075 0.008849504371126625
0.32569458445905075 0.008849504371126625
0.32569458445905075 0.008849504371126625
0.32569458445905075 0.008849504371126625
0.32569458445905075 0.008849504371126625
0.32569458445905075 0.008849504371126625
0.32569458445905075 0.008849504371126625
0.32569458445905075 0.008849504371126625
0.32569458445905075 0.008849504371126625
0.32569458445905075 0.008849504371126625
0.32569458445905075 0.008849504371126625
0.32569458445905075 0.008849504371126625
0.32569458445905075 0.008849504371126625
0.03404609140090952 0.00884922626458119
0.03404609140090952 0.00884922626458119
0.03404609140090952 0.00884922626458119
0.03404609140090952 0.00884922626458119
0.03404609140090952 0.00884922626458119
0.03404609140090952 0.00884922626458119
0.03404609140090952 0.00884922626458119
0.03404609140090952 0.00884922626458119
0.03404609140090952 0.00884922626458119
0.03404609140090952 0.00884922626458119
0.03404609140090952 0.00884922626458119
0.03404609140090952 0.00884922626458119
0.03404609140090952 0.00884922626458119
0.03404609140090952 0.00884922626458119
0.03404609140090952 0.00884922626458119
0.03404609140090952 0.00884922626458119
0.03404609140090952 0.00884922626458119
0.03404609140090952 0.00884922626458119
0.03404609140090952 0.00884922626458119
0.03404609140090952 0.00884922626458119
0.03404609140090952 0.00884922626458119
0.03404609140090952 0.00884922626458119
0.03404609140090952 0.00884922626458119
0.03404609140090952 0.00884922626458119
0.03404609140090952 0.00884922626458119
0.03404609140090952 0.00884922626458119
0.03404609140090952 0.00884922626458119
0.03404609140090952 0.00884922626458119
0.03404609140090952 0.00884922626458119
0.03404609140090952 0.00884922626458119
0.03404609140090952 0.00884922626458119
0.03404609140090952 0.00884922626458119
0.9754403674537834 0.008849656168730917
0.9754403674537834 0.008849656168730917
0.9754403674537834 0.008849656168730917
0.9754403674537834 0.008849656168730917
0.9754403674537834 0.008849656168730917
0.9754403674537834 0.008849656168730917
0.9754403674537834 0.008849656168730917
0.9754403674537834 0.008849656168730917
0.9754403674537834 0.008849656168730917
0.9754403674537834 0.008849656168730917
0.9754403674537834 0.008849656168730917
0.9754403674537834 0.008849656168730917
0.9754403674537834 0.008849656168730917
0.9754403674537834 0.008849656168730917
0.9754403674537834 0.008849656168730917
0.9754403674537834 0.008849656168730917
0.9754403674537834 0.008849656168730917
0.9754403674537834 0.008849656168730917
0.9754403674537834 0.008849656168730917
0.9754403674537834 0.008849656168730917
0.9754403674537834 0.008849656168730917
0.9754403674537834 0.008849656168730917
0.9754403674537834 0.008849656168730917
0.9754403674537834 0.008849656168730917
0.9754403674537834 0.008849656168730917
0.9754403674537834 0.008849656168730917
0.9754403674537834 0.008849656168730917
0.9754403674537834 0.008849656168730917
0.9754403674537834 0.008849656168730917
0.9754403674537834 0.008849656168730917
0.9754403674537834 0.008849656168730917
0.9754403674537834 0.008849656168730917
0.9754403674537834 0.008849656168730917
0.9754403674537834 0.008849656168730917
0.9754403674537834 0.008849656168730917
0.9754403674537834 0.008849656168730917
0.9754403674537834 0.008849656168730917
0.9754403674537834 0.008849656168730917
0.9754403674537834 0.008849656168730917
0.9754403674537834 0.008849656168730917
0.9754403674537834 0.008849656168730917
0.9754403674537834 0.008849656168730917
0.9754403674537834 0.008849656168730917
0.9754403674537834 0.008849656168730917
0.9754403674537834 0.008849656168730917
0.9754403674537834 0.008849656168730917
0.9754403674537834 0.008849656168730917
0.9754403674537834 0.008849656168730917
0.9754403674537834 0.008849656168730917
0.9754403674537834 0.008849656168730917
0.9754403674537834 0.008849656168730917
0.9754403674537834 0.008849656168730917
0.9754403674537834 0.008849656168730917
0.9754403674537834 0.008849656168730917
0.9754403674537834 0.008849656168730917
0.9754403674537834 0.008849656168730917
0.9754403674537834 0.008849656168730917
0.9754403674537834 0.008849656168730917
0.9754403674537834 0.008849656168730917
0.9754403674537834 0.008849656168730917
0.9754403674537834 0.008849656168730917
0.9754403674537834 0.008849656168730917
0.9754403674537834 0.008849656168730917
0.9754403674537834 0.008849656168730917
0.9754403674537834 0.008849656168730917
0.9754403674537834 0.008849656168730917
0.9754403674537834 0.008849656168730917
0.9754403674537834 0.008849656168730917
0.9754403674537834 0.008849656168730917
0.9754403674537834 0.008849656168730917
0.9754403674537834 0.008849656168730917
0.9754403674537834 0.008849656168730917
0.9754403674537834 0.008849656168730917
0.9754403674537834 0.008849656168730917
0.9754403674537834 0.008849656168730917
0.9754403674537834 0.008849656168730917
0.9754403674537834 0.008849656168730917
0.9754403674537834 0.008849656168730917
0.9754403674537834 0.008849656168730917
0.9754403674537834 0.008849656168730917
0.9754403674537834 0.008849656168730917
0.9754403674537834 0.008849656168730917
0.9754403674537834 0.008849656168730917
0.9754403674537834 0.008849656168730917
0.9754403674537834 0.008849656168730917
0.9754403674537834 0.008849656168730917
0.9754403674537834 0.008849656168730917
0.9754403674537834 0.008849656168730917
0.9754403674537834 0.008849656168730917
0.9754403674537834 0.008849656168730917
0.9754403674537834 0.008849656168730917
0.9754403674537834 0.008849656168730917
0.9754403674537834 0.008849656168730917
0.9754403674537834 0.008849656168730917
0.9754403674537834 0.008849656168730917
0.9754403674537834 0.008849656168730917
0.9754403674537834 0.008849656168730917
0.9754403674537834 0.008849656168730917
0.9754403674537834 0.008849656168730917
0.9754403674537834 0.008849656168730917
0.9754403674537834 0.008849656168730917
0.9754403674537834 0.008849656168730917
0.9754403674537834 0.008849656168730917
0.9754403674537834 0.008849656168730917
0.9754403674537834 0.008849656168730917
0.9754403674537834 0.008849656168730917
0.9754403674537834 0.008849656168730917
0.9754403674537834 0.008849656168730917
0.9754403674537834 0.008849656168730917
0.9754403674537834 0.008849656168730917
0.9754403674537834 0.008849656168730917
0.9754403674537834 0.008849656168730917
0.9754403674537834 0.008849656168730917
0.9754403674537834 0.008849656168730917
0.9754403674537834 0.008849656168730917
0.9754403674537834 0.008849656168730917
0.9754403674537834 0.008849656168730917
0.9754403674537834 0.008849656168730917
0.9754403674537834 0.008849656168730917
0.9754403674537834 0.008849656168730917
0.9754403674537834 0.008849656168730917
0.9754403674537834 0.008849656168730917
0.9754403674537834 0.008849656168730917
0.9754403674537834 0.008849656168730917
0.9754403674537834 0.008849656168730917
0.9754403674537834 0.008849656168730917
0.9754403674537834 0.008849656168730917
0.9754403674537834 0.008849656168730917
0.9754403674537834 0.008849656168730917
0.9754403674537834 0.008849656168730917
0.9754403674537834 0.008849656168730917
0.9754403674537834 0.008849656168730917
0.9754403674537834 0.008849656168730917
0.9754403674537834 0.008849656168730917
0.9754403674537834 0.008849656168730917
0.9754403674537834 0.008849656168730917
0.9754403674537834 0.008849656168730917
0.9754403674537834 0.008849656168730917
0.9754403674537834 0.008849656168730917
0.9754403674537834 0.008849656168730917
0.9754403674537834 0.008849656168730917
0.9754403674537834 0.008849656168730917
0.9754403674537834 0.008849656168730917
0.9754403674537834 0.008849656168730917
0.24512075465661312 0.008849430809060135
0.24512075465661312 0.008849430809060135
0.24512075465661312 0.008849430809060135
0.24512075465661312 0.008849430809060135
0.24512075465661312 0.008849430809060135
0.24512075465661312 0.008849430809060135
0.24512075465661312 0.008849430809060135
0.24512075465661312 0.008849430809060135
0.24512075465661312 0.008849430809060135
0.24512075465661312 0.008849430809060135
0.24512075465661312 0.008849430809060135
0.24512075465661312 0.008849430809060135
0.24512075465661312 0.008849430809060135
0.24512075465661312 0.008849430809060135
0.24512075465661312 0.008849430809060135
0.24512075465661312 0.008849430809060135
0.24512075465661312 0.008849430809060135
0.24512075465661312 0.008849430809060135
0.24512075465661312 0.008849430809060135
0.24512075465661312 0.008849430809060135
0.24512075465661312 0.008849430809060135
0.24512075465661312 0.008849430809060135
0.24512075465661312 0.008849430809060135
0.24512075465661312 0.008849430809060135
0.24512075465661312 0.008849430809060135
0.24512075465661312 0.008849430809060135
0.24512075465661312 0.008849430809060135
0.24512075465661312 0.008849430809060135
0.24512075465661312 0.008849430809060135
0.24512075465661312 0.008849430809060135
0.24512075465661312 0.008849430809060135
0.24512075465661312 0.008849430809060135
0.20389458417114414 0.008849060887354949
0.20389458417114414 0.008849060887354949
0.20389458417114414 0.008849060887354949
0.20389458417114414 0.008849060887354949
0.20389458417114414 0.008849060887354949
0.20389458417114414 0.008849060887354949
0.20389458417114414 0.008849060887354949
0.20389458417114414 0.008849060887354949
0.20389458417114414 0.008849060887354949
0.20389458417114414 0.008849060887354949
0.20389458417114414 0.008849060887354949
0.20389458417114414 0.008849060887354949
0.20389458417114414 0.008849060887354949
0.20389458417114414 0.008849060887354949
0.20389458417114414 0.008849060887354949
0.20389458417114414 0.008849060887354949
0.20389458417114414 0.008849060887354949
0.20389458417114414 0.008849060887354949
0.262256020155544 0.008849679204159362
0.262256020155544 0.008849679204159362
0.262256020155544 0.008849679204159362
0.262256020155544 0.008849679204159362
0.262256020155544 0.008849679204159362
0.262256020155544 0.008849679204159362
0.262256020155544 0.008849679204159362
0.262256020155544 0.008849679204159362
0.262256020155544 0.008849679204159362
0.262256020155544 0.008849679204159362
0.262256020155544 0.008849679204159362
0.262256020155544 0.008849679204159362
0.262256020155544 0.008849679204159362
0.262256020155544 0.008849679204159362
0.262256020155544 0.008849679204159362
0.262256020155544 0.008849679204159362
0.262256020155544 0.008849679204159362
0.262256020155544 0.008849679204159362
0.42323902650120965 0.008849569129471019
0.42323902650120965 0.008849569129471019
0.42323902650120965 0.008849569129471019
0.42323902650120965 0.008849569129471019
0.42323902650120965 0.008849569129471019
0.42323902650120965 0.008849569129471019
0.42323902650120965 0.008849569129471019
0.42323902650120965 0.008849569129471019
0.42323902650120965 0.008849569129471019
0.42323902650120965 0.008849569129471019
0.42323902650120965 0.008849569129471019
0.42323902650120965 0.008849569129471019
0.42323902650120965 0.008849569129471019
0.42323902650120965 0.008849569129471019
0.42323902650120965 0.008849569129471019
0.42323902650120965 0.008849569129471019
0.42323902650120965 0.008849569129471019
0.42323902650120965 0.008849569129471019
0.42323902650120965 0.008849569129471019
0.42323902650120965 0.008849569129471019
0.42323902650120965 0.008849569129471019
0.42323902650120965 0.008849569129471019
0.42323902650120965 0.008849569129471019
0.42323902650120965 0.008849569129471019
0.42323902650120965 0.008849569129471019
0.42323902650120965 0.008849569129471019
0.42323902650120965 0.008849569129471019
0.42323902650120965 0.008849569129471019
0.42323902650120965 0.008849569129471019
0.42323902650120965 0.008849569129471019
0.42323902650120965 0.008849569129471019
0.42323902650120965 0.008849569129471019
0.18956716913839938 0.008849738679326393
0.18956716913839938 0.008849738679326393
0.18956716913839938 0.008849738679326393
0.18956716913839938 0.008849738679326393
0.18956716913839938 0.008849738679326393
0.18956716913839938 0.008849738679326393
0.18956716913839938 0.008849738679326393
0.18956716913839938 0.008849738679326393
0.18956716913839938 0.008849738679326393
0.18956716913839938 0.008849738679326393
0.18956716913839938 0.008849738679326393
0.18956716913839938 0.008849738679326393
0.18956716913839938 0.008849738679326393
0.18956716913839938 0.008849738679326393
0.18956716913839938 0.008849738679326393
0.18956716913839938 0.008849738679326393
0.18956716913839938 0.008849738679326393
0.18956716913839938 0.008849738679326393
0.18956716913839938 0.008849738679326393
0.18956716913839938 0.008849738679326393
0.18956716913839938 0.008849738679326393
0.18956716913839938 0.008849738679326393
0.18956716913839938 0.008849738679326393
0.18956716913839938 0.008849738679326393
0.18956716913839938 0.008849738679326393
0.18956716913839938 0.008849738679326393
0.18956716913839938 0.008849738679326393
0.18956716913839938 0.008849738679326393
0.18956716913839938 0.008849738679326393
0.18956716913839938 0.008849738679326393
0.18956716913839938 0.008849738679326393
0.18956716913839938 0.008849738679326393
0.08231002941546445 0.008849502264279949
0.08231002941546445 0.008849502264279949
0.08231002941546445 0.008849502264279949
0.08231002941546445 0.008849502264279949
0.08231002941546445 0.008849502264279949
0.08231002941546445 0.008849502264279949
0.08231002941546445 0.008849502264279949
0.08231002941546445 0.008849502264279949
0.08231002941546445 0.008849502264279949
0.08231002941546445 0.008849502264279949
0.08231002941546445 0.008849502264279949
0.08231002941546445 0.008849502264279949
0.08231002941546445 0.008849502264279949
0.08231002941546445 0.008849502264279949
0.08231002941546445 0.008849502264279949
0.08231002941546445 0.008849502264279949
0.08231002941546445 0.008849502264279949
0.08231002941546445 0.008849502264279949
0.08231002941546445 0.008849502264279949
0.08231002941546445 0.008849502264279949
0.08231002941546445 0.008849502264279949
0.08231002941546445 0.008849502264279949
0.08231002941546445 0.008849502264279949
0.08231002941546445 0.008849502264279949
0.08231002941546445 0.008849502264279949
0.08231002941546445 0.008849502264279949
0.08231002941546445 0.008849502264279949
0.08231002941546445 0.008849502264279949
0.08231002941546445 0.008849502264279949
0.08231002941546445 0.008849502264279949
0.08231002941546445 0.008849502264279949
0.08231002941546445 0.008849502264279949
0.34581900974858903 0.00884965025282042
0.34581900974858903 0.00884965025282042
0.34581900974858903 0.00884965025282042
0.34581900974858903 0.00884965025282042
0.34581900974858903 0.00884965025282042
0.34581900974858903 0.00884965025282042
0.34581900974858903 0.00884965025282042
0.34581900974858903 0.00884965025282042
0.34581900974858903 0.00884965025282042
0.34581900974858903 0.00884965025282042
0.34581900974858903 0.00884965025282042
0.34581900974858903 0.00884965025282042
0.34581900974858903 0.00884965025282042
0.34581900974858903 0.00884965025282042
0.34581900974858903 0.00884965025282042
0.34581900974858903 0.00884965025282042
0.34581900974858903 0.00884965025282042
0.34581900974858903 0.00884965025282042
0.30224213035259306 0.00884959648966373
0.30224213035259306 0.00884959648966373
0.30224213035259306 0.00884959648966373
0.30224213035259306 0.00884959648966373
0.30224213035259306 0.00884959648966373
0.30224213035259306 0.00884959648966373
0.30224213035259306 0.00884959648966373
0.30224213035259306 0.00884959648966373
0.30224213035259306 0.00884959648966373
0.30224213035259306 0.00884959648966373
0.30224213035259306 0.00884959648966373
0.30224213035259306 0.00884959648966373
0.30224213035259306 0.00884959648966373
0.30224213035259306 0.00884959648966373
0.30224213035259306 0.00884959648966373
0.30224213035259306 0.00884959648966373
0.30224213035259306 0.00884959648966373
0.30224213035259306 0.00884959648966373
0.30224213035259306 0.00884959648966373
0.30224213035259306 0.00884959648966373
0.30224213035259306 0.00884959648966373
0.30224213035259306 0.00884959648966373
0.30224213035259306 0.00884959648966373
0.30224213035259306 0.00884959648966373
0.30224213035259306 0.00884959648966373
0.30224213035259306 0.00884959648966373
0.30224213035259306 0.00884959648966373
0.30224213035259306 0.00884959648966373
0.30224213035259306 0.00884959648966373
0.30224213035259306 0.00884959648966373
0.30224213035259306 0.00884959648966373
0.30224213035259306 0.00884959648966373
0.32569458445905075 0.008849417801460431
0.32569458445905075 0.008849417801460431
0.32569458445905075 0.008849417801460431
0.32569458445905075 0.008849417801460431
0.32569458445905075 0.008849417801460431
0.32569458445905075 0.008849417801460431
0.32569458445905075 0.008849417801460431
0.32569458445905075 0.008849417801460431
0.32569458445905075 0.008849417801460431
0.32569458445905075 0.008849417801460431
0.32569458445905075 0.008849417801460431
0.32569458445905075 0.008849417801460431
0.32569458445905075 0.008849417801460431
0.32569458445905075 0.008849417801460431
0.32569458445905075 0.008849417801460431
0.32569458445905075 0.008849417801460431
0.32569458445905075 0.008849417801460431
0.32569458445905075 0.008849417801460431
0.32569458445905075 0.008849417801460431
0.32569458445905075 0.008849417801460431
0.32569458445905075 0.008849417801460431
0.32569458445905075 0.008849417801460431
0.32569458445905075 0.008849417801460431
0.32569458445905075 0.008849417801460431
0.32569458445905075 0.008849417801460431
0.32569458445905075 0.008849417801460431
0.32569458445905075 0.008849417801460431
0.32569458445905075 0.008849417801460431
0.32569458445905075 0.008849417801460431
0.32569458445905075 0.008849417801460431
0.32569458445905075 0.008849417801460431
0.32569458445905075 0.008849417801460431
0.2104465424853279 0.008849767673809279
0.2104465424853279 0.008849767673809279
0.2104465424853279 0.008849767673809279
0.2104465424853279 0.008849767673809279
0.2104465424853279 0.008849767673809279
0.2104465424853279 0.008849767673809279
0.2104465424853279 0.008849767673809279
0.2104465424853279 0.008849767673809279
0.2104465424853279 0.008849767673809279
0.2104465424853279 0.008849767673809279
0.2104465424853279 0.008849767673809279
0.2104465424853279 0.008849767673809279
0.2104465424853279 0.008849767673809279
0.2104465424853279 0.008849767673809279
0.2104465424853279 0.008849767673809279
0.2104465424853279 0.008849767673809279
0.2104465424853279 0.008849767673809279
0.2104465424853279 0.008849767673809279
0.5326962268257455 0.008849194558324112
0.5326962268257455 0.008849194558324112
0.5326962268257455 0.008849194558324112
0.5326962268257455 0.008849194558324112
0.5326962268257455 0.008849194558324112
0.5326962268257455 0.008849194558324112
0.5326962268257455 0.008849194558324112
0.5326962268257455 0.008849194558324112
0.5326962268257455 0.008849194558324112
0.5326962268257455 0.008849194558324112
0.5326962268257455 0.008849194558324112
0.5326962268257455 0.008849194558324112
0.5326962268257455 0.008849194558324112
0.5326962268257455 0.008849194558324112
0.5326962268257455 0.008849194558324112
0.5326962268257455 0.008849194558324112
0.5326962268257455 0.008849194558324112
0.5326962268257455 0.008849194558324112
0.5326962268257455 0.008849194558324112
0.5326962268257455 0.008849194558324112
0.5326962268257455 0.008849194558324112
0.5326962268257455 0.008849194558324112
0.5326962268257455 0.008849194558324112
0.5326962268257455 0.008849194558324112
0.5326962268257455 0.008849194558324112
0.5326962268257455 0.008849194558324112
0.5326962268257455 0.008849194558324112
0.5326962268257455 0.008849194558324112
0.5326962268257455 0.008849194558324112
0.5326962268257455 0.008849194558324112
0.5326962268257455 0.008849194558324112
0.5326962268257455 0.008849194558324112
0.5798069249495349 0.008848968638853165
0.5798069249495349 0.008848968638853165
0.5798069249495349 0.008848968638853165
0.5798069249495349 0.008848968638853165
0.5798069249495349 0.008848968638853165
0.5798069249495349 0.008848968638853165
0.5798069249495349 0.008848968638853165
0.5798069249495349 0.008848968638853165
0.5798069249495349 0.008848968638853165
0.5798069249495349 0.008848968638853165
0.5798069249495349 0.008848968638853165
0.5798069249495349 0.008848968638853165
0.5798069249495349 0.008848968638853165
0.5798069249495349 0.008848968638853165
0.5798069249495349 0.008848968638853165
0.5798069249495349 0.008848968638853165
0.5798069249495349 0.008848968638853165
0.5798069249495349 0.008848968638853165
0.5798069249495349 0.008848968638853165
0.5798069249495349 0.008848968638853165
0.5798069249495349 0.008848968638853165
0.5798069249495349 0.008848968638853165
0.5798069249495349 0.008848968638853165
0.5798069249495349 0.008848968638853165
0.5798069249495349 0.008848968638853165
0.5798069249495349 0.008848968638853165
0.5798069249495349 0.008848968638853165
0.5798069249495349 0.008848968638853165
0.5798069249495349 0.008848968638853165
0.5798069249495349 0.008848968638853165
0.5798069249495349 0.008848968638853165
0.5798069249495349 0.008848968638853165
0.3301336962613081 0.008849382865991589
0.3301336962613081 0.008849382865991589
0.3301336962613081 0.008849382865991589
0.3301336962613081 0.008849382865991589
0.3301336962613081 0.008849382865991589
0.3301336962613081 0.008849382865991589
0.3301336962613081 0.008849382865991589
0.3301336962613081 0.008849382865991589
0.3301336962613081 0.008849382865991589
0.3301336962613081 0.008849382865991589
0.3301336962613081 0.008849382865991589
0.3301336962613081 0.008849382865991589
0.3301336962613081 0.008849382865991589
0.3301336962613081 0.008849382865991589
0.3301336962613081 0.008849382865991589
0.3301336962613081 0.008849382865991589
0.3301336962613081 0.008849382865991589
0.3301336962613081 0.008849382865991589
0.5699756073441672 0.008849060887354949
0.5699756073441672 0.008849060887354949
0.5699756073441672 0.008849060887354949
0.5699756073441672 0.008849060887354949
0.5699756073441672 0.008849060887354949
0.5699756073441672 0.008849060887354949
0.5699756073441672 0.008849060887354949
0.5699756073441672 0.008849060887354949
0.5699756073441672 0.008849060887354949
0.5699756073441672 0.008849060887354949
0.5699756073441672 0.008849060887354949
0.5699756073441672 0.008849060887354949
0.5699756073441672 0.008849060887354949
0.5699756073441672 0.008849060887354949
0.5699756073441672 0.008849060887354949
0.5699756073441672 0.008849060887354949
0.5699756073441672 0.008849060887354949
0.5699756073441672 0.008849060887354949
0.5699756073441672 0.008849060887354949
0.5699756073441672 0.008849060887354949
0.5699756073441672 0.008849060887354949
0.5699756073441672 0.008849060887354949
0.5699756073441672 0.008849060887354949
0.5699756073441672 0.008849060887354949
0.5699756073441672 0.008849060887354949
0.5699756073441672 0.008849060887354949
0.5699756073441672 0.008849060887354949
0.5699756073441672 0.008849060887354949
0.5699756073441672 0.008849060887354949
0.5699756073441672 0.008849060887354949
0.5699756073441672 0.008849060887354949
0.5699756073441672 0.008849060887354949
0.6658542225222016 0.008849509535454974
0.6658542225222016 0.008849509535454974
0.6658542225222016 0.008849509535454974
0.6658542225222016 0.008849509535454974
0.6658542225222016 0.008849509535454974
0.6658542225222016 0.008849509535454974
0.6658542225222016 0.008849509535454974
0.6658542225222016 0.008849509535454974
0.6658542225222016 0.008849509535454974
0.6658542225222016 0.008849509535454974
0.6658542225222016 0.008849509535454974
0.6658542225222016 0.008849509535454974
0.6658542225222016 0.008849509535454974
0.6658542225222016 0.008849509535454974
0.6658542225222016 0.008849509535454974
0.6658542225222016 0.008849509535454974
0.6658542225222016 0.008849509535454974
0.6658542225222016 0.008849509535454974
0.6658542225222016 0.008849509535454974
0.6658542225222016 0.008849509535454974
0.6658542225222016 0.008849509535454974
0.6658542225222016 0.008849509535454974
0.6658542225222016 0.008849509535454974
0.6658542225222016 0.008849509535454974
0.6658542225222016 0.008849509535454974
0.6658542225222016 0.008849509535454974
0.6658542225222016 0.008849509535454974
0.6658542225222016 0.008849509535454974
0.6658542225222016 0.008849509535454974
0.6658542225222016 0.008849509535454974
0.6658542225222016 0.008849509535454974
0.6658542225222016 0.008849509535454974
0.5103387897459195 0.008849779988720776
0.5103387897459195 0.008849779988720776
0.5103387897459195 0.008849779988720776
0.5103387897459195 0.008849779988720776
0.5103387897459195 0.008849779988720776
0.5103387897459195 0.008849779988720776
0.5103387897459195 0.008849779988720776
0.5103387897459195 0.008849779988720776
0.5103387897459195 0.008849779988720776
0.5103387897459195 0.008849779988720776
0.5103387897459195 0.008849779988720776
0.5103387897459195 0.008849779988720776
0.5103387897459195 0.008849779988720776
0.5103387897459195 0.008849779988720776
0.5103387897459195 0.008849779988720776
0.5103387897459195 0.008849779988720776
0.5103387897459195 0.008849779988720776
0.5103387897459195 0.008849779988720776
0.731651948733355 0.008850141160892978
0.731651948733355 0.008850141160892978
0.731651948733355 0.008850141160892978
0.731651948733355 0.008850141160892978
0.731651948733355 0.008850141160892978
0.731651948733355 0.008850141160892978
0.731651948733355 0.008850141160892978
0.731651948733355 0.008850141160892978
0.731651948733355 0.008850141160892978
0.731651948733355 0.008850141160892978
0.731651948733355 0.008850141160892978
0.731651948733355 0.008850141160892978
0.731651948733355 0.008850141160892978
0.731651948733355 0.008850141160892978
0.731651948733355 0.008850141160892978
0.731651948733355 0.008850141160892978
0.731651948733355 0.008850141160892978
0.731651948733355 0.008850141160892978
0.731651948733355 0.008850141160892978
0.731651948733355 0.008850141160892978
0.731651948733355 0.008850141160892978
0.731651948733355 0.008850141160892978
0.731651948733355 0.008850141160892978
0.731651948733355 0.008850141160892978
0.731651948733355 0.008850141160892978
0.731651948733355 0.008850141160892978
0.731651948733355 0.008850141160892978
0.731651948733355 0.008850141160892978
0.731651948733355 0.008850141160892978
0.731651948733355 0.008850141160892978
0.731651948733355 0.008850141160892978
0.731651948733355 0.008850141160892978
0.731651948733355 0.008850141160892978
0.731651948733355 0.008850141160892978
0.731651948733355 0.008850141160892978
0.731651948733355 0.008850141160892978
0.731651948733355 0.008850141160892978
0.731651948733355 0.008850141160892978
0.731651948733355 0.008850141160892978
0.731651948733355 0.008850141160892978
0.731651948733355 0.008850141160892978
0.731651948733355 0.008850141160892978
0.731651948733355 0.008850141160892978
0.731651948733355 0.008850141160892978
0.731651948733355 0.008850141160892978
0.731651948733355 0.008850141160892978
0.731651948733355 0.008850141160892978
0.731651948733355 0.008850141160892978
0.731651948733355 0.008850141160892978
0.731651948733355 0.008850141160892978
0.731651948733355 0.008850141160892978
0.731651948733355 0.008850141160892978
0.731651948733355 0.008850141160892978
0.731651948733355 0.008850141160892978
0.731651948733355 0.008850141160892978
0.731651948733355 0.008850141160892978
0.731651948733355 0.008850141160892978
0.731651948733355 0.008850141160892978
0.731651948733355 0.008850141160892978
0.731651948733355 0.008850141160892978
0.731651948733355 0.008850141160892978
0.731651948733355 0.008850141160892978
0.731651948733355 0.008850141160892978
0.731651948733355 0.008850141160892978
0.2134011899310603 0.008849409766532201
0.2134011899310603 0.008849409766532201
0.2134011899310603 0.008849409766532201
0.2134011899310603 0.008849409766532201
0.2134011899310603 0.008849409766532201
0.2134011899310603 0.008849409766532201
0.2134011899310603 0.008849409766532201
0.2134011899310603 0.008849409766532201
0.2134011899310603 0.008849409766532201
0.2134011899310603 0.008849409766532201
0.2134011899310603 0.008849409766532201
0.2134011899310603 0.008849409766532201
0.2134011899310603 0.008849409766532201
0.2134011899310603 0.008849409766532201
0.2134011899310603 0.008849409766532201
0.2134011899310603 0.008849409766532201
0.2134011899310603 0.008849409766532201
0.2134011899310603 0.008849409766532201
0.718823488633758 0.008849430809060135
0.718823488633758 0.008849430809060135
0.718823488633758 0.008849430809060135
0.718823488633758 0.008849430809060135
0.718823488633758 0.008849430809060135
0.718823488633758 0.008849430809060135
0.718823488633758 0.008849430809060135
0.718823488633758 0.008849430809060135
0.718823488633758 0.008849430809060135
0.718823488633758 0.008849430809060135
0.718823488633758 0.008849430809060135
0.718823488633758 0.008849430809060135
0.718823488633758 0.008849430809060135
0.718823488633758 0.008849430809060135
0.718823488633758 0.008849430809060135
0.718823488633758 0.008849430809060135
0.718823488633758 0.008849430809060135
0.718823488633758 0.008849430809060135
0.11785302600668285 0.008849679204159362
0.11785302600668285 0.008849679204159362
0.11785302600668285 0.008849679204159362
0.11785302600668285 0.008849679204159362
0.11785302600668285 0.008849679204159362
0.11785302600668285 0.008849679204159362
0.11785302600668285 0.008849679204159362
0.11785302600668285 0.008849679204159362
0.11785302600668285 0.008849679204159362
0.11785302600668285 0.008849679204159362
0.11785302600668285 0.008849679204159362
0.11785302600668285 0.008849679204159362
0.11785302600668285 0.008849679204159362
0.11785302600668285 0.008849679204159362
0.11785302600668285 0.008849679204159362
0.11785302600668285 0.008849679204159362
0.11785302600668285 0.008849679204159362
0.11785302600668285 0.008849679204159362
0.11785302600668285 0.008849679204159362
0.11785302600668285 0.008849679204159362
0.11785302600668285 0.008849679204159362
0.11785302600668285 0.008849679204159362
0.11785302600668285 0.008849679204159362
0.11785302600668285 0.008849679204159362
0.11785302600668285 0.008849679204159362
0.11785302600668285 0.008849679204159362
0.11785302600668285 0.008849679204159362
0.11785302600668285 0.008849679204159362
0.11785302600668285 0.008849679204159362
0.11785302600668285 0.008849679204159362
0.11785302600668285 0.008849679204159362
0.11785302600668285 0.008849679204159362
0.23823695977913328 0.008849415598578448
0.23823695977913328 0.008849415598578448
0.23823695977913328 0.008849415598578448
0.23823695977913328 0.008849415598578448
0.23823695977913328 0.008849415598578448
0.23823695977913328 0.008849415598578448
0.23823695977913328 0.008849415598578448
0.23823695977913328 0.008849415598578448
0.23823695977913328 0.008849415598578448
0.23823695977913328 0.008849415598578448
0.23823695977913328 0.008849415598578448
0.23823695977913328 0.008849415598578448
0.23823695977913328 0.008849415598578448
0.23823695977913328 0.008849415598578448
0.23823695977913328 0.008849415598578448
0.23823695977913328 0.008849415598578448
0.23823695977913328 0.008849415598578448
0.23823695977913328 0.008849415598578448
0.23823695977913328 0.008849415598578448
0.23823695977913328 0.008849415598578448
0.23823695977913328 0.008849415598578448
0.23823695977913328 0.008849415598578448
0.23823695977913328 0.008849415598578448
0.23823695977913328 0.008849415598578448
0.23823695977913328 0.008849415598578448
0.23823695977913328 0.008849415598578448
0.23823695977913328 0.008849415598578448
0.23823695977913328 0.008849415598578448
0.23823695977913328 0.008849415598578448
0.23823695977913328 0.008849415598578448
0.23823695977913328 0.008849415598578448
0.23823695977913328 0.008849415598578448
0.30696784984563397 0.008849620318735348
0.30696784984563397 0.008849620318735348
0.30696784984563397 0.008849620318735348
0.30696784984563397 0.008849620318735348
0.30696784984563397 0.008849620318735348
0.30696784984563397 0.008849620318735348
0.30696784984563397 0.008849620318735348
0.30696784984563397 0.008849620318735348
0.30696784984563397 0.008849620318735348
0.30696784984563397 0.008849620318735348
0.30696784984563397 0.008849620318735348
0.30696784984563397 0.008849620318735348
0.30696784984563397 0.008849620318735348
0.30696784984563397 0.008849620318735348
0.30696784984563397 0.008849620318735348
0.30696784984563397 0.008849620318735348
0.30696784984563397 0.008849620318735348
0.30696784984563397 0.008849620318735348
0.4366841545172268 0.008849890350802213
0.4366841545172268 0.008849890350802213
0.4366841545172268 0.008849890350802213
0.4366841545172268 0.008849890350802213
0.4366841545172268 0.008849890350802213
0.4366841545172268 0.008849890350802213
0.4366841545172268 0.008849890350802213
0.4366841545172268 0.008849890350802213
0.4366841545172268 0.008849890350802213
0.4366841545172268 0.008849890350802213
0.4366841545172268 0.008849890350802213
0.4366841545172268 0.008849890350802213
0.4366841545172268 0.008849890350802213
0.4366841545172268 0.008849890350802213
0.4366841545172268 0.008849890350802213
0.4366841545172268 0.008849890350802213
0.4366841545172268 0.008849890350802213
0.4366841545172268 0.008849890350802213
0.30528664039345654 0.008850041384407412
0.30528664039345654 0.008850041384407412
0.30528664039345654 0.008850041384407412
0.30528664039345654 0.008850041384407412
0.30528664039345654 0.008850041384407412
0.30528664039345654 0.008850041384407412
0.30528664039345654 0.008850041384407412
0.30528664039345654 0.008850041384407412
0.30528664039345654 0.008850041384407412
0.30528664039345654 0.008850041384407412
0.30528664039345654 0.008850041384407412
0.30528664039345654 0.008850041384407412
0.30528664039345654 0.008850041384407412
0.30528664039345654 0.008850041384407412
0.30528664039345654 0.008850041384407412
0.30528664039345654 0.008850041384407412
0.30528664039345654 0.008850041384407412
0.30528664039345654 0.008850041384407412
0.34581900974858903 0.00884965025282042
0.34581900974858903 0.00884965025282042
0.34581900974858903 0.00884965025282042
0.34581900974858903 0.00884965025282042
0.34581900974858903 0.00884965025282042
0.34581900974858903 0.00884965025282042
0.34581900974858903 0.00884965025282042
0.34581900974858903 0.00884965025282042
0.34581900974858903 0.00884965025282042
0.34581900974858903 0.00884965025282042
0.34581900974858903 0.00884965025282042
0.34581900974858903 0.00884965025282042
0.34581900974858903 0.00884965025282042
0.34581900974858903 0.00884965025282042
0.34581900974858903 0.00884965025282042
0.34581900974858903 0.00884965025282042
0.34581900974858903 0.00884965025282042
0.34581900974858903 0.00884965025282042
0.20389458417114414 0.008849060887354949
0.20389458417114414 0.008849060887354949
0.20389458417114414 0.008849060887354949
0.20389458417114414 0.008849060887354949
0.20389458417114414 0.008849060887354949
0.20389458417114414 0.008849060887354949
0.20389458417114414 0.008849060887354949
0.20389458417114414 0.008849060887354949
0.20389458417114414 0.008849060887354949
0.20389458417114414 0.008849060887354949
0.20389458417114414 0.008849060887354949
0.20389458417114414 0.008849060887354949
0.20389458417114414 0.008849060887354949
0.20389458417114414 0.008849060887354949
0.20389458417114414 0.008849060887354949
0.20389458417114414 0.008849060887354949
0.20389458417114414 0.008849060887354949
0.20389458417114414 0.008849060887354949
0.20855862354658078 0.008849450314694727
0.20855862354658078 0.008849450314694727
0.20855862354658078 0.008849450314694727
0.20855862354658078 0.008849450314694727
0.20855862354658078 0.008849450314694727
0.20855862354658078 0.008849450314694727
0.20855862354658078 0.008849450314694727
0.20855862354658078 0.008849450314694727
0.20855862354658078 0.008849450314694727
0.20855862354658078 0.008849450314694727
0.20855862354658078 0.008849450314694727
0.20855862354658078 0.008849450314694727
0.20855862354658078 0.008849450314694727
0.20855862354658078 0.008849450314694727
0.20855862354658078 0.008849450314694727
0.20855862354658078 0.008849450314694727
0.20855862354658078 0.008849450314694727
0.20855862354658078 0.008849450314694727
0.3996703098741699 0.008850041384407412
0.3996703098741699 0.008850041384407412
0.3996703098741699 0.008850041384407412
0.3996703098741699 0.008850041384407412
0.3996703098741699 0.008850041384407412
0.3996703098741699 0.008850041384407412
0.3996703098741699 0.008850041384407412
0.3996703098741699 0.008850041384407412
0.3996703098741699 0.008850041384407412
0.3996703098741699 0.008850041384407412
0.3996703098741699 0.008850041384407412
0.3996703098741699 0.008850041384407412
0.3996703098741699 0.008850041384407412
0.3996703098741699 0.008850041384407412
0.3996703098741699 0.008850041384407412
0.3996703098741699 0.008850041384407412
0.3996703098741699 0.008850041384407412
0.3996703098741699 0.008850041384407412
0.3996703098741699 0.008850041384407412
0.3996703098741699 0.008850041384407412
0.3996703098741699 0.008850041384407412
0.3996703098741699 0.008850041384407412
0.3996703098741699 0.008850041384407412
0.3996703098741699 0.008850041384407412
0.3996703098741699 0.008850041384407412
0.3996703098741699 0.008850041384407412
0.3996703098741699 0.008850041384407412
0.3996703098741699 0.008850041384407412
0.3996703098741699 0.008850041384407412
0.3996703098741699 0.008850041384407412
0.3996703098741699 0.008850041384407412
0.3996703098741699 0.008850041384407412
0.06614782772618888 0.008849413215887126
0.06614782772618888 0.008849413215887126
0.06614782772618888 0.008849413215887126
0.06614782772618888 0.008849413215887126
0.06614782772618888 0.008849413215887126
0.06614782772618888 0.008849413215887126
0.06614782772618888 0.008849413215887126
0.06614782772618888 0.008849413215887126
0.06614782772618888 0.008849413215887126
0.06614782772618888 0.008849413215887126
0.06614782772618888 0.008849413215887126
0.06614782772618888 0.008849413215887126
0.06614782772618888 0.008849413215887126
0.06614782772618888 0.008849413215887126
0.06614782772618888 0.008849413215887126
0.06614782772618888 0.008849413215887126
0.06614782772618888 0.008849413215887126
0.06614782772618888 0.008849413215887126
0.06614782772618888 0.008849413215887126
0.06614782772618888 0.008849413215887126
0.06614782772618888 0.008849413215887126
0.06614782772618888 0.008849413215887126
0.06614782772618888 0.008849413215887126
0.06614782772618888 0.008849413215887126
0.06614782772618888 0.008849413215887126
0.06614782772618888 0.008849413215887126
0.06614782772618888 0.008849413215887126
0.06614782772618888 0.008849413215887126
0.06614782772618888 0.008849413215887126
0.06614782772618888 0.008849413215887126
0.06614782772618888 0.008849413215887126
0.06614782772618888 0.008849413215887126
0.19585190693463844 0.008849698200286396
0.19585190693463844 0.008849698200286396
0.19585190693463844 0.008849698200286396
0.19585190693463844 0.008849698200286396
0.19585190693463844 0.008849698200286396
0.19585190693463844 0.008849698200286396
0.19585190693463844 0.008849698200286396
0.19585190693463844 0.008849698200286396
0.19585190693463844 0.008849698200286396
0.19585190693463844 0.008849698200286396
0.19585190693463844 0.008849698200286396
0.19585190693463844 0.008849698200286396
0.19585190693463844 0.008849698200286396
0.19585190693463844 0.008849698200286396
0.19585190693463844 0.008849698200286396
0.19585190693463844 0.008849698200286396
0.19585190693463844 0.008849698200286396
0.19585190693463844 0.008849698200286396
0.19585190693463844 0.008849698200286396
0.19585190693463844 0.008849698200286396
0.19585190693463844 0.008849698200286396
0.19585190693463844 0.008849698200286396
0.19585190693463844 0.008849698200286396
0.19585190693463844 0.008849698200286396
0.19585190693463844 0.008849698200286396
0.19585190693463844 0.008849698200286396
0.19585190693463844 0.008849698200286396
0.19585190693463844 0.008849698200286396
0.19585190693463844 0.008849698200286396
0.19585190693463844 0.008849698200286396
0.19585190693463844 0.008849698200286396
0.19585190693463844 0.008849698200286396
0.5798069249495349 0.008849968549369527
0.5798069249495349 0.008849968549369527
0.5798069249495349 0.008849968549369527
0.5798069249495349 0.008849968549369527
0.5798069249495349 0.008849968549369527
0.5798069249495349 0.008849968549369527
0.5798069249495349 0.008849968549369527
0.5798069249495349 0.008849968549369527
0.5798069249495349 0.008849968549369527
0.5798069249495349 0.008849968549369527
0.5798069249495349 0.008849968549369527
0.5798069249495349 0.008849968549369527
0.5798069249495349 0.008849968549369527
0.5798069249495349 0.008849968549369527
0.5798069249495349 0.008849968549369527
0.5798069249495349 0.008849968549369527
0.5798069249495349 0.008849968549369527
0.5798069249495349 0.008849968549369527
0.5798069249495349 0.008849968549369527
0.5798069249495349 0.008849968549369527
0.5798069249495349 0.008849968549369527
0.5798069249495349 0.008849968549369527
0.5798069249495349 0.008849968549369527
0.5798069249495349 0.008849968549369527
0.5798069249495349 0.008849968549369527
0.5798069249495349 0.008849968549369527
0.5798069249495349 0.008849968549369527
0.5798069249495349 0.008849968549369527
0.5798069249495349 0.008849968549369527
0.5798069249495349 0.008849968549369527
0.5798069249495349 0.008849968549369527
0.5798069249495349 0.008849968549369527
0.46328970161410593 0.008849443362272474
0.46328970161410593 0.008849443362272474
0.46328970161410593 0.008849443362272474
0.46328970161410593 0.008849443362272474
0.46328970161410593 0.008849443362272474
0.46328970161410593 0.008849443362272474
0.46328970161410593 0.008849443362272474
0.46328970161410593 0.008849443362272474
0.46328970161410593 0.008849443362272474
0.46328970161410593 0.008849443362272474
0.46328970161410593 0.008849443362272474
0.46328970161410593 0.008849443362272474
0.46328970161410593 0.008849443362272474
0.46328970161410593 0.008849443362272474
0.46328970161410593 0.008849443362272474
0.46328970161410593 0.008849443362272474
0.46328970161410593 0.008849443362272474
0.46328970161410593 0.008849443362272474
0.46328970161410593 0.008849443362272474
0.46328970161410593 0.008849443362272474
0.46328970161410593 0.008849443362272474
0.46328970161410593 0.008849443362272474
0.46328970161410593 0.008849443362272474
0.46328970161410593 0.008849443362272474
0.46328970161410593 0.008849443362272474
0.46328970161410593 0.008849443362272474
0.46328970161410593 0.008849443362272474
0.46328970161410593 0.008849443362272474
0.46328970161410593 0.008849443362272474
0.46328970161410593 0.008849443362272474
0.46328970161410593 0.008849443362272474
0.46328970161410593 0.008849443362272474
0.2617302704235126 0.008850141160892978
0.2617302704235126 0.008850141160892978
0.2617302704235126 0.008850141160892978
0.2617302704235126 0.008850141160892978
0.2617302704235126 0.008850141160892978
0.2617302704235126 0.008850141160892978
0.2617302704235126 0.008850141160892978
0.2617302704235126 0.008850141160892978
0.2617302704235126 0.008850141160892978
0.2617302704235126 0.008850141160892978
0.2617302704235126 0.008850141160892978
0.2617302704235126 0.008850141160892978
0.2617302704235126 0.008850141160892978
0.2617302704235126 0.008850141160892978
0.2617302704235126 0.008850141160892978
0.2617302704235126 0.008850141160892978
0.2617302704235126 0.008850141160892978
0.2617302704235126 0.008850141160892978
0.2617302704235126 0.008850141160892978
0.2617302704235126 0.008850141160892978
0.2617302704235126 0.008850141160892978
0.2617302704235126 0.008850141160892978
0.2617302704235126 0.008850141160892978
0.2617302704235126 0.008850141160892978
0.2617302704235126 0.008850141160892978
0.2617302704235126 0.008850141160892978
0.2617302704235126 0.008850141160892978
0.2617302704235126 0.008850141160892978
0.2617302704235126 0.008850141160892978
0.2617302704235126 0.008850141160892978
0.2617302704235126 0.008850141160892978
0.2617302704235126 0.008850141160892978
0.2617302704235126 0.008850141160892978
0.2617302704235126 0.008850141160892978
0.2617302704235126 0.008850141160892978
0.2617302704235126 0.008850141160892978
0.5699756073441672 0.008849060887354949
0.5699756073441672 0.008849060887354949
0.5699756073441672 0.008849060887354949
0.5699756073441672 0.008849060887354949
0.5699756073441672 0.008849060887354949
0.5699756073441672 0.008849060887354949
0.5699756073441672 0.008849060887354949
0.5699756073441672 0.008849060887354949
0.5699756073441672 0.008849060887354949
0.5699756073441672 0.008849060887354949
0.5699756073441672 0.008849060887354949
0.5699756073441672 0.008849060887354949
0.5699756073441672 0.008849060887354949
0.5699756073441672 0.008849060887354949
0.5699756073441672 0.008849060887354949
0.5699756073441672 0.008849060887354949
0.5699756073441672 0.008849060887354949
0.5699756073441672 0.008849060887354949
0.5699756073441672 0.008849060887354949
0.5699756073441672 0.008849060887354949
0.5699756073441672 0.008849060887354949
0.5699756073441672 0.008849060887354949
0.5699756073441672 0.008849060887354949
0.5699756073441672 0.008849060887354949
0.5699756073441672 0.008849060887354949
0.5699756073441672 0.008849060887354949
0.5699756073441672 0.008849060887354949
0.5699756073441672 0.008849060887354949
0.5699756073441672 0.008849060887354949
0.5699756073441672 0.008849060887354949
0.5699756073441672 0.008849060887354949
0.5699756073441672 0.008849060887354949
0.32569458445905075 0.008849417801460431
0.32569458445905075 0.008849417801460431
0.32569458445905075 0.008849417801460431
0.32569458445905075 0.008849417801460431
0.32569458445905075 0.008849417801460431
0.32569458445905075 0.008849417801460431
0.32569458445905075 0.008849417801460431
0.32569458445905075 0.008849417801460431
0.32569458445905075 0.008849417801460431
0.32569458445905075 0.008849417801460431
0.32569458445905075 0.008849417801460431
0.32569458445905075 0.008849417801460431
0.32569458445905075 0.008849417801460431
0.32569458445905075 0.008849417801460431
0.32569458445905075 0.008849417801460431
0.32569458445905075 0.008849417801460431
0.32569458445905075 0.008849417801460431
0.32569458445905075 0.008849417801460431
0.32569458445905075 0.008849417801460431
0.32569458445905075 0.008849417801460431
0.32569458445905075 0.008849417801460431
0.32569458445905075 0.008849417801460431
0.32569458445905075 0.008849417801460431
0.32569458445905075 0.008849417801460431
0.32569458445905075 0.008849417801460431
0.32569458445905075 0.008849417801460431
0.32569458445905075 0.008849417801460431
0.32569458445905075 0.008849417801460431
0.32569458445905075 0.008849417801460431
0.32569458445905075 0.008849417801460431
0.32569458445905075 0.008849417801460431
0.32569458445905075 0.008849417801460431
0.34514829578493667 0.008849890350802213
0.34514829578493667 0.008849890350802213
0.34514829578493667 0.008849890350802213
0.34514829578493667 0.008849890350802213
0.34514829578493667 0.008849890350802213
0.34514829578493667 0.008849890350802213
0.34514829578493667 0.008849890350802213
0.34514829578493667 0.008849890350802213
0.34514829578493667 0.008849890350802213
0.34514829578493667 0.008849890350802213
0.34514829578493667 0.008849890350802213
0.34514829578493667 0.008849890350802213
0.34514829578493667 0.008849890350802213
0.34514829578493667 0.008849890350802213
0.34514829578493667 0.008849890350802213
0.34514829578493667 0.008849890350802213
0.34514829578493667 0.008849890350802213
0.34514829578493667 0.008849890350802213
0.34514829578493667 0.008849890350802213
0.34514829578493667 0.008849890350802213
0.34514829578493667 0.008849890350802213
0.34514829578493667 0.008849890350802213
0.34514829578493667 0.008849890350802213
0.34514829578493667 0.008849890350802213
0.34514829578493667 0.008849890350802213
0.34514829578493667 0.008849890350802213
0.34514829578493667 0.008849890350802213
0.34514829578493667 0.008849890350802213
0.34514829578493667 0.008849890350802213
0.34514829578493667 0.008849890350802213
0.34514829578493667 0.008849890350802213
0.34514829578493667 0.008849890350802213
0.19398036024446086 0.008849413215887126
0.19398036024446086 0.008849413215887126
0.19398036024446086 0.008849413215887126
0.19398036024446086 0.008849413215887126
0.19398036024446086 0.008849413215887126
0.19398036024446086 0.008849413215887126
0.19398036024446086 0.008849413215887126
0.19398036024446086 0.008849413215887126
0.19398036024446086 0.008849413215887126
0.19398036024446086 0.008849413215887126
0.19398036024446086 0.008849413215887126
0.19398036024446086 0.008849413215887126
0.19398036024446086 0.008849413215887126
0.19398036024446086 0.008849413215887126
0.19398036024446086 0.008849413215887126
0.19398036024446086 0.008849413215887126
0.19398036024446086 0.008849413215887126
0.19398036024446086 0.008849413215887126
0.5882912307561453 0.008849767673809279
0.5882912307561453 0.008849767673809279
0.5882912307561453 0.008849767673809279
0.5882912307561453 0.008849767673809279
0.5882912307561453 0.008849767673809279
0.5882912307561453 0.008849767673809279
0.5882912307561453 0.008849767673809279
0.5882912307561453 0.008849767673809279
0.5882912307561453 0.008849767673809279
0.5882912307561453 0.008849767673809279
0.5882912307561453 0.008849767673809279
0.5882912307561453 0.008849767673809279
0.5882912307561453 0.008849767673809279
0.5882912307561453 0.008849767673809279
0.5882912307561453 0.008849767673809279
0.5882912307561453 0.008849767673809279
0.5882912307561453 0.008849767673809279
0.5882912307561453 0.008849767673809279
0.5882912307561453 0.008849767673809279
0.5882912307561453 0.008849767673809279
0.5882912307561453 0.008849767673809279
0.5882912307561453 0.008849767673809279
0.5882912307561453 0.008849767673809279
0.5882912307561453 0.008849767673809279
0.5882912307561453 0.008849767673809279
0.5882912307561453 0.008849767673809279
0.5882912307561453 0.008849767673809279
0.5882912307561453 0.008849767673809279
0.5882912307561453 0.008849767673809279
0.5882912307561453 0.008849767673809279
0.5882912307561453 0.008849767673809279
0.5882912307561453 0.008849767673809279