2.520508413697381e-05 5.298264613091124e-06
6.707743218662663e-06 5.306774263039e-06
1.3991024349765746e-05 5.306725632338239e-06
2.470923504747219e-05 5.298264613091124e-06
6.713353626700905e-06 5.306752451972137e-06
2.483694690378868e-05 5.3068213418846674e-06
2.2791957434605897e-05 5.306859552765855e-06
1.1816985543414693e-05 5.306795095528605e-06
5.405096529325945e-05 5.311282462263338e-06
6.718246826523781e-06 5.306756221156953e-06
1.0212647654485324e-05 5.3069297576785134e-06
3.2817943644353232e-06 5.332358979970732e-06
6.766424253144624e-06 5.306765190397623e-06
3.2999956768121324e-06 5.306751405647591e-06
9.989386385221743e-06 5.3082088034310094e-06
2.8494973800458607e-05 5.298264613091124e-06
5.551537591069295e-06 5.306794686629824e-06
5.221670702455589e-06 5.3067446614696125e-06
5.257969351885239e-06 5.306727726695675e-06
6.578212109012361e-06 5.306689729425302e-06
1.5082383811595401e-05 5.3067275547317485e-06
5.405999821772535e-06 5.3067127747958056e-06
1.1644842749245705e-05 5.306868352954243e-06
9.074840106080369e-05 5.298264613091124e-06
8.10416718448586e-06 5.306760680111863e-06
7.021253929353124e-06 5.332358979970732e-06
6.807541603704627e-06 5.306742181052493e-06
0.002465389412811243 5.298264613091124e-06
2.5170154508477062e-05 5.3067861937394445e-06
9.32758320919064e-05 5.311282462263338e-06
5.764580431954555e-05 5.325113927008815e-06
6.597034686540308e-06 5.306774263039e-06
7.215334676187476e-06 5.306755519876815e-06
4.0971321877423965e-06 5.332358979970732e-06
3.430711403232474e-06 5.3082088034310094e-06
2.411330742218257e-06 5.311282462263338e-06
2.221785823603639e-05 5.325113927008815e-06
4.011752091451643e-06 5.306630956716553e-06
2.9486802493715667e-05 5.325113927008815e-06
1.806911713327217e-05 5.298264613091124e-06
3.9641217772307695e-06 5.30664687414104e-06
4.372634163326344e-06 5.306760827107429e-06
5.473875892701099e-05 5.332358979970732e-06
3.995620133070203e-05 5.3133034982078824e-06
7.547920687951971e-05 5.287486393884022e-06
3.418310451009901e-05 5.306552039958775e-06
4.346109806289446e-06 5.30675841151299e-06
4.541483835379037e-06 5.306747508617138e-06
4.478314143473402e-05 5.287486393884022e-06
6.804644120105649e-06 5.3067464356697705e-06