0.0076555206249404595 9.006902405016151e-06
0.0076555206249404595 9.006902405016151e-06
0.0076555206249404595 9.006902405016151e-06
0.0076555206249404595 9.006902405016151e-06
0.0076555206249404595 9.006902405016151e-06
0.0076555206249404595 9.006902405016151e-06
0.006058181125343172 9.006902405016151e-06
0.006058181125343172 9.006902405016151e-06
0.006058181125343172 9.006902405016151e-06
0.006058181125343172 9.006902405016151e-06
0.006058181125343172 9.006902405016151e-06
0.006058181125343172 9.006902405016151e-06
0.006058181125343172 9.006902405016151e-06
0.006058181125343172 9.006902405016151e-06
0.006058181125343172 9.006902405016151e-06
0.006058181125343172 9.006902405016151e-06
0.007053097421774186 9.006902405016151e-06
0.007053097421774186 9.006902405016151e-06
0.007053097421774186 9.006902405016151e-06
0.007053097421774186 9.006902405016151e-06
0.007053097421774186 9.006902405016151e-06
0.007053097421774186 9.006902405016151e-06
0.0021987234447937505 9.006902405016151e-06
0.00248070877393541 9.006902405016151e-06
0.00248070877393541 9.006902405016151e-06
7.621225111936744e-06 9.006902405016151e-06
0.002251379181930768 9.006902405016151e-06
0.0031960646764876543 9.006902405016151e-06
0.0031960646764876543 9.006902405016151e-06
0.0031960646764876543 9.006902405016151e-06
0.010636458901677536 9.006902405016151e-06
0.010636458901677536 9.006902405016151e-06
0.010636458901677536 9.006902405016151e-06
0.010636458901677536 9.006902405016151e-06
0.010636458901677536 9.006902405016151e-06
0.010636458901677536 9.006902405016151e-06
0.010636458901677536 9.006902405016151e-06
0.010636458901677536 9.006902405016151e-06
0.010636458901677536 9.006902405016151e-06
0.002553456831822079 9.006902405016151e-06
0.003017312305680411 9.006902405016151e-06
0.005145712627850381 9.006902405016151e-06
0.005145712627850381 9.006902405016151e-06
0.005145712627850381 9.006902405016151e-06
0.005145712627850381 9.006902405016151e-06
0.005145712627850381 9.006902405016151e-06
0.005145712627850381 9.006902405016151e-06
0.005145712627850381 9.006902405016151e-06
0.005145712627850381 9.006902405016151e-06
0.005145712627850381 9.006902405016151e-06