0.18979686871970974 0.06387236585106906
0.2179415911072911 0.0901986803789303
0.2919342118593731 0.10980880216786376
8.141960025542192e-05 3.1453183426357503e-06
0.2568716928633058 0.08339251498109608
0.1929873527301253 0.05308265477228668
0.0071993026001519024 0.0024689921274337313
0.16156073896660952 0.06429516285354758
0.0013028791471574159 0.0016013257130547045
0.00462309374395078 0.0019057318294959345
0.00462309374395078 0.0016625490586889915
0.03158630764568397 0.009246684117113557
0.002075937696651373 0.004060357665736756
0.02687142026904943 0.008593644293851753
0.004260416466635456 0.0023554295809575143
0.007193646545237514 0.0024689921274337313
0.03956702872039842 0.012043341162416956
0.03827215082165648 0.01069907624759328
0.002426916596973034 0.0015621471863306452
0.1289610594138495 0.056113693215139995
0.007979562273219788 0.010562696347877064
0.08007740462898157 0.02865357419629391
0.08007740462898157 0.02865357419629391
0.07824004208767028 0.0324256386044675
0.18302955076245828 0.07282581800901128
0.007304974260259753 0.0028300967455777374
0.18302955076245828 0.07282581800901128
0.2086131838942926 0.07321407169074436
0.0037427356941541 0.0009667439421720531
0.13795504203359288 0.06331647221977586
0.03158630764568397 0.010622209081781147
0.0770070497068453 0.03508895070635021
0.06455495511244458 0.02807698768116758
0.0015587259628702342 0.002537637320736168
0.07086233923836503 0.026634941992604418
0.07086233923836503 0.026634941992604418
0.2569512914897839 0.09630854403103557
0.2569512914897839 0.09630854403103557
0.0066019956106806625 0.008639444543402413
0.1843376996973652 0.07072858043726768
0.1843376996973652 0.07072858043726768
0.09674499833684395 0.03061181076970244
0.007304974260259753 0.0028300967455777374
2.7590511777506582e-08 3.8350811370734145e-06
0.16884424780870638 0.042868233454577076
0.16884424780870638 0.042868233454577076
0.22915172640453915 0.08003952285631104
0.039015218484848284 0.011187621439637589
0.24613972872567372 0.09579784365803393
0.027830576820482667 0.00708226364919172