0.015905758992597264 0.08217698496131344
0.015905758992597264 0.08217698496131344
0.015905758992597264 0.08217698496131344
0.015905758992597264 0.08217698496131344
0.015905758992597264 0.08217698496131344
0.015905758992597264 0.08217698496131344
0.015905758992597264 0.08217698496131344
0.015905758992597264 0.08217698496131344
0.015905758992597264 0.08217698496131344
0.015905758992597264 0.08217698496131344
0.015905758992597264 0.08217698496131344
0.015905758992597264 0.08217698496131344
0.015905758992597264 0.08217698496131344
0.015905758992597264 0.08217698496131344
0.015905758992597264 0.08217698496131344
0.015905758992597264 0.08217698496131344
0.04332354231431561 0.07620952689133177
0.05421146128829959 0.1291828038097896
0.06844666714829727 0.12084844266210601
0.07011722028089686 0.10758016059175736
0.07011722028089686 0.11138055565703982
0.03426989425095134 0.08831104509902865
0.05430458264190499 0.08904447876901811
0.038511310948131955 0.07643985802701948
0.04332354231431561 0.07774300758897827
0.02003468839095366 0.10117937232911339
0.02003468839095366 0.10117937232911339
0.02003468839095366 0.10117937232911339
0.02003468839095366 0.10117937232911339
0.03426989425095134 0.08677756440138215
0.07011722028089686 0.13938412448484525
0.03949087067366844 0.04907275579598018
0.043769920484253017 0.061941083026064915
0.08649957381185806 0.08714428123637688
0.05421146128829959 0.14318465689725693
0.03626335048432718 0.051139692743484184
0.03215818213932438 0.03837149157059464
0.0605601949889724 0.07834321454363258
0.03426989425095134 0.08677756440138215
0.06208557220599542 0.06223816486654941
0.05421146128829959 0.1151810880694515
0.050082531889943195 0.15338584022518337
0.06364926927206846 0.08191025683638468
0.07257559654665366 0.14091760518249175
0.05046119792517933 0.0594074405335002
0.005390737474422531 0.013068304650216692
0.03426989425095134 0.08371046565895994
0.03839882364930773 0.09664540624671225
0.02678488775031171 0.051606398288544894
0.050082531889943195 0.09997923311406322