3.3606065222651385e-06 1.4562628263148934e-05
3.5846469570828146e-05 1.4562628263148934e-05
0.0008367910240440194 1.4562628263148934e-05
0.0003987919739754631 1.4562628263148934e-05
0.0003987919739754631 1.4562628263148934e-05
0.000599308163137283 1.4562628263148934e-05
0.000599308163137283 1.4562628263148934e-05
0.00016242931524281502 1.4562628263148934e-05
0.0003170172152670114 1.4562628263148934e-05
1.5682830437237313e-05 1.4562628263148934e-05
2.240404348176759e-06 1.4562628263148934e-05
3.3606065222651385e-06 1.4562628263148934e-05
0.0003528636848378395 1.4562628263148934e-05
0.00043575864572037963 1.4562628263148934e-05
0.00043575864572037963 1.4562628263148934e-05
0.00043575864572037963 1.4562628263148934e-05
0.00043575864572037963 1.4562628263148934e-05
0.00043575864572037963 1.4562628263148934e-05
0.00043575864572037963 1.4562628263148934e-05
0.0005813849283518689 1.4562628263148934e-05
0.0005813849283518689 1.4562628263148934e-05
0.0005813849283518689 1.4562628263148934e-05
0.0005813849283518689 1.4562628263148934e-05
8.961617392707036e-06 1.4562628263148934e-05
0.00036294550440463496 1.4562628263148934e-05
0.000250925286995797 1.4562628263148934e-05
0.0005511394696514827 1.4562628263148934e-05
0.0005511394696514827 1.4562628263148934e-05
0.0005511394696514827 1.4562628263148934e-05
1.0081819566795415e-05 1.4562628263148934e-05
0.00020611720003226182 1.4562628263148934e-05
0.00020611720003226182 1.4562628263148934e-05
4.480808696353518e-06 1.4562628263148934e-05
4.480808696353518e-06 1.4562628263148934e-05
4.480808696353518e-06 1.4562628263148934e-05
6.833233261939115e-05 1.4562628263148934e-05
7.61737478380098e-05 1.4562628263148934e-05
7.61737478380098e-05 1.4562628263148934e-05
7.841415218618657e-06 1.4562628263148934e-05
6.833233261939115e-05 1.4562628263148934e-05
6.833233261939115e-05 1.4562628263148934e-05
6.833233261939115e-05 1.4562628263148934e-05
8.625556740480522e-05 1.4562628263148934e-05
7.61737478380098e-05 1.4562628263148934e-05
0.0028273902873990698 1.4562628263148934e-05
0.0028273902873990698 1.4562628263148934e-05
0.0028273902873990698 1.4562628263148934e-05
7.61737478380098e-05 1.4562628263148934e-05
7.61737478380098e-05 1.4562628263148934e-05
6.721213044530277e-06 1.4562628263148934e-05