0.02097521026440129 0.020198243979411112
0.13939874135301072 0.15148610998799997
0.08322753426462108 0.07069337402288331
0.08232387304495678 0.08079249601258887
0.08232387304495678 0.08079249601258887
0.08232387304495678 0.08079249601258887
0.007262163253621903 0.010099121989705556
0.10379962428233198 0.09089161800229442
0.058953696600664525 0.060594491985705545
0.08572999917696283 0.09089161800229442
0.10946490346349878 0.11108962202917774
0.0037190242282466837 0.010099121989705556
0.19218637784700676 0.1918823579942944
0.003787410698667376 0.000100060204089223
0.03963919778111098 0.04039624800629443
0.03963919778111098 0.04039624800629443
0.05587174633370534 0.060594491985705545
0.11341884121645374 0.13128786600858885
0.11341884121645374 0.13128786600858885
0.00233305842772066 0.000100060204089223
0.00233305842772066 0.000100060204089223
0.035062583218536045 0.04039624800629443
0.018157927635596573 0.020198243979411112
0.018157927635596573 0.020198243979411112
0.0050176473086564555 0.010099121989705556
0.0050176473086564555 0.010099121989705556
0.05947655315872308 0.07069337402288331
0.05947655315872308 0.07069337402288331
0.05947655315872308 0.07069337402288331
0.05947655315872308 0.07069337402288331
0.05214672329226386 0.05049536999599999
0.05214672329226386 0.05049536999599999
0.13226615246439644 0.1413869879982944
0.13226615246439644 0.1413869879982944
0.0520329857940905 0.05049536999599999
0.135218528366348 0.15148610998799997
0.016978321008971585 0.020198243979411112
0.09172161379592661 0.10099073999199998
0.015200032825505801 0.010099121989705556
0.015200032825505801 0.010099121989705556
0.12866062578179532 0.10099073999199998
0.0029295804118113274 0.000100060204089223
0.039669671752140555 0.04039624800629443
0.039669671752140555 0.04039624800629443
0.050370594681548204 0.05049536999599999
0.06872192405454505 0.060594491985705545
0.02665824593262469 0.020198243979411112
0.09447434919475531 0.11108962202917774
0.09447434919475531 0.11108962202917774
0.09447434919475531 0.11108962202917774