0.0395855351922197 0.020301311418926427
0.0395855351922197 0.020301311418926427
0.0395855351922197 0.020301311418926427
0.0395855351922197 0.020301311418926427
0.057367054958079367 0.030100571944621266
0.057367054958079367 0.030100571944621266
0.057367054958079367 0.030100571944621266
0.057367054958079367 0.030100571944621266
0.018003151889015804 0.010200491093477487
0.018003151889015804 0.010200491093477487
0.018003151889015804 0.010200491093477487
0.018003151889015804 0.010200491093477487
0.018003151889015804 0.010200491093477487
0.057367054958079367 0.030100571944621266
0.057367054958079367 0.030100571944621266
0.057367054958079367 0.030100571944621266
0.057367054958079367 0.030100571944621266
0.0395855351922197 0.020301311418926427
0.0395855351922197 0.020301311418926427
0.03959158549443229 0.020301311418926427
0.03959158549443229 0.020301311418926427
0.03959158549443229 0.020301311418926427
0.03959158549443229 0.020301311418926427
0.03959158549443229 0.020301311418926427
0.03959158549443229 0.020301311418926427
0.03959158549443229 0.020301311418926427
9.553108756729767e-06 0.0001999784099742098
9.553108756729767e-06 0.0001999784099742098
9.553108756729767e-06 0.0001999784099742098
0.01800474407380859 0.010200491093477487
0.01800474407380859 0.010200491093477487
0.018003151889015804 0.010200491093477487
0.018003151889015804 0.010200491093477487
0.018003151889015804 0.010200491093477487
0.018003151889015804 0.010200491093477487
0.018003151889015804 0.010200491093477487
0.01800474407380859 0.010200491093477487
0.01800474407380859 0.010200491093477487
0.01800474407380859 0.010200491093477487
0.01800474407380859 0.010200491093477487
0.03959158549443229 0.020301311418926427
0.03959158549443229 0.020301311418926427
0.03959158549443229 0.020301311418926427
0.03959158549443229 0.020301311418926427
0.03959158549443229 0.020301311418926427
0.03959158549443229 0.020301311418926427
0.03959158549443229 0.020301311418926427
0.03959158549443229 0.020301311418926427
0.03959158549443229 0.020301311418926427
0.03959158549443229 0.020301311418926427