1.9343448707647485e-06 2.2069416988818658e-06
1.9343448707647485e-06 2.2069416988818658e-06
1.9343448707647485e-06 2.2069416988818658e-06
1.9343448707647485e-06 2.2069416988818658e-06
1.9343448707647485e-06 2.2069416988818658e-06
1.9343448707647485e-06 2.2069416988818658e-06
1.9343448707647485e-06 2.2069416988818658e-06
1.9343448707647485e-06 2.2069416988818658e-06
1.9343448707647485e-06 2.2069416988818658e-06
1.9343448707647485e-06 2.2069416988818658e-06
1.9343448707647485e-06 2.2069416988818658e-06
1.9343448707647485e-06 2.2069416988818658e-06
1.9343448707647485e-06 2.2069416988818658e-06
1.6922782013349697e-06 2.2069404023063754e-06
1.6922782013349697e-06 2.2069404023063754e-06
1.6922782013349697e-06 2.2069404023063754e-06
1.6922782013349697e-06 2.2069404023063754e-06
1.6922782013349697e-06 2.2069404023063754e-06
1.6922782013349697e-06 2.2069404023063754e-06
1.6922782013349697e-06 2.2069404023063754e-06
1.6922782013349697e-06 2.2069404023063754e-06
1.6922782013349697e-06 2.2069404023063754e-06
1.7299421131657393e-06 2.206940678495869e-06
1.7299421131657393e-06 2.206940678495869e-06
1.7299421131657393e-06 2.206940678495869e-06
1.7299421131657393e-06 2.206940678495869e-06
1.7299421131657393e-06 2.206940678495869e-06
1.7065244382346754e-06 2.206940723480965e-06
1.6939359317202336e-06 2.2069400817242674e-06
1.6939359317202336e-06 2.2069400817242674e-06
1.6939359317202336e-06 2.2069400817242674e-06
1.6939359317202336e-06 2.2069400817242674e-06
1.6939359317202336e-06 2.2069400817242674e-06
1.6939359317202336e-06 2.2069400817242674e-06
1.6939359317202336e-06 2.2069400817242674e-06
1.6939359317202336e-06 2.2069400817242674e-06
1.6939359317202336e-06 2.2069400817242674e-06
1.6939359317202336e-06 2.2069400817242674e-06
1.6939359317202336e-06 2.2069400817242674e-06
1.6939359317202336e-06 2.2069400817242674e-06
1.6939359317202336e-06 2.2069400817242674e-06
1.6593970754174145e-06 2.2069404450765134e-06
1.6593970754174145e-06 2.2069404450765134e-06
1.6593970754174145e-06 2.2069404450765134e-06
1.6593970754174145e-06 2.2069404450765134e-06
1.6593970754174145e-06 2.2069404450765134e-06
1.6593970754174145e-06 2.2069404450765134e-06
1.6593970754174145e-06 2.2069404450765134e-06
3.4945678835570457e-06 2.206952056297704e-06
3.4945678835570457e-06 2.206952056297704e-06