7.228230125995803e-05 1.1174465471873385e-05
6.479299788320947e-05 1.1174465471873385e-05
6.886334155461341e-06 1.119774404385296e-05
9.445663248189978e-06 1.1197224788763903e-05
0.00012599341251791612 1.1142075716882447e-05
9.565885396189574e-05 1.1199485102974169e-05
1.2213285816469728e-05 1.1196520752509237e-05
4.31366552004323e-05 1.1271634736846197e-05
0.00017942479194950868 1.1174465471873385e-05
2.4528516739543258e-05 1.1199429907538336e-05
7.872213399510396e-06 1.1197145815391401e-05
5.660923016012867e-05 1.1174465471873385e-05
8.97228199824039e-05 1.1174465471873385e-05
7.789607785759674e-05 1.1203044667453624e-05
5.3288021692546877e-05 1.1196219784926999e-05
1.0819744182619264e-05 1.1197199082583651e-05
1.335426541941889e-05 1.1197090162726927e-05
0.00011242896200476807 1.1203044667453624e-05
1.4624870320668182e-05 1.1198318392215549e-05
3.828501101736091e-05 1.1196788818756658e-05
6.490263070534689e-05 1.1174465471873385e-05
1.1426786144537015e-05 1.1197380014956526e-05
0.00011207415790842138 1.1203044667453624e-05
2.7580244732168196e-05 1.1193899324867947e-05
1.4588104130486794e-05 1.1174465471873385e-05
4.188237981124102e-05 1.1197095316304992e-05
1.0198110870333835e-05 1.1197192418821834e-05
5.073943198360512e-05 1.1174465471873385e-05
3.3033716545358306e-05 1.1197748842074538e-05
3.362349691163377e-05 1.1197071409357729e-05
1.9866255152056614e-05 1.1197748842074538e-05
6.528389111666056e-05 1.1271634736846197e-05
9.932587832670917e-06 1.1196520752509237e-05
4.999764640765387e-05 1.1243872089711107e-05
1.4166740914104679e-05 1.1197276159350548e-05
1.1852747053533156e-05 1.119742607323747e-05
1.676798335270876e-05 1.1193899324867947e-05
6.437012842639374e-05 1.1181940030717446e-05
0.00011609263795785913 1.1142075716882447e-05
8.65890867467029e-06 1.1197031696128837e-05
9.972239600795166e-06 1.1197205644488783e-05
9.972239600795166e-06 1.1197205644488783e-05
1.9041939782671753e-05 1.1189188087778356e-05
0.00011160449992303776 1.119748856624726e-05
9.87969429010432e-06 1.1197325570624191e-05
9.379390705669658e-06 1.1197197762950316e-05
6.202989900228105e-05 1.1158793009780996e-05
6.606269893959157e-05 1.1142075716882447e-05
2.9491229154963364e-06 1.119993702676917e-05
4.032624096680362e-05 1.1198378676338482e-05