0.061715823831456636 0.5000019433852995
0.061715823831456636 0.5000019433852995
0.061715823831456636 0.5000019433852995
0.061715823831456636 0.5000019433852995
0.061715823831456636 0.5000019433852995
0.061715823831456636 0.5000019433852995
0.061715823831456636 0.5000019433852995
0.061715823831456636 0.5000019433852995
0.061715823831456636 0.5000019433852995
0.061715823831456636 0.5000019433852995
0.061715823831456636 0.5000019433852995
0.061715823831456636 0.5000019433852995
0.061715823831456636 0.5000019433852995
0.061715823831456636 0.5000019433852995
0.061715823831456636 0.5000019433852995
0.061715823831456636 0.5000019433852995
0.061715823831456636 0.5000019433852995
0.9382841761685433 0.5000019433852995
0.9382841761685433 0.5000019433852995
0.9382841761685433 0.5000019433852995
0.9382841761685433 0.5000019433852995
0.9382841761685433 0.5000019433852995
0.9382841761685433 0.5000019433852995
0.9382841761685433 0.5000019433852995
0.9382841761685433 0.5000019433852995
0.9382841761685433 0.5000019433852995
0.9382841761685433 0.5000019433852995
0.9382841761685433 0.5000019433852995
0.9382841761685433 0.5000019433852995
0.9382841761685433 0.5000019433852995
0.9382841761685433 0.5000019433852995
0.9382841761685433 0.5000019433852995
0.9382841761685433 0.5000019433852995
0.9382841761685433 0.5000019433852995
0.9382841761685433 0.5000019433852995
0.9382841761685433 0.5000019433852995
0.9382841761685433 0.5000019433852995
0.9382841761685433 0.5000019433852995
0.9382841761685433 0.5000019433852995
0.9382841761685433 0.5000019433852995
0.9382841761685433 0.5000019433852995
0.9382841761685433 0.5000019433852995
0.9382841761685433 0.5000019433852995
0.9382841761685433 0.5000019433852995
0.9382841761685433 0.5000019433852995
0.9382841761685433 0.5000019433852995
0.9382841761685433 0.5000019433852995
0.9382841761685433 0.5000019433852995
0.9382841761685433 0.5000019433852995
0.9382841761685433 0.5000019433852995