3.4970283155703145e-06 1.982490695240676e-06
2.2823284724911848e-06 1.982455149451865e-06
2.2265856289742628e-06 1.9825215775003007e-06
2.362683532608697e-06 1.9824934306832483e-06
2.501168972579152e-06 1.982497882543138e-06
1.9584707253893493e-06 1.9824966364822567e-06
2.07620329807396e-06 1.9824892539294373e-06
1.5314457933062914e-06 1.9825415250020187e-06
3.974294519132068e-06 1.9825120882359337e-06
2.243306298987669e-06 1.982491673142101e-06
1.823263256204362e-06 1.9824598377654573e-06
1.824487233191527e-06 1.9824874420327137e-06
1.6868112580688916e-06 1.982489752283264e-06
1.7396828284615597e-06 1.9824966319016596e-06
1.981665846514679e-06 1.982495587529704e-06
1.839802588796127e-06 1.982489549553442e-06
2.5549744767484907e-06 1.982391079001277e-06
1.8419584917313035e-06 1.9825585568530607e-06
1.914541616872128e-06 1.9824778650575315e-06
2.4314539630835313e-06 1.9825016837392115e-06
2.130254889500136e-06 1.9824890640697915e-06
1.7588907182303263e-06 1.982500045949534e-06
1.5137436727884973e-06 1.9825112267471855e-06
1.603615938722132e-06 1.9824931699613305e-06
1.5094667886358576e-06 1.9824881626515243e-06
1.6542536553071019e-06 1.9824882722943917e-06
2.4095206756726125e-06 1.9825262348514042e-06
1.8784345170892591e-06 1.9824630323485327e-06
1.5381542850983418e-06 1.9824900788714735e-06
2.1818980081882296e-06 1.982500423692639e-06
1.7001076445887307e-06 1.982489638425562e-06
1.9881189039439993e-06 1.9824743075904567e-06
1.5841782824199657e-06 1.9824928917129123e-06
2.9577892888754754e-06 1.9824420700674325e-06
2.3847128349336166e-06 1.9832788393277765e-06
1.5126645516238118e-06 1.982491537269371e-06
1.9532931253933747e-06 1.9824930066280803e-06
1.963406845026563e-06 1.9824171738440783e-06
3.8823560707749415e-06 1.982551413936645e-06
2.202364328163653e-06 1.9824895120230894e-06
1.9187889828696824e-06 1.9825559249491776e-06
1.9462560099260292e-06 1.9825116788057218e-06
1.9859497541138816e-06 1.982490828663781e-06
1.9621010158142233e-06 1.982497507942394e-06
1.918731494351955e-06 1.982494788393269e-06
1.72216088407708e-06 1.982497972631678e-06
1.8442747626740593e-06 1.9825275626500367e-06
2.4364719736841377e-06 1.9825278432204657e-06