2.198795152225416e-06 1.9825522772956e-06
1.6479926577377097e-06 1.98237432555576e-06
1.98200471657033e-06 1.982504249807993e-06
2.0044065781431987e-06 1.98249708042559e-06
2.0244171370140797e-06 1.9824938561367834e-06
2.1822234426844926e-06 1.982505676788139e-06
1.542812253589487e-06 1.9825162245095814e-06
1.5947619346547918e-06 1.9827320117977914e-06
2.502138327844556e-06 1.9824775561987067e-06
2.502138327844556e-06 1.9824775561987067e-06
2.502138327844556e-06 1.9824775561987067e-06
2.502138327844556e-06 1.9824775561987067e-06
2.502138327844556e-06 1.9824775561987067e-06
2.502138327844556e-06 1.9824775561987067e-06
2.502138327844556e-06 1.9824775561987067e-06
2.502138327844556e-06 1.9824775561987067e-06
2.42835051490439e-06 1.9828104316927846e-06
1.910619880642862e-06 1.982510565364811e-06
1.910619880642862e-06 1.982510565364811e-06
1.910619880642862e-06 1.982510565364811e-06
2.061034863134085e-06 1.9824915094395246e-06
1.9401867910036928e-06 1.9825038962968256e-06
1.9401867910036928e-06 1.9825038962968256e-06
1.9401867910036928e-06 1.9825038962968256e-06
2.0313257707250763e-06 1.982492103569795e-06
2.1822234426844926e-06 1.982505676788139e-06
1.0661890872943903e-06 1.9823471891095125e-06
3.634094781708997e-08 1.982496339176015e-06
3.634094781708997e-08 1.982496339176015e-06
3.634094781708997e-08 1.982496339176015e-06
8.236082518783561e-08 1.982506965355693e-06
8.236082518783561e-08 1.982506965355693e-06
8.236082518783561e-08 1.982506965355693e-06
2.4982961888625955e-06 1.983342920421929e-06
1.131237779265448e-06 1.9824479127094126e-06
2.2567593767426448e-06 1.9824709817715836e-06
2.0496182455075665e-06 1.982551649515515e-06
1.8589379698351494e-06 1.9842886344338366e-06
8.839876682926927e-07 1.9825026746978487e-06
1.7377539933961327e-06 1.9824960940673752e-06
1.7669473116425647e-06 1.9825653258896618e-06
1.330844820049492e-06 1.9824118167183576e-06
2.1338716380650503e-06 1.982492751181616e-06
3.181882889806319e-07 1.982477843266214e-06
2.0244171370140797e-06 1.9824957684770222e-06
1.9050154798465668e-06 1.9824964174992904e-06
2.2567593767426448e-06 1.982508376211684e-06
1.9253830610337565e-06 1.9824645924686735e-06
9.551628944835252e-07 1.982478204603844e-06
3.6516558376400074e-07 1.9824592448511763e-06
3.6516558376400074e-07 1.9824592448511763e-06
3.6516558376400074e-07 1.9824592448511763e-06
2.0244171370140797e-06 1.9824953199531722e-06
2.000339039504968e-06 1.9825936671848733e-06
1.1511010780007939e-06 1.9824610466082256e-06
2.0826046106832525e-06 1.9824824410860283e-06
1.1228161861071153e-06 1.9825142186890657e-06
1.9050154798465668e-06 1.9824964174992904e-06
2.017553417778518e-06 1.982480008844565e-06
2.175315313623813e-06 1.9825286335738878e-06
5.90102595060064e-07 1.982503598892279e-06
7.093955514890111e-07 1.982501286688066e-06
2.0526558299004244e-06 1.9825544157669343e-06
2.091663266842e-06 1.9825117466061593e-06
1.4480800666295764e-06 1.9824778059472292e-06
2.0244171370140797e-06 1.9824938561367834e-06
2.1822234426844926e-06 1.982500883236551e-06
1.936507392672488e-06 1.9825294004274645e-06
1.8808062986583888e-06 1.9824945552916973e-06
1.8808062986583888e-06 1.9824945552916973e-06
1.8808062986583888e-06 1.9824945552916973e-06
2.0663681507930152e-06 1.9824939187509123e-06
1.854008808775144e-06 1.982480885663335e-06
9.543638971066458e-07 1.982741233250993e-06
2.2567593767426448e-06 1.9824709817715836e-06
2.1822234426844926e-06 1.982505676788139e-06
2.0244171370140797e-06 1.9824957684770222e-06
2.0018283709356324e-06 1.9825000372412105e-06
8.267206558178631e-07 1.98250426611249e-06
1.0502899830482236e-06 1.982374343619138e-06
2.1822234426844926e-06 1.982500883236551e-06
1.98200471657033e-06 1.982504249807993e-06
1.939371714438149e-06 1.9824948599504575e-06
1.939371714438149e-06 1.9824948599504575e-06
1.939371714438149e-06 1.9824948599504575e-06
2.049017762486966e-06 1.9825290299779197e-06
1.8587585230047788e-06 1.9824974166978586e-06
2.1061752219260505e-07 1.9824874360778138e-06
2.1061752219260505e-07 1.9824874360778138e-06
2.1061752219260505e-07 1.9824874360778138e-06
1.459161527485037e-06 1.9825003742925435e-06
6.547953720809223e-07 1.9825447944982177e-06
6.547953720809223e-07 1.9825447944982177e-06
6.547953720809223e-07 1.9825447944982177e-06
2.2931866736004796e-06 1.9824934005785805e-06
9.755652962895209e-07 1.9824947461411435e-06
9.654645075782239e-07 1.982490619711493e-06
2.2081390995264747e-06 1.98249357277805e-06
1.3504868733569614e-06 1.982463818496457e-06
1.6532891982314241e-06 1.9824930046584175e-06
2.012592585883769e-06 1.9824963304281884e-06
2.1357315036713496e-06 1.9824963444186104e-06
2.1357315036713496e-06 1.9824963444186104e-06
2.1357315036713496e-06 1.9824963444186104e-06
2.1357315036713496e-06 1.9824963444186104e-06
2.1357315036713496e-06 1.9824963444186104e-06
2.1357315036713496e-06 1.9824963444186104e-06
2.1357315036713496e-06 1.9824963444186104e-06
2.1357315036713496e-06 1.9824963444186104e-06
7.908968494551005e-07 1.982528662028823e-06
1.9687995848885552e-06 1.9825069289112446e-06
1.6604889935300779e-06 1.9827203366540307e-06
1.8890621441383456e-07 1.9824932231487404e-06
2.2567593767426448e-06 1.982510008746852e-06
1.4733655934179326e-06 1.9824937816910466e-06
2.2567593767426448e-06 1.982510008746852e-06
1.984801084140022e-06 1.9823638792919666e-06
2.0244171370140797e-06 1.9824957684770222e-06
1.511638522776397e-07 1.9824979120265724e-06
6.282905802603754e-07 1.9823738692786876e-06
8.071070382220893e-07 1.982479839495786e-06
2.2567593767426448e-06 1.9824709817715836e-06
1.9961383164162213e-06 1.983038353474223e-06
1.976726950422442e-06 1.9824767651428847e-06
1.976726950422442e-06 1.9824767651428847e-06
1.976726950422442e-06 1.9824767651428847e-06
1.9279647196571536e-06 1.982525868643464e-06
8.345723909430481e-07 1.9824755026900307e-06
3.2440454398666885e-07 1.982340306144841e-06
3.2440454398666885e-07 1.982340306144841e-06
3.2440454398666885e-07 1.982340306144841e-06
2.006878711524552e-06 1.9824923713369167e-06
2.1822234426844926e-06 1.982489066806265e-06
1.985723703777804e-06 1.9824989101829957e-06
1.985723703777804e-06 1.9824989101829957e-06
1.985723703777804e-06 1.9824989101829957e-06
2.0661889405648964e-06 1.9824915567596983e-06
2.3345325875593513e-06 1.982496472975952e-06
2.3345325875593513e-06 1.982496472975952e-06
2.3345325875593513e-06 1.982496472975952e-06
2.3345325875593513e-06 1.982496472975952e-06
2.3345325875593513e-06 1.982496472975952e-06
2.3345325875593513e-06 1.982496472975952e-06
2.3345325875593513e-06 1.982496472975952e-06
2.3345325875593513e-06 1.982496472975952e-06