1.693787975339864e-07 3.184188129040624e-07
1.693925747143556e-07 3.184188129040624e-07
8.366522068104314e-08 3.184186847116059e-07
1.6742508583241914e-07 3.184188129040624e-07
1.69382257518597e-07 3.184188129040624e-07
8.182701974126512e-07 3.184188692503345e-07
2.7679389617302393e-07 3.1841881740780196e-07
1.400200236502135e-07 3.184188010784191e-07
1.674308844541355e-07 3.184188129040624e-07
1.674255566114709e-07 3.184188129040624e-07
1.674255566114709e-07 3.184188129040624e-07
5.577876554335139e-08 3.1839764687233343e-07
1.674255566114709e-07 3.184188093382484e-07
1.674255566114709e-07 3.184188093382484e-07
1.674255566114709e-07 3.184188093382484e-07
1.674255566114709e-07 3.184188093382484e-07
1.692653593104692e-07 3.184188129040624e-07
8.179907760126644e-07 3.184188692503345e-07
8.178880872257981e-07 3.184188692503345e-07
8.926192845035404e-08 3.184185977066811e-07
7.813760767876863e-08 3.1839764687233343e-07
1.0631561053920098e-07 3.184185977066811e-07
8.511055582598846e-07 3.184188692503345e-07
1.6940138727353348e-07 3.184188093382484e-07
1.5485995989005863e-07 3.184188085822079e-07
1.6503553110397514e-07 3.184188082333256e-07
1.734986074207199e-07 3.1841882999450583e-07
1.7351394469714172e-07 3.1841882999450583e-07
9.523911152455456e-08 3.184186847116059e-07
1.735277711814716e-07 3.1841880209246154e-07
1.735277711814716e-07 3.1841880209246154e-07
7.758312136114392e-08 3.184185977066811e-07
8.511055582598846e-07 3.184188692503345e-07
8.511055582598846e-07 3.184188692503345e-07
6.013646461431678e-07 3.184187640569197e-07
1.5054774093354256e-07 3.184188124641267e-07
1.7996686751574442e-07 3.1841882999450583e-07
1.6929535111833867e-07 3.184188129040624e-07
1.6972910436361934e-07 3.184188129040624e-07
1.7319900966583356e-07 3.1841882999450583e-07
1.5045282847814448e-07 3.184188124641267e-07
1.5045282847814448e-07 3.184188124641267e-07
8.337347425184303e-08 3.1839764687233343e-07
9.294400274317909e-07 3.1839764687233343e-07
1.5582557739390908e-07 3.184188085822079e-07
1.5582557739390908e-07 3.184188085822079e-07
1.5582557739390908e-07 3.184188085822079e-07
1.5582557739390908e-07 3.184188085822079e-07
1.5582557739390908e-07 3.184188085822079e-07
1.6531076947301348e-07 3.184188093382484e-07