8.349333778752608e-07 9.693830092774165e-07
8.110434762067703e-07 9.693830190281284e-07
8.157271675037151e-07 9.693830001395169e-07
8.63426740208467e-07 9.693830222584838e-07
8.265572832252284e-07 9.693830061064826e-07
8.214266264191287e-07 9.693830061044273e-07
8.212604307213192e-07 9.69383017259387e-07
8.461628753494438e-07 9.693829855879044e-07
8.165335939832769e-07 9.693829916541684e-07
8.558488826420099e-07 9.693829834159925e-07
8.39643945853963e-07 9.693830202947558e-07
8.39643945853963e-07 9.693830202947558e-07
8.39643945853963e-07 9.693830202947558e-07
8.18872079917317e-07 9.69383010506907e-07
8.287124284964407e-07 9.6938301141136e-07
8.067873887985249e-07 9.693830024908214e-07
8.195844052416432e-07 9.693829924364034e-07
8.147599088620539e-07 9.693829848643803e-07
8.147599088620539e-07 9.693829848643803e-07
8.426546568644011e-07 9.693830247463724e-07
8.579323830177626e-07 9.693830402895145e-07
8.157410248459978e-07 9.693830004235285e-07
8.276929011419771e-07 9.69383000378569e-07
8.162870892489816e-07 9.693830029400265e-07
8.173415415112031e-07 9.693830039945906e-07
8.964032785337137e-07 9.693829352332896e-07
8.165528103373373e-07 9.69383017770313e-07
8.478802001050035e-07 9.693829938385055e-07
8.478802001050035e-07 9.693829938385055e-07
8.881216883731033e-07 9.69383057535654e-07
8.881216883731033e-07 9.69383057535654e-07
8.881216883731033e-07 9.69383057535654e-07
8.529399693424488e-07 9.693830093002104e-07
8.143584237574892e-07 9.693830056433673e-07
8.223075970696143e-07 9.693830129496516e-07
8.598707852142782e-07 9.69383054647097e-07
8.598707852142782e-07 9.69383054647097e-07
8.624302998406172e-07 9.69383013028694e-07
8.231290000773895e-07 9.693830059705338e-07
8.196006360262213e-07 9.69383024814093e-07
9.084129843625541e-07 9.693830778816195e-07
8.18213302271573e-07 9.693829947881473e-07
8.346751365332799e-07 9.69383001821032e-07
8.505483574315528e-07 9.69382983178239e-07
8.505483574315528e-07 9.69382983178239e-07
8.505483574315528e-07 9.69382983178239e-07
8.236384479966595e-07 9.693829979672073e-07
8.159390388101773e-07 9.6938301751512e-07
8.354002834355886e-07 9.6938300789312e-07
8.112857593771071e-07 9.693829929705546e-07