4.0703128051379594e-07 3.9553096563291324e-07
4.0703128051379594e-07 3.9553096563291324e-07
4.0703128051379594e-07 3.9553096563291324e-07
4.070519493198654e-07 3.955307877257436e-07
4.1083330563918435e-07 3.955311928324151e-07
4.1083330563918435e-07 3.955311928324151e-07
4.1083330563918435e-07 3.955311928324151e-07
4.0704673778950274e-07 3.9553068396714014e-07
4.07054099836211e-07 3.9553043934638804e-07
4.0525583783171145e-07 3.955307179753136e-07
4.070470086461249e-07 3.955309263222104e-07
4.1521724964631955e-07 3.9553069045574635e-07
4.070403198422658e-07 3.9553085571774737e-07
4.19288316936614e-07 3.955312106074525e-07
4.1642306026825274e-07 3.9552963036830705e-07
4.1642306026825274e-07 3.9552963036830705e-07
4.1642306026825274e-07 3.9552963036830705e-07
4.1147861309092097e-07 3.9553095578517346e-07
4.092162256197643e-07 3.9553065131725145e-07
4.070531824098603e-07 3.9553056396270295e-07
4.070535864893804e-07 3.9553065240816996e-07
4.1423557944716414e-07 3.955306078019453e-07
4.076345448696749e-07 3.955307813742071e-07
4.101675229730647e-07 3.955305846647035e-07
4.1023900526019824e-07 3.9553071937783e-07
4.091990944983131e-07 3.9553070962361093e-07
4.158679363138848e-07 3.9552987450248987e-07
4.158679363138848e-07 3.9552987450248987e-07
4.085288864239762e-07 3.955306317072062e-07
4.0756931845475717e-07 3.955305210940404e-07
4.070493871657588e-07 3.955308436603039e-07
4.094864088301588e-07 3.955306233569593e-07
4.0705306276505024e-07 3.9553083726093015e-07
4.070259143043982e-07 3.955304739665447e-07
4.080879837996543e-07 3.955310316344652e-07
4.070521072872039e-07 3.955311166858009e-07
4.070521072872039e-07 3.955311166858009e-07
4.070521072872039e-07 3.955311166858009e-07
4.0704416036167537e-07 3.9553007094713915e-07
4.0855964179981056e-07 3.9553083289118994e-07
4.094328411178028e-07 3.9553068108209796e-07
4.166893863014941e-07 3.9553106862449003e-07
4.0705385611838704e-07 3.9553077173535085e-07
4.0854144978764264e-07 3.9553058707406923e-07
4.0965103777302876e-07 3.955304932645349e-07
4.0704328787788436e-07 3.9553037476433884e-07
4.0665205693745705e-07 3.9553066164755553e-07
4.0704778468538866e-07 3.955304332553999e-07
4.070550695765444e-07 3.9553046433268303e-07
4.073464369327416e-07 3.9553067210165316e-07
4.0563051035725696e-07 3.9553084386710676e-07
4.075407969099947e-07 3.95530803964797e-07
4.1234241413552714e-07 3.955310051253264e-07
4.0968482237857436e-07 3.9553058339494917e-07
4.07046351850522e-07 3.9553038227245016e-07
4.1007716515137153e-07 3.9553010626748147e-07
4.1007716515137153e-07 3.9553010626748147e-07
4.070447886137175e-07 3.955304315471152e-07
4.070447886137175e-07 3.955304315471152e-07
4.0854293635767087e-07 3.955308791994033e-07
4.0705324222551494e-07 3.955307893942503e-07
4.0704661147870466e-07 3.9553029763854305e-07
4.070521223620763e-07 3.955304361499715e-07
4.0705229380422617e-07 3.955305518138097e-07
4.0773202841484207e-07 3.9553036428509074e-07
4.0773202841484207e-07 3.9553036428509074e-07
4.0773202841484207e-07 3.9553036428509074e-07
4.0704462601043346e-07 3.9553055924152013e-07
4.142454871680885e-07 3.955305099868363e-07
4.142454871680885e-07 3.955305099868363e-07
4.070335216854e-07 3.9553105022233677e-07
4.1334986816895393e-07 3.9553117003345844e-07
4.128227272894393e-07 3.955308411653247e-07
4.128227272894393e-07 3.955308411653247e-07
4.128227272894393e-07 3.955308411653247e-07
4.152428973214827e-07 3.955297928540125e-07
4.070430054344831e-07 3.9553009011692046e-07
4.070430054344831e-07 3.9553009011692046e-07
4.070430054344831e-07 3.9553009011692046e-07
4.081768823470088e-07 3.95530138191908e-07
4.0957769147260095e-07 3.9553063149881697e-07
4.102334155899817e-07 3.9553058406166325e-07
4.0890500318860004e-07 3.9553073854373483e-07
4.0704378484554994e-07 3.9553126575763e-07
4.1816270371668833e-07 3.955303757799905e-07
4.0544694843017824e-07 3.955306224874197e-07
4.167336820845064e-07 3.9553041781739873e-07
4.07052597809205e-07 3.95530647033924e-07
4.07045477060827e-07 3.9553008596756816e-07
4.07045477060827e-07 3.9553008596756816e-07
4.1213325485557646e-07 3.955303743229194e-07
4.1213325485557646e-07 3.955303743229194e-07
4.0921724471324575e-07 3.955308052583108e-07
4.093054002445141e-07 3.955304587952215e-07
4.0879650895589753e-07 3.955304400402021e-07
4.085327220168399e-07 3.955307086525014e-07
4.070480505103106e-07 3.9553070919850246e-07
4.0704306286457787e-07 3.955306624541013e-07
4.0579040613062463e-07 3.9553023898840816e-07
4.0704484754160206e-07 3.9553038150560154e-07
4.0751266651628597e-07 3.955308894297647e-07
4.095073093145287e-07 3.9553068339830304e-07
4.070537380827873e-07 3.9553085489989783e-07
4.085545237699609e-07 3.955307181215224e-07
4.0704246096437465e-07 3.9552996296713557e-07
4.0704246096437465e-07 3.9552996296713557e-07
4.07052858579692e-07 3.955308159188641e-07
4.10604127383174e-07 3.955305897402533e-07
4.094225278726595e-07 3.9553058946949084e-07
4.0704227630561115e-07 3.955308853720361e-07
4.0704555084040877e-07 3.9553055650823597e-07
4.0533636256455946e-07 3.955305260738228e-07
4.070532887996637e-07 3.95530547764021e-07
4.070453143017188e-07 3.955301168179234e-07
4.070529912465305e-07 3.955307325215324e-07
4.0512942159186495e-07 3.955307797171366e-07
4.0512942159186495e-07 3.955307797171366e-07
4.0705243820253546e-07 3.9553061211972953e-07
4.070545044306425e-07 3.955308260504576e-07
4.07050245284899e-07 3.955310894647859e-07
4.0913784913392385e-07 3.95530843811328e-07
4.0704202208549765e-07 3.9553150261937235e-07