0.04159627569713656 0.04183457661161632
0.04159627569713656 0.04183457661161632
0.009957573926475657 0.00946820597709758
0.009957573926475657 0.00946820597709758
0.3610386515572539 0.3657323284978106
0.3610386515572539 0.3657323284978106
0.3610386515572539 0.3657323284978106
0.3610386515572539 0.3657323284978106
0.3610386515572539 0.3657323284978106
0.3610386515572539 0.3657323284978106
0.3610386515572539 0.3657323284978106
0.3610386515572539 0.3657323284978106
0.3610386515572539 0.3657323284978106
0.3610386515572539 0.3657323284978106
0.3610386515572539 0.3657323284978106
0.3610386515572539 0.3657323284978106
0.3610386515572539 0.3657323284978106
0.3610386515572539 0.3657323284978106
0.3610386515572539 0.3657323284978106
0.3610386515572539 0.3657323284978106
0.3610386515572539 0.3657323284978106
0.3610386515572539 0.3657323284978106
0.3610386515572539 0.3657323284978106
0.3610386515572539 0.3657323284978106
0.3610386515572539 0.3657323284978106
0.3610386515572539 0.3657323284978106
0.3610386515572539 0.3657323284978106
0.3610386515572539 0.3657323284978106
0.3610386515572539 0.3657323284978106
0.3610386515572539 0.3657323284978106
0.3610386515572539 0.3657323284978106
0.3610386515572539 0.3657323284978106
0.3610386515572539 0.3657323284978106
0.3610386515572539 0.3657323284978106
0.3610386515572539 0.3657323284978106
0.3610386515572539 0.3657323284978106
0.3610386515572539 0.3657323284978106
0.3610386515572539 0.3657323284978106
0.3610386515572539 0.3657323284978106
0.3610386515572539 0.3657323284978106
0.3610386515572539 0.3657323284978106
0.3610386515572539 0.3657323284978106
0.3610386515572539 0.3657323284978106
0.3610386515572539 0.3657323284978106
0.3610386515572539 0.3657323284978106
0.3610386515572539 0.3657323284978106
0.3610386515572539 0.3657323284978106
0.3610386515572539 0.3657323284978106
0.3610386515572539 0.3657323284978106
0.3610386515572539 0.3657323284978106