0.13045103928523552 0.13196042129366284
0.13045103928523552 0.13196042129366284
0.13045103928523552 0.13196042129366284
0.13045103928523552 0.13196042129366284
0.13045103928523552 0.13196042129366284
0.8668338121859228 0.8636534580644694
0.8668338121859228 0.8636534580644694
0.8668338121859228 0.8636534580644694
0.8668338121859228 0.8636534580644694
0.8668338121859228 0.8636534580644694
0.8668338121859228 0.8636534580644694
0.8668338121859228 0.8636534580644694
0.8668338121859228 0.8636534580644694
0.8668338121859228 0.8636534580644694
0.8668338121859228 0.8636534580644694
0.8668338121859228 0.8636534580644694
0.8668338121859228 0.8636534580644694
0.8668338121859228 0.8636534580644694
0.8668338121859228 0.8636534580644694
0.8668338121859228 0.8636534580644694
0.8668338121859228 0.8636534580644694
0.8668338121859228 0.8636534580644694
0.9311118920896934 0.9314147829584032
0.9311118920896934 0.9314147829584032
0.9311118920896934 0.9314147829584032
0.9311118920896934 0.9314147829584032
0.9311118920896934 0.9314147829584032
0.9311118920896934 0.9314147829584032
0.9311118920896934 0.9314147829584032
0.9311118920896934 0.9314147829584032
0.9311118920896934 0.9314147829584032
0.9311118920896934 0.9314147829584032
0.9311118920896934 0.9314147829584032
0.9311118920896934 0.9314147829584032
0.9311118920896934 0.9314147829584032
0.9311118920896934 0.9314147829584032
0.9311118920896934 0.9314147829584032
0.9311118920896934 0.9314147829584032
0.9311118920896934 0.9314147829584032
0.9311118920896934 0.9314147829584032
0.9311118920896934 0.9314147829584032
0.9311118920896934 0.9314147829584032
0.9311118920896934 0.9314147829584032
0.9311118920896934 0.9314147829584032
0.9311118920896934 0.9314147829584032
0.9311118920896934 0.9314147829584032
0.9311118920896934 0.9314147829584032
0.9311118920896934 0.9314147829584032
0.9311118920896934 0.9314147829584032
0.9311118920896934 0.9314147829584032
0.9311118920896934 0.9314147829584032
0.9311118920896934 0.9314147829584032
0.9311118920896934 0.9314147829584032
0.9311118920896934 0.9314147829584032
0.9311118920896934 0.9314147829584032
0.48284427568866006 0.4825210954794625
0.48284427568866006 0.4825210954794625
0.48284427568866006 0.4825210954794625
0.48284427568866006 0.4825210954794625
0.48284427568866006 0.4825210954794625
0.48284427568866006 0.4825210954794625
0.48284427568866006 0.4825210954794625
0.21291633907835672 0.21399892031723833
0.9331082182698265 0.931793034234639
0.9331082182698265 0.931793034234639
0.9331082182698265 0.931793034234639
0.9331082182698265 0.931793034234639
0.9331082182698265 0.931793034234639
0.9331082182698265 0.931793034234639
0.9331082182698265 0.931793034234639
0.9331082182698265 0.931793034234639
0.9331082182698265 0.931793034234639
0.9331082182698265 0.931793034234639
0.9331082182698265 0.931793034234639
0.9331082182698265 0.931793034234639
0.9331082182698265 0.931793034234639
0.9331082182698265 0.931793034234639
0.9331082182698265 0.931793034234639
0.9331082182698265 0.931793034234639
0.9331082182698265 0.931793034234639
0.9331082182698265 0.931793034234639
0.9401884734807451 0.9403319481027655
0.9401884734807451 0.9403319481027655
0.9401884734807451 0.9403319481027655
0.9401884734807451 0.9403319481027655
0.9401884734807451 0.9403319481027655
0.9401884734807451 0.9403319481027655
0.9401884734807451 0.9403319481027655
0.9401884734807451 0.9403319481027655
0.9401884734807451 0.9403319481027655
0.9401884734807451 0.9403319481027655
0.9401884734807451 0.9403319481027655
0.9401884734807451 0.9403319481027655
0.7374327462709279 0.7370689873807549
0.7374327462709279 0.7370689873807549
0.1397348617969834 0.1410862767973276
0.1397348617969834 0.1410862767973276
0.1397348617969834 0.1410862767973276
0.1397348617969834 0.1410862767973276
0.1397348617969834 0.1410862767973276
0.8457314488400657 0.845451745789056
0.8457314488400657 0.845451745789056
0.8457314488400657 0.845451745789056
0.381349748375947 0.379939639212049
0.381349748375947 0.379939639212049
0.381349748375947 0.379939639212049
0.381349748375947 0.379939639212049
0.381349748375947 0.379939639212049
0.6053324734517603 0.6054013122855579
0.6053324734517603 0.6054013122855579
0.6053324734517603 0.6054013122855579
0.6053324734517603 0.6054013122855579
0.6053324734517603 0.6054013122855579
0.6053324734517603 0.6054013122855579
0.6053324734517603 0.6054013122855579
0.6053324734517603 0.6054013122855579
0.6053324734517603 0.6054013122855579
0.6053324734517603 0.6054013122855579
0.6053324734517603 0.6054013122855579
0.6053324734517603 0.6054013122855579
0.6053324734517603 0.6054013122855579
0.6053324734517603 0.6054013122855579
0.6053324734517603 0.6054013122855579
0.6053324734517603 0.6054013122855579
0.6053324734517603 0.6054013122855579
0.6053324734517603 0.6054013122855579
0.6053324734517603 0.6054013122855579
0.6053324734517603 0.6054013122855579
0.7790642990938635 0.7779157774983968
0.7790642990938635 0.7779157774983968
0.7790642990938635 0.7779157774983968
0.7790642990938635 0.7779157774983968
0.7790642990938635 0.7779157774983968
0.5474136525522904 0.545871662675222
0.5474136525522904 0.545871662675222
0.5474136525522904 0.545871662675222
0.5474136525522904 0.545871662675222
0.5474136525522904 0.545871662675222
0.5474136525522904 0.545871662675222
0.5474136525522904 0.545871662675222
0.5474136525522904 0.545871662675222
0.5474136525522904 0.545871662675222
0.5474136525522904 0.545871662675222
0.5474136525522904 0.545871662675222
0.5474136525522904 0.545871662675222
0.5474136525522904 0.545871662675222
0.5474136525522904 0.545871662675222
0.5474136525522904 0.545871662675222
0.5474136525522904 0.545871662675222
0.5474136525522904 0.545871662675222
0.5474136525522904 0.545871662675222
0.5474136525522904 0.545871662675222
0.6509320415786556 0.6509363892944744
0.6509320415786556 0.6509363892944744
0.6509320415786556 0.6509363892944744
0.6509320415786556 0.6509363892944744
0.36408279500157603 0.36595231280366075
0.3387218440112026 0.34091236816457554
0.620770487705022 0.6206813595307366
0.620770487705022 0.6206813595307366
0.620770487705022 0.6206813595307366
0.620770487705022 0.6206813595307366
0.620770487705022 0.6206813595307366
0.9114920998380476 0.9131761150985301
0.9114920998380476 0.9131761150985301
0.9114920998380476 0.9131761150985301
0.9114920998380476 0.9131761150985301
0.4825174723829468 0.4824326919244802
0.4825174723829468 0.4824326919244802
0.4825174723829468 0.4824326919244802
0.4825174723829468 0.4824326919244802
0.4825174723829468 0.4824326919244802
0.4825174723829468 0.4824326919244802
0.4825174723829468 0.4824326919244802
0.4825174723829468 0.4824326919244802
0.4825174723829468 0.4824326919244802
0.4825174723829468 0.4824326919244802
0.4825174723829468 0.4824326919244802
0.4825174723829468 0.4824326919244802
0.4825174723829468 0.4824326919244802
0.4825174723829468 0.4824326919244802
0.4825174723829468 0.4824326919244802
0.4825174723829468 0.4824326919244802
0.4825174723829468 0.4824326919244802
0.4825174723829468 0.4824326919244802
0.4825174723829468 0.4824326919244802
0.4825174723829468 0.4824326919244802
0.8171923175861482 0.8118243377885344
0.8171923175861482 0.8118243377885344
0.8171923175861482 0.8118243377885344
0.8171923175861482 0.8118243377885344
0.8171923175861482 0.8118243377885344
0.8171923175861482 0.8118243377885344
0.8171923175861482 0.8118243377885344
0.8171923175861482 0.8118243377885344
0.8171923175861482 0.8118243377885344
0.8171923175861482 0.8118243377885344
0.9628625360950991 0.9591336451611735
0.9628625360950991 0.9591336451611735
0.9628625360950991 0.9591336451611735
0.9628625360950991 0.9591336451611735
0.9628625360950991 0.9591336451611735
0.10438285985500367 0.1045169144260834
0.10438285985500367 0.1045169144260834
0.10438285985500367 0.1045169144260834
0.10438285985500367 0.1045169144260834
0.10438285985500367 0.1045169144260834
0.10438285985500367 0.1045169144260834
0.10438285985500367 0.1045169144260834
0.10438285985500367 0.1045169144260834
0.03813598930461909 0.03529910473285098
0.9504121272286572 0.9496433061480325
0.9504121272286572 0.9496433061480325
0.9504121272286572 0.9496433061480325
0.040847514736945076 0.037574409344690536
0.5550917186882941 0.5537562453126189
0.5550917186882941 0.5537562453126189
0.5550917186882941 0.5537562453126189
0.5550917186882941 0.5537562453126189
0.3582670004746256 0.3594669700406149
0.8221494382388852 0.8208117910053006
0.8221494382388852 0.8208117910053006
0.8221494382388852 0.8208117910053006
0.8221494382388852 0.8208117910053006
0.8221494382388852 0.8208117910053006
0.8221494382388852 0.8208117910053006
0.8221494382388852 0.8208117910053006
0.8221494382388852 0.8208117910053006
0.8221494382388852 0.8208117910053006
0.8221494382388852 0.8208117910053006
0.8221494382388852 0.8208117910053006
0.8221494382388852 0.8208117910053006
0.8221494382388852 0.8208117910053006
0.8221494382388852 0.8208117910053006
0.8221494382388852 0.8208117910053006
0.8221494382388852 0.8208117910053006
0.8221494382388852 0.8208117910053006
0.8221494382388852 0.8208117910053006
0.8221494382388852 0.8208117910053006
0.8221494382388852 0.8208117910053006
0.8221494382388852 0.8208117910053006
0.8221494382388852 0.8208117910053006
0.8221494382388852 0.8208117910053006
0.8221494382388852 0.8208117910053006
0.8221494382388852 0.8208117910053006
0.8221494382388852 0.8208117910053006
0.8221494382388852 0.8208117910053006
0.8221494382388852 0.8208117910053006
0.8221494382388852 0.8208117910053006
0.8221494382388852 0.8208117910053006
0.9285539859496317 0.927275757498904