1.7213693276554343e-06 2.17360117017713e-06
1.6717970951835546e-06 2.1736005848615907e-06
1.6717970951835546e-06 2.1736005848615907e-06
1.6487992006674942e-06 2.1736012813711357e-06
1.6487992006674942e-06 2.1736012813711357e-06
1.907951227115479e-06 2.173598577436333e-06
1.705059141614229e-06 2.173600991539975e-06
1.705059141614229e-06 2.173600991539975e-06
1.705059141614229e-06 2.173600991539975e-06
1.705059141614229e-06 2.173600991539975e-06
1.705059141614229e-06 2.173600991539975e-06
1.6582282910109046e-06 2.1736012830741848e-06
1.6582282910109046e-06 2.1736012830741848e-06
1.7401771380866186e-06 2.1736012580567228e-06
1.6790718406612361e-06 2.1736014508323875e-06
1.6790718406612361e-06 2.1736014508323875e-06
1.8130191212332928e-06 2.1736011436683766e-06
1.6985953330327578e-06 2.173601166323542e-06
1.6985953330327578e-06 2.173601166323542e-06
1.6985953330327578e-06 2.173601166323542e-06
1.6985953330327578e-06 2.173601166323542e-06
1.6873899779342586e-06 2.173601139753723e-06
1.6579481523517563e-06 2.1736011010600626e-06
1.6573036701096871e-06 2.1736011026720984e-06
1.7190155534534976e-06 2.1736011570496324e-06
1.6939070280758703e-06 2.1736009709435805e-06
1.6939070280758703e-06 2.1736009709435805e-06
1.7240969882196393e-06 2.173601218741039e-06
1.9485491514561016e-06 2.1736002960080735e-06
1.9485491514561016e-06 2.1736002960080735e-06
1.6943572698813826e-06 2.1736011905246955e-06
1.6853774736670134e-06 2.173601338863671e-06
1.6853774736670134e-06 2.173601338863671e-06
1.80539974318933e-06 2.1736012736459724e-06
1.6457403493531745e-06 2.1736008303137623e-06
1.657975189239875e-06 2.1736012172365546e-06
1.657975189239875e-06 2.1736012172365546e-06
1.6416709736393588e-06 2.173601285041695e-06
1.6540856036967064e-06 2.1736011754275547e-06
1.6687815908158068e-06 2.173601072639022e-06
1.6939359317202336e-06 2.173600886249536e-06
1.6939359317202336e-06 2.173600886249536e-06
1.658135193323114e-06 2.173601260472588e-06
1.6558062521842389e-06 2.1736012195816877e-06
1.7274920125408896e-06 2.1736010913739024e-06
1.7274920125408896e-06 2.1736010913739024e-06
1.7274920125408896e-06 2.1736010913739024e-06
1.7274920125408896e-06 2.1736010913739024e-06
1.6866926059200502e-06 2.173600533646479e-06
1.6865956134714324e-06 2.1736012026181805e-06