1.907951227115479e-06 2.2069418649142452e-06
1.907951227115479e-06 2.2069418649142452e-06
1.907951227115479e-06 2.2069418649142452e-06
1.907951227115479e-06 2.2069418649142452e-06
1.907951227115479e-06 2.2069418649142452e-06
1.8130191212332928e-06 2.2069404552242476e-06
1.8130191212332928e-06 2.2069404552242476e-06
1.8130191212332928e-06 2.2069404552242476e-06
1.8130191212332928e-06 2.2069404552242476e-06
1.8130191212332928e-06 2.2069404552242476e-06
1.6853774736670134e-06 2.206940514004281e-06
1.6853774736670134e-06 2.206940514004281e-06
1.6635915292004954e-06 2.206940550910723e-06
1.7401771380866186e-06 2.2069403177798323e-06
1.6102745486270774e-06 2.2069403763887864e-06
1.6102745486270774e-06 2.2069403763887864e-06
1.6102745486270774e-06 2.2069403763887864e-06
1.6102745486270774e-06 2.2069403763887864e-06
1.6102745486270774e-06 2.2069403763887864e-06
1.7274920125408896e-06 2.206940163525181e-06
1.7274920125408896e-06 2.206940163525181e-06
1.7274920125408896e-06 2.206940163525181e-06
1.7090729759762592e-06 2.2069403799248812e-06
1.7090729759762592e-06 2.2069403799248812e-06
1.7090729759762592e-06 2.2069403799248812e-06
1.7090729759762592e-06 2.2069403799248812e-06
1.7090729759762592e-06 2.2069403799248812e-06
1.7090729759762592e-06 2.2069403799248812e-06
1.7090729759762592e-06 2.2069403799248812e-06
1.7090729759762592e-06 2.2069403799248812e-06
1.7090729759762592e-06 2.2069403799248812e-06
1.7090729759762592e-06 2.2069403799248812e-06
1.7090729759762592e-06 2.2069403799248812e-06
1.7090729759762592e-06 2.2069403799248812e-06
1.7090729759762592e-06 2.2069403799248812e-06
1.7090729759762592e-06 2.2069403799248812e-06
1.7090729759762592e-06 2.2069403799248812e-06
1.7090729759762592e-06 2.2069403799248812e-06
1.7090729759762592e-06 2.2069403799248812e-06
1.695799131979519e-06 2.2069406059827143e-06
1.695799131979519e-06 2.2069406059827143e-06
1.695799131979519e-06 2.2069406059827143e-06
1.695799131979519e-06 2.2069406059827143e-06
1.695799131979519e-06 2.2069406059827143e-06
1.695799131979519e-06 2.2069406059827143e-06
1.695799131979519e-06 2.2069406059827143e-06
1.695799131979519e-06 2.2069406059827143e-06
1.780254676164351e-06 2.206940473197459e-06
1.7215380035574117e-06 2.2069404279599795e-06
1.7215380035574117e-06 2.2069404279599795e-06
1.7215380035574117e-06 2.2069404279599795e-06
1.7215380035574117e-06 2.2069404279599795e-06
1.7215380035574117e-06 2.2069404279599795e-06
1.7453621096282555e-06 2.206940414018471e-06
1.7453621096282555e-06 2.206940414018471e-06
1.7453621096282555e-06 2.206940414018471e-06
1.7453621096282555e-06 2.206940414018471e-06
1.657975189239875e-06 2.206940327117863e-06
1.7705392702883702e-06 2.206940313010431e-06
1.7705392702883702e-06 2.206940313010431e-06
1.7705392702883702e-06 2.206940313010431e-06
1.7705392702883702e-06 2.206940313010431e-06
1.7705392702883702e-06 2.206940313010431e-06
1.7705392702883702e-06 2.206940313010431e-06
1.7705392702883702e-06 2.206940313010431e-06
1.7705392702883702e-06 2.206940313010431e-06
1.7705392702883702e-06 2.206940313010431e-06
1.7705392702883702e-06 2.206940313010431e-06
1.7705392702883702e-06 2.206940313010431e-06
1.7705392702883702e-06 2.206940313010431e-06
1.7705392702883702e-06 2.206940313010431e-06
1.7705392702883702e-06 2.206940313010431e-06
1.7705392702883702e-06 2.206940313010431e-06
1.7705392702883702e-06 2.206940313010431e-06
1.7705392702883702e-06 2.206940313010431e-06
1.7705392702883702e-06 2.206940313010431e-06
1.7705392702883702e-06 2.206940313010431e-06
1.7705392702883702e-06 2.206940313010431e-06
1.695432716105124e-06 2.2069405179627418e-06
1.695432716105124e-06 2.2069405179627418e-06
1.695432716105124e-06 2.2069405179627418e-06
1.695432716105124e-06 2.2069405179627418e-06
1.695432716105124e-06 2.2069405179627418e-06
1.695432716105124e-06 2.2069405179627418e-06
1.695432716105124e-06 2.2069405179627418e-06
1.695432716105124e-06 2.2069405179627418e-06
1.695432716105124e-06 2.2069405179627418e-06
1.695432716105124e-06 2.2069405179627418e-06
1.695432716105124e-06 2.2069405179627418e-06
1.695432716105124e-06 2.2069405179627418e-06
1.695432716105124e-06 2.2069405179627418e-06
1.695432716105124e-06 2.2069405179627418e-06
1.695432716105124e-06 2.2069405179627418e-06
1.695432716105124e-06 2.2069405179627418e-06
1.695432716105124e-06 2.2069405179627418e-06
1.695432716105124e-06 2.2069405179627418e-06
1.695432716105124e-06 2.2069405179627418e-06
1.695432716105124e-06 2.2069405179627418e-06
1.695432716105124e-06 2.2069405179627418e-06
1.695432716105124e-06 2.2069405179627418e-06
1.695432716105124e-06 2.2069405179627418e-06
1.695432716105124e-06 2.2069405179627418e-06
1.695432716105124e-06 2.2069405179627418e-06
1.695432716105124e-06 2.2069405179627418e-06
1.695432716105124e-06 2.2069405179627418e-06
1.695432716105124e-06 2.2069405179627418e-06
1.695432716105124e-06 2.2069405179627418e-06
1.695432716105124e-06 2.2069405179627418e-06
1.9164306692830472e-06 2.206940419867552e-06
1.6794772040264688e-06 2.206940201270008e-06
1.6794772040264688e-06 2.206940201270008e-06
1.6794772040264688e-06 2.206940201270008e-06
1.6794772040264688e-06 2.206940201270008e-06
1.6794772040264688e-06 2.206940201270008e-06
1.6794772040264688e-06 2.206940201270008e-06
1.6794772040264688e-06 2.206940201270008e-06
1.6794772040264688e-06 2.206940201270008e-06
1.6794772040264688e-06 2.206940201270008e-06
1.6794772040264688e-06 2.206940201270008e-06
1.817050437361507e-06 2.2069403777631587e-06
1.817050437361507e-06 2.2069403777631587e-06
1.817050437361507e-06 2.2069403777631587e-06
1.817050437361507e-06 2.2069403777631587e-06
1.817050437361507e-06 2.2069403777631587e-06
1.6692266373251408e-06 2.2069402553556027e-06
1.6692266373251408e-06 2.2069402553556027e-06
1.6692266373251408e-06 2.2069402553556027e-06
1.6692266373251408e-06 2.2069402553556027e-06
1.6692266373251408e-06 2.2069402553556027e-06
1.6692266373251408e-06 2.2069402553556027e-06
1.6692266373251408e-06 2.2069402553556027e-06
1.6692266373251408e-06 2.2069402553556027e-06
1.6692266373251408e-06 2.2069402553556027e-06
1.6692266373251408e-06 2.2069402553556027e-06
1.6692266373251408e-06 2.2069402553556027e-06
1.6692266373251408e-06 2.2069402553556027e-06
1.6692266373251408e-06 2.2069402553556027e-06
1.6692266373251408e-06 2.2069402553556027e-06
1.6692266373251408e-06 2.2069402553556027e-06
1.6692266373251408e-06 2.2069402553556027e-06
1.6692266373251408e-06 2.2069402553556027e-06
1.6692266373251408e-06 2.2069402553556027e-06
1.7065244382346754e-06 2.206940723480965e-06
1.7065244382346754e-06 2.206940723480965e-06
1.7065244382346754e-06 2.206940723480965e-06
1.7065244382346754e-06 2.206940723480965e-06
1.7065244382346754e-06 2.206940723480965e-06
1.7065244382346754e-06 2.206940723480965e-06
1.7065244382346754e-06 2.206940723480965e-06
1.7065244382346754e-06 2.206940723480965e-06
1.7065244382346754e-06 2.206940723480965e-06
1.7065244382346754e-06 2.206940723480965e-06
1.7065244382346754e-06 2.206940723480965e-06
1.7065244382346754e-06 2.206940723480965e-06
1.7065244382346754e-06 2.206940723480965e-06
1.7065244382346754e-06 2.206940723480965e-06
1.7065244382346754e-06 2.206940723480965e-06
1.7065244382346754e-06 2.206940723480965e-06
1.7065244382346754e-06 2.206940723480965e-06
1.7065244382346754e-06 2.206940723480965e-06
1.7065244382346754e-06 2.206940723480965e-06
1.7065244382346754e-06 2.206940723480965e-06
1.6503539928087488e-06 2.2069404404864855e-06
1.6503539928087488e-06 2.2069404404864855e-06
1.6503539928087488e-06 2.2069404404864855e-06
1.6503539928087488e-06 2.2069404404864855e-06
1.6503539928087488e-06 2.2069404404864855e-06
1.6503539928087488e-06 2.2069404404864855e-06
1.6503539928087488e-06 2.2069404404864855e-06
1.7168397357662995e-06 2.2069404203358165e-06
1.7168397357662995e-06 2.2069404203358165e-06
1.7168397357662995e-06 2.2069404203358165e-06
1.7168397357662995e-06 2.2069404203358165e-06
1.7168397357662995e-06 2.2069404203358165e-06
1.7168397357662995e-06 2.2069404203358165e-06
1.7168397357662995e-06 2.2069404203358165e-06
1.7168397357662995e-06 2.2069404203358165e-06
1.7168397357662995e-06 2.2069404203358165e-06
1.7168397357662995e-06 2.2069404203358165e-06
1.7168397357662995e-06 2.2069404203358165e-06
1.7168397357662995e-06 2.2069404203358165e-06
1.7168397357662995e-06 2.2069404203358165e-06
1.7168397357662995e-06 2.2069404203358165e-06
1.7168397357662995e-06 2.2069404203358165e-06
1.7168397357662995e-06 2.2069404203358165e-06
1.7168397357662995e-06 2.2069404203358165e-06
1.7168397357662995e-06 2.2069404203358165e-06
1.7168397357662995e-06 2.2069404203358165e-06
1.7479516387151244e-06 2.2069403574303314e-06
1.6558062521842389e-06 2.20694034298387e-06
1.6558062521842389e-06 2.20694034298387e-06
1.6558062521842389e-06 2.20694034298387e-06
1.6558062521842389e-06 2.20694034298387e-06
1.6558062521842389e-06 2.20694034298387e-06
1.7297606088913078e-06 2.2069404243755334e-06
1.7297606088913078e-06 2.2069404243755334e-06
1.7297606088913078e-06 2.2069404243755334e-06
1.6939070280758703e-06 2.20694039020571e-06
1.6939070280758703e-06 2.20694039020571e-06
1.6939070280758703e-06 2.20694039020571e-06
1.6939070280758703e-06 2.20694039020571e-06
1.7240969882196393e-06 2.206940237448625e-06
1.8257846655647875e-06 2.206940442825357e-06
1.8257846655647875e-06 2.206940442825357e-06
1.8257846655647875e-06 2.206940442825357e-06
1.8257846655647875e-06 2.206940442825357e-06
1.8257846655647875e-06 2.206940442825357e-06
1.8257846655647875e-06 2.206940442825357e-06
1.8257846655647875e-06 2.206940442825357e-06
1.8257846655647875e-06 2.206940442825357e-06
1.8257846655647875e-06 2.206940442825357e-06
1.8257846655647875e-06 2.206940442825357e-06
1.8257846655647875e-06 2.206940442825357e-06
1.8257846655647875e-06 2.206940442825357e-06
1.9485491514561016e-06 2.2069420559147606e-06
1.9485491514561016e-06 2.2069420559147606e-06
1.9485491514561016e-06 2.2069420559147606e-06
1.9485491514561016e-06 2.2069420559147606e-06
1.9485491514561016e-06 2.2069420559147606e-06
1.9485491514561016e-06 2.2069420559147606e-06
1.9485491514561016e-06 2.2069420559147606e-06
1.9485491514561016e-06 2.2069420559147606e-06
1.9485491514561016e-06 2.2069420559147606e-06
1.9485491514561016e-06 2.2069420559147606e-06
1.9485491514561016e-06 2.2069420559147606e-06
1.9485491514561016e-06 2.2069420559147606e-06
1.9485491514561016e-06 2.2069420559147606e-06
1.9485491514561016e-06 2.2069420559147606e-06
1.9485491514561016e-06 2.2069420559147606e-06
1.9485491514561016e-06 2.2069420559147606e-06
1.9485491514561016e-06 2.2069420559147606e-06
1.9485491514561016e-06 2.2069420559147606e-06
1.9485491514561016e-06 2.2069420559147606e-06
1.9485491514561016e-06 2.2069420559147606e-06
1.9485491514561016e-06 2.2069420559147606e-06
1.9485491514561016e-06 2.2069420559147606e-06
1.9485491514561016e-06 2.2069420559147606e-06
1.9485491514561016e-06 2.2069420559147606e-06
1.9485491514561016e-06 2.2069420559147606e-06
1.9485491514561016e-06 2.2069420559147606e-06
1.9485491514561016e-06 2.2069420559147606e-06
1.9485491514561016e-06 2.2069420559147606e-06
1.9485491514561016e-06 2.2069420559147606e-06
1.9485491514561016e-06 2.2069420559147606e-06
1.9485491514561016e-06 2.2069420559147606e-06
1.9485491514561016e-06 2.2069420559147606e-06
1.9485491514561016e-06 2.2069420559147606e-06
1.726850242056474e-06 2.2069406400297673e-06
1.726850242056474e-06 2.2069406400297673e-06
1.726850242056474e-06 2.2069406400297673e-06
1.726850242056474e-06 2.2069406400297673e-06