4.0543068428812386e-07 3.954919555681611e-07
4.0543068428812386e-07 3.954919555681611e-07
2.611914369122577e-07 3.954926436618656e-07
2.611914369122577e-07 3.954926436618656e-07
2.611914369122577e-07 3.954926436618656e-07
2.611914369122577e-07 3.954926436618656e-07
2.611914369122577e-07 3.954926436618656e-07
2.611914369122577e-07 3.954926436618656e-07
3.9264211255801274e-07 3.954917371348733e-07
3.9264211255801274e-07 3.954917371348733e-07
4.046679406253724e-07 3.95491698613219e-07
2.603370263494016e-07 3.9549156692100086e-07
2.603370263494016e-07 3.9549156692100086e-07
2.603370263494016e-07 3.9549156692100086e-07
2.603370263494016e-07 3.9549156692100086e-07
2.603370263494016e-07 3.9549156692100086e-07
2.603370263494016e-07 3.9549156692100086e-07
2.675268252004826e-07 3.9549130546469125e-07
2.675268252004826e-07 3.9549130546469125e-07
2.675268252004826e-07 3.9549130546469125e-07
2.675268252004826e-07 3.9549130546469125e-07
2.675268252004826e-07 3.9549130546469125e-07
2.675268252004826e-07 3.9549130546469125e-07
2.675268252004826e-07 3.9549130546469125e-07
2.675268252004826e-07 3.9549130546469125e-07
2.675268252004826e-07 3.9549130546469125e-07
2.675268252004826e-07 3.9549130546469125e-07
2.675268252004826e-07 3.9549130546469125e-07
2.675268252004826e-07 3.9549130546469125e-07
2.675268252004826e-07 3.9549130546469125e-07
2.675268252004826e-07 3.9549130546469125e-07
2.675268252004826e-07 3.9549130546469125e-07
2.675268252004826e-07 3.9549130546469125e-07
2.675268252004826e-07 3.9549130546469125e-07
2.675268252004826e-07 3.9549130546469125e-07
2.675268252004826e-07 3.9549130546469125e-07
2.675268252004826e-07 3.9549130546469125e-07
2.675268252004826e-07 3.9549130546469125e-07
2.675268252004826e-07 3.9549130546469125e-07
2.675268252004826e-07 3.9549130546469125e-07
2.675268252004826e-07 3.9549130546469125e-07
3.9633083418854303e-07 3.954918891937412e-07
3.3545591518203915e-07 3.954831214336739e-07
3.3545591518203915e-07 3.954831214336739e-07
3.3545591518203915e-07 3.954831214336739e-07
3.3545591518203915e-07 3.954831214336739e-07
3.3545591518203915e-07 3.954831214336739e-07
3.3545591518203915e-07 3.954831214336739e-07
3.3545591518203915e-07 3.954831214336739e-07
3.3545591518203915e-07 3.954831214336739e-07
3.3545591518203915e-07 3.954831214336739e-07
3.3545591518203915e-07 3.954831214336739e-07
3.3545591518203915e-07 3.954831214336739e-07
3.3545591518203915e-07 3.954831214336739e-07
4.117483920717303e-07 3.9548859211411014e-07
2.58527610247306e-07 3.9549249624569096e-07
2.58527610247306e-07 3.9549249624569096e-07
2.58527610247306e-07 3.9549249624569096e-07
2.58527610247306e-07 3.9549249624569096e-07
2.58527610247306e-07 3.9549249624569096e-07
2.58527610247306e-07 3.9549249624569096e-07
3.9843984076484536e-07 3.954918359078214e-07
4.014230302342859e-07 3.9549152273455017e-07
4.014230302342859e-07 3.9549152273455017e-07
4.014230302342859e-07 3.9549152273455017e-07
4.014230302342859e-07 3.9549152273455017e-07
2.980904511494172e-07 3.9549532319441263e-07
2.980904511494172e-07 3.9549532319441263e-07
2.980904511494172e-07 3.9549532319441263e-07
2.980904511494172e-07 3.9549532319441263e-07
2.980904511494172e-07 3.9549532319441263e-07
2.980904511494172e-07 3.9549532319441263e-07
2.980904511494172e-07 3.9549532319441263e-07
2.980904511494172e-07 3.9549532319441263e-07
2.980904511494172e-07 3.9549532319441263e-07
2.980904511494172e-07 3.9549532319441263e-07
2.980904511494172e-07 3.9549532319441263e-07
2.980904511494172e-07 3.9549532319441263e-07
2.980904511494172e-07 3.9549532319441263e-07
2.980904511494172e-07 3.9549532319441263e-07
2.980904511494172e-07 3.9549532319441263e-07
2.980904511494172e-07 3.9549532319441263e-07
2.980904511494172e-07 3.9549532319441263e-07
2.980904511494172e-07 3.9549532319441263e-07
2.980904511494172e-07 3.9549532319441263e-07
2.980904511494172e-07 3.9549532319441263e-07
2.980904511494172e-07 3.9549532319441263e-07
2.980904511494172e-07 3.9549532319441263e-07
2.980904511494172e-07 3.9549532319441263e-07
2.980904511494172e-07 3.9549532319441263e-07
2.980904511494172e-07 3.9549532319441263e-07
2.980904511494172e-07 3.9549532319441263e-07
2.980904511494172e-07 3.9549532319441263e-07
2.980904511494172e-07 3.9549532319441263e-07
2.980904511494172e-07 3.9549532319441263e-07
2.980904511494172e-07 3.9549532319441263e-07
2.6005643669381205e-07 3.9549124261430785e-07
2.6005643669381205e-07 3.9549124261430785e-07
2.6005643669381205e-07 3.9549124261430785e-07
2.6005643669381205e-07 3.9549124261430785e-07
2.6005643669381205e-07 3.9549124261430785e-07
2.6005643669381205e-07 3.9549124261430785e-07
3.9349323389854387e-07 3.9549186018154343e-07
2.597033234082922e-07 3.9549159453176497e-07
2.597033234082922e-07 3.9549159453176497e-07
2.597033234082922e-07 3.9549159453176497e-07
2.597033234082922e-07 3.9549159453176497e-07
2.597033234082922e-07 3.9549159453176497e-07
2.597033234082922e-07 3.9549159453176497e-07
4.027699231938782e-07 3.954913423616173e-07
3.9407007706251436e-07 3.954919698336542e-07
3.9407007706251436e-07 3.954919698336542e-07
3.9407007706251436e-07 3.954919698336542e-07
3.9407007706251436e-07 3.954919698336542e-07
3.9282866938410635e-07 3.9549177865863926e-07
4.0439146432690215e-07 3.9549168043466296e-07
4.0439146432690215e-07 3.9549168043466296e-07
3.135389177003606e-07 3.9549588553034693e-07
3.135389177003606e-07 3.9549588553034693e-07
3.135389177003606e-07 3.9549588553034693e-07
3.135389177003606e-07 3.9549588553034693e-07
3.135389177003606e-07 3.9549588553034693e-07
3.135389177003606e-07 3.9549588553034693e-07
2.6720028817472066e-07 3.954903293641958e-07
2.6720028817472066e-07 3.954903293641958e-07
2.6720028817472066e-07 3.954903293641958e-07
2.6720028817472066e-07 3.954903293641958e-07
2.6720028817472066e-07 3.954903293641958e-07
2.6720028817472066e-07 3.954903293641958e-07
3.976752519432403e-07 3.9549202544148823e-07
3.8352736725847615e-07 3.9549195050325476e-07
4.0574055683343196e-07 3.954920669970902e-07
3.9539937270564955e-07 3.954917174488968e-07
4.114223260619865e-07 3.9549207502904276e-07
3.99572096372635e-07 3.9548589477155166e-07
4.025796824502355e-07 3.954912480084259e-07
4.025796824502355e-07 3.954912480084259e-07
3.9243742212670676e-07 3.9549214589719223e-07
3.9243742212670676e-07 3.9549214589719223e-07
2.578376806403038e-07 3.9549242082163243e-07
2.578376806403038e-07 3.9549242082163243e-07
2.578376806403038e-07 3.9549242082163243e-07
2.578376806403038e-07 3.9549242082163243e-07
2.578376806403038e-07 3.9549242082163243e-07
2.578376806403038e-07 3.9549242082163243e-07
3.829430797105881e-07 3.954918301903576e-07
3.829430797105881e-07 3.954918301903576e-07
2.6047344517337484e-07 3.9549170406628143e-07
2.6047344517337484e-07 3.9549170406628143e-07
2.6047344517337484e-07 3.9549170406628143e-07
2.6047344517337484e-07 3.9549170406628143e-07
2.6047344517337484e-07 3.9549170406628143e-07
2.6047344517337484e-07 3.9549170406628143e-07
4.0442273974776296e-07 3.954920056531784e-07
3.0792091010914934e-07 3.9548847953121273e-07
3.0792091010914934e-07 3.9548847953121273e-07
3.0792091010914934e-07 3.9548847953121273e-07
3.0792091010914934e-07 3.9548847953121273e-07
3.0792091010914934e-07 3.9548847953121273e-07
3.0792091010914934e-07 3.9548847953121273e-07
3.0792091010914934e-07 3.9548847953121273e-07
3.0792091010914934e-07 3.9548847953121273e-07
3.0792091010914934e-07 3.9548847953121273e-07
3.0792091010914934e-07 3.9548847953121273e-07
3.0792091010914934e-07 3.9548847953121273e-07
3.0792091010914934e-07 3.9548847953121273e-07
4.0591159912036867e-07 3.954912645975061e-07
2.738537370043015e-07 3.954916105742786e-07
2.738537370043015e-07 3.954916105742786e-07
2.738537370043015e-07 3.954916105742786e-07
2.738537370043015e-07 3.954916105742786e-07
2.738537370043015e-07 3.954916105742786e-07
2.738537370043015e-07 3.954916105742786e-07
2.6003096912249854e-07 3.9549213299003403e-07
2.6003096912249854e-07 3.9549213299003403e-07
2.6003096912249854e-07 3.9549213299003403e-07
2.6003096912249854e-07 3.9549213299003403e-07
2.6003096912249854e-07 3.9549213299003403e-07
2.6003096912249854e-07 3.9549213299003403e-07
3.9799482582990087e-07 3.954919379752478e-07
3.9799482582990087e-07 3.954919379752478e-07
4.289182762844616e-07 3.9549135893037274e-07
4.289182762844616e-07 3.9549135893037274e-07
3.956048512005322e-07 3.9549172530431163e-07
4.0438308076794006e-07 3.9549161846102383e-07
3.990958716625109e-07 3.9549167862438277e-07
4.0009502413102874e-07 3.954916011842986e-07
2.6332986375898694e-07 3.95491440065523e-07
2.6332986375898694e-07 3.95491440065523e-07
2.6332986375898694e-07 3.95491440065523e-07
2.6332986375898694e-07 3.95491440065523e-07
2.6332986375898694e-07 3.95491440065523e-07
2.6332986375898694e-07 3.95491440065523e-07
2.6332986375898694e-07 3.95491440065523e-07
2.6332986375898694e-07 3.95491440065523e-07
2.6332986375898694e-07 3.95491440065523e-07
2.6332986375898694e-07 3.95491440065523e-07
2.6332986375898694e-07 3.95491440065523e-07
2.6332986375898694e-07 3.95491440065523e-07
2.6332986375898694e-07 3.95491440065523e-07
2.6332986375898694e-07 3.95491440065523e-07
2.6332986375898694e-07 3.95491440065523e-07
2.6332986375898694e-07 3.95491440065523e-07
2.6332986375898694e-07 3.95491440065523e-07
2.6332986375898694e-07 3.95491440065523e-07
2.6332986375898694e-07 3.95491440065523e-07
2.6332986375898694e-07 3.95491440065523e-07
2.6332986375898694e-07 3.95491440065523e-07
2.6332986375898694e-07 3.95491440065523e-07
2.6332986375898694e-07 3.95491440065523e-07
2.6332986375898694e-07 3.95491440065523e-07
4.043967191716952e-07 3.9549182997743755e-07
3.8404400093990725e-07 3.954919447014778e-07
3.8404400093990725e-07 3.954919447014778e-07
4.138016141212841e-07 3.9549221033370406e-07
4.138016141212841e-07 3.9549221033370406e-07
3.9878247509356247e-07 3.9549175421468755e-07
3.9878247509356247e-07 3.9549175421468755e-07
2.605866572987363e-07 3.9549135825451546e-07
2.605866572987363e-07 3.9549135825451546e-07
2.605866572987363e-07 3.9549135825451546e-07
2.605866572987363e-07 3.9549135825451546e-07
2.605866572987363e-07 3.9549135825451546e-07
2.605866572987363e-07 3.9549135825451546e-07
2.605866572987363e-07 3.9549135825451546e-07
2.605866572987363e-07 3.9549135825451546e-07
2.605866572987363e-07 3.9549135825451546e-07
2.605866572987363e-07 3.9549135825451546e-07
2.605866572987363e-07 3.9549135825451546e-07
2.605866572987363e-07 3.9549135825451546e-07
4.1581796405742815e-07 3.9549118902358767e-07
4.1581796405742815e-07 3.9549118902358767e-07
2.608932222348673e-07 3.954911735474786e-07
2.608932222348673e-07 3.954911735474786e-07
2.608932222348673e-07 3.954911735474786e-07
2.608932222348673e-07 3.954911735474786e-07
2.608932222348673e-07 3.954911735474786e-07
2.608932222348673e-07 3.954911735474786e-07
2.608932222348673e-07 3.954911735474786e-07
2.608932222348673e-07 3.954911735474786e-07
2.608932222348673e-07 3.954911735474786e-07
2.608932222348673e-07 3.954911735474786e-07
2.608932222348673e-07 3.954911735474786e-07
2.608932222348673e-07 3.954911735474786e-07
3.1645420594823016e-07 3.9549721431374743e-07
3.1645420594823016e-07 3.9549721431374743e-07
3.1645420594823016e-07 3.9549721431374743e-07
3.1645420594823016e-07 3.9549721431374743e-07
3.1645420594823016e-07 3.9549721431374743e-07
3.1645420594823016e-07 3.9549721431374743e-07
2.5832556550824085e-07 3.954917430818988e-07
2.5832556550824085e-07 3.954917430818988e-07
2.5832556550824085e-07 3.954917430818988e-07
2.5832556550824085e-07 3.954917430818988e-07
2.5832556550824085e-07 3.954917430818988e-07
2.5832556550824085e-07 3.954917430818988e-07
2.9131091341752987e-07 3.955034691961015e-07
2.9131091341752987e-07 3.955034691961015e-07
2.9131091341752987e-07 3.955034691961015e-07
2.9131091341752987e-07 3.955034691961015e-07
2.9131091341752987e-07 3.955034691961015e-07
2.9131091341752987e-07 3.955034691961015e-07
2.6074751087430325e-07 3.9549229942843067e-07
2.6074751087430325e-07 3.9549229942843067e-07
2.6074751087430325e-07 3.9549229942843067e-07
2.6074751087430325e-07 3.9549229942843067e-07
2.6074751087430325e-07 3.9549229942843067e-07
2.6074751087430325e-07 3.9549229942843067e-07
4.0265823880992464e-07 3.954919911262583e-07
4.1800351620711004e-07 3.9549072709550857e-07
4.188097842350058e-07 3.954921833765486e-07
4.0258817976424095e-07 3.9549232350192956e-07
4.0258817976424095e-07 3.9549232350192956e-07
4.0258817976424095e-07 3.9549232350192956e-07
4.0258817976424095e-07 3.9549232350192956e-07
4.1642062499524805e-07 3.954921269857062e-07
4.1228111136654254e-07 3.9549248085478086e-07
4.1228111136654254e-07 3.9549248085478086e-07
4.243679155437896e-07 3.9549250443626007e-07
4.243679155437896e-07 3.9549250443626007e-07
4.0015887948341236e-07 3.954916824821625e-07
4.0015887948341236e-07 3.954916824821625e-07
4.0076755272530597e-07 3.9549169906564974e-07
3.951004347368101e-07 3.9549136457233045e-07
3.951004347368101e-07 3.9549136457233045e-07
3.951004347368101e-07 3.9549136457233045e-07
3.951004347368101e-07 3.9549136457233045e-07
2.5983329693643395e-07 3.954927902613423e-07
2.5983329693643395e-07 3.954927902613423e-07
2.5983329693643395e-07 3.954927902613423e-07
2.5983329693643395e-07 3.954927902613423e-07
2.5983329693643395e-07 3.954927902613423e-07
2.5983329693643395e-07 3.954927902613423e-07
2.5983329693643395e-07 3.954927902613423e-07
2.5983329693643395e-07 3.954927902613423e-07
2.5983329693643395e-07 3.954927902613423e-07
2.5983329693643395e-07 3.954927902613423e-07
2.5983329693643395e-07 3.954927902613423e-07
2.5983329693643395e-07 3.954927902613423e-07
3.937069459183663e-07 3.9549180389523286e-07
2.8706310774233367e-07 3.954899399948133e-07
2.8706310774233367e-07 3.954899399948133e-07
2.8706310774233367e-07 3.954899399948133e-07
2.8706310774233367e-07 3.954899399948133e-07
2.8706310774233367e-07 3.954899399948133e-07
2.8706310774233367e-07 3.954899399948133e-07
2.8706310774233367e-07 3.954899399948133e-07
2.8706310774233367e-07 3.954899399948133e-07
2.8706310774233367e-07 3.954899399948133e-07
2.8706310774233367e-07 3.954899399948133e-07
2.8706310774233367e-07 3.954899399948133e-07
2.8706310774233367e-07 3.954899399948133e-07
4.0181054745550223e-07 3.954921239122636e-07
3.971624936857946e-07 3.954917873396993e-07
4.1010616144750525e-07 3.9549618563170536e-07
4.043783155810523e-07 3.954916826623925e-07
3.978405342942224e-07 3.9549184236927054e-07
4.006540734823079e-07 3.9549182881157526e-07
4.0002081478006614e-07 3.9549214042596317e-07
4.0002081478006614e-07 3.9549214042596317e-07
4.0447720673995243e-07 3.954919607014824e-07
4.0447720673995243e-07 3.954919607014824e-07
4.066586391428662e-07 3.954911794712533e-07
4.066586391428662e-07 3.954911794712533e-07
4.066586391428662e-07 3.954911794712533e-07
4.066586391428662e-07 3.954911794712533e-07
4.066586391428662e-07 3.954911794712533e-07
4.028105721580309e-07 3.954918703684676e-07
4.2733523718554685e-07 3.9548826413794573e-07
4.2733523718554685e-07 3.9548826413794573e-07
2.946617454451595e-07 3.9549147989804087e-07
2.946617454451595e-07 3.9549147989804087e-07
2.946617454451595e-07 3.9549147989804087e-07
2.946617454451595e-07 3.9549147989804087e-07
2.946617454451595e-07 3.9549147989804087e-07
2.946617454451595e-07 3.9549147989804087e-07
3.9778720911223933e-07 3.9549161497340034e-07
2.589140728342903e-07 3.9549264807473337e-07
2.589140728342903e-07 3.9549264807473337e-07
2.589140728342903e-07 3.9549264807473337e-07
2.589140728342903e-07 3.9549264807473337e-07
2.589140728342903e-07 3.9549264807473337e-07
2.589140728342903e-07 3.9549264807473337e-07
2.589140728342903e-07 3.9549264807473337e-07
2.589140728342903e-07 3.9549264807473337e-07
2.589140728342903e-07 3.9549264807473337e-07
2.589140728342903e-07 3.9549264807473337e-07
2.589140728342903e-07 3.9549264807473337e-07
2.589140728342903e-07 3.9549264807473337e-07
2.614338920304341e-07 3.9549291556606184e-07
2.614338920304341e-07 3.9549291556606184e-07
2.614338920304341e-07 3.9549291556606184e-07
2.614338920304341e-07 3.9549291556606184e-07
2.614338920304341e-07 3.9549291556606184e-07
2.614338920304341e-07 3.9549291556606184e-07
2.614338920304341e-07 3.9549291556606184e-07
2.614338920304341e-07 3.9549291556606184e-07
2.614338920304341e-07 3.9549291556606184e-07
2.614338920304341e-07 3.9549291556606184e-07
2.614338920304341e-07 3.9549291556606184e-07
2.614338920304341e-07 3.9549291556606184e-07
3.9756941817746657e-07 3.954918338610816e-07
3.9773914866374396e-07 3.954920786629632e-07
3.9773914866374396e-07 3.954920786629632e-07
4.089124543608748e-07 3.954928997828483e-07
4.089124543608748e-07 3.954928997828483e-07
3.759372209475679e-07 3.9549150744074646e-07
3.759372209475679e-07 3.9549150744074646e-07
2.6460768269795837e-07 3.954912624486737e-07
2.6460768269795837e-07 3.954912624486737e-07
2.6460768269795837e-07 3.954912624486737e-07
2.6460768269795837e-07 3.954912624486737e-07
2.6460768269795837e-07 3.954912624486737e-07
2.6460768269795837e-07 3.954912624486737e-07
3.956067957761738e-07 3.954914375431787e-07
3.832652114371115e-07 3.9549216603908737e-07
3.832652114371115e-07 3.9549216603908737e-07
3.030499112501996e-07 3.9549223474892547e-07
3.030499112501996e-07 3.9549223474892547e-07
3.030499112501996e-07 3.9549223474892547e-07
3.030499112501996e-07 3.9549223474892547e-07
3.030499112501996e-07 3.9549223474892547e-07
3.030499112501996e-07 3.9549223474892547e-07
3.030499112501996e-07 3.9549223474892547e-07
3.030499112501996e-07 3.9549223474892547e-07
3.030499112501996e-07 3.9549223474892547e-07
3.030499112501996e-07 3.9549223474892547e-07
3.030499112501996e-07 3.9549223474892547e-07
3.030499112501996e-07 3.9549223474892547e-07
2.5753521771409687e-07 3.954934420860704e-07
2.5753521771409687e-07 3.954934420860704e-07
2.5753521771409687e-07 3.954934420860704e-07
2.5753521771409687e-07 3.954934420860704e-07
2.5753521771409687e-07 3.954934420860704e-07
2.5753521771409687e-07 3.954934420860704e-07
3.9450975579198757e-07 3.954921805676254e-07
4.089999724977358e-07 3.954915995049081e-07
4.089999724977358e-07 3.954915995049081e-07
2.573972513091056e-07 3.954931332149993e-07
2.573972513091056e-07 3.954931332149993e-07
2.573972513091056e-07 3.954931332149993e-07
2.573972513091056e-07 3.954931332149993e-07
2.573972513091056e-07 3.954931332149993e-07
2.573972513091056e-07 3.954931332149993e-07
4.1232494385867776e-07 3.9549081871712457e-07
4.1232494385867776e-07 3.9549081871712457e-07
4.1232494385867776e-07 3.9549081871712457e-07
4.1232494385867776e-07 3.9549081871712457e-07
4.1232494385867776e-07 3.9549081871712457e-07
4.1772553731145574e-07 3.9549360048029355e-07
4.0526000092472293e-07 3.9549188195433317e-07
4.035769753209978e-07 3.9549170707217404e-07