0.009957573926475657 0.00946820597709758
0.009957573926475657 0.00946820597709758
0.009957573926475657 0.00946820597709758
0.009957573926475657 0.00946820597709758
0.04423035187683247 0.04409843529917403
0.04423035187683247 0.04409843529917403
0.04423035187683247 0.04409843529917403
0.04423035187683247 0.04409843529917403
0.04423035187683247 0.04409843529917403
0.04423035187683247 0.04409843529917403
0.04423035187683247 0.04409843529917403
0.04423035187683247 0.04409843529917403
0.04423035187683247 0.04409843529917403
0.0682774673719239 0.06929875700540858
0.0682774673719239 0.06929875700540858
0.0682774673719239 0.06929875700540858
0.0682774673719239 0.06929875700540858
0.0682774673719239 0.06929875700540858
0.0682774673719239 0.06929875700540858
0.0682774673719239 0.06929875700540858
0.0682774673719239 0.06929875700540858
0.027455669646846554 0.028532279135478324
0.027455669646846554 0.028532279135478324
0.027455669646846554 0.028532279135478324
0.027455669646846554 0.028532279135478324
0.013766133184678953 0.012898036996216973
0.013766133184678953 0.012898036996216973
0.013766133184678953 0.012898036996216973
0.013766133184678953 0.012898036996216973
0.013766133184678953 0.012898036996216973
0.013766133184678953 0.012898036996216973
0.013766133184678953 0.012898036996216973
0.013766133184678953 0.012898036996216973
0.013766133184678953 0.012898036996216973
0.013766133184678953 0.012898036996216973
0.006885194279075903 0.007400094469291098
0.006885194279075903 0.007400094469291098
0.006885194279075903 0.007400094469291098
0.006885194279075903 0.007400094469291098
0.3610386515572539 0.3657323284978106
0.3610386515572539 0.3657323284978106
0.3610386515572539 0.3657323284978106
0.3610386515572539 0.3657323284978106
0.3610386515572539 0.3657323284978106
0.3610386515572539 0.3657323284978106
0.3610386515572539 0.3657323284978106
0.3610386515572539 0.3657323284978106
0.3610386515572539 0.3657323284978106
0.3610386515572539 0.3657323284978106
0.3610386515572539 0.3657323284978106