0.019159234226864198 0.008849555543681826
0.019159234226864198 0.008849555543681826
0.019159234226864198 0.008849555543681826
0.019159234226864198 0.008849555543681826
0.019159234226864198 0.008849555543681826
0.019159234226864198 0.008849555543681826
0.04451850176529521 0.00884959131847736
0.04451850176529521 0.00884959131847736
0.04451850176529521 0.00884959131847736
0.013356214818093662 0.0088495053213531
0.013356214818093662 0.0088495053213531
0.013356214818093662 0.0088495053213531
0.013356214818093662 0.0088495053213531
0.00032008748815794374 0.00884959131847736
0.00032008748815794374 0.00884959131847736
0.00032008748815794374 0.00884959131847736
0.00024152105629245615 0.008849555543681826
0.00024152105629245615 0.008849555543681826
0.0020645824647644896 0.00884959131847736
0.0020645824647644896 0.00884959131847736
0.0020645824647644896 0.00884959131847736
0.0007523334038853405 0.008849613042914524
0.01720026747907619 0.008849524200403457
0.01720026747907619 0.008849524200403457
0.01720026747907619 0.008849524200403457
0.01720026747907619 0.008849524200403457
0.000705262767167442 0.008849524200403457
0.0011365696766703819 0.008849555543681826
0.015534234555824112 0.00884959131847736
0.015534234555824112 0.00884959131847736
0.00031590526445229926 0.0088495053213531
0.00031590526445229926 0.0088495053213531
0.00031590526445229926 0.0088495053213531
0.00031590526445229926 0.0088495053213531
0.00031590526445229926 0.0088495053213531
0.0018736953066314736 0.008849613042914524
0.0018736953066314736 0.008849613042914524
0.004880206841884652 0.008849613042914524
0.0003726806027631486 0.008849613042914524
0.0003726806027631486 0.008849613042914524
0.0003726806027631486 0.008849613042914524
0.0003726806027631486 0.008849613042914524
0.0003726806027631486 0.008849613042914524
0.006844544234383272 0.0088495053213531
0.006844544234383272 0.0088495053213531
0.006844544234383272 0.0088495053213531
0.006844544234383272 0.0088495053213531
0.006844544234383272 0.0088495053213531
0.00035187824322470884 0.00884959131847736
0.00035187824322470884 0.00884959131847736
0.00035187824322470884 0.00884959131847736
0.00035187824322470884 0.00884959131847736
0.00035187824322470884 0.00884959131847736
0.0013068725254303333 0.00884959131847736
0.00030365031884854623 0.0088495053213531
0.00030365031884854623 0.0088495053213531
0.00030365031884854623 0.0088495053213531
0.003131984050612445 0.00884946879069093
0.021543669141481706 0.00884946879069093
0.021543669141481706 0.00884946879069093
0.00012151545711475492 0.008849613042914524
0.0064752041688619566 0.008849524200403457
0.0064752041688619566 0.008849524200403457
0.0124105130790971 0.008849613042914524
0.0124105130790971 0.008849613042914524
0.0124105130790971 0.008849613042914524
0.0124105130790971 0.008849613042914524
0.00034595384238681593 0.008849613042914524
0.00034595384238681593 0.008849613042914524
0.00034595384238681593 0.008849613042914524
0.0021535324138182823 0.00884946879069093
0.0021535324138182823 0.00884946879069093
0.017726150308976292 0.008849613042914524
0.017726150308976292 0.008849613042914524
0.004214195893873181 0.008849613042914524
0.001005429255131837 0.0088495053213531
0.001005429255131837 0.0088495053213531
0.0022221179096809864 0.00884946879069093
0.0022221179096809864 0.00884946879069093
0.001094996380095451 0.008849555543681826
0.001094996380095451 0.008849555543681826
0.0020318071352273545 0.0088495053213531
0.0724895056539101 0.008849555543681826
0.050384459620797996 0.008849524200403457
0.050384459620797996 0.008849524200403457
0.050384459620797996 0.008849524200403457
0.050384459620797996 0.008849524200403457
0.050384459620797996 0.008849524200403457
0.050384459620797996 0.008849524200403457
0.0010488626021284975 0.00884946879069093
0.00017429255969782028 0.0088495053213531
0.0038164798800665485 0.008849524200403457
0.05607017218781252 0.00884959131847736
0.05607017218781252 0.00884959131847736
0.05607017218781252 0.00884959131847736
0.05607017218781252 0.00884959131847736
0.05607017218781252 0.00884959131847736
0.05607017218781252 0.00884959131847736
0.0002313897487237755 0.008849555543681826
0.0002313897487237755 0.008849555543681826
0.0002313897487237755 0.008849555543681826
0.09215776570940161 0.00884959131847736
0.09215776570940161 0.00884959131847736
0.09215776570940161 0.00884959131847736
0.09215776570940161 0.00884959131847736
0.09215776570940161 0.00884959131847736
0.09215776570940161 0.00884959131847736
0.09215776570940161 0.00884959131847736
0.09215776570940161 0.00884959131847736
0.01216466777759523 0.00884946879069093
0.01216466777759523 0.00884946879069093
0.01216466777759523 0.00884946879069093
0.01216466777759523 0.00884946879069093
0.0003434637715443004 0.008849613042914524
0.0003434637715443004 0.008849613042914524
0.001573392763024108 0.008849613042914524
0.001573392763024108 0.008849613042914524
0.027127945612341924 0.0088495053213531
0.027127945612341924 0.0088495053213531
0.027127945612341924 0.0088495053213531
0.027127945612341924 0.0088495053213531
0.027127945612341924 0.0088495053213531
0.027127945612341924 0.0088495053213531
0.027127945612341924 0.0088495053213531
0.027127945612341924 0.0088495053213531
0.014844102678689021 0.00884959131847736
0.014844102678689021 0.00884959131847736
0.014844102678689021 0.00884959131847736
0.014844102678689021 0.00884959131847736
0.06773534865163001 0.00884946879069093
0.06773534865163001 0.00884946879069093
0.06773534865163001 0.00884946879069093
0.06773534865163001 0.00884946879069093
0.06773534865163001 0.00884946879069093
0.06773534865163001 0.00884946879069093
0.00012595739354253214 0.00884946879069093
0.001209934317684966 0.008849555543681826
0.001209934317684966 0.008849555543681826
0.0012622211808842488 0.008849555543681826
0.0012622211808842488 0.008849555543681826
0.0012622211808842488 0.008849555543681826
0.009750277242649357 0.008849555543681826
0.009750277242649357 0.008849555543681826
0.04841603965870379 0.008849524200403457
0.04841603965870379 0.008849524200403457
0.04841603965870379 0.008849524200403457
0.03822935518246986 0.0088495053213531
0.03822935518246986 0.0088495053213531
0.03822935518246986 0.0088495053213531
0.03822935518246986 0.0088495053213531
0.03822935518246986 0.0088495053213531
0.03822935518246986 0.0088495053213531
0.05665974515918555 0.008849555543681826
0.05665974515918555 0.008849555543681826
0.05665974515918555 0.008849555543681826
0.00604100004433283 0.00884946879069093
0.005366619465241757 0.00884946879069093
0.017677344920462988 0.008849613042914524
0.017677344920462988 0.008849613042914524
0.017677344920462988 0.008849613042914524
0.017677344920462988 0.008849613042914524
0.017677344920462988 0.008849613042914524
0.017677344920462988 0.008849613042914524
0.017677344920462988 0.008849613042914524
0.017677344920462988 0.008849613042914524
0.03223363865172374 0.008849524200403457
0.03223363865172374 0.008849524200403457
0.03223363865172374 0.008849524200403457
0.03223363865172374 0.008849524200403457
0.03223363865172374 0.008849524200403457
0.03223363865172374 0.008849524200403457
0.03223363865172374 0.008849524200403457
0.03223363865172374 0.008849524200403457
0.010910328398842947 0.008849613042914524
0.010910328398842947 0.008849613042914524
0.010910328398842947 0.008849613042914524
0.010910328398842947 0.008849613042914524
0.010910328398842947 0.008849613042914524
0.01764929012230398 0.008849613042914524
0.01764929012230398 0.008849613042914524
0.01764929012230398 0.008849613042914524
0.0029178650132596273 0.008849613042914524
0.0029178650132596273 0.008849613042914524
0.0029178650132596273 0.008849613042914524
0.001329500648476095 0.008849524200403457
0.001329500648476095 0.008849524200403457
0.013361914969632011 0.00884946879069093
0.013361914969632011 0.00884946879069093
0.013361914969632011 0.00884946879069093
0.013361914969632011 0.00884946879069093
0.013361914969632011 0.00884946879069093
0.0005345041659483034 0.0088495053213531
0.030128591285208742 0.00884946879069093
0.030128591285208742 0.00884946879069093
0.030128591285208742 0.00884946879069093
0.030128591285208742 0.00884946879069093
0.030128591285208742 0.00884946879069093
0.030128591285208742 0.00884946879069093
0.030128591285208742 0.00884946879069093
0.030128591285208742 0.00884946879069093
0.001797721783661187 0.00884959131847736
0.001797721783661187 0.00884959131847736
0.04924563303825994 0.008849613042914524
0.04924563303825994 0.008849613042914524
0.04924563303825994 0.008849613042914524
0.04924563303825994 0.008849613042914524
0.04924563303825994 0.008849613042914524
0.04924563303825994 0.008849613042914524
0.00019086451844905285 0.008849555543681826
0.16325402693274196 0.008849555543681826
0.16325402693274196 0.008849555543681826
0.16325402693274196 0.008849555543681826
0.16325402693274196 0.008849555543681826
0.16325402693274196 0.008849555543681826
0.16325402693274196 0.008849555543681826
0.16325402693274196 0.008849555543681826
0.16325402693274196 0.008849555543681826
0.0024570623506579774 0.008849524200403457
0.0024570623506579774 0.008849524200403457
0.0004881826929847208 0.00884946879069093
0.0004881826929847208 0.00884946879069093
0.0004881826929847208 0.00884946879069093
0.0004881826929847208 0.00884946879069093
0.0004881826929847208 0.00884946879069093
0.00041959719712201697 0.00884946879069093
0.00041959719712201697 0.00884946879069093
0.00041959719712201697 0.00884946879069093
0.0002893350197589918 0.008849524200403457
0.0002893350197589918 0.008849524200403457
0.04419363819587928 0.0088495053213531
0.04419363819587928 0.0088495053213531
0.04419363819587928 0.0088495053213531
0.008296842088053124 0.00884959131847736
0.008296842088053124 0.00884959131847736
0.008296842088053124 0.00884959131847736
0.008296842088053124 0.00884959131847736
0.008296842088053124 0.00884959131847736
0.0018833861273596794 0.0088495053213531
0.0018833861273596794 0.0088495053213531
0.004028417502567471 0.008849555543681826
0.004028417502567471 0.008849555543681826
0.004028417502567471 0.008849555543681826
0.004028417502567471 0.008849555543681826
0.001294874628878322 0.008849524200403457
0.001294874628878322 0.008849524200403457
0.001294874628878322 0.008849524200403457
0.0004142656984677571 0.008849524200403457
0.0004142656984677571 0.008849524200403457
0.0004142656984677571 0.008849524200403457
0.0004142656984677571 0.008849524200403457
0.0004142656984677571 0.008849524200403457
0.008985729093778896 0.008849524200403457
0.008985729093778896 0.008849524200403457
0.008985729093778896 0.008849524200403457
0.008985729093778896 0.008849524200403457
0.008985729093778896 0.008849524200403457
7.894732468292262e-06 0.008849524200403457
0.0006056658697092886 0.008849555543681826
0.0005253141200266488 0.008849555543681826
0.0031254301014562854 0.0088495053213531
0.0003962601682769151 0.008849524200403457
0.0003962601682769151 0.008849524200403457
0.0003962601682769151 0.008849524200403457
0.001767020997339568 0.00884959131847736
0.012122328880256644 0.008849613042914524
0.010799477394168408 0.00884946879069093
0.010799477394168408 0.00884946879069093
0.010799477394168408 0.00884946879069093
0.0037067461528230887 0.00884946879069093
0.0037067461528230887 0.00884946879069093
0.0037067461528230887 0.00884946879069093
0.0004443714256655792 0.00884946879069093
0.0004443714256655792 0.00884946879069093
0.005122573339294549 0.008849524200403457
0.001678822804589341 0.0088495053213531
0.001678822804589341 0.0088495053213531
0.001678822804589341 0.0088495053213531
0.0003671378056567561 0.00884959131847736
0.0003671378056567561 0.00884959131847736
0.007295938871183685 0.008849555543681826
0.007295938871183685 0.008849555543681826
0.007295938871183685 0.008849555543681826
0.007295938871183685 0.008849555543681826
0.007295938871183685 0.008849555543681826
0.0002205890208675538 0.0088495053213531
0.0002205890208675538 0.0088495053213531
0.001214951827923001 0.00884959131847736
0.001214951827923001 0.00884959131847736
0.010532863888613648 0.0088495053213531
0.010532863888613648 0.0088495053213531
0.07829081535134884 0.008849524200403457
0.11751434928438449 0.0088495053213531
0.000267839165608799 0.008849555543681826
0.000267839165608799 0.008849555543681826
0.000267839165608799 0.008849555543681826
0.000267839165608799 0.008849555543681826
0.000267839165608799 0.008849555543681826
0.00033316711309969854 0.00884959131847736