3.4662503341134224e-07 3.954918454270562e-07
3.4662503341134224e-07 3.954918454270562e-07
3.4662503341134224e-07 3.954918454270562e-07
3.4662503341134224e-07 3.954918454270562e-07
3.4662503341134224e-07 3.954918454270562e-07
3.4662503341134224e-07 3.954918454270562e-07
3.4662503341134224e-07 3.954918454270562e-07
3.4662503341134224e-07 3.954918454270562e-07
3.4662503341134224e-07 3.954918454270562e-07
3.4662503341134224e-07 3.954918454270562e-07
3.4662503341134224e-07 3.954918454270562e-07
3.4662503341134224e-07 3.954918454270562e-07
3.4662503341134224e-07 3.954918454270562e-07
3.4662503341134224e-07 3.954918454270562e-07
3.4662503341134224e-07 3.954918454270562e-07
3.4662503341134224e-07 3.954918454270562e-07
3.4662503341134224e-07 3.954918454270562e-07
3.4662503341134224e-07 3.954918454270562e-07
3.4662503341134224e-07 3.954918454270562e-07
3.4662503341134224e-07 3.954918454270562e-07
3.4662503341134224e-07 3.954918454270562e-07
3.4662503341134224e-07 3.954918454270562e-07
3.4662503341134224e-07 3.954918454270562e-07
3.4662503341134224e-07 3.954918454270562e-07
3.4662503341134224e-07 3.954918454270562e-07
3.4662503341134224e-07 3.954918454270562e-07
3.4662503341134224e-07 3.954918454270562e-07
3.4662503341134224e-07 3.954918454270562e-07
3.4662503341134224e-07 3.954918454270562e-07
3.4662503341134224e-07 3.954918454270562e-07
3.4662503341134224e-07 3.954918454270562e-07
3.4662503341134224e-07 3.954918454270562e-07
3.4662503341134224e-07 3.954918454270562e-07
3.4662503341134224e-07 3.954918454270562e-07
3.4662503341134224e-07 3.954918454270562e-07
3.4662503341134224e-07 3.954918454270562e-07
3.4662503341134224e-07 3.954918454270562e-07
3.4662503341134224e-07 3.954918454270562e-07
3.4662503341134224e-07 3.954918454270562e-07
3.4662503341134224e-07 3.954918454270562e-07
3.4662503341134224e-07 3.954918454270562e-07
3.4662503341134224e-07 3.954918454270562e-07
3.4662503341134224e-07 3.954918454270562e-07
3.4662503341134224e-07 3.954918454270562e-07
3.4662503341134224e-07 3.954918454270562e-07
3.4662503341134224e-07 3.954918454270562e-07
1.9722046613240333e-07 3.9549197171171775e-07
1.9722046613240333e-07 3.9549197171171775e-07
1.9722046613240333e-07 3.9549197171171775e-07
1.9722046613240333e-07 3.9549197171171775e-07