0.9156650761456656 0.9106573872211974
0.9156650761456656 0.9106573872211974
0.9156650761456656 0.9106573872211974
0.9156650761456656 0.9106573872211974
0.9156650761456656 0.9106573872211974
0.9156650761456656 0.9106573872211974
0.9156650761456656 0.9106573872211974
0.9156650761456656 0.9106573872211974
0.9156650761456656 0.9106573872211974
0.9156650761456656 0.9106573872211974
0.9156650761456656 0.9106573872211974
0.9156650761456656 0.9106573872211974
0.9156650761456656 0.9106573872211974
0.9156650761456656 0.9106573872211974
0.9156650761456656 0.9106573872211974
0.9156650761456656 0.9106573872211974
0.9156650761456656 0.9106573872211974
0.9156650761456656 0.9106573872211974
0.9156650761456656 0.9106573872211974
0.9156650761456656 0.9106573872211974
0.8378602007980028 0.8321484848388965
0.8378602007980028 0.8321484848388965
0.8378602007980028 0.8321484848388965
0.8378602007980028 0.8321484848388965
0.8378602007980028 0.8321484848388965
0.8378602007980028 0.8321484848388965
0.8378602007980028 0.8321484848388965
0.8378602007980028 0.8321484848388965
0.8378602007980028 0.8321484848388965
0.8378602007980028 0.8321484848388965
0.8378602007980028 0.8321484848388965
0.8378602007980028 0.8321484848388965
0.8378602007980028 0.8321484848388965
0.7643376292166473 0.756843300985005
0.7643376292166473 0.756843300985005
0.7643376292166473 0.756843300985005
0.7643376292166473 0.756843300985005
0.7643376292166473 0.756843300985005
0.7643376292166473 0.756843300985005
0.7643376292166473 0.756843300985005
0.7643376292166473 0.756843300985005
0.8542248741452796 0.8488726865988059
0.8542248741452796 0.8488726865988059
0.8542248741452796 0.8488726865988059
0.8542248741452796 0.8488726865988059
0.8542248741452796 0.8488726865988059
0.8542248741452796 0.8488726865988059
0.8542248741452796 0.8488726865988059
0.7817931489468072 0.774934422650369
0.7817931489468072 0.774934422650369
0.7817931489468072 0.774934422650369
0.7817931489468072 0.774934422650369
0.09162199918364505 0.09003872939732122
0.09162199918364505 0.09003872939732122
0.09162199918364505 0.09003872939732122
0.09162199918364505 0.09003872939732122
0.09162199918364505 0.09003872939732122
0.09162199918364505 0.09003872939732122
0.09162199918364505 0.09003872939732122
0.09162199918364505 0.09003872939732122
0.09162199918364505 0.09003872939732122
0.09162199918364505 0.09003872939732122
0.09162199918364505 0.09003872939732122
0.09162199918364505 0.09003872939732122
0.09162199918364505 0.09003872939732122
0.09162199918364505 0.09003872939732122
0.9046632694066239 0.9004197266793023
0.9046632694066239 0.9004197266793023
0.9046632694066239 0.9004197266793023
0.9046632694066239 0.9004197266793023
0.9046632694066239 0.9004197266793023
0.9046632694066239 0.9004197266793023
0.9046632694066239 0.9004197266793023
0.9046632694066239 0.9004197266793023
0.9046632694066239 0.9004197266793023
0.9046632694066239 0.9004197266793023
0.9046632694066239 0.9004197266793023
0.9046632694066239 0.9004197266793023
0.9046632694066239 0.9004197266793023
0.9046632694066239 0.9004197266793023
0.9046632694066239 0.9004197266793023
0.9046632694066239 0.9004197266793023
0.7928803881799398 0.7863839589417762
0.7928803881799398 0.7863839589417762
0.9335291688683992 0.9298294672492952
0.9335291688683992 0.9298294672492952
0.7466519163774091 0.7392192893914992
0.7466519163774091 0.7392192893914992
0.7466519163774091 0.7392192893914992
0.7466519163774091 0.7392192893914992
0.7466519163774091 0.7392192893914992
0.6619202851546803 0.6558059290150899
0.6619202851546803 0.6558059290150899
0.6619202851546803 0.6558059290150899
0.9147941393309054 0.9105438727498821
0.9147941393309054 0.9105438727498821
0.6356323903062596 0.6303569337961454
0.6356323903062596 0.6303569337961454
0.6356323903062596 0.6303569337961454
0.6356323903062596 0.6303569337961454
0.6356323903062596 0.6303569337961454
0.6356323903062596 0.6303569337961454
0.6356323903062596 0.6303569337961454
0.6356323903062596 0.6303569337961454
0.6356323903062596 0.6303569337961454
0.6356323903062596 0.6303569337961454
0.6356323903062596 0.6303569337961454
0.6356323903062596 0.6303569337961454
0.6356323903062596 0.6303569337961454
0.6356323903062596 0.6303569337961454
0.6356323903062596 0.6303569337961454
0.6356323903062596 0.6303569337961454
0.9188324067599252 0.914463879457915
0.9188324067599252 0.914463879457915
0.9188324067599252 0.914463879457915
0.9188324067599252 0.914463879457915
0.9188324067599252 0.914463879457915
0.9188324067599252 0.914463879457915
0.9188324067599252 0.914463879457915
0.9188324067599252 0.914463879457915
0.9188324067599252 0.914463879457915
0.8149097105104117 0.8089492119643462
0.8149097105104117 0.8089492119643462
0.8149097105104117 0.8089492119643462
0.8149097105104117 0.8089492119643462
0.8149097105104117 0.8089492119643462
0.7527781381411788 0.7457940317492462
0.7527781381411788 0.7457940317492462
0.7527781381411788 0.7457940317492462
0.7527781381411788 0.7457940317492462
0.7527781381411788 0.7457940317492462
0.7527781381411788 0.7457940317492462
0.7527781381411788 0.7457940317492462
0.7527781381411788 0.7457940317492462
0.7527781381411788 0.7457940317492462
0.7527781381411788 0.7457940317492462
0.7527781381411788 0.7457940317492462
0.7527781381411788 0.7457940317492462
0.7527781381411788 0.7457940317492462
0.7527781381411788 0.7457940317492462
0.7527781381411788 0.7457940317492462
0.7400977411015729 0.7330444185685944
0.7400977411015729 0.7330444185685944
0.7400977411015729 0.7330444185685944
0.7400977411015729 0.7330444185685944
0.7400977411015729 0.7330444185685944
0.7400977411015729 0.7330444185685944
0.7400977411015729 0.7330444185685944
0.7400977411015729 0.7330444185685944
0.7400977411015729 0.7330444185685944
0.7008913456883485 0.6945376994611424
0.7008913456883485 0.6945376994611424
0.7008913456883485 0.6945376994611424
0.9248700318631561 0.9205936609089385
0.9248700318631561 0.9205936609089385
0.9248700318631561 0.9205936609089385
0.9248700318631561 0.9205936609089385
0.9248700318631561 0.9205936609089385
0.9248700318631561 0.9205936609089385
0.9248700318631561 0.9205936609089385
0.9248700318631561 0.9205936609089385
0.9248700318631561 0.9205936609089385
0.9091919826350545 0.9050109321950772
0.9091919826350545 0.9050109321950772
0.9091919826350545 0.9050109321950772
0.9091919826350545 0.9050109321950772
0.9091919826350545 0.9050109321950772
0.9091919826350545 0.9050109321950772
0.9091919826350545 0.9050109321950772
0.9091919826350545 0.9050109321950772
0.9091919826350545 0.9050109321950772
0.9091919826350545 0.9050109321950772
0.9091919826350545 0.9050109321950772
0.9091919826350545 0.9050109321950772
0.9091919826350545 0.9050109321950772
0.8672284116833682 0.861496919683963
0.8672284116833682 0.861496919683963
0.8672284116833682 0.861496919683963
0.917726926107221 0.9133172646413892
0.917726926107221 0.9133172646413892
0.917726926107221 0.9133172646413892
0.4716656805014571 0.4714283680178712
0.4716656805014571 0.4714283680178712
0.4716656805014571 0.4714283680178712
0.4716656805014571 0.4714283680178712
0.4716656805014571 0.4714283680178712
0.4716656805014571 0.4714283680178712
0.4716656805014571 0.4714283680178712
0.4716656805014571 0.4714283680178712
0.4716656805014571 0.4714283680178712
0.4716656805014571 0.4714283680178712
0.4716656805014571 0.4714283680178712
0.4716656805014571 0.4714283680178712
0.4716656805014571 0.4714283680178712
0.4716656805014571 0.4714283680178712
0.4716656805014571 0.4714283680178712
0.4716656805014571 0.4714283680178712
0.9166471543069051 0.9120705830609513
0.9166471543069051 0.9120705830609513
0.3577450093184702 0.35747328652476434
0.3577450093184702 0.35747328652476434
0.4006309347896937 0.401113865693791
0.4006309347896937 0.401113865693791
0.4006309347896937 0.401113865693791
0.4006309347896937 0.401113865693791
0.4006309347896937 0.401113865693791
0.4006309347896937 0.401113865693791
0.4006309347896937 0.401113865693791
0.4006309347896937 0.401113865693791
0.4006309347896937 0.401113865693791
0.4006309347896937 0.401113865693791
0.4006309347896937 0.401113865693791
0.4006309347896937 0.401113865693791
0.4006309347896937 0.401113865693791
0.4006309347896937 0.401113865693791
0.4006309347896937 0.401113865693791
0.15491205199358307 0.15511218552140718
0.15491205199358307 0.15511218552140718
0.15491205199358307 0.15511218552140718
0.15491205199358307 0.15511218552140718
0.15491205199358307 0.15511218552140718
0.15491205199358307 0.15511218552140718
0.15491205199358307 0.15511218552140718
0.15491205199358307 0.15511218552140718
0.15491205199358307 0.15511218552140718
0.15491205199358307 0.15511218552140718
0.15491205199358307 0.15511218552140718
0.5873602624992486 0.5842332750071985
0.5873602624992486 0.5842332750071985
0.5873602624992486 0.5842332750071985
0.5873602624992486 0.5842332750071985
0.5873602624992486 0.5842332750071985
0.8911961814839308 0.8864123573356453
0.8911961814839308 0.8864123573356453
0.8911961814839308 0.8864123573356453
0.8911961814839308 0.8864123573356453
0.8911961814839308 0.8864123573356453
0.8911961814839308 0.8864123573356453
0.8911961814839308 0.8864123573356453
0.787345470021105 0.7805757359060116
0.787345470021105 0.7805757359060116
0.787345470021105 0.7805757359060116
0.787345470021105 0.7805757359060116
0.787345470021105 0.7805757359060116
0.787345470021105 0.7805757359060116