0.14489306889048864 0.25314032618571936
0.03525369850603813 0.06745988735295624
0.12057042057952023 0.307015433022462
0.12057042057952023 0.307015433022462
0.12057042057952023 0.307015433022462
0.12057042057952023 0.307015433022462
0.12057042057952023 0.307015433022462
0.12057042057952023 0.307015433022462
0.12057042057952023 0.307015433022462
0.12057042057952023 0.307015433022462
0.12057042057952023 0.307015433022462
0.12057042057952023 0.307015433022462
0.12057042057952023 0.307015433022462
0.12057042057952023 0.307015433022462
0.12057042057952023 0.307015433022462
0.12057042057952023 0.307015433022462
0.12057042057952023 0.307015433022462
0.12057042057952023 0.307015433022462
0.12057042057952023 0.307015433022462
0.12057042057952023 0.307015433022462
0.12057042057952023 0.307015433022462
0.12057042057952023 0.307015433022462
0.12057042057952023 0.307015433022462
0.12057042057952023 0.307015433022462
0.12057042057952023 0.307015433022462
0.12057042057952023 0.307015433022462
0.12057042057952023 0.307015433022462
3.370244248341166e-07 0.0001263167544278269
0.027933797618180985 0.026756166872925615
0.027933797618180985 0.026756166872925615
0.027933797618180985 0.026756166872925615
0.027933797618180985 0.026756166872925615
0.15783029067682594 0.25900495560714276
0.15783029067682594 0.25900495560714276
0.03525369850603813 0.06745988735295624
0.008838465541274708 0.008507440151202639
0.008838465541274708 0.008507440151202639
0.08999246413386071 0.2550952026595271
0.08999246413386071 0.2550952026595271
0.1294203449512393 0.21434092851577138
0.1143151124448291 0.16046575427414375
0.1143151124448291 0.16046575427414375
0.1143151124448291 0.16046575427414375
0.1143151124448291 0.16046575427414375
0.1143151124448291 0.16046575427414375
0.1143151124448291 0.16046575427414375
0.1143151124448291 0.16046575427414375
0.1143151124448291 0.16046575427414375
0.1143151124448291 0.16046575427414375
0.1143151124448291 0.16046575427414375
0.1143151124448291 0.16046575427414375
0.1143151124448291 0.16046575427414375
0.1143151124448291 0.16046575427414375
0.1143151124448291 0.16046575427414375
0.1143151124448291 0.16046575427414375
0.1143151124448291 0.16046575427414375
0.1143151124448291 0.16046575427414375
0.1143151124448291 0.16046575427414375
0.1143151124448291 0.16046575427414375
0.1143151124448291 0.16046575427414375
0.1143151124448291 0.16046575427414375
0.1143151124448291 0.16046575427414375
0.1143151124448291 0.16046575427414375
0.1143151124448291 0.16046575427414375
0.1143151124448291 0.16046575427414375
0.1143151124448291 0.16046575427414375
0.1143151124448291 0.16046575427414375
0.1143151124448291 0.16046575427414375
0.1143151124448291 0.16046575427414375
0.1294203449512393 0.17163177789820783
0.1294203449512393 0.17163177789820783
0.1294203449512393 0.17163177789820783
0.1294203449512393 0.17163177789820783
0.1294203449512393 0.17163177789820783
0.1294203449512393 0.17163177789820783
0.1294203449512393 0.17163177789820783
0.1294203449512393 0.17163177789820783
0.1294203449512393 0.17163177789820783
0.1294203449512393 0.17163177789820783
0.1294203449512393 0.17163177789820783
0.1294203449512393 0.17163177789820783
0.1294203449512393 0.17163177789820783
0.1294203449512393 0.17163177789820783
0.1294203449512393 0.17163177789820783
0.1294203449512393 0.17163177789820783
0.1294203449512393 0.17163177789820783
0.1294203449512393 0.17163177789820783
0.1294203449512393 0.17163177789820783
0.1294203449512393 0.17163177789820783
0.1294203449512393 0.17163177789820783
0.1294203449512393 0.17163177789820783
0.1294203449512393 0.17163177789820783
0.1294203449512393 0.17163177789820783
0.1294203449512393 0.17163177789820783
0.1294203449512393 0.17163177789820783
0.1294203449512393 0.17163177789820783
0.1294203449512393 0.17163177789820783
0.1294203449512393 0.17163177789820783
0.1294203449512393 0.17163177789820783
0.1294203449512393 0.17163177789820783
0.1294203449512393 0.17163177789820783
0.1294203449512393 0.17163177789820783
0.1294203449512393 0.17163177789820783
0.1294203449512393 0.17163177789820783
0.1294203449512393 0.17163177789820783
0.1294203449512393 0.17163177789820783
0.1294203449512393 0.17163177789820783
0.1294203449512393 0.17163177789820783
0.1294203449512393 0.17163177789820783
0.1294203449512393 0.22746182861364328
0.01881748914107303 0.05192029776781983
0.01881748914107303 0.05192029776781983
0.01881748914107303 0.05192029776781983
0.01881748914107303 0.05192029776781983
0.009354517340580707 0.010064695208591157
0.15783029067682594 0.2662612262835912
0.15783029067682594 0.2662612262835912
0.08999246413386071 0.19982845456775944
0.08999246413386071 0.19982845456775944
0.08999246413386071 0.19982845456775944
0.15783029067682594 0.2774271825027703
0.15783029067682594 0.2774271825027703
0.15783029067682594 0.2774271825027703
0.15783029067682594 0.2774271825027703
0.15783029067682594 0.2774271825027703
0.15783029067682594 0.2774271825027703
0.15783029067682594 0.2774271825027703
0.15783029067682594 0.2774271825027703
0.15783029067682594 0.2774271825027703
0.15783029067682594 0.2774271825027703
0.15783029067682594 0.2774271825027703
0.15783029067682594 0.2774271825027703
0.15783029067682594 0.2774271825027703
0.15783029067682594 0.2774271825027703
0.15783029067682594 0.2774271825027703
0.15783029067682594 0.2774271825027703
0.15783029067682594 0.2774271825027703
0.15783029067682594 0.2774271825027703
0.15783029067682594 0.2774271825027703
0.15783029067682594 0.2774271825027703
0.15783029067682594 0.2774271825027703
0.15783029067682594 0.2774271825027703
0.15783029067682594 0.2774271825027703
0.15783029067682594 0.2774271825027703
0.15783029067682594 0.2774271825027703
0.06783782654296522 0.3293474802705902
0.009559765215304683 0.009195374407174037
0.056889992531538744 0.07256250454982974
0.003343888938319138 0.004962145416602632
0.18215293898779433 0.24588405550927087
0.03525369850603813 0.052251592777431764
0.1294203449512393 0.22746182861364328
0.13700662994448534 0.26887876018150786
0.18215293898779433 0.2162958049895792
0.10509769664027091 0.27017097923120686
0.033219688697279266 0.032967864047043216
0.033219688697279266 0.032967864047043216
0.005721057016444096 0.005244639289498589
0.005721057016444096 0.005244639289498589