3.4183661023163284e-07 3.9549190540710477e-07
3.63719732809355e-07 3.954918304537417e-07
4.0906816616111034e-07 3.954918475420426e-07
2.495585492130963e-07 3.954917623080483e-07
2.495585492130963e-07 3.954917623080483e-07
2.495585492130963e-07 3.954917623080483e-07
4.156008801783205e-07 3.9549190905138154e-07
2.7345860130309377e-07 3.954919454109693e-07
2.7345860130309377e-07 3.954919454109693e-07
3.8287061147504766e-07 3.9549189994974645e-07
3.101170884399767e-07 3.9549190966917614e-07
3.101170884399767e-07 3.9549190966917614e-07
3.4662503341134224e-07 3.954918454270562e-07
4.163387928760808e-07 3.954918967989612e-07
2.849641041282405e-07 3.9549192029953746e-07
2.849641041282405e-07 3.9549192029953746e-07
3.5203973745067555e-07 3.954647234524317e-07
3.6235184304143333e-07 3.9549184956579746e-07
3.553135377759495e-07 3.9549188043351357e-07
3.553135377759495e-07 3.9549188043351357e-07
3.553135377759495e-07 3.9549188043351357e-07
3.553135377759495e-07 3.9549188043351357e-07
3.3891520097134475e-07 3.954918420110015e-07
3.7649562561307226e-07 3.954918234718362e-07
3.203939322270298e-07 3.954918184340788e-07
3.6625677118901676e-07 3.954918798021094e-07
3.570893591655617e-07 3.954918765930775e-07
3.7692833696575163e-07 3.9549188954240054e-07
4.0652335481416855e-07 3.954919087131249e-07
3.5927529424416334e-07 3.954918887881328e-07
3.766768125300185e-07 3.9549188523803464e-07
4.158526717947948e-07 3.9549185273154974e-07
2.6136074452742593e-07 3.954919140014352e-07
2.6136074452742593e-07 3.954919140014352e-07
1.4515978428477589e-07 3.9549291938510703e-07
1.4515978428477589e-07 3.9549291938510703e-07
2.2838430875484622e-07 3.954918587603507e-07
3.7637449120487505e-07 3.9549188580200066e-07
3.030306294018688e-07 3.95491824745738e-07
3.030306294018688e-07 3.95491824745738e-07
1.6904968938707503e-07 3.9549162656816e-07
3.275382419887197e-07 3.954918664987162e-07
3.979776098481529e-07 3.9549188109329427e-07
4.15849756746592e-07 3.9549182238763033e-07
1.4485327759053984e-07 3.9549163324025645e-07
1.4485327759053984e-07 3.9549163324025645e-07
1.9722046613240333e-07 3.9549197171171775e-07
2.933295148246008e-07 3.954919540697248e-07
2.933295148246008e-07 3.954919540697248e-07
2.933295148246008e-07 3.954919540697248e-07