1.1055941960727082e-06 1.1064345809489668e-06
1.1055941960727082e-06 1.1064345809489668e-06
1.1055941960727082e-06 1.1064345809489668e-06
4.256422196220212e-07 4.269238683742483e-07
4.256422196220212e-07 4.269238683742483e-07
4.256422196220212e-07 4.269238683742483e-07
4.256422196220212e-07 4.269238683742483e-07
4.256422196220212e-07 4.269238683742483e-07
4.256422196220212e-07 4.269238683742483e-07
4.256422196220212e-07 4.269238683742483e-07
4.256422196220212e-07 4.269238683742483e-07
4.256422196220212e-07 4.269238683742483e-07
4.0713529024267705e-07 4.077378865151295e-07
4.0713529024267705e-07 4.077378865151295e-07
5.254148412879389e-07 5.303351718285957e-07
5.254148412879389e-07 5.303351718285957e-07
5.254148412879389e-07 5.303351718285957e-07
5.254148412879389e-07 5.303351718285957e-07
5.254148412879389e-07 5.303351718285957e-07
4.345913884847189e-07 4.3676094588444527e-07
4.345913884847189e-07 4.3676094588444527e-07
4.345913884847189e-07 4.3676094588444527e-07
4.345913884847189e-07 4.3676094588444527e-07
1.274005447647294e-06 1.2751897801190262e-06
1.274005447647294e-06 1.2751897801190262e-06
1.274005447647294e-06 1.2751897801190262e-06
1.274005447647294e-06 1.2751897801190262e-06
1.274005447647294e-06 1.2751897801190262e-06
1.274005447647294e-06 1.2751897801190262e-06
1.274005447647294e-06 1.2751897801190262e-06
1.274005447647294e-06 1.2751897801190262e-06
1.274005447647294e-06 1.2751897801190262e-06
1.274005447647294e-06 1.2751897801190262e-06
4.2902748478775796e-07 4.313291623803331e-07
4.2902748478775796e-07 4.313291623803331e-07
4.2902748478775796e-07 4.313291623803331e-07
4.2902748478775796e-07 4.313291623803331e-07
4.2902748478775796e-07 4.313291623803331e-07
4.2902748478775796e-07 4.313291623803331e-07
4.2902748478775796e-07 4.313291623803331e-07
4.2902748478775796e-07 4.313291623803331e-07
4.2902748478775796e-07 4.313291623803331e-07
4.2902748478775796e-07 4.313291623803331e-07
4.2902748478775796e-07 4.313291623803331e-07
4.2902748478775796e-07 4.313291623803331e-07
4.2902748478775796e-07 4.313291623803331e-07
4.2902748478775796e-07 4.313291623803331e-07
4.2902748478775796e-07 4.313291623803331e-07
4.2902748478775796e-07 4.313291623803331e-07
4.2902748478775796e-07 4.313291623803331e-07
4.3318209502455707e-07 4.351112122502951e-07
4.3318209502455707e-07 4.351112122502951e-07
4.3318209502455707e-07 4.351112122502951e-07
4.3318209502455707e-07 4.351112122502951e-07
4.3318209502455707e-07 4.351112122502951e-07
4.3318209502455707e-07 4.351112122502951e-07
4.3318209502455707e-07 4.351112122502951e-07
4.3318209502455707e-07 4.351112122502951e-07
4.3318209502455707e-07 4.351112122502951e-07
6.084523770409013e-07 6.143238199146581e-07
4.560745481213377e-07 4.5910878720445446e-07
4.560745481213377e-07 4.5910878720445446e-07
4.560745481213377e-07 4.5910878720445446e-07
4.560745481213377e-07 4.5910878720445446e-07
4.560745481213377e-07 4.5910878720445446e-07
4.560745481213377e-07 4.5910878720445446e-07
4.560745481213377e-07 4.5910878720445446e-07
4.560745481213377e-07 4.5910878720445446e-07
4.560745481213377e-07 4.5910878720445446e-07
4.560745481213377e-07 4.5910878720445446e-07
4.560745481213377e-07 4.5910878720445446e-07
4.560745481213377e-07 4.5910878720445446e-07
4.560745481213377e-07 4.5910878720445446e-07
4.560745481213377e-07 4.5910878720445446e-07
4.953675701675779e-07 4.992109970192111e-07
4.953675701675779e-07 4.992109970192111e-07
4.953675701675779e-07 4.992109970192111e-07
4.953675701675779e-07 4.992109970192111e-07
4.953675701675779e-07 4.992109970192111e-07
4.953675701675779e-07 4.992109970192111e-07
4.953675701675779e-07 4.992109970192111e-07
5.39721622381608e-07 5.451424266360951e-07
4.88585900485801e-07 4.921812093089185e-07
4.88585900485801e-07 4.921812093089185e-07
4.88585900485801e-07 4.921812093089185e-07
4.88585900485801e-07 4.921812093089185e-07
4.266752229271371e-07 4.2846920806036275e-07
4.266752229271371e-07 4.2846920806036275e-07
4.266752229271371e-07 4.2846920806036275e-07
4.266752229271371e-07 4.2846920806036275e-07
4.266752229271371e-07 4.2846920806036275e-07
7.55936177820379e-07 7.563838799467506e-07
7.55936177820379e-07 7.563838799467506e-07
4.537828930202292e-07 4.564203046788102e-07
4.537828930202292e-07 4.564203046788102e-07
4.537828930202292e-07 4.564203046788102e-07
0.5 0.07142857142857142
0.5 0.07142857142857142
0.5 0.07142857142857142
0.5 0.07142857142857142
0.5 0.07142857142857142
0.5 0.07142857142857142
0.5 0.07142857142857142
0.5 0.07142857142857142
0.5 0.07142857142857142
0.5 0.07142857142857142
0.5 0.07142857142857142
0.5 0.07142857142857142
0.5 0.07142857142857142
0.5 0.07142857142857142
0.5 0.07142857142857142
0.5 0.07142857142857142
0.5 0.07142857142857142
0.5 0.07142857142857142
0.5 0.07142857142857142
0.5 0.07142857142857142
0.5 0.07142857142857142
6.971235288950731e-07 7.005425702206358e-07
6.971235288950731e-07 7.005425702206358e-07
6.971235288950731e-07 7.005425702206358e-07
6.971235288950731e-07 7.005425702206358e-07
6.971235288950731e-07 7.005425702206358e-07
6.971235288950731e-07 7.005425702206358e-07
6.971235288950731e-07 7.005425702206358e-07
6.971235288950731e-07 7.005425702206358e-07
6.971235288950731e-07 7.005425702206358e-07
6.971235288950731e-07 7.005425702206358e-07
6.971235288950731e-07 7.005425702206358e-07
6.971235288950731e-07 7.005425702206358e-07
6.971235288950731e-07 7.005425702206358e-07
6.971235288950731e-07 7.005425702206358e-07
4.335501951409428e-07 4.353826796062399e-07
4.335501951409428e-07 4.353826796062399e-07
4.335501951409428e-07 4.353826796062399e-07
4.335501951409428e-07 4.353826796062399e-07
5.975354054666124e-07 6.03106480861622e-07
1.4849573817231445e-05 1.4453164520371736e-05
1.4849573817231445e-05 1.4453164520371736e-05
1.4849573817231445e-05 1.4453164520371736e-05
1.4849573817231445e-05 1.4453164520371736e-05
1.4849573817231445e-05 1.4453164520371736e-05
1.4849573817231445e-05 1.4453164520371736e-05
4.342205762367579e-07 4.3648775760961843e-07
4.342205762367579e-07 4.3648775760961843e-07
4.342205762367579e-07 4.3648775760961843e-07
4.342205762367579e-07 4.3648775760961843e-07
4.342205762367579e-07 4.3648775760961843e-07
4.342205762367579e-07 4.3648775760961843e-07
4.342205762367579e-07 4.3648775760961843e-07
4.342205762367579e-07 4.3648775760961843e-07
4.342205762367579e-07 4.3648775760961843e-07
4.342205762367579e-07 4.3648775760961843e-07
4.342205762367579e-07 4.3648775760961843e-07
4.342205762367579e-07 4.3648775760961843e-07
4.342205762367579e-07 4.3648775760961843e-07
4.342205762367579e-07 4.3648775760961843e-07
4.342205762367579e-07 4.3648775760961843e-07
4.342205762367579e-07 4.3648775760961843e-07
4.342205762367579e-07 4.3648775760961843e-07
4.342205762367579e-07 4.3648775760961843e-07
5.717448279962859e-07 5.767880863267193e-07
5.717448279962859e-07 5.767880863267193e-07
0.00228310502283105 0.023809523809523808
0.00228310502283105 0.023809523809523808
0.00228310502283105 0.023809523809523808
0.00228310502283105 0.023809523809523808
0.00228310502283105 0.023809523809523808
0.00228310502283105 0.023809523809523808
0.00228310502283105 0.023809523809523808
0.00228310502283105 0.023809523809523808
0.00228310502283105 0.023809523809523808
0.00228310502283105 0.023809523809523808
0.00228310502283105 0.023809523809523808
5.297258298022692e-07 5.350520632410136e-07
5.297258298022692e-07 5.350520632410136e-07
5.297258298022692e-07 5.350520632410136e-07
5.297258298022692e-07 5.350520632410136e-07
4.819769537899776e-07 4.855653558829885e-07
4.819769537899776e-07 4.855653558829885e-07
4.819769537899776e-07 4.855653558829885e-07
4.819769537899776e-07 4.855653558829885e-07
4.819769537899776e-07 4.855653558829885e-07
4.819769537899776e-07 4.855653558829885e-07
4.819769537899776e-07 4.855653558829885e-07
4.819769537899776e-07 4.855653558829885e-07
4.819769537899776e-07 4.855653558829885e-07
4.605826462591708e-07 4.6362018750654863e-07
4.605826462591708e-07 4.6362018750654863e-07
5.023472173731762e-07 5.067039465650287e-07
5.023472173731762e-07 5.067039465650287e-07
5.023472173731762e-07 5.067039465650287e-07
5.023472173731762e-07 5.067039465650287e-07
5.023472173731762e-07 5.067039465650287e-07
5.023472173731762e-07 5.067039465650287e-07
5.023472173731762e-07 5.067039465650287e-07
5.023472173731762e-07 5.067039465650287e-07
5.023472173731762e-07 5.067039465650287e-07
5.023472173731762e-07 5.067039465650287e-07
5.023472173731762e-07 5.067039465650287e-07
5.023472173731762e-07 5.067039465650287e-07
5.023472173731762e-07 5.067039465650287e-07
5.023472173731762e-07 5.067039465650287e-07
5.023472173731762e-07 5.067039465650287e-07
4.2462412272656244e-07 4.264206844734259e-07
4.2462412272656244e-07 4.264206844734259e-07
4.2462412272656244e-07 4.264206844734259e-07
4.2462412272656244e-07 4.264206844734259e-07
4.2462412272656244e-07 4.264206844734259e-07
4.2462412272656244e-07 4.264206844734259e-07
4.2462412272656244e-07 4.264206844734259e-07
4.2462412272656244e-07 4.264206844734259e-07
4.2462412272656244e-07 4.264206844734259e-07
4.2462412272656244e-07 4.264206844734259e-07
4.2462412272656244e-07 4.264206844734259e-07
4.2462412272656244e-07 4.264206844734259e-07
4.2462412272656244e-07 4.264206844734259e-07
4.2462412272656244e-07 4.264206844734259e-07
7.238755136801614e-07 7.265023705772352e-07
7.238755136801614e-07 7.265023705772352e-07