4.890540046034289e-06 4.255384613785845e-06
4.890540046034289e-06 4.255384613785845e-06
4.890540046034289e-06 4.255384613785845e-06
4.890540046034289e-06 4.255384613785845e-06
4.890540046034289e-06 4.255384613785845e-06
4.890540046034289e-06 4.255384613785845e-06
4.890540046034289e-06 4.255384613785845e-06
4.890540046034289e-06 4.255384613785845e-06
4.890540046034289e-06 4.255384613785845e-06
4.890540046034289e-06 4.255384613785845e-06
4.890540046034289e-06 4.255384613785845e-06
4.890540046034289e-06 4.255384613785845e-06
4.890540046034289e-06 4.255384613785845e-06
4.890540046034289e-06 4.255384613785845e-06
4.890540046034289e-06 4.255384613785845e-06
5.212165693375079e-06 4.255373369391685e-06
5.212165693375079e-06 4.255373369391685e-06
5.212165693375079e-06 4.255373369391685e-06
5.212165693375079e-06 4.255373369391685e-06
5.212165693375079e-06 4.255373369391685e-06
5.212165693375079e-06 4.255373369391685e-06
5.212165693375079e-06 4.255373369391685e-06
5.212165693375079e-06 4.255373369391685e-06
5.212165693375079e-06 4.255373369391685e-06
5.212165693375079e-06 4.255373369391685e-06
5.212165693375079e-06 4.255373369391685e-06
5.212165693375079e-06 4.255373369391685e-06
5.212165693375079e-06 4.255373369391685e-06
5.212165693375079e-06 4.255373369391685e-06
5.212165693375079e-06 4.255373369391685e-06
5.212165693375079e-06 4.255373369391685e-06
5.212165693375079e-06 4.255373369391685e-06
5.212165693375079e-06 4.255373369391685e-06
5.212165693375079e-06 4.255373369391685e-06
5.212165693375079e-06 4.255373369391685e-06
5.212165693375079e-06 4.255373369391685e-06
1.5732717369887337e-06 4.256075940588104e-06
4.586256297888974e-06 4.25538058081169e-06
4.586256297888974e-06 4.25538058081169e-06
4.586256297888974e-06 4.25538058081169e-06
4.586256297888974e-06 4.25538058081169e-06
5.972105468580447e-06 4.25492160190711e-06
2.035161925684778e-06 4.256075940588104e-06
5.110262211386763e-07 4.25429329097948e-06
5.808133211487038e-06 4.255380180719759e-06
5.808133211487038e-06 4.255380180719759e-06
5.808133211487038e-06 4.255380180719759e-06
5.808133211487038e-06 4.255380180719759e-06
6.872421594623578e-07 4.25429329097948e-06
1.3195154665222536e-06 4.25530063302991e-06