0.25200214252647657 0.008849461651129131
0.25200214252647657 0.008849461651129131
0.25200214252647657 0.008849461651129131
0.25200214252647657 0.008849461651129131
0.25200214252647657 0.008849461651129131
0.25200214252647657 0.008849461651129131
0.25200214252647657 0.008849461651129131
0.25200214252647657 0.008849461651129131
0.25200214252647657 0.008849461651129131
0.25200214252647657 0.008849461651129131
0.25200214252647657 0.008849461651129131
0.25200214252647657 0.008849461651129131
0.25200214252647657 0.008849461651129131
0.25200214252647657 0.008849461651129131
0.25200214252647657 0.008849461651129131
0.25200214252647657 0.008849461651129131
0.25200214252647657 0.008849461651129131
0.25200214252647657 0.008849461651129131
0.25200214252647657 0.008849461651129131
0.25200214252647657 0.008849461651129131
0.25200214252647657 0.008849461651129131
0.25200214252647657 0.008849461651129131
0.25200214252647657 0.008849461651129131
0.25200214252647657 0.008849461651129131
4.270719180568569e-07 0.008849660036302795
0.2104465424853279 0.00884991730881202
0.2104465424853279 0.00884991730881202
0.2104465424853279 0.00884991730881202
0.2104465424853279 0.00884991730881202
0.2104465424853279 0.00884991730881202
0.2104465424853279 0.00884991730881202
0.2104465424853279 0.00884991730881202
0.2104465424853279 0.00884991730881202
0.2104465424853279 0.00884991730881202
0.2104465424853279 0.00884991730881202
0.2104465424853279 0.00884991730881202
0.2104465424853279 0.00884991730881202
0.2104465424853279 0.00884991730881202
0.2104465424853279 0.00884991730881202
0.2104465424853279 0.00884991730881202
0.2104465424853279 0.00884991730881202
0.2104465424853279 0.00884991730881202
0.2104465424853279 0.00884991730881202
0.2104465424853279 0.00884991730881202
0.2104465424853279 0.00884991730881202
0.2104465424853279 0.00884991730881202
0.2104465424853279 0.00884991730881202
0.2104465424853279 0.00884991730881202
0.2104465424853279 0.00884991730881202
0.2104465424853279 0.00884991730881202
4.763674126580349e-07 0.008849595514525844
0.2568577852726251 0.008849595514525844
0.2568577852726251 0.008849595514525844
0.2568577852726251 0.008849595514525844
0.2568577852726251 0.008849595514525844
0.2568577852726251 0.008849595514525844
0.2568577852726251 0.008849595514525844
0.2568577852726251 0.008849595514525844
0.2568577852726251 0.008849595514525844
0.2568577852726251 0.008849595514525844
0.2568577852726251 0.008849595514525844
0.2568577852726251 0.008849595514525844
0.2568577852726251 0.008849595514525844
0.2568577852726251 0.008849595514525844
0.2568577852726251 0.008849595514525844
0.2568577852726251 0.008849595514525844
0.2568577852726251 0.008849595514525844
0.2568577852726251 0.008849595514525844
0.2568577852726251 0.008849595514525844
0.2568577852726251 0.008849595514525844
0.2568577852726251 0.008849595514525844
0.2568577852726251 0.008849595514525844
0.2568577852726251 0.008849595514525844
0.2568577852726251 0.008849595514525844
0.2568577852726251 0.008849595514525844
0.2568577852726251 0.008849595514525844
1.8090477715245026e-06 0.008849431736330267
1.8090477715245026e-06 0.008849431736330267
1.8090477715245026e-06 0.008849431736330267
1.8090477715245026e-06 0.008849431736330267
1.8090477715245026e-06 0.008849431736330267
1.8090477715245026e-06 0.008849431736330267
0.46584688595066454 0.008849497848007606
0.46584688595066454 0.008849497848007606
0.46584688595066454 0.008849497848007606
0.46584688595066454 0.008849497848007606
0.46584688595066454 0.008849497848007606
0.46584688595066454 0.008849497848007606
0.46584688595066454 0.008849497848007606
0.46584688595066454 0.008849497848007606
0.46584688595066454 0.008849497848007606
0.46584688595066454 0.008849497848007606
0.46584688595066454 0.008849497848007606
0.46584688595066454 0.008849497848007606
0.46584688595066454 0.008849497848007606
0.46584688595066454 0.008849497848007606
0.46584688595066454 0.008849497848007606
0.46584688595066454 0.008849497848007606
0.46584688595066454 0.008849497848007606
0.46584688595066454 0.008849497848007606
0.46584688595066454 0.008849497848007606
0.46584688595066454 0.008849497848007606
0.46584688595066454 0.008849497848007606
0.46584688595066454 0.008849497848007606
0.46584688595066454 0.008849497848007606
0.46584688595066454 0.008849497848007606
0.46584688595066454 0.008849497848007606
0.1009300037530048 0.00884971220955639
0.1009300037530048 0.00884971220955639
0.1009300037530048 0.00884971220955639
0.1009300037530048 0.00884971220955639
0.1009300037530048 0.00884971220955639
0.1009300037530048 0.00884971220955639
0.1009300037530048 0.00884971220955639
0.1009300037530048 0.00884971220955639
0.1009300037530048 0.00884971220955639
0.1009300037530048 0.00884971220955639
0.1009300037530048 0.00884971220955639
0.1009300037530048 0.00884971220955639
0.1009300037530048 0.00884971220955639
0.1009300037530048 0.00884971220955639
0.1009300037530048 0.00884971220955639
0.1009300037530048 0.00884971220955639
0.1009300037530048 0.00884971220955639
0.1009300037530048 0.00884971220955639
0.1009300037530048 0.00884971220955639
0.1009300037530048 0.00884971220955639
0.1009300037530048 0.00884971220955639
0.1009300037530048 0.00884971220955639
0.1009300037530048 0.00884971220955639
0.1009300037530048 0.00884971220955639
0.2302776052881753 0.008849660036302795
0.2302776052881753 0.008849660036302795
0.2302776052881753 0.008849660036302795
0.2302776052881753 0.008849660036302795
0.2302776052881753 0.008849660036302795
0.2302776052881753 0.008849660036302795
0.2302776052881753 0.008849660036302795
0.2302776052881753 0.008849660036302795
0.2302776052881753 0.008849660036302795
0.2302776052881753 0.008849660036302795
0.2302776052881753 0.008849660036302795
0.2302776052881753 0.008849660036302795
0.2302776052881753 0.008849660036302795
0.2302776052881753 0.008849660036302795
0.2302776052881753 0.008849660036302795
0.2302776052881753 0.008849660036302795
0.2302776052881753 0.008849660036302795
0.2302776052881753 0.008849660036302795
0.2302776052881753 0.008849660036302795
0.2302776052881753 0.008849660036302795
0.2302776052881753 0.008849660036302795
0.2302776052881753 0.008849660036302795
0.2302776052881753 0.008849660036302795
0.2302776052881753 0.008849660036302795
0.2302776052881753 0.008849660036302795
0.4038647205496505 0.00884969860197831
0.4038647205496505 0.00884969860197831
0.4038647205496505 0.00884969860197831
0.4038647205496505 0.00884969860197831
0.4038647205496505 0.00884969860197831
0.4038647205496505 0.00884969860197831
0.4038647205496505 0.00884969860197831
0.4038647205496505 0.00884969860197831
0.4038647205496505 0.00884969860197831
0.4038647205496505 0.00884969860197831
0.4038647205496505 0.00884969860197831
0.4038647205496505 0.00884969860197831
0.4038647205496505 0.00884969860197831
0.4038647205496505 0.00884969860197831
0.4038647205496505 0.00884969860197831
0.4038647205496505 0.00884969860197831
0.4038647205496505 0.00884969860197831
0.4038647205496505 0.00884969860197831
0.4038647205496505 0.00884969860197831
0.4038647205496505 0.00884969860197831
0.4038647205496505 0.00884969860197831
0.4038647205496505 0.00884969860197831
0.4038647205496505 0.00884969860197831
0.4038647205496505 0.00884969860197831
0.4038647205496505 0.00884969860197831
0.4038647205496505 0.00884969860197831
0.4038647205496505 0.00884969860197831
0.4038647205496505 0.00884969860197831
0.4038647205496505 0.00884969860197831
0.4038647205496505 0.00884969860197831
0.4038647205496505 0.00884969860197831
0.4038647205496505 0.00884969860197831
0.4038647205496505 0.00884969860197831
0.4038647205496505 0.00884969860197831
0.4038647205496505 0.00884969860197831
0.4038647205496505 0.00884969860197831
0.4038647205496505 0.00884969860197831
0.4038647205496505 0.00884969860197831
0.4038647205496505 0.00884969860197831
0.4038647205496505 0.00884969860197831
0.4038647205496505 0.00884969860197831
0.4038647205496505 0.00884969860197831
0.4038647205496505 0.00884969860197831
0.4038647205496505 0.00884969860197831
0.4038647205496505 0.00884969860197831
0.4038647205496505 0.00884969860197831
0.4038647205496505 0.00884969860197831
0.4038647205496505 0.00884969860197831
0.4038647205496505 0.00884969860197831
0.4038647205496505 0.00884969860197831
0.5836812402037459 0.008850025311926288
0.5836812402037459 0.008850025311926288
0.5836812402037459 0.008850025311926288
0.5836812402037459 0.008850025311926288
0.5836812402037459 0.008850025311926288
0.5836812402037459 0.008850025311926288
0.5836812402037459 0.008850025311926288
0.5836812402037459 0.008850025311926288
0.5836812402037459 0.008850025311926288
0.5836812402037459 0.008850025311926288
0.5836812402037459 0.008850025311926288
0.5836812402037459 0.008850025311926288
0.5836812402037459 0.008850025311926288
0.5836812402037459 0.008850025311926288
0.5836812402037459 0.008850025311926288
0.5836812402037459 0.008850025311926288
0.5836812402037459 0.008850025311926288
0.5836812402037459 0.008850025311926288
0.5836812402037459 0.008850025311926288
0.5836812402037459 0.008850025311926288
0.5836812402037459 0.008850025311926288
0.5836812402037459 0.008850025311926288
0.5836812402037459 0.008850025311926288
0.5836812402037459 0.008850025311926288
6.413545407901488e-07 0.008849517886363295
3.867919821116444e-07 0.008849546093928322
4.270719180568569e-07 0.008849622722445313
0.5882912307561453 0.00884991730881202
0.5882912307561453 0.00884991730881202
0.5882912307561453 0.00884991730881202
0.5882912307561453 0.00884991730881202
0.5882912307561453 0.00884991730881202
0.5882912307561453 0.00884991730881202
0.5882912307561453 0.00884991730881202
0.5882912307561453 0.00884991730881202
0.5882912307561453 0.00884991730881202
0.5882912307561453 0.00884991730881202
0.5882912307561453 0.00884991730881202
0.5882912307561453 0.00884991730881202
0.5882912307561453 0.00884991730881202
0.5882912307561453 0.00884991730881202
0.5882912307561453 0.00884991730881202
0.5882912307561453 0.00884991730881202
0.5882912307561453 0.00884991730881202
0.5882912307561453 0.00884991730881202
0.5882912307561453 0.00884991730881202
0.5882912307561453 0.00884991730881202
0.5882912307561453 0.00884991730881202
0.5882912307561453 0.00884991730881202
0.5882912307561453 0.00884991730881202
0.5882912307561453 0.00884991730881202
0.9754333090319675 0.00885026937684221
0.9754333090319675 0.00885026937684221
0.9754333090319675 0.00885026937684221
0.9754333090319675 0.00885026937684221
0.9754333090319675 0.00885026937684221
0.9754333090319675 0.00885026937684221
0.9754333090319675 0.00885026937684221
0.9754333090319675 0.00885026937684221
0.9754333090319675 0.00885026937684221
0.9754333090319675 0.00885026937684221
0.9754333090319675 0.00885026937684221
0.9754333090319675 0.00885026937684221
0.9754333090319675 0.00885026937684221
0.9754333090319675 0.00885026937684221
0.9754333090319675 0.00885026937684221
0.9754333090319675 0.00885026937684221
0.9754333090319675 0.00885026937684221
0.9754333090319675 0.00885026937684221
0.9754333090319675 0.00885026937684221
0.9754333090319675 0.00885026937684221
0.9754333090319675 0.00885026937684221
0.9754333090319675 0.00885026937684221
0.9754333090319675 0.00885026937684221
0.9754333090319675 0.00885026937684221
0.9754333090319675 0.00885026937684221
0.23661591403561538 0.008849543551105305
0.23661591403561538 0.008849543551105305
0.23661591403561538 0.008849543551105305
0.23661591403561538 0.008849543551105305
0.23661591403561538 0.008849543551105305
0.23661591403561538 0.008849543551105305
0.23661591403561538 0.008849543551105305
0.23661591403561538 0.008849543551105305
0.23661591403561538 0.008849543551105305
0.23661591403561538 0.008849543551105305
0.23661591403561538 0.008849543551105305
0.23661591403561538 0.008849543551105305
0.23661591403561538 0.008849543551105305
0.23661591403561538 0.008849543551105305
0.23661591403561538 0.008849543551105305
0.23661591403561538 0.008849543551105305
0.23661591403561538 0.008849543551105305
0.23661591403561538 0.008849543551105305
0.23661591403561538 0.008849543551105305
0.23661591403561538 0.008849543551105305
0.23661591403561538 0.008849543551105305
0.23661591403561538 0.008849543551105305
0.23661591403561538 0.008849543551105305
0.23661591403561538 0.008849543551105305
0.2209499825863316 0.008850147424946594
0.2209499825863316 0.008850147424946594
0.2209499825863316 0.008850147424946594
0.2209499825863316 0.008850147424946594
0.2209499825863316 0.008850147424946594
0.2209499825863316 0.008850147424946594
0.2209499825863316 0.008850147424946594
0.2209499825863316 0.008850147424946594
0.2209499825863316 0.008850147424946594
0.2209499825863316 0.008850147424946594
0.2209499825863316 0.008850147424946594
0.2209499825863316 0.008850147424946594
0.2209499825863316 0.008850147424946594
0.2209499825863316 0.008850147424946594
0.2209499825863316 0.008850147424946594
0.2209499825863316 0.008850147424946594
0.2209499825863316 0.008850147424946594
0.2209499825863316 0.008850147424946594
0.2209499825863316 0.008850147424946594
0.2209499825863316 0.008850147424946594
0.2209499825863316 0.008850147424946594
0.2209499825863316 0.008850147424946594
0.2209499825863316 0.008850147424946594
0.2209499825863316 0.008850147424946594
0.2209499825863316 0.008850147424946594
0.3283932095623365 0.008850147424946594
0.3283932095623365 0.008850147424946594
0.3283932095623365 0.008850147424946594
0.3283932095623365 0.008850147424946594
0.3283932095623365 0.008850147424946594
0.3283932095623365 0.008850147424946594
0.3283932095623365 0.008850147424946594
0.3283932095623365 0.008850147424946594
0.3283932095623365 0.008850147424946594
0.3283932095623365 0.008850147424946594
0.3283932095623365 0.008850147424946594
0.3283932095623365 0.008850147424946594
0.3283932095623365 0.008850147424946594
0.3283932095623365 0.008850147424946594
0.3283932095623365 0.008850147424946594
0.3283932095623365 0.008850147424946594
0.3283932095623365 0.008850147424946594
0.3283932095623365 0.008850147424946594
0.3283932095623365 0.008850147424946594
0.3283932095623365 0.008850147424946594
0.3283932095623365 0.008850147424946594
0.3283932095623365 0.008850147424946594
0.3283932095623365 0.008850147424946594
0.3283932095623365 0.008850147424946594
4.270719180568569e-07 0.00884953899053271
0.32569458445905075 0.008849797968427957
0.32569458445905075 0.008849797968427957
0.32569458445905075 0.008849797968427957
0.32569458445905075 0.008849797968427957
0.32569458445905075 0.008849797968427957
0.32569458445905075 0.008849797968427957
0.32569458445905075 0.008849797968427957
0.32569458445905075 0.008849797968427957
0.32569458445905075 0.008849797968427957
0.32569458445905075 0.008849797968427957
0.32569458445905075 0.008849797968427957
0.32569458445905075 0.008849797968427957
0.32569458445905075 0.008849797968427957
0.32569458445905075 0.008849797968427957
0.32569458445905075 0.008849797968427957
0.32569458445905075 0.008849797968427957
0.32569458445905075 0.008849797968427957
0.32569458445905075 0.008849797968427957
0.32569458445905075 0.008849797968427957
0.32569458445905075 0.008849797968427957
0.32569458445905075 0.008849797968427957
0.32569458445905075 0.008849797968427957
0.32569458445905075 0.008849797968427957
0.32569458445905075 0.008849797968427957
0.4022052523747439 0.00884886726858278
0.4022052523747439 0.00884886726858278
0.4022052523747439 0.00884886726858278
0.4022052523747439 0.00884886726858278
0.4022052523747439 0.00884886726858278
0.4022052523747439 0.00884886726858278
0.4022052523747439 0.00884886726858278
0.4022052523747439 0.00884886726858278
0.4022052523747439 0.00884886726858278
0.4022052523747439 0.00884886726858278
0.4022052523747439 0.00884886726858278
0.4022052523747439 0.00884886726858278
0.4022052523747439 0.00884886726858278
0.4022052523747439 0.00884886726858278
0.4022052523747439 0.00884886726858278
0.4022052523747439 0.00884886726858278
0.4022052523747439 0.00884886726858278
0.4022052523747439 0.00884886726858278
0.4022052523747439 0.00884886726858278
0.4022052523747439 0.00884886726858278
0.4022052523747439 0.00884886726858278
0.4022052523747439 0.00884886726858278
0.4022052523747439 0.00884886726858278
0.4022052523747439 0.00884886726858278
4.270719180568569e-07 0.008849622722445313
0.09372240480952622 0.008849546093928322
0.09372240480952622 0.008849546093928322
0.09372240480952622 0.008849546093928322
0.09372240480952622 0.008849546093928322
0.09372240480952622 0.008849546093928322
0.09372240480952622 0.008849546093928322
0.09372240480952622 0.008849546093928322
0.09372240480952622 0.008849546093928322
0.09372240480952622 0.008849546093928322
0.09372240480952622 0.008849546093928322
0.09372240480952622 0.008849546093928322
0.09372240480952622 0.008849546093928322
0.09372240480952622 0.008849546093928322
0.09372240480952622 0.008849546093928322
0.09372240480952622 0.008849546093928322
0.09372240480952622 0.008849546093928322
0.09372240480952622 0.008849546093928322
0.09372240480952622 0.008849546093928322
0.09372240480952622 0.008849546093928322
0.09372240480952622 0.008849546093928322
0.09372240480952622 0.008849546093928322
0.09372240480952622 0.008849546093928322
0.09372240480952622 0.008849546093928322
0.09372240480952622 0.008849546093928322
0.34581900974858903 0.008849517886363295
0.34581900974858903 0.008849517886363295
0.34581900974858903 0.008849517886363295
0.34581900974858903 0.008849517886363295
0.34581900974858903 0.008849517886363295
0.34581900974858903 0.008849517886363295
0.34581900974858903 0.008849517886363295
0.34581900974858903 0.008849517886363295
0.34581900974858903 0.008849517886363295
0.34581900974858903 0.008849517886363295
0.34581900974858903 0.008849517886363295
0.34581900974858903 0.008849517886363295
0.34581900974858903 0.008849517886363295
0.34581900974858903 0.008849517886363295
0.34581900974858903 0.008849517886363295
0.34581900974858903 0.008849517886363295
0.34581900974858903 0.008849517886363295
0.34581900974858903 0.008849517886363295
0.34581900974858903 0.008849517886363295
0.34581900974858903 0.008849517886363295
0.34581900974858903 0.008849517886363295
0.34581900974858903 0.008849517886363295
0.34581900974858903 0.008849517886363295
0.34581900974858903 0.008849517886363295
0.34581900974858903 0.008849517886363295
0.20855862354658078 0.008849546093928322
0.20855862354658078 0.008849546093928322
0.20855862354658078 0.008849546093928322
0.20855862354658078 0.008849546093928322
0.20855862354658078 0.008849546093928322
0.20855862354658078 0.008849546093928322
0.20855862354658078 0.008849546093928322
0.20855862354658078 0.008849546093928322
0.20855862354658078 0.008849546093928322
0.20855862354658078 0.008849546093928322
0.20855862354658078 0.008849546093928322
0.20855862354658078 0.008849546093928322
0.20855862354658078 0.008849546093928322
0.20855862354658078 0.008849546093928322
0.20855862354658078 0.008849546093928322
0.20855862354658078 0.008849546093928322
0.20855862354658078 0.008849546093928322
0.20855862354658078 0.008849546093928322
0.20855862354658078 0.008849546093928322
0.20855862354658078 0.008849546093928322
0.20855862354658078 0.008849546093928322
0.20855862354658078 0.008849546093928322
0.20855862354658078 0.008849546093928322
0.20855862354658078 0.008849546093928322
0.20855862354658078 0.008849546093928322
7.490058819431909e-07 0.00884969860197831
7.490058819431909e-07 0.00884969860197831
0.9964435015910651 0.008855773047912786
0.9964435015910651 0.008855773047912786
0.9964435015910651 0.008855773047912786
0.9964435015910651 0.008855773047912786
0.9964435015910651 0.008855773047912786
0.9964435015910651 0.008855773047912786
0.9964435015910651 0.008855773047912786
0.9964435015910651 0.008855773047912786
0.9964435015910651 0.008855773047912786
0.9964435015910651 0.008855773047912786
0.9964435015910651 0.008855773047912786
0.9964435015910651 0.008855773047912786
0.9964435015910651 0.008855773047912786
0.9964435015910651 0.008855773047912786
0.9964435015910651 0.008855773047912786
0.9964435015910651 0.008855773047912786
0.9964435015910651 0.008855773047912786
0.9964435015910651 0.008855773047912786
0.9964435015910651 0.008855773047912786
0.9964435015910651 0.008855773047912786
0.9964435015910651 0.008855773047912786
0.9964435015910651 0.008855773047912786
0.9964435015910651 0.008855773047912786
0.9964435015910651 0.008855773047912786
0.30722294654498045 0.00884886726858278
0.30722294654498045 0.00884886726858278
0.30722294654498045 0.00884886726858278
0.30722294654498045 0.00884886726858278
0.30722294654498045 0.00884886726858278
0.30722294654498045 0.00884886726858278
0.30722294654498045 0.00884886726858278
0.30722294654498045 0.00884886726858278
0.30722294654498045 0.00884886726858278
0.30722294654498045 0.00884886726858278
0.30722294654498045 0.00884886726858278
0.30722294654498045 0.00884886726858278
0.30722294654498045 0.00884886726858278
0.30722294654498045 0.00884886726858278
0.30722294654498045 0.00884886726858278
0.30722294654498045 0.00884886726858278
0.30722294654498045 0.00884886726858278
0.30722294654498045 0.00884886726858278
0.30722294654498045 0.00884886726858278
0.30722294654498045 0.00884886726858278
0.30722294654498045 0.00884886726858278
0.30722294654498045 0.00884886726858278
0.30722294654498045 0.00884886726858278
0.30722294654498045 0.00884886726858278
0.30722294654498045 0.00884886726858278
0.3296913671795807 0.008849169522612515
0.3296913671795807 0.008849169522612515
0.3296913671795807 0.008849169522612515
0.3296913671795807 0.008849169522612515
0.3296913671795807 0.008849169522612515
0.3296913671795807 0.008849169522612515
0.3296913671795807 0.008849169522612515
0.3296913671795807 0.008849169522612515
0.3296913671795807 0.008849169522612515
0.3296913671795807 0.008849169522612515
0.3296913671795807 0.008849169522612515
0.3296913671795807 0.008849169522612515
0.3296913671795807 0.008849169522612515
0.3296913671795807 0.008849169522612515
0.3296913671795807 0.008849169522612515
0.3296913671795807 0.008849169522612515
0.3296913671795807 0.008849169522612515
0.3296913671795807 0.008849169522612515
0.3296913671795807 0.008849169522612515
0.3296913671795807 0.008849169522612515
0.3296913671795807 0.008849169522612515
0.3296913671795807 0.008849169522612515
0.3296913671795807 0.008849169522612515
0.3296913671795807 0.008849169522612515
0.16786619606595296 0.008849385107593994
0.16786619606595296 0.008849385107593994
0.16786619606595296 0.008849385107593994
0.16786619606595296 0.008849385107593994
0.16786619606595296 0.008849385107593994
0.16786619606595296 0.008849385107593994
0.16786619606595296 0.008849385107593994
0.16786619606595296 0.008849385107593994
0.16786619606595296 0.008849385107593994
0.16786619606595296 0.008849385107593994
0.16786619606595296 0.008849385107593994
0.16786619606595296 0.008849385107593994
0.16786619606595296 0.008849385107593994
0.16786619606595296 0.008849385107593994
0.16786619606595296 0.008849385107593994
0.16786619606595296 0.008849385107593994
0.16786619606595296 0.008849385107593994
0.16786619606595296 0.008849385107593994
0.16786619606595296 0.008849385107593994
0.16786619606595296 0.008849385107593994
0.16786619606595296 0.008849385107593994
0.16786619606595296 0.008849385107593994
0.16786619606595296 0.008849385107593994
0.16786619606595296 0.008849385107593994
0.2302776052881753 0.00884958878735802
0.2302776052881753 0.00884958878735802
0.2302776052881753 0.00884958878735802
0.2302776052881753 0.00884958878735802
0.2302776052881753 0.00884958878735802
0.2302776052881753 0.00884958878735802
0.2302776052881753 0.00884958878735802
0.2302776052881753 0.00884958878735802
0.2302776052881753 0.00884958878735802
0.2302776052881753 0.00884958878735802
0.2302776052881753 0.00884958878735802
0.2302776052881753 0.00884958878735802
0.2302776052881753 0.00884958878735802
0.2302776052881753 0.00884958878735802
0.2302776052881753 0.00884958878735802
0.2302776052881753 0.00884958878735802
0.2302776052881753 0.00884958878735802
0.2302776052881753 0.00884958878735802
0.2302776052881753 0.00884958878735802
0.2302776052881753 0.00884958878735802
0.2302776052881753 0.00884958878735802
0.2302776052881753 0.00884958878735802
0.2302776052881753 0.00884958878735802
0.2302776052881753 0.00884958878735802
0.2302776052881753 0.00884958878735802
0.2302776052881753 0.00884953899053271
0.2302776052881753 0.00884953899053271
0.2302776052881753 0.00884953899053271
0.2302776052881753 0.00884953899053271
0.2302776052881753 0.00884953899053271
0.2302776052881753 0.00884953899053271
0.2302776052881753 0.00884953899053271
0.2302776052881753 0.00884953899053271
0.2302776052881753 0.00884953899053271
0.2302776052881753 0.00884953899053271
0.2302776052881753 0.00884953899053271
0.2302776052881753 0.00884953899053271
0.2302776052881753 0.00884953899053271
0.2302776052881753 0.00884953899053271
0.2302776052881753 0.00884953899053271
0.2302776052881753 0.00884953899053271
0.2302776052881753 0.00884953899053271
0.2302776052881753 0.00884953899053271
0.2302776052881753 0.00884953899053271
0.2302776052881753 0.00884953899053271
0.2302776052881753 0.00884953899053271
0.2302776052881753 0.00884953899053271
0.2302776052881753 0.00884953899053271
0.2302776052881753 0.00884953899053271
0.2302776052881753 0.00884953899053271
0.39823658364638964 0.008848951536841562
0.39823658364638964 0.008848951536841562
0.39823658364638964 0.008848951536841562
0.39823658364638964 0.008848951536841562
0.39823658364638964 0.008848951536841562
0.39823658364638964 0.008848951536841562
0.39823658364638964 0.008848951536841562
0.39823658364638964 0.008848951536841562
0.39823658364638964 0.008848951536841562
0.39823658364638964 0.008848951536841562
0.39823658364638964 0.008848951536841562
0.39823658364638964 0.008848951536841562
0.39823658364638964 0.008848951536841562
0.39823658364638964 0.008848951536841562
0.39823658364638964 0.008848951536841562
0.39823658364638964 0.008848951536841562
0.39823658364638964 0.008848951536841562
0.39823658364638964 0.008848951536841562
0.39823658364638964 0.008848951536841562
0.39823658364638964 0.008848951536841562
0.39823658364638964 0.008848951536841562
0.39823658364638964 0.008848951536841562
0.39823658364638964 0.008848951536841562
0.39823658364638964 0.008848951536841562
0.39823658364638964 0.008848951536841562
8.639577559215664e-07 0.008849497848007606
0.20855862354658078 0.008849407328729247
0.20855862354658078 0.008849407328729247
0.20855862354658078 0.008849407328729247
0.20855862354658078 0.008849407328729247
0.20855862354658078 0.008849407328729247
0.20855862354658078 0.008849407328729247
0.20855862354658078 0.008849407328729247
0.20855862354658078 0.008849407328729247
0.20855862354658078 0.008849407328729247
0.20855862354658078 0.008849407328729247
0.20855862354658078 0.008849407328729247
0.20855862354658078 0.008849407328729247
0.20855862354658078 0.008849407328729247
0.20855862354658078 0.008849407328729247
0.20855862354658078 0.008849407328729247
0.20855862354658078 0.008849407328729247
0.20855862354658078 0.008849407328729247
0.20855862354658078 0.008849407328729247
0.20855862354658078 0.008849407328729247
0.20855862354658078 0.008849407328729247
0.20855862354658078 0.008849407328729247
0.20855862354658078 0.008849407328729247
0.20855862354658078 0.008849407328729247
0.20855862354658078 0.008849407328729247
0.20855862354658078 0.008849407328729247
0.11542715865893045 0.008849595514525844
0.11542715865893045 0.008849595514525844
0.11542715865893045 0.008849595514525844
0.11542715865893045 0.008849595514525844
0.11542715865893045 0.008849595514525844
0.11542715865893045 0.008849595514525844
0.11542715865893045 0.008849595514525844
0.11542715865893045 0.008849595514525844
0.11542715865893045 0.008849595514525844
0.11542715865893045 0.008849595514525844
0.11542715865893045 0.008849595514525844
0.11542715865893045 0.008849595514525844
0.11542715865893045 0.008849595514525844
0.11542715865893045 0.008849595514525844
0.11542715865893045 0.008849595514525844
0.11542715865893045 0.008849595514525844
0.11542715865893045 0.008849595514525844
0.11542715865893045 0.008849595514525844
0.11542715865893045 0.008849595514525844
0.11542715865893045 0.008849595514525844
0.11542715865893045 0.008849595514525844
0.11542715865893045 0.008849595514525844
0.11542715865893045 0.008849595514525844
0.11542715865893045 0.008849595514525844
4.270719180568569e-07 0.00884953899053271
0.9519243371902213 0.008849689472189044
0.9519243371902213 0.008849689472189044
0.9519243371902213 0.008849689472189044
0.9519243371902213 0.008849689472189044
0.9519243371902213 0.008849689472189044
0.9519243371902213 0.008849689472189044
0.9519243371902213 0.008849689472189044
0.9519243371902213 0.008849689472189044
0.9519243371902213 0.008849689472189044
0.9519243371902213 0.008849689472189044
0.9519243371902213 0.008849689472189044
0.9519243371902213 0.008849689472189044
0.9519243371902213 0.008849689472189044
0.9519243371902213 0.008849689472189044
0.9519243371902213 0.008849689472189044
0.9519243371902213 0.008849689472189044
0.9519243371902213 0.008849689472189044
0.9519243371902213 0.008849689472189044
0.9519243371902213 0.008849689472189044
0.9519243371902213 0.008849689472189044
0.9519243371902213 0.008849689472189044
0.9519243371902213 0.008849689472189044
0.9519243371902213 0.008849689472189044
0.9519243371902213 0.008849689472189044
0.5210969844418487 0.008849497848007606
0.5210969844418487 0.008849497848007606
0.5210969844418487 0.008849497848007606
0.5210969844418487 0.008849497848007606
0.5210969844418487 0.008849497848007606
0.5210969844418487 0.008849497848007606
0.5210969844418487 0.008849497848007606
0.5210969844418487 0.008849497848007606
0.5210969844418487 0.008849497848007606
0.5210969844418487 0.008849497848007606
0.5210969844418487 0.008849497848007606
0.5210969844418487 0.008849497848007606
0.5210969844418487 0.008849497848007606
0.5210969844418487 0.008849497848007606
0.5210969844418487 0.008849497848007606
0.5210969844418487 0.008849497848007606
0.5210969844418487 0.008849497848007606
0.5210969844418487 0.008849497848007606
0.5210969844418487 0.008849497848007606
0.5210969844418487 0.008849497848007606
0.5210969844418487 0.008849497848007606
0.5210969844418487 0.008849497848007606
0.5210969844418487 0.008849497848007606
0.5210969844418487 0.008849497848007606
0.4134479819932047 0.00884989263719788
0.4134479819932047 0.00884989263719788
0.4134479819932047 0.00884989263719788
0.4134479819932047 0.00884989263719788
0.4134479819932047 0.00884989263719788
0.4134479819932047 0.00884989263719788
0.4134479819932047 0.00884989263719788
0.4134479819932047 0.00884989263719788
0.4134479819932047 0.00884989263719788
0.4134479819932047 0.00884989263719788
0.4134479819932047 0.00884989263719788
0.4134479819932047 0.00884989263719788
0.4134479819932047 0.00884989263719788
0.4134479819932047 0.00884989263719788
0.4134479819932047 0.00884989263719788
0.4134479819932047 0.00884989263719788
0.4134479819932047 0.00884989263719788
0.4134479819932047 0.00884989263719788
0.4134479819932047 0.00884989263719788
0.4134479819932047 0.00884989263719788
0.4134479819932047 0.00884989263719788
0.4134479819932047 0.00884989263719788
0.4134479819932047 0.00884989263719788
0.4134479819932047 0.00884989263719788
0.2302776052881753 0.008849622722445313
0.2302776052881753 0.008849622722445313
0.2302776052881753 0.008849622722445313
0.2302776052881753 0.008849622722445313
0.2302776052881753 0.008849622722445313
0.2302776052881753 0.008849622722445313
0.2302776052881753 0.008849622722445313
0.2302776052881753 0.008849622722445313
0.2302776052881753 0.008849622722445313
0.2302776052881753 0.008849622722445313
0.2302776052881753 0.008849622722445313
0.2302776052881753 0.008849622722445313
0.2302776052881753 0.008849622722445313
0.2302776052881753 0.008849622722445313
0.2302776052881753 0.008849622722445313
0.2302776052881753 0.008849622722445313
0.2302776052881753 0.008849622722445313
0.2302776052881753 0.008849622722445313
0.2302776052881753 0.008849622722445313
0.2302776052881753 0.008849622722445313
0.2302776052881753 0.008849622722445313
0.2302776052881753 0.008849622722445313
0.2302776052881753 0.008849622722445313
0.2302776052881753 0.008849622722445313
0.2302776052881753 0.008849622722445313
0.27817665457668966 0.00884989263719788
0.27817665457668966 0.00884989263719788
0.27817665457668966 0.00884989263719788
0.27817665457668966 0.00884989263719788
0.27817665457668966 0.00884989263719788
0.27817665457668966 0.00884989263719788
0.27817665457668966 0.00884989263719788
0.27817665457668966 0.00884989263719788
0.27817665457668966 0.00884989263719788
0.27817665457668966 0.00884989263719788
0.27817665457668966 0.00884989263719788
0.27817665457668966 0.00884989263719788
0.27817665457668966 0.00884989263719788
0.27817665457668966 0.00884989263719788
0.27817665457668966 0.00884989263719788
0.27817665457668966 0.00884989263719788
0.27817665457668966 0.00884989263719788
0.27817665457668966 0.00884989263719788
0.27817665457668966 0.00884989263719788
0.27817665457668966 0.00884989263719788
0.27817665457668966 0.00884989263719788
0.27817665457668966 0.00884989263719788
0.27817665457668966 0.00884989263719788
0.27817665457668966 0.00884989263719788
0.27817665457668966 0.00884989263719788
0.0013102888875023398 0.008855773047912786
0.43178866733516347 0.008849511373473368
0.43178866733516347 0.008849511373473368
0.43178866733516347 0.008849511373473368
0.43178866733516347 0.008849511373473368
0.43178866733516347 0.008849511373473368
0.43178866733516347 0.008849511373473368
0.43178866733516347 0.008849511373473368
0.43178866733516347 0.008849511373473368
0.43178866733516347 0.008849511373473368
0.43178866733516347 0.008849511373473368
0.43178866733516347 0.008849511373473368
0.43178866733516347 0.008849511373473368
0.43178866733516347 0.008849511373473368
0.43178866733516347 0.008849511373473368
0.43178866733516347 0.008849511373473368
0.43178866733516347 0.008849511373473368
0.43178866733516347 0.008849511373473368
0.43178866733516347 0.008849511373473368
0.43178866733516347 0.008849511373473368
0.43178866733516347 0.008849511373473368
0.43178866733516347 0.008849511373473368
0.43178866733516347 0.008849511373473368
0.43178866733516347 0.008849511373473368
0.43178866733516347 0.008849511373473368
0.2302776052881753 0.00884953899053271
0.2302776052881753 0.00884953899053271
0.2302776052881753 0.00884953899053271
0.2302776052881753 0.00884953899053271
0.2302776052881753 0.00884953899053271
0.2302776052881753 0.00884953899053271
0.2302776052881753 0.00884953899053271
0.2302776052881753 0.00884953899053271
0.2302776052881753 0.00884953899053271
0.2302776052881753 0.00884953899053271
0.2302776052881753 0.00884953899053271
0.2302776052881753 0.00884953899053271
0.2302776052881753 0.00884953899053271
0.2302776052881753 0.00884953899053271
0.2302776052881753 0.00884953899053271
0.2302776052881753 0.00884953899053271
0.2302776052881753 0.00884953899053271
0.2302776052881753 0.00884953899053271
0.2302776052881753 0.00884953899053271
0.2302776052881753 0.00884953899053271
0.2302776052881753 0.00884953899053271
0.2302776052881753 0.00884953899053271
0.2302776052881753 0.00884953899053271
0.2302776052881753 0.00884953899053271
0.2302776052881753 0.00884953899053271
3.867919821116444e-07 0.008849407328729247
0.1335287173851101 0.008849474623918406
0.1335287173851101 0.008849474623918406
0.1335287173851101 0.008849474623918406
0.1335287173851101 0.008849474623918406
0.1335287173851101 0.008849474623918406
0.1335287173851101 0.008849474623918406
0.1335287173851101 0.008849474623918406
0.1335287173851101 0.008849474623918406
0.1335287173851101 0.008849474623918406
0.1335287173851101 0.008849474623918406
0.1335287173851101 0.008849474623918406
0.1335287173851101 0.008849474623918406
0.1335287173851101 0.008849474623918406
0.1335287173851101 0.008849474623918406
0.1335287173851101 0.008849474623918406
0.1335287173851101 0.008849474623918406
0.1335287173851101 0.008849474623918406
0.1335287173851101 0.008849474623918406
0.1335287173851101 0.008849474623918406
0.1335287173851101 0.008849474623918406
0.1335287173851101 0.008849474623918406
0.1335287173851101 0.008849474623918406
0.1335287173851101 0.008849474623918406
0.1335287173851101 0.008849474623918406
0.44936632994431547 0.008850052317547544
0.44936632994431547 0.008850052317547544
0.44936632994431547 0.008850052317547544
0.44936632994431547 0.008850052317547544
0.44936632994431547 0.008850052317547544
0.44936632994431547 0.008850052317547544
0.44936632994431547 0.008850052317547544
0.44936632994431547 0.008850052317547544
0.44936632994431547 0.008850052317547544
0.44936632994431547 0.008850052317547544
0.44936632994431547 0.008850052317547544
0.44936632994431547 0.008850052317547544
0.44936632994431547 0.008850052317547544
0.44936632994431547 0.008850052317547544
0.44936632994431547 0.008850052317547544
0.44936632994431547 0.008850052317547544
0.44936632994431547 0.008850052317547544
0.44936632994431547 0.008850052317547544
0.44936632994431547 0.008850052317547544
0.44936632994431547 0.008850052317547544
0.44936632994431547 0.008850052317547544
0.44936632994431547 0.008850052317547544
0.44936632994431547 0.008850052317547544
0.44936632994431547 0.008850052317547544
0.44936632994431547 0.008850052317547544
1.8090346810038695e-06 0.00885026937684221
0.19952893201153063 0.008849474623918406
0.19952893201153063 0.008849474623918406
0.19952893201153063 0.008849474623918406
0.19952893201153063 0.008849474623918406
0.19952893201153063 0.008849474623918406
0.19952893201153063 0.008849474623918406
0.19952893201153063 0.008849474623918406
0.19952893201153063 0.008849474623918406
0.19952893201153063 0.008849474623918406
0.19952893201153063 0.008849474623918406
0.19952893201153063 0.008849474623918406
0.19952893201153063 0.008849474623918406
0.19952893201153063 0.008849474623918406
0.19952893201153063 0.008849474623918406
0.19952893201153063 0.008849474623918406
0.19952893201153063 0.008849474623918406
0.19952893201153063 0.008849474623918406
0.19952893201153063 0.008849474623918406
0.19952893201153063 0.008849474623918406
0.19952893201153063 0.008849474623918406
0.19952893201153063 0.008849474623918406
0.19952893201153063 0.008849474623918406
0.19952893201153063 0.008849474623918406
0.19952893201153063 0.008849474623918406
0.19952893201153063 0.008849474623918406
0.2302776052881753 0.008849622722445313
0.2302776052881753 0.008849622722445313
0.2302776052881753 0.008849622722445313
0.2302776052881753 0.008849622722445313
0.2302776052881753 0.008849622722445313
0.2302776052881753 0.008849622722445313
0.2302776052881753 0.008849622722445313
0.2302776052881753 0.008849622722445313
0.2302776052881753 0.008849622722445313
0.2302776052881753 0.008849622722445313
0.2302776052881753 0.008849622722445313
0.2302776052881753 0.008849622722445313
0.2302776052881753 0.008849622722445313
0.2302776052881753 0.008849622722445313
0.2302776052881753 0.008849622722445313
0.2302776052881753 0.008849622722445313
0.2302776052881753 0.008849622722445313
0.2302776052881753 0.008849622722445313
0.2302776052881753 0.008849622722445313
0.2302776052881753 0.008849622722445313
0.2302776052881753 0.008849622722445313
0.2302776052881753 0.008849622722445313
0.2302776052881753 0.008849622722445313
0.2302776052881753 0.008849622722445313
0.2302776052881753 0.008849622722445313
0.9754403674537834 0.008849431736330267
0.9754403674537834 0.008849431736330267
0.9754403674537834 0.008849431736330267
0.9754403674537834 0.008849431736330267
0.9754403674537834 0.008849431736330267
0.9754403674537834 0.008849431736330267
0.9754403674537834 0.008849431736330267
0.9754403674537834 0.008849431736330267
0.9754403674537834 0.008849431736330267
0.9754403674537834 0.008849431736330267
0.9754403674537834 0.008849431736330267
0.9754403674537834 0.008849431736330267
0.9754403674537834 0.008849431736330267
0.9754403674537834 0.008849431736330267
0.9754403674537834 0.008849431736330267
0.9754403674537834 0.008849431736330267
0.9754403674537834 0.008849431736330267
0.9754403674537834 0.008849431736330267
0.9754403674537834 0.008849431736330267
0.9754403674537834 0.008849431736330267
0.9754403674537834 0.008849431736330267
0.9754403674537834 0.008849431736330267
0.9754403674537834 0.008849431736330267
0.9754403674537834 0.008849431736330267
0.9754403674537834 0.008849431736330267
0.9754403674537834 0.008849431736330267
0.9754403674537834 0.008849431736330267
0.9754403674537834 0.008849431736330267
0.9754403674537834 0.008849431736330267
0.9754403674537834 0.008849431736330267
0.9754403674537834 0.008849431736330267
0.9754403674537834 0.008849431736330267
0.9754403674537834 0.008849431736330267
0.9754403674537834 0.008849431736330267
0.9754403674537834 0.008849431736330267
0.9754403674537834 0.008849431736330267
0.9754403674537834 0.008849431736330267
0.9754403674537834 0.008849431736330267
0.9754403674537834 0.008849431736330267
0.9754403674537834 0.008849431736330267
0.9754403674537834 0.008849431736330267
0.9754403674537834 0.008849431736330267
0.9754403674537834 0.008849431736330267
0.9754403674537834 0.008849431736330267
0.9754403674537834 0.008849431736330267
0.9754403674537834 0.008849431736330267
0.9754403674537834 0.008849431736330267
0.9754403674537834 0.008849431736330267
0.9754403674537834 0.008849431736330267
0.9754403674537834 0.008849431736330267
0.9754403674537834 0.008849431736330267
0.9754403674537834 0.008849431736330267
0.9754403674537834 0.008849431736330267
0.9754403674537834 0.008849431736330267
0.9754403674537834 0.008849431736330267
0.9754403674537834 0.008849431736330267
0.9754403674537834 0.008849431736330267
0.9754403674537834 0.008849431736330267
0.9754403674537834 0.008849431736330267
0.9754403674537834 0.008849431736330267
0.9754403674537834 0.008849431736330267
0.9754403674537834 0.008849431736330267
0.9754403674537834 0.008849431736330267
0.9754403674537834 0.008849431736330267
0.9754403674537834 0.008849431736330267
0.9754403674537834 0.008849431736330267
0.9754403674537834 0.008849431736330267
0.9754403674537834 0.008849431736330267
0.9754403674537834 0.008849431736330267
0.9754403674537834 0.008849431736330267
0.9754403674537834 0.008849431736330267
0.9754403674537834 0.008849431736330267
0.9754403674537834 0.008849431736330267
0.9754403674537834 0.008849431736330267
0.9754403674537834 0.008849431736330267
0.9754403674537834 0.008849431736330267
0.9754403674537834 0.008849431736330267
0.9754403674537834 0.008849431736330267
0.9754403674537834 0.008849431736330267
0.9754403674537834 0.008849431736330267
0.9754403674537834 0.008849431736330267
0.9754403674537834 0.008849431736330267
0.9754403674537834 0.008849431736330267
0.9754403674537834 0.008849431736330267
0.9754403674537834 0.008849431736330267
0.9754403674537834 0.008849431736330267
0.9754403674537834 0.008849431736330267
0.9754403674537834 0.008849431736330267
0.9754403674537834 0.008849431736330267
0.9754403674537834 0.008849431736330267
0.9754403674537834 0.008849431736330267
0.9754403674537834 0.008849431736330267
0.9754403674537834 0.008849431736330267
0.9754403674537834 0.008849431736330267
0.9754403674537834 0.008849431736330267
0.9754403674537834 0.008849431736330267
0.9754403674537834 0.008849431736330267
0.9754403674537834 0.008849431736330267
0.9754403674537834 0.008849431736330267
0.9754403674537834 0.008849431736330267
0.9754403674537834 0.008849431736330267
0.9754403674537834 0.008849431736330267
0.9754403674537834 0.008849431736330267
0.9754403674537834 0.008849431736330267
0.9754403674537834 0.008849431736330267
0.9754403674537834 0.008849431736330267
0.9754403674537834 0.008849431736330267
0.9754403674537834 0.008849431736330267
0.9754403674537834 0.008849431736330267
0.9754403674537834 0.008849431736330267
0.9754403674537834 0.008849431736330267
0.9754403674537834 0.008849431736330267
0.9754403674537834 0.008849431736330267
0.9754403674537834 0.008849431736330267
0.9754403674537834 0.008849431736330267
0.9754403674537834 0.008849431736330267
0.9754403674537834 0.008849431736330267
0.9754403674537834 0.008849431736330267
0.9754403674537834 0.008849431736330267
0.9754403674537834 0.008849431736330267
0.9754403674537834 0.008849431736330267
0.9754403674537834 0.008849431736330267
0.9754403674537834 0.008849431736330267
0.9754403674537834 0.008849431736330267
0.9754403674537834 0.008849431736330267
0.9754403674537834 0.008849431736330267
0.9754403674537834 0.008849431736330267
0.9754403674537834 0.008849431736330267
0.9754403674537834 0.008849431736330267
0.9754403674537834 0.008849431736330267
0.9754403674537834 0.008849431736330267
0.9754403674537834 0.008849431736330267
0.9754403674537834 0.008849431736330267
0.9754403674537834 0.008849431736330267
0.9754403674537834 0.008849431736330267
0.9754403674537834 0.008849431736330267
0.9754403674537834 0.008849431736330267
0.9754403674537834 0.008849431736330267
0.9754403674537834 0.008849431736330267
0.9754403674537834 0.008849431736330267
0.9754403674537834 0.008849431736330267
0.9754403674537834 0.008849431736330267
0.9754403674537834 0.008849431736330267
0.9754403674537834 0.008849431736330267
0.9754403674537834 0.008849431736330267
0.9754403674537834 0.008849431736330267
0.9754403674537834 0.008849431736330267
0.9754403674537834 0.008849431736330267
0.9754403674537834 0.008849431736330267
0.9754403674537834 0.008849431736330267
0.09372240480952622 0.008849407328729247
0.09372240480952622 0.008849407328729247
0.09372240480952622 0.008849407328729247
0.09372240480952622 0.008849407328729247
0.09372240480952622 0.008849407328729247
0.09372240480952622 0.008849407328729247
0.09372240480952622 0.008849407328729247
0.09372240480952622 0.008849407328729247
0.09372240480952622 0.008849407328729247
0.09372240480952622 0.008849407328729247
0.09372240480952622 0.008849407328729247
0.09372240480952622 0.008849407328729247
0.09372240480952622 0.008849407328729247
0.09372240480952622 0.008849407328729247
0.09372240480952622 0.008849407328729247
0.09372240480952622 0.008849407328729247
0.09372240480952622 0.008849407328729247
0.09372240480952622 0.008849407328729247
0.09372240480952622 0.008849407328729247
0.09372240480952622 0.008849407328729247
0.09372240480952622 0.008849407328729247
0.09372240480952622 0.008849407328729247
0.09372240480952622 0.008849407328729247
0.09372240480952622 0.008849407328729247
0.5469835490876177 0.008849068344562474
0.5469835490876177 0.008849068344562474
0.5469835490876177 0.008849068344562474
0.5469835490876177 0.008849068344562474
0.5469835490876177 0.008849068344562474
0.5469835490876177 0.008849068344562474
0.5469835490876177 0.008849068344562474
0.5469835490876177 0.008849068344562474
0.5469835490876177 0.008849068344562474
0.5469835490876177 0.008849068344562474
0.5469835490876177 0.008849068344562474
0.5469835490876177 0.008849068344562474
0.5469835490876177 0.008849068344562474
0.5469835490876177 0.008849068344562474
0.5469835490876177 0.008849068344562474
0.5469835490876177 0.008849068344562474
0.5469835490876177 0.008849068344562474
0.5469835490876177 0.008849068344562474
0.5469835490876177 0.008849068344562474
0.5469835490876177 0.008849068344562474
0.5469835490876177 0.008849068344562474
0.5469835490876177 0.008849068344562474
0.5469835490876177 0.008849068344562474
0.5469835490876177 0.008849068344562474
0.5918904737531667 0.008848951536841562
0.5918904737531667 0.008848951536841562
0.5918904737531667 0.008848951536841562
0.5918904737531667 0.008848951536841562
0.5918904737531667 0.008848951536841562
0.5918904737531667 0.008848951536841562
0.5918904737531667 0.008848951536841562
0.5918904737531667 0.008848951536841562
0.5918904737531667 0.008848951536841562
0.5918904737531667 0.008848951536841562
0.5918904737531667 0.008848951536841562
0.5918904737531667 0.008848951536841562
0.5918904737531667 0.008848951536841562
0.5918904737531667 0.008848951536841562
0.5918904737531667 0.008848951536841562
0.5918904737531667 0.008848951536841562
0.5918904737531667 0.008848951536841562
0.5918904737531667 0.008848951536841562
0.5918904737531667 0.008848951536841562
0.5918904737531667 0.008848951536841562
0.5918904737531667 0.008848951536841562
0.5918904737531667 0.008848951536841562
0.5918904737531667 0.008848951536841562
0.5918904737531667 0.008848951536841562
0.2905166603652623 0.008849511373473368
0.2905166603652623 0.008849511373473368
0.2905166603652623 0.008849511373473368
0.2905166603652623 0.008849511373473368
0.2905166603652623 0.008849511373473368
0.2905166603652623 0.008849511373473368
0.2905166603652623 0.008849511373473368
0.2905166603652623 0.008849511373473368
0.2905166603652623 0.008849511373473368
0.2905166603652623 0.008849511373473368
0.2905166603652623 0.008849511373473368
0.2905166603652623 0.008849511373473368
0.2905166603652623 0.008849511373473368
0.2905166603652623 0.008849511373473368
0.2905166603652623 0.008849511373473368
0.2905166603652623 0.008849511373473368
0.2905166603652623 0.008849511373473368
0.2905166603652623 0.008849511373473368
0.2905166603652623 0.008849511373473368
0.2905166603652623 0.008849511373473368
0.2905166603652623 0.008849511373473368
0.2905166603652623 0.008849511373473368
0.2905166603652623 0.008849511373473368
0.2905166603652623 0.008849511373473368
0.2905166603652623 0.008849511373473368
0.2302776052881753 0.008849622722445313
0.2302776052881753 0.008849622722445313
0.2302776052881753 0.008849622722445313
0.2302776052881753 0.008849622722445313
0.2302776052881753 0.008849622722445313
0.2302776052881753 0.008849622722445313
0.2302776052881753 0.008849622722445313
0.2302776052881753 0.008849622722445313
0.2302776052881753 0.008849622722445313
0.2302776052881753 0.008849622722445313
0.2302776052881753 0.008849622722445313
0.2302776052881753 0.008849622722445313
0.2302776052881753 0.008849622722445313
0.2302776052881753 0.008849622722445313
0.2302776052881753 0.008849622722445313
0.2302776052881753 0.008849622722445313
0.2302776052881753 0.008849622722445313
0.2302776052881753 0.008849622722445313
0.2302776052881753 0.008849622722445313
0.2302776052881753 0.008849622722445313
0.2302776052881753 0.008849622722445313
0.2302776052881753 0.008849622722445313
0.2302776052881753 0.008849622722445313
0.2302776052881753 0.008849622722445313
0.2302776052881753 0.008849622722445313
3.70045552607526e-07 0.008849474623918406
4.270719180568569e-07 0.008849622722445313
0.32569458445905075 0.008849958518394024
0.32569458445905075 0.008849958518394024
0.32569458445905075 0.008849958518394024
0.32569458445905075 0.008849958518394024
0.32569458445905075 0.008849958518394024
0.32569458445905075 0.008849958518394024
0.32569458445905075 0.008849958518394024
0.32569458445905075 0.008849958518394024
0.32569458445905075 0.008849958518394024
0.32569458445905075 0.008849958518394024
0.32569458445905075 0.008849958518394024
0.32569458445905075 0.008849958518394024
0.32569458445905075 0.008849958518394024
0.32569458445905075 0.008849958518394024
0.32569458445905075 0.008849958518394024
0.32569458445905075 0.008849958518394024
0.32569458445905075 0.008849958518394024
0.32569458445905075 0.008849958518394024
0.32569458445905075 0.008849958518394024
0.32569458445905075 0.008849958518394024
0.32569458445905075 0.008849958518394024
0.32569458445905075 0.008849958518394024
0.32569458445905075 0.008849958518394024
0.32569458445905075 0.008849958518394024