4.3530807440159484e-07 3.9549157360057446e-07
4.390877991388668e-07 3.954916865349171e-07
4.723186822598565e-07 3.954916606634259e-07
4.823883945318874e-07 3.954926659482363e-07
4.5668542532930626e-07 3.954871506689675e-07
4.5668542532930626e-07 3.954871506689675e-07
4.4839356217661946e-07 3.954917373707283e-07
4.857952296771972e-07 3.9549189077218983e-07
4.456718085682936e-07 3.954912141161518e-07
4.529901982363127e-07 3.955563482077145e-07
4.529901982363127e-07 3.955563482077145e-07
4.282128455467351e-07 3.95495305914702e-07
4.3936767208752256e-07 3.9549208316347724e-07
4.772271072561491e-07 3.9549153074676335e-07
4.4052136410381945e-07 3.954922226438146e-07
4.4721915174136336e-07 3.9549082571050265e-07
4.482097640111656e-07 3.95492002383811e-07
4.3993209342451975e-07 3.954921047086267e-07
4.3993209342451975e-07 3.954921047086267e-07
4.774847973862536e-07 3.9549173221928776e-07
4.916901905733088e-07 3.95491575589885e-07
4.824107093751008e-07 3.9549186851920304e-07
4.448731769936165e-07 3.954913394779423e-07
4.325017276488838e-07 3.954915469793199e-07
4.367549572368843e-07 3.9549162420081305e-07
4.367549572368843e-07 3.9549162420081305e-07
4.748893133467821e-07 3.9549141224468986e-07
4.375763155282764e-07 3.95492953219316e-07
4.491523209764648e-07 3.9548963427117516e-07
4.491523209764648e-07 3.9548963427117516e-07
4.491523209764648e-07 3.9548963427117516e-07
4.3821001748621535e-07 3.954917506645193e-07
4.3821001748621535e-07 3.954917506645193e-07
4.482781165533758e-07 3.954918351832159e-07
4.482781165533758e-07 3.954918351832159e-07
4.53331135780788e-07 3.9548687183880067e-07
4.3748804281003606e-07 3.9549050536820415e-07
4.3748804281003606e-07 3.9549050536820415e-07
4.4559967950855574e-07 3.95492219558993e-07
4.4559967950855574e-07 3.95492219558993e-07
4.572789433801873e-07 3.954923197433032e-07
4.572789433801873e-07 3.954923197433032e-07
4.572789433801873e-07 3.954923197433032e-07
4.368935095634364e-07 3.9549200527451223e-07
4.845446070855172e-07 3.954917647126174e-07
4.3612598921082236e-07 3.9549182034754486e-07
4.46733443441096e-07 3.954922587647908e-07
4.496051649257008e-07 3.9549204579555093e-07
4.420410334381385e-07 3.954923186112953e-07
4.821369296357406e-07 3.954914276777876e-07
4.001935630023138e-07 3.954923975024024e-07
4.910547844799993e-07 3.9549189947571743e-07
4.381632944327333e-07 3.954920521275686e-07
4.419860878482298e-07 3.954929664519422e-07
4.467776904963287e-07 3.954932803035651e-07
4.916695523952229e-07 3.9549255975918745e-07
4.916695523952229e-07 3.9549255975918745e-07
4.916695523952229e-07 3.9549255975918745e-07
4.394958392796735e-07 3.954920947049023e-07
4.394958392796735e-07 3.954920947049023e-07
4.394958392796735e-07 3.954920947049023e-07
4.5449751376856496e-07 3.954949410062903e-07
4.7383503201304716e-07 3.9549341331826654e-07
4.909531874960292e-07 3.9549186342816667e-07
4.465974279545886e-07 3.9549165427991355e-07
4.465974279545886e-07 3.9549165427991355e-07
4.790571796764081e-07 3.9549181037747357e-07
4.4700583265238414e-07 3.954921986601983e-07
4.4700583265238414e-07 3.954921986601983e-07
4.6376498673338135e-07 3.95502544065371e-07
4.6376498673338135e-07 3.95502544065371e-07
4.4058562863393854e-07 3.9549177892597054e-07
4.3986492194945075e-07 3.954909554049348e-07
4.3451514991756393e-07 3.9549136348720205e-07
4.304195229770259e-07 3.954918297965056e-07
4.304195229770259e-07 3.954918297965056e-07
4.304195229770259e-07 3.954918297965056e-07
4.658386732849971e-07 3.9549571471550607e-07
4.658386732849971e-07 3.9549571471550607e-07
4.776927022573524e-07 3.9549208969334264e-07
4.763291862544405e-07 3.9549178315979484e-07
4.763291862544405e-07 3.9549178315979484e-07
4.233202780947305e-07 3.954877397895432e-07
4.233202780947305e-07 3.954877397895432e-07
4.233202780947305e-07 3.954877397895432e-07
4.776261415588723e-07 3.9549185408089737e-07
4.442565381955729e-07 3.9549261983653125e-07
3.9290598796392047e-07 3.954884182208649e-07
3.9290598796392047e-07 3.954884182208649e-07
4.394210169309618e-07 3.954911627309709e-07
4.628141887402875e-07 3.95487386789129e-07
4.518819419271842e-07 3.9549318889652993e-07
4.399505497484327e-07 3.9549278693253886e-07
4.4084851081444465e-07 3.954927986171587e-07
4.890591079079323e-07 3.95492537732881e-07
4.4517680127715184e-07 3.9549177469335045e-07
4.344888759190561e-07 3.954917904501768e-07
4.370977121054812e-07 3.954918632116051e-07
4.370977121054812e-07 3.954918632116051e-07
4.592084697868983e-07 3.954908628967492e-07
4.781835696802071e-07 3.9549192898444383e-07
4.781835696802071e-07 3.9549192898444383e-07
4.434557473047221e-07 3.954913052199549e-07
4.434557473047221e-07 3.954913052199549e-07
4.85218038838019e-07 3.954930471975328e-07
4.85218038838019e-07 3.954930471975328e-07
4.491682956985023e-07 3.9549165077637706e-07
4.523523803534917e-07 3.9548990102933033e-07
4.3114540873362e-07 3.9549143586602043e-07
4.706803058929693e-07 3.9549195489646203e-07
4.7588767435008527e-07 3.9549191126038873e-07
4.3957653409886685e-07 3.954916386106141e-07
4.4676408375770686e-07 3.9549218341251593e-07
4.784191741044745e-07 3.9549212046936887e-07
4.784191741044745e-07 3.9549212046936887e-07
4.3168651694645866e-07 3.9549229170364663e-07
4.882007752597629e-07 3.9549115800683785e-07
4.6357539217648205e-07 3.9549309032134624e-07
4.3038360842502047e-07 3.9549179904389787e-07
4.484896305718391e-07 3.9549188951956787e-07
4.427114893178409e-07 3.954924494538541e-07
4.4409849412470925e-07 3.954918743601376e-07
4.3370383725225263e-07 3.954927730113337e-07
4.784669346598387e-07 3.9549217716918473e-07
4.5376243756981734e-07 3.9549735639573973e-07
4.402110960644642e-07 3.9549265183960784e-07
4.572186171789495e-07 3.9549002174925265e-07
4.572186171789495e-07 3.9549002174925265e-07
4.484175303750428e-07 3.954847019470397e-07
4.484175303750428e-07 3.954847019470397e-07
4.6726550383996e-07 3.9549060080551024e-07
4.6726550383996e-07 3.9549060080551024e-07
4.4587219776490864e-07 3.9549178457527123e-07
4.428703992679976e-07 3.9549183430865043e-07