5.73186525403786e-06 3.184369585576589e-06
0.0065830472442624825 0.006913584807245333
0.004991180888432745 0.0019787672604772923
0.004991180888432745 0.0019787672604772923
0.004991180888432745 0.0019787672604772923
0.004991180888432745 0.0019787672604772923
0.004991180888432745 0.0019787672604772923
0.004991180888432745 0.0019787672604772923
0.004991180888432745 0.0019787672604772923
0.004991180888432745 0.0019787672604772923
0.004991180888432745 0.0019787672604772923
0.004991180888432745 0.0019787672604772923
0.024600210359454824 0.006121632091312435
0.07357676989649843 0.0526452717365864
4.6173358990860544e-05 4.330742636384161e-05
0.005580289261764414 0.007002428718682919
4.64917959494182e-05 6.368739171153178e-06
4.012305677826502e-05 4.203367852961097e-05
9.170984406460577e-05 4.2988989405283955e-05
2.3882771891824417e-05 3.470962848278482e-05
0.04669145592243385 0.024486209928291182
0.04669145592243385 0.024486209928291182
0.04669145592243385 0.024486209928291182
0.04669145592243385 0.024486209928291182
0.04669145592243385 0.024486209928291182
0.04669145592243385 0.024486209928291182
0.04669145592243385 0.024486209928291182
0.04669145592243385 0.024486209928291182
0.04669145592243385 0.024486209928291182
0.04669145592243385 0.024486209928291182
0.04669145592243385 0.024486209928291182
0.04669145592243385 0.024486209928291182
0.04669145592243385 0.024486209928291182
3.343588064855418e-05 1.2100604425191039e-05
3.184369585576589e-07 9.553108756729767e-06
0.0004773370008779307 4.203367852961097e-05
0.0004773370008779307 4.203367852961097e-05
0.0004773370008779307 4.203367852961097e-05
0.0004773370008779307 4.203367852961097e-05
0.0004773370008779307 4.203367852961097e-05
0.0004773370008779307 4.203367852961097e-05
0.0004773370008779307 4.203367852961097e-05
2.32458979747091e-05 4.203367852961097e-05
2.32458979747091e-05 4.203367852961097e-05
2.32458979747091e-05 4.203367852961097e-05
2.32458979747091e-05 4.203367852961097e-05
2.32458979747091e-05 4.203367852961097e-05
2.32458979747091e-05 4.203367852961097e-05
2.32458979747091e-05 4.203367852961097e-05
2.32458979747091e-05 4.203367852961097e-05
2.32458979747091e-05 4.203367852961097e-05
3.184369585576589e-07 3.470962848278482e-05
0.0004601414051158171 2.006152838913251e-05
0.0004601414051158171 2.006152838913251e-05
0.0004601414051158171 2.006152838913251e-05
0.0004601414051158171 2.006152838913251e-05
0.013556179762758098 0.008774211956097733
3.184369585576589e-07 4.330742636384161e-05
0.0024064280958202284 6.973769392412729e-05
3.184369585576589e-07 0.00293121220352325
0.0004910297900959101 9.553108756729767e-06
0.02459925504857915 0.0131613179341466
3.184369585576589e-07 0.010503643078024379
6.368739171153178e-06 4.330742636384161e-05
0.00020316277955978638 7.005613088268496e-06
0.005992028249179468 0.004387105978048866
0.04669750622464645 0.024486209928291182
3.184369585576589e-07 0.0020778011545887244