0.971482949889096 0.9700369258224459
0.5873602624992486 0.5842332750071985
0.5873602624992486 0.5842332750071985
0.5873602624992486 0.5842332750071985
0.9303590696084977 0.9264734732105848
0.9303590696084977 0.9264734732105848
0.31045456415189265 0.3101662294843358
0.31045456415189265 0.3101662294843358
0.8265546340799711 0.819832362461595
0.8943631165773844 0.8895203598290085
0.8631513832153627 0.8571552877967593
0.4006309347896937 0.401113865693791
0.4006309347896937 0.401113865693791
0.4382073889614889 0.43825445593740014
0.8322299621249276 0.8259403902682897
0.8322299621249276 0.8259403902682897
0.8322299621249276 0.8259403902682897
0.7328237179588595 0.7255366426295489
0.567361148465854 0.5645921073032126
0.7008913456883485 0.6945376994611424
0.9046632694066239 0.9004197266793023
0.49847289416812485 0.49833604396925696
0.49847289416812485 0.49833604396925696
0.15491205199358307 0.15511218552140718
0.15491205199358307 0.15511218552140718
0.9713884204164676 0.9695017861719598
0.5463934039786229 0.5444177775527704
0.5463934039786229 0.5444177775527704
0.6619202851546803 0.6558059290150899
0.9108753191852904 0.9061440993041998
0.9122837687753726 0.908444052790953
0.7466519163774091 0.7392192893914992
0.7466519163774091 0.7392192893914992
0.9652408405291752 0.9638758982277503
0.8911961814839308 0.8864123573356453
0.523219839956461 0.5229101471653815
0.7701830312081737 0.7631182385718218
0.3577450093184702 0.35747328652476434
0.4716656805014571 0.4714283680178712
0.9391922357683704 0.9357152123630311
0.7093206851053193 0.7035124620695548
0.7093206851053193 0.7035124620695548
0.8038719113780262 0.7972330946497109
0.7527781381411788 0.7457940317492462
0.7527781381411788 0.7457940317492462
0.9024234350823791 0.8981446910033255
0.8542248741452796 0.8488726865988059
0.6500439819136246 0.643831141093346
0.21095853676286788 0.21098543217767426
0.7643376292166473 0.756843300985005