3.1038914512753e-07 3.9549149894962715e-07
3.1038914512753e-07 3.9549149894962715e-07
3.1038914512753e-07 3.9549149894962715e-07
3.1038914512753e-07 3.9549149894962715e-07
4.074280623924288e-07 3.95491531420861e-07
4.099467739135523e-07 3.9549181190723746e-07
4.1852158057528427e-07 3.954913228529444e-07
4.193501197318384e-07 3.9549257263580513e-07
3.233025789147862e-07 3.9549048493568824e-07
3.233025789147862e-07 3.9549048493568824e-07
3.233025789147862e-07 3.9549048493568824e-07
3.233025789147862e-07 3.9549048493568824e-07
3.233025789147862e-07 3.9549048493568824e-07
3.233025789147862e-07 3.9549048493568824e-07
3.233025789147862e-07 3.9549048493568824e-07
3.233025789147862e-07 3.9549048493568824e-07
4.10110912206208e-07 3.954920138222597e-07
3.3885648589335767e-07 3.9549123974832306e-07
3.3885648589335767e-07 3.9549123974832306e-07
3.3885648589335767e-07 3.9549123974832306e-07
3.3885648589335767e-07 3.9549123974832306e-07
4.07601481198945e-07 3.954916310429928e-07
4.098029929214943e-07 3.9549198706094874e-07
3.345128590447947e-07 3.9549109931045067e-07
3.345128590447947e-07 3.9549109931045067e-07
3.345128590447947e-07 3.9549109931045067e-07
3.345128590447947e-07 3.9549109931045067e-07
3.6212081931097266e-07 3.9549557046355666e-07
3.6212081931097266e-07 3.9549557046355666e-07
3.6212081931097266e-07 3.9549557046355666e-07
3.6212081931097266e-07 3.9549557046355666e-07
4.1718081762822653e-07 3.954921727435553e-07
3.0442546846437137e-07 3.954924038732781e-07
3.0442546846437137e-07 3.954924038732781e-07
3.0442546846437137e-07 3.954924038732781e-07
3.0442546846437137e-07 3.954924038732781e-07
3.106047847338525e-07 3.954913424865304e-07
3.106047847338525e-07 3.954913424865304e-07
3.106047847338525e-07 3.954913424865304e-07
3.106047847338525e-07 3.954913424865304e-07
2.7660761123434194e-07 3.95491839887486e-07
2.7660761123434194e-07 3.95491839887486e-07
4.099323388344381e-07 3.9549183477093983e-07
3.115480157767145e-07 3.9549192872806543e-07
3.115480157767145e-07 3.9549192872806543e-07
3.115480157767145e-07 3.9549192872806543e-07
3.115480157767145e-07 3.9549192872806543e-07
4.101918294579461e-07 3.954918803632681e-07
4.1032316622128903e-07 3.954918293581297e-07
4.1003079148344547e-07 3.954916803312902e-07
4.1423557944716414e-07 3.954911801670495e-07
4.1423557944716414e-07 3.954911801670495e-07
4.115402059225453e-07 3.954913394687999e-07
3.0472657994500965e-07 3.9549213015965025e-07
3.0472657994500965e-07 3.9549213015965025e-07
3.0472657994500965e-07 3.9549213015965025e-07
3.0472657994500965e-07 3.9549213015965025e-07
4.101675229730647e-07 3.954918582311493e-07
4.097040915850474e-07 3.954920993020163e-07
3.115201813005333e-07 3.9549165464720207e-07
3.115201813005333e-07 3.9549165464720207e-07
3.115201813005333e-07 3.9549165464720207e-07
3.115201813005333e-07 3.9549165464720207e-07
4.1019564713072905e-07 3.9549195974441905e-07
4.1019564713072905e-07 3.9549195974441905e-07
3.046765474517996e-07 3.9549152032844376e-07
3.046765474517996e-07 3.9549152032844376e-07
3.046765474517996e-07 3.9549152032844376e-07
3.046765474517996e-07 3.9549152032844376e-07
4.098992174726207e-07 3.954922763632075e-07
2.7548595542978767e-07 3.954920778616762e-07
2.7548595542978767e-07 3.954920778616762e-07
2.7548595542978767e-07 3.954920778616762e-07
2.7548595542978767e-07 3.954920778616762e-07
3.1012634551919876e-07 3.954919208568193e-07
3.1012634551919876e-07 3.954919208568193e-07
3.1012634551919876e-07 3.954919208568193e-07
3.1012634551919876e-07 3.954919208568193e-07
3.125359569955164e-07 3.954918519830847e-07
3.125359569955164e-07 3.954918519830847e-07
3.125359569955164e-07 3.954918519830847e-07
3.125359569955164e-07 3.954918519830847e-07
4.096503832445624e-07 3.9549205755661526e-07
3.5547428959986687e-07 3.9549170217456574e-07
3.5547428959986687e-07 3.9549170217456574e-07
3.5547428959986687e-07 3.9549170217456574e-07
3.5547428959986687e-07 3.9549170217456574e-07
3.1495948188903417e-07 3.9549092730112866e-07
3.1495948188903417e-07 3.9549092730112866e-07
3.1495948188903417e-07 3.9549092730112866e-07
3.1495948188903417e-07 3.9549092730112866e-07
4.1095665277258447e-07 3.9549173268069366e-07
4.073666198157926e-07 3.9549190061228016e-07
4.172457524763562e-07 3.9549251054713633e-07
3.099822194127873e-07 3.9549174467324326e-07
3.099822194127873e-07 3.9549174467324326e-07
3.099822194127873e-07 3.9549174467324326e-07
3.099822194127873e-07 3.9549174467324326e-07
3.4212224368655295e-07 3.9548988367331846e-07
3.4212224368655295e-07 3.9548988367331846e-07
3.4212224368655295e-07 3.9548988367331846e-07
3.4212224368655295e-07 3.9548988367331846e-07
3.106623700124272e-07 3.9549205230298346e-07
3.106623700124272e-07 3.9549205230298346e-07
3.106623700124272e-07 3.9549205230298346e-07
3.106623700124272e-07 3.9549205230298346e-07
3.345004321488764e-07 3.954912641961943e-07
3.345004321488764e-07 3.954912641961943e-07
3.345004321488764e-07 3.954912641961943e-07
3.345004321488764e-07 3.954912641961943e-07
4.0854315375732944e-07 3.9549205519390034e-07
3.1060216054693033e-07 3.9549287312337903e-07
3.1060216054693033e-07 3.9549287312337903e-07
3.1060216054693033e-07 3.9549287312337903e-07
3.1060216054693033e-07 3.9549287312337903e-07
3.125644704722202e-07 3.954922833677161e-07
3.125644704722202e-07 3.954922833677161e-07
3.125644704722202e-07 3.954922833677161e-07
3.125644704722202e-07 3.954922833677161e-07
4.073398469045082e-07 3.954915472319917e-07
3.1013684538880103e-07 3.9549203372281733e-07
3.1013684538880103e-07 3.9549203372281733e-07
3.1013684538880103e-07 3.9549203372281733e-07
3.1013684538880103e-07 3.9549203372281733e-07
3.110783607097051e-07 3.954918401930837e-07
3.110783607097051e-07 3.954918401930837e-07
3.110783607097051e-07 3.954918401930837e-07
3.110783607097051e-07 3.954918401930837e-07
2.764270208502293e-07 3.954922268767509e-07
2.764270208502293e-07 3.954922268767509e-07
3.0450744636018214e-07 3.954912149807612e-07
3.0450744636018214e-07 3.954912149807612e-07
3.0450744636018214e-07 3.954912149807612e-07
3.0450744636018214e-07 3.954912149807612e-07
4.1010083615128285e-07 3.954919218708469e-07
4.0758202219744473e-07 3.9549217048278786e-07
4.0941310607067087e-07 3.954915908279633e-07
4.0972545176464366e-07 3.954917302839749e-07
3.0745627890448415e-07 3.9549236523563764e-07
3.0745627890448415e-07 3.9549236523563764e-07
3.0745627890448415e-07 3.9549236523563764e-07
3.0745627890448415e-07 3.9549236523563764e-07
4.08536252675063e-07 3.9549200631061384e-07
4.1548038565423166e-07 3.9549305302835164e-07
3.5147619904911785e-07 3.9549508104025356e-07
3.5147619904911785e-07 3.9549508104025356e-07
3.5147619904911785e-07 3.9549508104025356e-07
3.5147619904911785e-07 3.9549508104025356e-07
3.5147619904911785e-07 3.9549508104025356e-07
3.5147619904911785e-07 3.9549508104025356e-07
3.5147619904911785e-07 3.9549508104025356e-07
3.5147619904911785e-07 3.9549508104025356e-07
3.1103190132188016e-07 3.9549170720790016e-07
3.1103190132188016e-07 3.9549170720790016e-07
3.1103190132188016e-07 3.9549170720790016e-07
3.1103190132188016e-07 3.9549170720790016e-07
4.1677960208099217e-07 3.954927447700275e-07
4.1920788983633394e-07 3.9549228041893727e-07
3.116695504146662e-07 3.954913296736839e-07
3.116695504146662e-07 3.954913296736839e-07
3.116695504146662e-07 3.954913296736839e-07
3.116695504146662e-07 3.954913296736839e-07
3.108080848750281e-07 3.954917182310313e-07
3.108080848750281e-07 3.954917182310313e-07
3.108080848750281e-07 3.954917182310313e-07
3.108080848750281e-07 3.954917182310313e-07
3.1096494828815095e-07 3.9549169868761925e-07
3.1096494828815095e-07 3.9549169868761925e-07
3.1096494828815095e-07 3.9549169868761925e-07
3.1096494828815095e-07 3.9549169868761925e-07
3.2626402261132744e-07 3.9549009502658437e-07
3.2626402261132744e-07 3.9549009502658437e-07
3.2626402261132744e-07 3.9549009502658437e-07
3.2626402261132744e-07 3.9549009502658437e-07
3.101670360987588e-07 3.9549228784253424e-07
3.101670360987588e-07 3.9549228784253424e-07
3.101670360987588e-07 3.9549228784253424e-07
3.101670360987588e-07 3.9549228784253424e-07
2.7389044599977903e-07 3.9549139114146765e-07
2.7389044599977903e-07 3.9549139114146765e-07
2.767651261616634e-07 3.954925608607123e-07
2.767651261616634e-07 3.954925608607123e-07
4.076937488757757e-07 3.954916681365924e-07
3.1007645181838335e-07 3.9549142721743345e-07
3.1007645181838335e-07 3.9549142721743345e-07
3.1007645181838335e-07 3.9549142721743345e-07
3.1007645181838335e-07 3.9549142721743345e-07
4.085407846302272e-07 3.9549202848061407e-07
3.0395475418932987e-07 3.9549236056309357e-07
3.0395475418932987e-07 3.9549236056309357e-07
3.0395475418932987e-07 3.9549236056309357e-07
3.0395475418932987e-07 3.9549236056309357e-07
3.0483017177020716e-07 3.954915668137369e-07
3.0483017177020716e-07 3.954915668137369e-07
3.0483017177020716e-07 3.954915668137369e-07
3.0483017177020716e-07 3.954915668137369e-07
4.1016548666086846e-07 3.954919022159052e-07
4.097052907953308e-07 3.954920746974177e-07
4.1046765787072914e-07 3.954920402894112e-07
3.333046948325613e-07 3.9549153934616355e-07
3.333046948325613e-07 3.9549153934616355e-07
3.333046948325613e-07 3.9549153934616355e-07
3.333046948325613e-07 3.9549153934616355e-07
4.1043945019238715e-07 3.9549188864899206e-07
4.188893132704303e-07 3.9549147489160933e-07
4.101728895914637e-07 3.954919711938298e-07
4.0736723304101566e-07 3.9549154247717933e-07
4.195931805289637e-07 3.954926994881418e-07
4.195931805289637e-07 3.954926994881418e-07
3.0004048336624697e-07 3.954926531410221e-07
3.0004048336624697e-07 3.954926531410221e-07
3.074957333344387e-07 3.9549150989722735e-07
3.074957333344387e-07 3.9549150989722735e-07
3.074957333344387e-07 3.9549150989722735e-07
3.074957333344387e-07 3.9549150989722735e-07
4.0826601986765105e-07 3.9549183630174436e-07
3.102328011685311e-07 3.95492284951151e-07
3.102328011685311e-07 3.95492284951151e-07
3.102328011685311e-07 3.95492284951151e-07
3.102328011685311e-07 3.95492284951151e-07
3.1001887004523547e-07 3.9549221753028434e-07
3.1001887004523547e-07 3.9549221753028434e-07
3.1001887004523547e-07 3.9549221753028434e-07
3.1001887004523547e-07 3.9549221753028434e-07
4.104380258402693e-07 3.95491778678439e-07
3.074772196291377e-07 3.954913260742069e-07
3.074772196291377e-07 3.954913260742069e-07
3.074772196291377e-07 3.954913260742069e-07
3.074772196291377e-07 3.954913260742069e-07
4.151043594733636e-07 3.95491395976605e-07
3.102957570301825e-07 3.954921098195575e-07
3.102957570301825e-07 3.954921098195575e-07
3.102957570301825e-07 3.954921098195575e-07
3.102957570301825e-07 3.954921098195575e-07
3.102957570301825e-07 3.954921098195575e-07
3.102957570301825e-07 3.954921098195575e-07
3.102957570301825e-07 3.954921098195575e-07
3.102957570301825e-07 3.954921098195575e-07
3.058960814619339e-07 3.954912640536571e-07
3.058960814619339e-07 3.954912640536571e-07
3.058960814619339e-07 3.954912640536571e-07
3.058960814619339e-07 3.954912640536571e-07
3.045661278953993e-07 3.9549157133449864e-07
3.045661278953993e-07 3.9549157133449864e-07
3.045661278953993e-07 3.9549157133449864e-07
3.045661278953993e-07 3.9549157133449864e-07
4.0971999544095045e-07 3.9549185153580953e-07
3.108041749031631e-07 3.9549238932428465e-07
3.108041749031631e-07 3.9549238932428465e-07
3.108041749031631e-07 3.9549238932428465e-07
3.108041749031631e-07 3.9549238932428465e-07
3.848732799436755e-07 3.9549060893719107e-07
3.848732799436755e-07 3.9549060893719107e-07
3.848732799436755e-07 3.9549060893719107e-07
3.848732799436755e-07 3.9549060893719107e-07
4.10604127383174e-07 3.9549178497836966e-07
3.109504619811773e-07 3.954929763760734e-07
3.109504619811773e-07 3.954929763760734e-07
3.109504619811773e-07 3.954929763760734e-07
3.109504619811773e-07 3.954929763760734e-07
3.09927929051426e-07 3.9549169100418026e-07
3.09927929051426e-07 3.9549169100418026e-07
3.09927929051426e-07 3.9549169100418026e-07
3.09927929051426e-07 3.9549169100418026e-07