4.153980205692647e-07 3.9553073158544657e-07
4.153980205692647e-07 3.9553073158544657e-07
4.0791461651400254e-07 3.9553054854636354e-07
4.0791461651400254e-07 3.9553054854636354e-07
4.0791461651400254e-07 3.9553054854636354e-07
4.0791461651400254e-07 3.9553054854636354e-07
4.0791461651400254e-07 3.9553054854636354e-07
4.0791461651400254e-07 3.9553054854636354e-07
4.072260571363038e-07 3.955329365770979e-07
4.072260571363038e-07 3.955329365770979e-07
4.072260571363038e-07 3.955329365770979e-07
4.072260571363038e-07 3.955329365770979e-07
4.072260571363038e-07 3.955329365770979e-07
4.072260571363038e-07 3.955329365770979e-07
4.072260571363038e-07 3.955329365770979e-07
4.072260571363038e-07 3.955329365770979e-07
4.072260571363038e-07 3.955329365770979e-07
4.072260571363038e-07 3.955329365770979e-07
4.072260571363038e-07 3.955329365770979e-07
4.072260571363038e-07 3.955329365770979e-07
4.072260571363038e-07 3.955329365770979e-07
4.072260571363038e-07 3.955329365770979e-07
4.072260571363038e-07 3.955329365770979e-07
4.072260571363038e-07 3.955329365770979e-07
4.072260571363038e-07 3.955329365770979e-07
4.072260571363038e-07 3.955329365770979e-07
4.072260571363038e-07 3.955329365770979e-07
4.072260571363038e-07 3.955329365770979e-07
4.072260571363038e-07 3.955329365770979e-07
4.072260571363038e-07 3.955329365770979e-07
4.072260571363038e-07 3.955329365770979e-07
4.072260571363038e-07 3.955329365770979e-07
4.072260571363038e-07 3.955329365770979e-07
4.072260571363038e-07 3.955329365770979e-07
4.072260571363038e-07 3.955329365770979e-07
4.072260571363038e-07 3.955329365770979e-07
4.072260571363038e-07 3.955329365770979e-07
4.072260571363038e-07 3.955329365770979e-07
4.072260571363038e-07 3.955329365770979e-07
4.072260571363038e-07 3.955329365770979e-07
4.072260571363038e-07 3.955329365770979e-07
4.072260571363038e-07 3.955329365770979e-07
4.072260571363038e-07 3.955329365770979e-07
4.072260571363038e-07 3.955329365770979e-07
4.072260571363038e-07 3.955329365770979e-07
4.072260571363038e-07 3.955329365770979e-07
4.072260571363038e-07 3.955329365770979e-07
4.072260571363038e-07 3.955329365770979e-07
4.072260571363038e-07 3.955329365770979e-07
4.072260571363038e-07 3.955329365770979e-07
4.072260571363038e-07 3.955329365770979e-07
4.072260571363038e-07 3.955329365770979e-07
4.072260571363038e-07 3.955329365770979e-07
4.072260571363038e-07 3.955329365770979e-07
4.072260571363038e-07 3.955329365770979e-07
4.072260571363038e-07 3.955329365770979e-07
4.072260571363038e-07 3.955329365770979e-07
4.072260571363038e-07 3.955329365770979e-07
4.072260571363038e-07 3.955329365770979e-07
4.072260571363038e-07 3.955329365770979e-07
3.8072110933071013e-07 3.9553043170750356e-07
3.8072110933071013e-07 3.9553043170750356e-07
3.8072110933071013e-07 3.9553043170750356e-07
3.8072110933071013e-07 3.9553043170750356e-07
3.8072110933071013e-07 3.9553043170750356e-07
3.8072110933071013e-07 3.9553043170750356e-07
3.8072110933071013e-07 3.9553043170750356e-07
3.8072110933071013e-07 3.9553043170750356e-07
3.8072110933071013e-07 3.9553043170750356e-07
3.8072110933071013e-07 3.9553043170750356e-07
3.8072110933071013e-07 3.9553043170750356e-07
3.8072110933071013e-07 3.9553043170750356e-07
3.8072110933071013e-07 3.9553043170750356e-07
3.8072110933071013e-07 3.9553043170750356e-07
3.8072110933071013e-07 3.9553043170750356e-07
3.8072110933071013e-07 3.9553043170750356e-07
4.142582286679677e-07 3.9565638904166186e-07
4.142582286679677e-07 3.9565638904166186e-07
4.142582286679677e-07 3.9565638904166186e-07
4.142582286679677e-07 3.9565638904166186e-07
4.142582286679677e-07 3.9565638904166186e-07
4.142582286679677e-07 3.9565638904166186e-07
4.142582286679677e-07 3.9565638904166186e-07
4.142582286679677e-07 3.9565638904166186e-07
4.142582286679677e-07 3.9565638904166186e-07
4.142582286679677e-07 3.9565638904166186e-07
4.142582286679677e-07 3.9565638904166186e-07
4.142582286679677e-07 3.9565638904166186e-07
4.142582286679677e-07 3.9565638904166186e-07
4.142582286679677e-07 3.9565638904166186e-07
4.142582286679677e-07 3.9565638904166186e-07
4.142582286679677e-07 3.9565638904166186e-07
4.1141814570744664e-07 3.955291021995578e-07
4.1141814570744664e-07 3.955291021995578e-07
4.1141814570744664e-07 3.955291021995578e-07
4.1141814570744664e-07 3.955291021995578e-07
4.1141814570744664e-07 3.955291021995578e-07
4.1141814570744664e-07 3.955291021995578e-07
4.1141814570744664e-07 3.955291021995578e-07
4.1141814570744664e-07 3.955291021995578e-07
4.1141814570744664e-07 3.955291021995578e-07
4.1141814570744664e-07 3.955291021995578e-07
4.1141814570744664e-07 3.955291021995578e-07
4.1141814570744664e-07 3.955291021995578e-07
4.158264198276035e-07 3.955485075960675e-07
4.158264198276035e-07 3.955485075960675e-07
4.153330666978442e-07 3.955306483494395e-07
4.153330666978442e-07 3.955306483494395e-07
4.153330666978442e-07 3.955306483494395e-07
4.153330666978442e-07 3.955306483494395e-07
4.153330666978442e-07 3.955306483494395e-07
4.153330666978442e-07 3.955306483494395e-07
4.153330666978442e-07 3.955306483494395e-07
4.153330666978442e-07 3.955306483494395e-07
4.153330666978442e-07 3.955306483494395e-07
4.153330666978442e-07 3.955306483494395e-07
4.1573097379000615e-07 3.955306678754915e-07
4.1573097379000615e-07 3.955306678754915e-07
4.1573097379000615e-07 3.955306678754915e-07
4.1573097379000615e-07 3.955306678754915e-07
4.1420489901055046e-07 3.955304904834819e-07
4.1420489901055046e-07 3.955304904834819e-07
4.07613447565265e-07 3.955307063384053e-07
4.07613447565265e-07 3.955307063384053e-07
4.07613447565265e-07 3.955307063384053e-07
4.0360460045077643e-07 3.955305821742103e-07
4.0360460045077643e-07 3.955305821742103e-07
4.0360460045077643e-07 3.955305821742103e-07
4.0360460045077643e-07 3.955305821742103e-07
4.0360460045077643e-07 3.955305821742103e-07
4.0360460045077643e-07 3.955305821742103e-07
4.0360460045077643e-07 3.955305821742103e-07
4.0360460045077643e-07 3.955305821742103e-07
4.0360460045077643e-07 3.955305821742103e-07
4.0360460045077643e-07 3.955305821742103e-07
4.0360460045077643e-07 3.955305821742103e-07
4.0360460045077643e-07 3.955305821742103e-07
4.0360460045077643e-07 3.955305821742103e-07
4.0360460045077643e-07 3.955305821742103e-07
4.0360460045077643e-07 3.955305821742103e-07
4.0360460045077643e-07 3.955305821742103e-07
4.0360460045077643e-07 3.955305821742103e-07
4.0360460045077643e-07 3.955305821742103e-07
4.0360460045077643e-07 3.955305821742103e-07
4.0360460045077643e-07 3.955305821742103e-07
4.0360460045077643e-07 3.955305821742103e-07
4.0360460045077643e-07 3.955305821742103e-07
4.0360460045077643e-07 3.955305821742103e-07
4.0360460045077643e-07 3.955305821742103e-07
4.0360460045077643e-07 3.955305821742103e-07
4.0360460045077643e-07 3.955305821742103e-07
4.0360460045077643e-07 3.955305821742103e-07
4.0360460045077643e-07 3.955305821742103e-07
4.0360460045077643e-07 3.955305821742103e-07
4.0360460045077643e-07 3.955305821742103e-07
4.0360460045077643e-07 3.955305821742103e-07
4.0360460045077643e-07 3.955305821742103e-07
4.0360460045077643e-07 3.955305821742103e-07
4.0360460045077643e-07 3.955305821742103e-07
4.0360460045077643e-07 3.955305821742103e-07
4.0360460045077643e-07 3.955305821742103e-07
4.0360460045077643e-07 3.955305821742103e-07
4.0360460045077643e-07 3.955305821742103e-07
4.0360460045077643e-07 3.955305821742103e-07
4.0360460045077643e-07 3.955305821742103e-07
4.0360460045077643e-07 3.955305821742103e-07
4.0360460045077643e-07 3.955305821742103e-07
4.0360460045077643e-07 3.955305821742103e-07
4.0360460045077643e-07 3.955305821742103e-07
4.0360460045077643e-07 3.955305821742103e-07
4.0360460045077643e-07 3.955305821742103e-07
4.0360460045077643e-07 3.955305821742103e-07
4.0360460045077643e-07 3.955305821742103e-07
4.0360460045077643e-07 3.955305821742103e-07
4.0360460045077643e-07 3.955305821742103e-07
4.0360460045077643e-07 3.955305821742103e-07
4.0360460045077643e-07 3.955305821742103e-07
4.0360460045077643e-07 3.955305821742103e-07
4.0360460045077643e-07 3.955305821742103e-07
4.0360460045077643e-07 3.955305821742103e-07
4.0360460045077643e-07 3.955305821742103e-07
4.0360460045077643e-07 3.955305821742103e-07
4.0360460045077643e-07 3.955305821742103e-07
4.0360460045077643e-07 3.955305821742103e-07
4.0360460045077643e-07 3.955305821742103e-07
4.0360460045077643e-07 3.955305821742103e-07
4.0360460045077643e-07 3.955305821742103e-07
4.0360460045077643e-07 3.955305821742103e-07
4.0360460045077643e-07 3.955305821742103e-07
4.0360460045077643e-07 3.955305821742103e-07
4.0360460045077643e-07 3.955305821742103e-07
4.0360460045077643e-07 3.955305821742103e-07
4.0360460045077643e-07 3.955305821742103e-07
4.0360460045077643e-07 3.955305821742103e-07
4.0360460045077643e-07 3.955305821742103e-07
4.0360460045077643e-07 3.955305821742103e-07
4.0360460045077643e-07 3.955305821742103e-07
4.0360460045077643e-07 3.955305821742103e-07
4.0360460045077643e-07 3.955305821742103e-07
4.0360460045077643e-07 3.955305821742103e-07
4.0360460045077643e-07 3.955305821742103e-07
4.0360460045077643e-07 3.955305821742103e-07
4.0360460045077643e-07 3.955305821742103e-07
4.0360460045077643e-07 3.955305821742103e-07
4.0360460045077643e-07 3.955305821742103e-07
4.0360460045077643e-07 3.955305821742103e-07
4.0360460045077643e-07 3.955305821742103e-07
4.0360460045077643e-07 3.955305821742103e-07
4.0360460045077643e-07 3.955305821742103e-07
4.0360460045077643e-07 3.955305821742103e-07
4.0360460045077643e-07 3.955305821742103e-07
4.0360460045077643e-07 3.955305821742103e-07
4.0360460045077643e-07 3.955305821742103e-07
4.0360460045077643e-07 3.955305821742103e-07
4.0360460045077643e-07 3.955305821742103e-07
4.0360460045077643e-07 3.955305821742103e-07
3.984723624394306e-07 3.9553087639008175e-07
3.984723624394306e-07 3.9553087639008175e-07
3.984723624394306e-07 3.9553087639008175e-07
3.984723624394306e-07 3.9553087639008175e-07
3.984723624394306e-07 3.9553087639008175e-07
3.984723624394306e-07 3.9553087639008175e-07
3.984723624394306e-07 3.9553087639008175e-07
3.984723624394306e-07 3.9553087639008175e-07
3.984723624394306e-07 3.9553087639008175e-07
3.984723624394306e-07 3.9553087639008175e-07
3.984723624394306e-07 3.9553087639008175e-07
3.984723624394306e-07 3.9553087639008175e-07
3.984723624394306e-07 3.9553087639008175e-07
3.984723624394306e-07 3.9553087639008175e-07
3.984723624394306e-07 3.9553087639008175e-07
3.984723624394306e-07 3.9553087639008175e-07
3.984723624394306e-07 3.9553087639008175e-07
3.984723624394306e-07 3.9553087639008175e-07
3.984723624394306e-07 3.9553087639008175e-07
3.984723624394306e-07 3.9553087639008175e-07
3.984723624394306e-07 3.9553087639008175e-07
3.984723624394306e-07 3.9553087639008175e-07
3.984723624394306e-07 3.9553087639008175e-07
3.984723624394306e-07 3.9553087639008175e-07
3.984723624394306e-07 3.9553087639008175e-07
3.984723624394306e-07 3.9553087639008175e-07
3.984723624394306e-07 3.9553087639008175e-07
3.984723624394306e-07 3.9553087639008175e-07
3.984723624394306e-07 3.9553087639008175e-07
3.984723624394306e-07 3.9553087639008175e-07
3.984723624394306e-07 3.9553087639008175e-07
3.984723624394306e-07 3.9553087639008175e-07
3.984723624394306e-07 3.9553087639008175e-07
3.984723624394306e-07 3.9553087639008175e-07
3.984723624394306e-07 3.9553087639008175e-07
3.984723624394306e-07 3.9553087639008175e-07
3.984723624394306e-07 3.9553087639008175e-07
3.984723624394306e-07 3.9553087639008175e-07
3.984723624394306e-07 3.9553087639008175e-07
4.0979413953917157e-07 3.9553076234514174e-07
4.0979413953917157e-07 3.9553076234514174e-07
4.0979413953917157e-07 3.9553076234514174e-07
3.751261319195406e-07 3.9553081021462414e-07
3.751261319195406e-07 3.9553081021462414e-07
3.751261319195406e-07 3.9553081021462414e-07
3.751261319195406e-07 3.9553081021462414e-07
3.751261319195406e-07 3.9553081021462414e-07
3.751261319195406e-07 3.9553081021462414e-07
3.751261319195406e-07 3.9553081021462414e-07
3.751261319195406e-07 3.9553081021462414e-07
3.751261319195406e-07 3.9553081021462414e-07
3.751261319195406e-07 3.9553081021462414e-07
3.751261319195406e-07 3.9553081021462414e-07
3.751261319195406e-07 3.9553081021462414e-07
3.751261319195406e-07 3.9553081021462414e-07
3.751261319195406e-07 3.9553081021462414e-07
3.751261319195406e-07 3.9553081021462414e-07
3.751261319195406e-07 3.9553081021462414e-07
3.751261319195406e-07 3.9553081021462414e-07
3.751261319195406e-07 3.9553081021462414e-07
3.751261319195406e-07 3.9553081021462414e-07
3.751261319195406e-07 3.9553081021462414e-07
3.751261319195406e-07 3.9553081021462414e-07
3.751261319195406e-07 3.9553081021462414e-07
3.751261319195406e-07 3.9553081021462414e-07
3.751261319195406e-07 3.9553081021462414e-07
3.751261319195406e-07 3.9553081021462414e-07
3.751261319195406e-07 3.9553081021462414e-07
3.751261319195406e-07 3.9553081021462414e-07
3.751261319195406e-07 3.9553081021462414e-07
3.751261319195406e-07 3.9553081021462414e-07
3.751261319195406e-07 3.9553081021462414e-07
3.751261319195406e-07 3.9553081021462414e-07
3.751261319195406e-07 3.9553081021462414e-07
3.751261319195406e-07 3.9553081021462414e-07
3.751261319195406e-07 3.9553081021462414e-07
3.751261319195406e-07 3.9553081021462414e-07
3.751261319195406e-07 3.9553081021462414e-07
3.751261319195406e-07 3.9553081021462414e-07
3.751261319195406e-07 3.9553081021462414e-07
3.751261319195406e-07 3.9553081021462414e-07
3.751261319195406e-07 3.9553081021462414e-07
3.751261319195406e-07 3.9553081021462414e-07
3.751261319195406e-07 3.9553081021462414e-07
3.751261319195406e-07 3.9553081021462414e-07
3.751261319195406e-07 3.9553081021462414e-07
3.751261319195406e-07 3.9553081021462414e-07
3.751261319195406e-07 3.9553081021462414e-07
3.751261319195406e-07 3.9553081021462414e-07
3.751261319195406e-07 3.9553081021462414e-07
4.100250810353182e-07 3.95530562383891e-07
4.100250810353182e-07 3.95530562383891e-07
4.100250810353182e-07 3.95530562383891e-07
4.100250810353182e-07 3.95530562383891e-07
4.100250810353182e-07 3.95530562383891e-07
4.100250810353182e-07 3.95530562383891e-07
4.100250810353182e-07 3.95530562383891e-07
4.100250810353182e-07 3.95530562383891e-07
4.100250810353182e-07 3.95530562383891e-07
4.100250810353182e-07 3.95530562383891e-07
4.100250810353182e-07 3.95530562383891e-07
4.100250810353182e-07 3.95530562383891e-07
4.100250810353182e-07 3.95530562383891e-07
4.100250810353182e-07 3.95530562383891e-07
4.100250810353182e-07 3.95530562383891e-07
4.100250810353182e-07 3.95530562383891e-07
4.100250810353182e-07 3.95530562383891e-07
4.100250810353182e-07 3.95530562383891e-07
4.100250810353182e-07 3.95530562383891e-07
4.100250810353182e-07 3.95530562383891e-07
4.100250810353182e-07 3.95530562383891e-07
3.826906513081583e-07 3.955305511607359e-07
3.826906513081583e-07 3.955305511607359e-07
3.826906513081583e-07 3.955305511607359e-07
3.826906513081583e-07 3.955305511607359e-07
3.826906513081583e-07 3.955305511607359e-07
3.826906513081583e-07 3.955305511607359e-07
3.826906513081583e-07 3.955305511607359e-07
3.826906513081583e-07 3.955305511607359e-07
3.826906513081583e-07 3.955305511607359e-07
3.826906513081583e-07 3.955305511607359e-07
3.826906513081583e-07 3.955305511607359e-07
3.826906513081583e-07 3.955305511607359e-07
3.826906513081583e-07 3.955305511607359e-07
3.826906513081583e-07 3.955305511607359e-07
3.826906513081583e-07 3.955305511607359e-07
3.826906513081583e-07 3.955305511607359e-07
3.826906513081583e-07 3.955305511607359e-07
3.826906513081583e-07 3.955305511607359e-07
3.826906513081583e-07 3.955305511607359e-07
3.826906513081583e-07 3.955305511607359e-07
3.826906513081583e-07 3.955305511607359e-07
3.826906513081583e-07 3.955305511607359e-07
3.826906513081583e-07 3.955305511607359e-07
3.826906513081583e-07 3.955305511607359e-07
3.826906513081583e-07 3.955305511607359e-07
3.826906513081583e-07 3.955305511607359e-07
3.826906513081583e-07 3.955305511607359e-07
3.826906513081583e-07 3.955305511607359e-07
3.826906513081583e-07 3.955305511607359e-07
3.826906513081583e-07 3.955305511607359e-07
3.826906513081583e-07 3.955305511607359e-07
3.826906513081583e-07 3.955305511607359e-07
3.826906513081583e-07 3.955305511607359e-07
3.826906513081583e-07 3.955305511607359e-07
3.826906513081583e-07 3.955305511607359e-07
3.826906513081583e-07 3.955305511607359e-07
3.826906513081583e-07 3.955305511607359e-07
3.826906513081583e-07 3.955305511607359e-07
3.826906513081583e-07 3.955305511607359e-07
3.826906513081583e-07 3.955305511607359e-07
3.826906513081583e-07 3.955305511607359e-07
3.826906513081583e-07 3.955305511607359e-07
3.826906513081583e-07 3.955305511607359e-07
3.826906513081583e-07 3.955305511607359e-07
3.826906513081583e-07 3.955305511607359e-07
3.826906513081583e-07 3.955305511607359e-07
3.826906513081583e-07 3.955305511607359e-07
3.826906513081583e-07 3.955305511607359e-07
3.826906513081583e-07 3.955305511607359e-07
3.826906513081583e-07 3.955305511607359e-07
3.826906513081583e-07 3.955305511607359e-07
3.826906513081583e-07 3.955305511607359e-07
3.826906513081583e-07 3.955305511607359e-07
3.826906513081583e-07 3.955305511607359e-07
3.826906513081583e-07 3.955305511607359e-07
3.826906513081583e-07 3.955305511607359e-07
3.826906513081583e-07 3.955305511607359e-07
3.826906513081583e-07 3.955305511607359e-07
3.826906513081583e-07 3.955305511607359e-07
3.826906513081583e-07 3.955305511607359e-07
3.826906513081583e-07 3.955305511607359e-07
3.826906513081583e-07 3.955305511607359e-07
3.826906513081583e-07 3.955305511607359e-07
3.826906513081583e-07 3.955305511607359e-07
3.826906513081583e-07 3.955305511607359e-07
3.826906513081583e-07 3.955305511607359e-07
3.826906513081583e-07 3.955305511607359e-07
3.826906513081583e-07 3.955305511607359e-07
3.826906513081583e-07 3.955305511607359e-07
3.826906513081583e-07 3.955305511607359e-07
3.826906513081583e-07 3.955305511607359e-07
3.826906513081583e-07 3.955305511607359e-07
3.826906513081583e-07 3.955305511607359e-07
3.826906513081583e-07 3.955305511607359e-07
3.826906513081583e-07 3.955305511607359e-07
3.826906513081583e-07 3.955305511607359e-07
3.826906513081583e-07 3.955305511607359e-07
3.826906513081583e-07 3.955305511607359e-07
3.826906513081583e-07 3.955305511607359e-07
3.826906513081583e-07 3.955305511607359e-07
4.074718710481241e-07 3.955303461238392e-07
4.074718710481241e-07 3.955303461238392e-07
4.074718710481241e-07 3.955303461238392e-07
4.237351744041011e-07 3.956119242698657e-07
4.237351744041011e-07 3.956119242698657e-07
4.0970421040801254e-07 3.955306318031484e-07
4.0970421040801254e-07 3.955306318031484e-07
4.0970421040801254e-07 3.955306318031484e-07
3.7802863978922844e-07 3.955306918609335e-07
3.7802863978922844e-07 3.955306918609335e-07
3.7802863978922844e-07 3.955306918609335e-07
3.7802863978922844e-07 3.955306918609335e-07
3.7802863978922844e-07 3.955306918609335e-07
3.7802863978922844e-07 3.955306918609335e-07
3.7802863978922844e-07 3.955306918609335e-07
3.7802863978922844e-07 3.955306918609335e-07
3.7802863978922844e-07 3.955306918609335e-07
3.7802863978922844e-07 3.955306918609335e-07
3.7802863978922844e-07 3.955306918609335e-07
3.7802863978922844e-07 3.955306918609335e-07
3.7802863978922844e-07 3.955306918609335e-07
3.7802863978922844e-07 3.955306918609335e-07
3.7802863978922844e-07 3.955306918609335e-07
3.7802863978922844e-07 3.955306918609335e-07
4.0598680774251195e-07 3.955307795966709e-07
4.0598680774251195e-07 3.955307795966709e-07
4.0598680774251195e-07 3.955307795966709e-07
4.1463438638825426e-07 3.955309591709123e-07
4.1463438638825426e-07 3.955309591709123e-07
4.1565016371494414e-07 3.955306111071155e-07
4.1565016371494414e-07 3.955306111071155e-07
4.0865546807585787e-07 3.9551772536293196e-07
4.0865546807585787e-07 3.9551772536293196e-07
4.0865546807585787e-07 3.9551772536293196e-07
3.982319591645123e-07 3.9553110496234836e-07
3.982319591645123e-07 3.9553110496234836e-07
3.982319591645123e-07 3.9553110496234836e-07
3.982319591645123e-07 3.9553110496234836e-07
3.982319591645123e-07 3.9553110496234836e-07
3.982319591645123e-07 3.9553110496234836e-07
3.982319591645123e-07 3.9553110496234836e-07
3.982319591645123e-07 3.9553110496234836e-07
3.982319591645123e-07 3.9553110496234836e-07
3.982319591645123e-07 3.9553110496234836e-07
3.982319591645123e-07 3.9553110496234836e-07
3.982319591645123e-07 3.9553110496234836e-07
3.982319591645123e-07 3.9553110496234836e-07
3.982319591645123e-07 3.9553110496234836e-07
3.982319591645123e-07 3.9553110496234836e-07
3.982319591645123e-07 3.9553110496234836e-07
3.982319591645123e-07 3.9553110496234836e-07
3.982319591645123e-07 3.9553110496234836e-07
3.982319591645123e-07 3.9553110496234836e-07
3.982319591645123e-07 3.9553110496234836e-07
3.982319591645123e-07 3.9553110496234836e-07
3.982319591645123e-07 3.9553110496234836e-07
3.982319591645123e-07 3.9553110496234836e-07
3.982319591645123e-07 3.9553110496234836e-07
3.982319591645123e-07 3.9553110496234836e-07
3.982319591645123e-07 3.9553110496234836e-07
3.982319591645123e-07 3.9553110496234836e-07
3.982319591645123e-07 3.9553110496234836e-07
3.982319591645123e-07 3.9553110496234836e-07
3.982319591645123e-07 3.9553110496234836e-07
3.982319591645123e-07 3.9553110496234836e-07
3.982319591645123e-07 3.9553110496234836e-07
3.982319591645123e-07 3.9553110496234836e-07
3.982319591645123e-07 3.9553110496234836e-07
3.982319591645123e-07 3.9553110496234836e-07
3.982319591645123e-07 3.9553110496234836e-07
3.982319591645123e-07 3.9553110496234836e-07
3.982319591645123e-07 3.9553110496234836e-07
3.982319591645123e-07 3.9553110496234836e-07
3.982319591645123e-07 3.9553110496234836e-07
3.982319591645123e-07 3.9553110496234836e-07
3.982319591645123e-07 3.9553110496234836e-07
3.982319591645123e-07 3.9553110496234836e-07
3.982319591645123e-07 3.9553110496234836e-07
3.982319591645123e-07 3.9553110496234836e-07
3.982319591645123e-07 3.9553110496234836e-07
3.982319591645123e-07 3.9553110496234836e-07
3.982319591645123e-07 3.9553110496234836e-07
3.982319591645123e-07 3.9553110496234836e-07
3.982319591645123e-07 3.9553110496234836e-07
3.982319591645123e-07 3.9553110496234836e-07
3.982319591645123e-07 3.9553110496234836e-07
3.982319591645123e-07 3.9553110496234836e-07
3.982319591645123e-07 3.9553110496234836e-07
3.982319591645123e-07 3.9553110496234836e-07
3.982319591645123e-07 3.9553110496234836e-07
3.982319591645123e-07 3.9553110496234836e-07
3.982319591645123e-07 3.9553110496234836e-07
3.982319591645123e-07 3.9553110496234836e-07
3.982319591645123e-07 3.9553110496234836e-07
3.982319591645123e-07 3.9553110496234836e-07
3.982319591645123e-07 3.9553110496234836e-07
3.982319591645123e-07 3.9553110496234836e-07
3.982319591645123e-07 3.9553110496234836e-07
3.982319591645123e-07 3.9553110496234836e-07
3.830482314522635e-07 3.9553080235217745e-07
3.830482314522635e-07 3.9553080235217745e-07
3.830482314522635e-07 3.9553080235217745e-07
3.830482314522635e-07 3.9553080235217745e-07
3.830482314522635e-07 3.9553080235217745e-07
3.830482314522635e-07 3.9553080235217745e-07
3.830482314522635e-07 3.9553080235217745e-07
3.830482314522635e-07 3.9553080235217745e-07
3.830482314522635e-07 3.9553080235217745e-07
3.830482314522635e-07 3.9553080235217745e-07
3.830482314522635e-07 3.9553080235217745e-07
3.830482314522635e-07 3.9553080235217745e-07
3.830482314522635e-07 3.9553080235217745e-07
3.830482314522635e-07 3.9553080235217745e-07
3.830482314522635e-07 3.9553080235217745e-07
3.830482314522635e-07 3.9553080235217745e-07
3.830482314522635e-07 3.9553080235217745e-07
3.830482314522635e-07 3.9553080235217745e-07
3.830482314522635e-07 3.9553080235217745e-07
3.830482314522635e-07 3.9553080235217745e-07
3.830482314522635e-07 3.9553080235217745e-07
3.830482314522635e-07 3.9553080235217745e-07
3.830482314522635e-07 3.9553080235217745e-07
3.830482314522635e-07 3.9553080235217745e-07
3.830482314522635e-07 3.9553080235217745e-07
3.830482314522635e-07 3.9553080235217745e-07
3.830482314522635e-07 3.9553080235217745e-07
3.830482314522635e-07 3.9553080235217745e-07
3.830482314522635e-07 3.9553080235217745e-07
3.830482314522635e-07 3.9553080235217745e-07
3.830482314522635e-07 3.9553080235217745e-07
3.830482314522635e-07 3.9553080235217745e-07
3.8837422711634094e-07 3.9552870591547814e-07
3.8837422711634094e-07 3.9552870591547814e-07
3.8837422711634094e-07 3.9552870591547814e-07
3.8837422711634094e-07 3.9552870591547814e-07
3.8837422711634094e-07 3.9552870591547814e-07
3.8837422711634094e-07 3.9552870591547814e-07
3.8837422711634094e-07 3.9552870591547814e-07
3.8837422711634094e-07 3.9552870591547814e-07
3.8837422711634094e-07 3.9552870591547814e-07
3.8837422711634094e-07 3.9552870591547814e-07
3.8837422711634094e-07 3.9552870591547814e-07
3.8837422711634094e-07 3.9552870591547814e-07
3.8837422711634094e-07 3.9552870591547814e-07
3.8837422711634094e-07 3.9552870591547814e-07
3.8837422711634094e-07 3.9552870591547814e-07
3.8837422711634094e-07 3.9552870591547814e-07
3.8837422711634094e-07 3.9552870591547814e-07
3.8837422711634094e-07 3.9552870591547814e-07
3.8837422711634094e-07 3.9552870591547814e-07
3.8837422711634094e-07 3.9552870591547814e-07
3.8837422711634094e-07 3.9552870591547814e-07
3.8837422711634094e-07 3.9552870591547814e-07
3.8837422711634094e-07 3.9552870591547814e-07
3.8837422711634094e-07 3.9552870591547814e-07
3.8837422711634094e-07 3.9552870591547814e-07
3.8837422711634094e-07 3.9552870591547814e-07
3.8837422711634094e-07 3.9552870591547814e-07
3.8837422711634094e-07 3.9552870591547814e-07
3.8837422711634094e-07 3.9552870591547814e-07
3.8837422711634094e-07 3.9552870591547814e-07
3.8837422711634094e-07 3.9552870591547814e-07
3.8837422711634094e-07 3.9552870591547814e-07
3.8837422711634094e-07 3.9552870591547814e-07
3.8837422711634094e-07 3.9552870591547814e-07
3.8837422711634094e-07 3.9552870591547814e-07
3.8837422711634094e-07 3.9552870591547814e-07
3.8837422711634094e-07 3.9552870591547814e-07
3.8837422711634094e-07 3.9552870591547814e-07
3.8837422711634094e-07 3.9552870591547814e-07
3.8837422711634094e-07 3.9552870591547814e-07
3.8837422711634094e-07 3.9552870591547814e-07
3.8837422711634094e-07 3.9552870591547814e-07
3.8837422711634094e-07 3.9552870591547814e-07
3.8837422711634094e-07 3.9552870591547814e-07
3.8837422711634094e-07 3.9552870591547814e-07
3.8837422711634094e-07 3.9552870591547814e-07
3.8837422711634094e-07 3.9552870591547814e-07
3.8837422711634094e-07 3.9552870591547814e-07
3.8837422711634094e-07 3.9552870591547814e-07
3.8837422711634094e-07 3.9552870591547814e-07
3.8837422711634094e-07 3.9552870591547814e-07
3.8837422711634094e-07 3.9552870591547814e-07
3.8837422711634094e-07 3.9552870591547814e-07
3.8837422711634094e-07 3.9552870591547814e-07
3.8837422711634094e-07 3.9552870591547814e-07
3.8837422711634094e-07 3.9552870591547814e-07
3.8837422711634094e-07 3.9552870591547814e-07
3.8837422711634094e-07 3.9552870591547814e-07
3.8837422711634094e-07 3.9552870591547814e-07
3.8837422711634094e-07 3.9552870591547814e-07
3.8837422711634094e-07 3.9552870591547814e-07
3.8837422711634094e-07 3.9552870591547814e-07
3.8837422711634094e-07 3.9552870591547814e-07
3.8837422711634094e-07 3.9552870591547814e-07
4.101349170997809e-07 3.955304859848529e-07
4.101349170997809e-07 3.955304859848529e-07
4.101349170997809e-07 3.955304859848529e-07
4.101349170997809e-07 3.955304859848529e-07
4.101349170997809e-07 3.955304859848529e-07
4.101349170997809e-07 3.955304859848529e-07
4.101349170997809e-07 3.955304859848529e-07
4.101349170997809e-07 3.955304859848529e-07
4.101349170997809e-07 3.955304859848529e-07
4.101349170997809e-07 3.955304859848529e-07
4.101349170997809e-07 3.955304859848529e-07
4.101349170997809e-07 3.955304859848529e-07
4.101349170997809e-07 3.955304859848529e-07
4.101349170997809e-07 3.955304859848529e-07
4.101349170997809e-07 3.955304859848529e-07
4.101349170997809e-07 3.955304859848529e-07
4.101349170997809e-07 3.955304859848529e-07
4.101349170997809e-07 3.955304859848529e-07
4.1013243468062186e-07 3.955308008419642e-07
4.1013243468062186e-07 3.955308008419642e-07
4.1013243468062186e-07 3.955308008419642e-07
4.1013243468062186e-07 3.955308008419642e-07
4.1013243468062186e-07 3.955308008419642e-07
4.1013243468062186e-07 3.955308008419642e-07
4.156105022492445e-07 3.9553073985705375e-07
4.156105022492445e-07 3.9553073985705375e-07
4.0924413243402427e-07 3.9553057728868955e-07
4.0924413243402427e-07 3.9553057728868955e-07
4.0924413243402427e-07 3.9553057728868955e-07
4.076122275337018e-07 3.9553036199013555e-07
4.076122275337018e-07 3.9553036199013555e-07
4.076122275337018e-07 3.9553036199013555e-07
4.0976631626176555e-07 3.9553054317719596e-07
4.0976631626176555e-07 3.9553054317719596e-07
4.0976631626176555e-07 3.9553054317719596e-07
4.157857589151806e-07 3.955306566035181e-07
4.157857589151806e-07 3.955306566035181e-07
3.826656612640402e-07 3.9553069714429946e-07
3.826656612640402e-07 3.9553069714429946e-07
3.826656612640402e-07 3.9553069714429946e-07
3.826656612640402e-07 3.9553069714429946e-07
3.826656612640402e-07 3.9553069714429946e-07
3.826656612640402e-07 3.9553069714429946e-07
3.826656612640402e-07 3.9553069714429946e-07
3.826656612640402e-07 3.9553069714429946e-07
3.826656612640402e-07 3.9553069714429946e-07
3.826656612640402e-07 3.9553069714429946e-07
3.826656612640402e-07 3.9553069714429946e-07
3.826656612640402e-07 3.9553069714429946e-07
3.826656612640402e-07 3.9553069714429946e-07
3.826656612640402e-07 3.9553069714429946e-07
3.826656612640402e-07 3.9553069714429946e-07
3.826656612640402e-07 3.9553069714429946e-07
3.826656612640402e-07 3.9553069714429946e-07
3.826656612640402e-07 3.9553069714429946e-07
3.826656612640402e-07 3.9553069714429946e-07
3.826656612640402e-07 3.9553069714429946e-07
3.826656612640402e-07 3.9553069714429946e-07
3.826656612640402e-07 3.9553069714429946e-07
3.826656612640402e-07 3.9553069714429946e-07
3.826656612640402e-07 3.9553069714429946e-07
3.826656612640402e-07 3.9553069714429946e-07
3.826656612640402e-07 3.9553069714429946e-07
3.826656612640402e-07 3.9553069714429946e-07
3.826656612640402e-07 3.9553069714429946e-07
3.826656612640402e-07 3.9553069714429946e-07
3.826656612640402e-07 3.9553069714429946e-07
3.826656612640402e-07 3.9553069714429946e-07
3.826656612640402e-07 3.9553069714429946e-07
3.826656612640402e-07 3.9553069714429946e-07
3.826656612640402e-07 3.9553069714429946e-07
3.826656612640402e-07 3.9553069714429946e-07
3.826656612640402e-07 3.9553069714429946e-07
3.826656612640402e-07 3.9553069714429946e-07
3.826656612640402e-07 3.9553069714429946e-07
3.826656612640402e-07 3.9553069714429946e-07
3.826656612640402e-07 3.9553069714429946e-07
3.826656612640402e-07 3.9553069714429946e-07
3.826656612640402e-07 3.9553069714429946e-07
3.826656612640402e-07 3.9553069714429946e-07
3.826656612640402e-07 3.9553069714429946e-07
3.826656612640402e-07 3.9553069714429946e-07
3.826656612640402e-07 3.9553069714429946e-07
3.826656612640402e-07 3.9553069714429946e-07
3.826656612640402e-07 3.9553069714429946e-07
3.826656612640402e-07 3.9553069714429946e-07
3.826656612640402e-07 3.9553069714429946e-07
3.826656612640402e-07 3.9553069714429946e-07
3.826656612640402e-07 3.9553069714429946e-07
3.826656612640402e-07 3.9553069714429946e-07
3.826656612640402e-07 3.9553069714429946e-07
3.826656612640402e-07 3.9553069714429946e-07
3.826656612640402e-07 3.9553069714429946e-07
3.826656612640402e-07 3.9553069714429946e-07
3.826656612640402e-07 3.9553069714429946e-07
3.826656612640402e-07 3.9553069714429946e-07
3.826656612640402e-07 3.9553069714429946e-07
3.826656612640402e-07 3.9553069714429946e-07
3.826656612640402e-07 3.9553069714429946e-07
3.826656612640402e-07 3.9553069714429946e-07
3.826656612640402e-07 3.9553069714429946e-07
3.826656612640402e-07 3.9553069714429946e-07
3.826656612640402e-07 3.9553069714429946e-07
3.826656612640402e-07 3.9553069714429946e-07
3.826656612640402e-07 3.9553069714429946e-07
3.826656612640402e-07 3.9553069714429946e-07
3.826656612640402e-07 3.9553069714429946e-07
3.826656612640402e-07 3.9553069714429946e-07
3.826656612640402e-07 3.9553069714429946e-07
3.826656612640402e-07 3.9553069714429946e-07
3.826656612640402e-07 3.9553069714429946e-07
3.826656612640402e-07 3.9553069714429946e-07
3.826656612640402e-07 3.9553069714429946e-07
3.826656612640402e-07 3.9553069714429946e-07
3.826656612640402e-07 3.9553069714429946e-07
3.826656612640402e-07 3.9553069714429946e-07
3.826656612640402e-07 3.9553069714429946e-07
3.826656612640402e-07 3.9553069714429946e-07
3.826656612640402e-07 3.9553069714429946e-07
3.826656612640402e-07 3.9553069714429946e-07
3.826656612640402e-07 3.9553069714429946e-07
3.826656612640402e-07 3.9553069714429946e-07
3.826656612640402e-07 3.9553069714429946e-07
3.826656612640402e-07 3.9553069714429946e-07
3.826656612640402e-07 3.9553069714429946e-07
3.826656612640402e-07 3.9553069714429946e-07
3.826656612640402e-07 3.9553069714429946e-07
3.826656612640402e-07 3.9553069714429946e-07
3.826656612640402e-07 3.9553069714429946e-07
3.826656612640402e-07 3.9553069714429946e-07
3.826656612640402e-07 3.9553069714429946e-07
3.826656612640402e-07 3.9553069714429946e-07
3.826656612640402e-07 3.9553069714429946e-07
3.826656612640402e-07 3.9553069714429946e-07
3.826656612640402e-07 3.9553069714429946e-07
3.826656612640402e-07 3.9553069714429946e-07
3.826656612640402e-07 3.9553069714429946e-07
3.826656612640402e-07 3.9553069714429946e-07
3.826656612640402e-07 3.9553069714429946e-07
3.826656612640402e-07 3.9553069714429946e-07
3.826656612640402e-07 3.9553069714429946e-07
3.826656612640402e-07 3.9553069714429946e-07
3.826656612640402e-07 3.9553069714429946e-07
3.826656612640402e-07 3.9553069714429946e-07
3.826656612640402e-07 3.9553069714429946e-07
3.826656612640402e-07 3.9553069714429946e-07
3.826656612640402e-07 3.9553069714429946e-07
3.826656612640402e-07 3.9553069714429946e-07
3.826656612640402e-07 3.9553069714429946e-07
3.886015705556709e-07 3.955311057427783e-07
3.886015705556709e-07 3.955311057427783e-07
3.886015705556709e-07 3.955311057427783e-07
3.886015705556709e-07 3.955311057427783e-07
3.886015705556709e-07 3.955311057427783e-07
3.886015705556709e-07 3.955311057427783e-07
3.886015705556709e-07 3.955311057427783e-07
3.886015705556709e-07 3.955311057427783e-07
3.886015705556709e-07 3.955311057427783e-07
3.886015705556709e-07 3.955311057427783e-07
3.886015705556709e-07 3.955311057427783e-07
3.886015705556709e-07 3.955311057427783e-07
3.886015705556709e-07 3.955311057427783e-07
3.886015705556709e-07 3.955311057427783e-07
3.886015705556709e-07 3.955311057427783e-07
3.886015705556709e-07 3.955311057427783e-07
3.886015705556709e-07 3.955311057427783e-07
3.886015705556709e-07 3.955311057427783e-07
3.886015705556709e-07 3.955311057427783e-07
3.886015705556709e-07 3.955311057427783e-07
3.886015705556709e-07 3.955311057427783e-07
3.886015705556709e-07 3.955311057427783e-07
3.886015705556709e-07 3.955311057427783e-07
3.886015705556709e-07 3.955311057427783e-07
3.886015705556709e-07 3.955311057427783e-07
3.886015705556709e-07 3.955311057427783e-07
3.886015705556709e-07 3.955311057427783e-07
3.886015705556709e-07 3.955311057427783e-07
3.886015705556709e-07 3.955311057427783e-07
3.886015705556709e-07 3.955311057427783e-07
3.886015705556709e-07 3.955311057427783e-07
3.886015705556709e-07 3.955311057427783e-07
4.1047849210289565e-07 3.955307129308418e-07
4.1047849210289565e-07 3.955307129308418e-07
4.1047849210289565e-07 3.955307129308418e-07
4.1047849210289565e-07 3.955307129308418e-07
4.1047849210289565e-07 3.955307129308418e-07
4.1047849210289565e-07 3.955307129308418e-07
4.1047849210289565e-07 3.955307129308418e-07
4.1047849210289565e-07 3.955307129308418e-07
4.1047849210289565e-07 3.955307129308418e-07
4.1047849210289565e-07 3.955307129308418e-07
4.1047849210289565e-07 3.955307129308418e-07
4.1047849210289565e-07 3.955307129308418e-07
4.1047849210289565e-07 3.955307129308418e-07
4.1047849210289565e-07 3.955307129308418e-07
4.1047849210289565e-07 3.955307129308418e-07
4.1420178855382277e-07 3.955306558672882e-07
4.1420178855382277e-07 3.955306558672882e-07
4.1420178855382277e-07 3.955306558672882e-07
4.1420178855382277e-07 3.955306558672882e-07
4.1420178855382277e-07 3.955306558672882e-07
4.1420178855382277e-07 3.955306558672882e-07
4.063696472222122e-07 3.9553044249667006e-07
4.063696472222122e-07 3.9553044249667006e-07
4.063696472222122e-07 3.9553044249667006e-07
3.7430696643139714e-07 3.9553033414345423e-07
3.7430696643139714e-07 3.9553033414345423e-07
3.7430696643139714e-07 3.9553033414345423e-07
3.7430696643139714e-07 3.9553033414345423e-07
3.7430696643139714e-07 3.9553033414345423e-07
3.7430696643139714e-07 3.9553033414345423e-07
3.7430696643139714e-07 3.9553033414345423e-07
3.7430696643139714e-07 3.9553033414345423e-07
3.7430696643139714e-07 3.9553033414345423e-07
3.7430696643139714e-07 3.9553033414345423e-07
3.7430696643139714e-07 3.9553033414345423e-07
3.7430696643139714e-07 3.9553033414345423e-07
3.7430696643139714e-07 3.9553033414345423e-07
3.7430696643139714e-07 3.9553033414345423e-07
3.7430696643139714e-07 3.9553033414345423e-07
3.7430696643139714e-07 3.9553033414345423e-07
3.7430696643139714e-07 3.9553033414345423e-07
3.7430696643139714e-07 3.9553033414345423e-07
3.7430696643139714e-07 3.9553033414345423e-07
3.7430696643139714e-07 3.9553033414345423e-07
3.7430696643139714e-07 3.9553033414345423e-07
3.7430696643139714e-07 3.9553033414345423e-07
3.7430696643139714e-07 3.9553033414345423e-07
3.7430696643139714e-07 3.9553033414345423e-07
3.7430696643139714e-07 3.9553033414345423e-07
3.7430696643139714e-07 3.9553033414345423e-07
3.7430696643139714e-07 3.9553033414345423e-07
3.7430696643139714e-07 3.9553033414345423e-07
3.7430696643139714e-07 3.9553033414345423e-07
3.7430696643139714e-07 3.9553033414345423e-07
3.7430696643139714e-07 3.9553033414345423e-07
3.7430696643139714e-07 3.9553033414345423e-07
3.7430696643139714e-07 3.9553033414345423e-07
3.7430696643139714e-07 3.9553033414345423e-07
3.7430696643139714e-07 3.9553033414345423e-07
3.7430696643139714e-07 3.9553033414345423e-07
3.7430696643139714e-07 3.9553033414345423e-07
3.7430696643139714e-07 3.9553033414345423e-07
3.7430696643139714e-07 3.9553033414345423e-07
3.7430696643139714e-07 3.9553033414345423e-07
3.7430696643139714e-07 3.9553033414345423e-07
3.7430696643139714e-07 3.9553033414345423e-07
3.7430696643139714e-07 3.9553033414345423e-07
3.7430696643139714e-07 3.9553033414345423e-07
3.7430696643139714e-07 3.9553033414345423e-07
3.7430696643139714e-07 3.9553033414345423e-07
3.7430696643139714e-07 3.9553033414345423e-07
3.7430696643139714e-07 3.9553033414345423e-07
3.7430696643139714e-07 3.9553033414345423e-07
3.7430696643139714e-07 3.9553033414345423e-07
3.7430696643139714e-07 3.9553033414345423e-07
3.7430696643139714e-07 3.9553033414345423e-07
3.7430696643139714e-07 3.9553033414345423e-07
3.7430696643139714e-07 3.9553033414345423e-07
3.7430696643139714e-07 3.9553033414345423e-07
3.7430696643139714e-07 3.9553033414345423e-07
3.7430696643139714e-07 3.9553033414345423e-07
3.7430696643139714e-07 3.9553033414345423e-07
3.7430696643139714e-07 3.9553033414345423e-07
3.7430696643139714e-07 3.9553033414345423e-07
3.7430696643139714e-07 3.9553033414345423e-07
3.7430696643139714e-07 3.9553033414345423e-07
3.7430696643139714e-07 3.9553033414345423e-07
3.7430696643139714e-07 3.9553033414345423e-07
3.7430696643139714e-07 3.9553033414345423e-07
3.7430696643139714e-07 3.9553033414345423e-07
3.7430696643139714e-07 3.9553033414345423e-07
3.7430696643139714e-07 3.9553033414345423e-07
3.7430696643139714e-07 3.9553033414345423e-07
3.7430696643139714e-07 3.9553033414345423e-07
3.7430696643139714e-07 3.9553033414345423e-07
3.7430696643139714e-07 3.9553033414345423e-07
3.7430696643139714e-07 3.9553033414345423e-07
3.7430696643139714e-07 3.9553033414345423e-07
3.7430696643139714e-07 3.9553033414345423e-07
3.7430696643139714e-07 3.9553033414345423e-07
3.7430696643139714e-07 3.9553033414345423e-07
3.7430696643139714e-07 3.9553033414345423e-07
3.7430696643139714e-07 3.9553033414345423e-07
3.7430696643139714e-07 3.9553033414345423e-07
4.1539078789810317e-07 3.9553058772557134e-07
4.1539078789810317e-07 3.9553058772557134e-07
4.1463130338739175e-07 3.955306003196126e-07
4.1463130338739175e-07 3.955306003196126e-07
3.775436022141313e-07 3.9553101184914593e-07
3.775436022141313e-07 3.9553101184914593e-07
3.775436022141313e-07 3.9553101184914593e-07
3.775436022141313e-07 3.9553101184914593e-07
3.775436022141313e-07 3.9553101184914593e-07
3.775436022141313e-07 3.9553101184914593e-07
3.775436022141313e-07 3.9553101184914593e-07
3.775436022141313e-07 3.9553101184914593e-07
3.775436022141313e-07 3.9553101184914593e-07
3.775436022141313e-07 3.9553101184914593e-07
3.775436022141313e-07 3.9553101184914593e-07
3.775436022141313e-07 3.9553101184914593e-07
3.775436022141313e-07 3.9553101184914593e-07
3.775436022141313e-07 3.9553101184914593e-07
3.775436022141313e-07 3.9553101184914593e-07
3.775436022141313e-07 3.9553101184914593e-07
4.197871492367786e-07 3.955303672604769e-07
4.197871492367786e-07 3.955303672604769e-07
4.197871492367786e-07 3.955303672604769e-07
4.197871492367786e-07 3.955303672604769e-07
4.197871492367786e-07 3.955303672604769e-07
4.197871492367786e-07 3.955303672604769e-07
4.152269571582702e-07 3.95531087313381e-07
4.152269571582702e-07 3.95531087313381e-07
4.152269571582702e-07 3.95531087313381e-07
4.152269571582702e-07 3.95531087313381e-07
4.152269571582702e-07 3.95531087313381e-07
4.152269571582702e-07 3.95531087313381e-07
4.152269571582702e-07 3.95531087313381e-07
4.152269571582702e-07 3.95531087313381e-07
4.152269571582702e-07 3.95531087313381e-07
4.152269571582702e-07 3.95531087313381e-07
4.165117952006769e-07 3.95531139504382e-07
4.165117952006769e-07 3.95531139504382e-07
4.158517227343891e-07 3.9552795926847805e-07
4.158517227343891e-07 3.9552795926847805e-07
4.158517227343891e-07 3.9552795926847805e-07
4.158517227343891e-07 3.9552795926847805e-07
4.158517227343891e-07 3.9552795926847805e-07
4.158517227343891e-07 3.9552795926847805e-07
4.158517227343891e-07 3.9552795926847805e-07
4.158517227343891e-07 3.9552795926847805e-07
4.1419889770278785e-07 3.955306423959795e-07
4.1419889770278785e-07 3.955306423959795e-07
4.1543242105298477e-07 3.955306161392306e-07
4.1543242105298477e-07 3.955306161392306e-07
3.8222171630377796e-07 3.955306925255726e-07
3.8222171630377796e-07 3.955306925255726e-07
3.8222171630377796e-07 3.955306925255726e-07
3.8222171630377796e-07 3.955306925255726e-07
3.8222171630377796e-07 3.955306925255726e-07
3.8222171630377796e-07 3.955306925255726e-07
3.8222171630377796e-07 3.955306925255726e-07
3.8222171630377796e-07 3.955306925255726e-07
3.8222171630377796e-07 3.955306925255726e-07
3.8222171630377796e-07 3.955306925255726e-07
3.8222171630377796e-07 3.955306925255726e-07
3.8222171630377796e-07 3.955306925255726e-07
3.8222171630377796e-07 3.955306925255726e-07
3.8222171630377796e-07 3.955306925255726e-07
3.8222171630377796e-07 3.955306925255726e-07
3.8222171630377796e-07 3.955306925255726e-07
3.743083107394429e-07 3.9553033508471456e-07
3.743083107394429e-07 3.9553033508471456e-07
3.743083107394429e-07 3.9553033508471456e-07
3.743083107394429e-07 3.9553033508471456e-07
3.743083107394429e-07 3.9553033508471456e-07
3.743083107394429e-07 3.9553033508471456e-07
3.743083107394429e-07 3.9553033508471456e-07
3.743083107394429e-07 3.9553033508471456e-07
3.743083107394429e-07 3.9553033508471456e-07
3.743083107394429e-07 3.9553033508471456e-07
3.743083107394429e-07 3.9553033508471456e-07
3.743083107394429e-07 3.9553033508471456e-07
3.743083107394429e-07 3.9553033508471456e-07
3.743083107394429e-07 3.9553033508471456e-07
3.743083107394429e-07 3.9553033508471456e-07
3.743083107394429e-07 3.9553033508471456e-07
4.096930581840019e-07 3.955308335652041e-07
4.096930581840019e-07 3.955308335652041e-07
4.096930581840019e-07 3.955308335652041e-07
4.1582289886262016e-07 3.95536025640055e-07
4.1582289886262016e-07 3.95536025640055e-07
4.1582289886262016e-07 3.95536025640055e-07
4.1582289886262016e-07 3.95536025640055e-07
3.8219373412245296e-07 3.9553069625520254e-07
3.8219373412245296e-07 3.9553069625520254e-07
3.8219373412245296e-07 3.9553069625520254e-07
3.8219373412245296e-07 3.9553069625520254e-07
3.8219373412245296e-07 3.9553069625520254e-07
3.8219373412245296e-07 3.9553069625520254e-07
3.8219373412245296e-07 3.9553069625520254e-07
3.8219373412245296e-07 3.9553069625520254e-07
3.8219373412245296e-07 3.9553069625520254e-07
3.8219373412245296e-07 3.9553069625520254e-07
3.8219373412245296e-07 3.9553069625520254e-07
3.8219373412245296e-07 3.9553069625520254e-07
3.8219373412245296e-07 3.9553069625520254e-07
3.8219373412245296e-07 3.9553069625520254e-07
3.8219373412245296e-07 3.9553069625520254e-07
3.8219373412245296e-07 3.9553069625520254e-07
3.8219373412245296e-07 3.9553069625520254e-07
3.8219373412245296e-07 3.9553069625520254e-07
3.8219373412245296e-07 3.9553069625520254e-07
3.8219373412245296e-07 3.9553069625520254e-07
3.8219373412245296e-07 3.9553069625520254e-07
3.8219373412245296e-07 3.9553069625520254e-07
3.8219373412245296e-07 3.9553069625520254e-07
3.8219373412245296e-07 3.9553069625520254e-07
3.8219373412245296e-07 3.9553069625520254e-07
3.8219373412245296e-07 3.9553069625520254e-07
3.8219373412245296e-07 3.9553069625520254e-07
3.8219373412245296e-07 3.9553069625520254e-07
3.8219373412245296e-07 3.9553069625520254e-07
3.8219373412245296e-07 3.9553069625520254e-07
3.8219373412245296e-07 3.9553069625520254e-07
3.8219373412245296e-07 3.9553069625520254e-07
3.8219373412245296e-07 3.9553069625520254e-07
3.8219373412245296e-07 3.9553069625520254e-07
3.8219373412245296e-07 3.9553069625520254e-07
3.8219373412245296e-07 3.9553069625520254e-07
3.8219373412245296e-07 3.9553069625520254e-07
3.8219373412245296e-07 3.9553069625520254e-07
3.8219373412245296e-07 3.9553069625520254e-07
3.8219373412245296e-07 3.9553069625520254e-07
3.8219373412245296e-07 3.9553069625520254e-07
3.8219373412245296e-07 3.9553069625520254e-07
3.8219373412245296e-07 3.9553069625520254e-07
3.8219373412245296e-07 3.9553069625520254e-07
3.8219373412245296e-07 3.9553069625520254e-07
3.8219373412245296e-07 3.9553069625520254e-07
3.8219373412245296e-07 3.9553069625520254e-07
3.8219373412245296e-07 3.9553069625520254e-07
3.8219373412245296e-07 3.9553069625520254e-07
3.8219373412245296e-07 3.9553069625520254e-07
3.8219373412245296e-07 3.9553069625520254e-07
3.8219373412245296e-07 3.9553069625520254e-07
3.8219373412245296e-07 3.9553069625520254e-07
3.8219373412245296e-07 3.9553069625520254e-07
3.8219373412245296e-07 3.9553069625520254e-07
3.8219373412245296e-07 3.9553069625520254e-07
3.8219373412245296e-07 3.9553069625520254e-07
3.8219373412245296e-07 3.9553069625520254e-07
3.8219373412245296e-07 3.9553069625520254e-07
3.8219373412245296e-07 3.9553069625520254e-07
3.8219373412245296e-07 3.9553069625520254e-07
3.8219373412245296e-07 3.9553069625520254e-07
3.8219373412245296e-07 3.9553069625520254e-07
3.8219373412245296e-07 3.9553069625520254e-07
3.8219373412245296e-07 3.9553069625520254e-07
3.8219373412245296e-07 3.9553069625520254e-07
3.8219373412245296e-07 3.9553069625520254e-07
3.8219373412245296e-07 3.9553069625520254e-07
3.8219373412245296e-07 3.9553069625520254e-07
3.8219373412245296e-07 3.9553069625520254e-07
3.8219373412245296e-07 3.9553069625520254e-07
3.8219373412245296e-07 3.9553069625520254e-07
3.8219373412245296e-07 3.9553069625520254e-07
3.8219373412245296e-07 3.9553069625520254e-07
3.8219373412245296e-07 3.9553069625520254e-07
3.8219373412245296e-07 3.9553069625520254e-07
3.8219373412245296e-07 3.9553069625520254e-07
3.8219373412245296e-07 3.9553069625520254e-07
3.8219373412245296e-07 3.9553069625520254e-07
3.8219373412245296e-07 3.9553069625520254e-07
3.8219373412245296e-07 3.9553069625520254e-07
3.8219373412245296e-07 3.9553069625520254e-07
3.8219373412245296e-07 3.9553069625520254e-07
3.8219373412245296e-07 3.9553069625520254e-07
3.8219373412245296e-07 3.9553069625520254e-07
3.8219373412245296e-07 3.9553069625520254e-07
3.8219373412245296e-07 3.9553069625520254e-07
3.8219373412245296e-07 3.9553069625520254e-07
3.8219373412245296e-07 3.9553069625520254e-07
3.8219373412245296e-07 3.9553069625520254e-07
3.8219373412245296e-07 3.9553069625520254e-07
3.8219373412245296e-07 3.9553069625520254e-07
3.8219373412245296e-07 3.9553069625520254e-07
3.8219373412245296e-07 3.9553069625520254e-07
3.8219373412245296e-07 3.9553069625520254e-07
3.8219373412245296e-07 3.9553069625520254e-07
3.8077259255778154e-07 3.9553052926292687e-07
3.8077259255778154e-07 3.9553052926292687e-07
3.8077259255778154e-07 3.9553052926292687e-07
3.8077259255778154e-07 3.9553052926292687e-07
3.8077259255778154e-07 3.9553052926292687e-07
3.8077259255778154e-07 3.9553052926292687e-07
3.8077259255778154e-07 3.9553052926292687e-07
3.8077259255778154e-07 3.9553052926292687e-07
3.8077259255778154e-07 3.9553052926292687e-07
3.8077259255778154e-07 3.9553052926292687e-07
3.8077259255778154e-07 3.9553052926292687e-07
3.8077259255778154e-07 3.9553052926292687e-07
3.8077259255778154e-07 3.9553052926292687e-07
3.8077259255778154e-07 3.9553052926292687e-07
3.8077259255778154e-07 3.9553052926292687e-07
3.8077259255778154e-07 3.9553052926292687e-07
4.1503031085239196e-07 3.955308086246814e-07
4.1503031085239196e-07 3.955308086246814e-07
4.1503031085239196e-07 3.955308086246814e-07
4.1503031085239196e-07 3.955308086246814e-07
4.0346124792861795e-07 3.955304551925199e-07
4.0346124792861795e-07 3.955304551925199e-07
4.0346124792861795e-07 3.955304551925199e-07
4.0346124792861795e-07 3.955304551925199e-07
4.0346124792861795e-07 3.955304551925199e-07
4.0346124792861795e-07 3.955304551925199e-07
4.0346124792861795e-07 3.955304551925199e-07
4.0346124792861795e-07 3.955304551925199e-07
4.0346124792861795e-07 3.955304551925199e-07
4.0346124792861795e-07 3.955304551925199e-07
4.0346124792861795e-07 3.955304551925199e-07
4.0346124792861795e-07 3.955304551925199e-07
4.0346124792861795e-07 3.955304551925199e-07
4.0346124792861795e-07 3.955304551925199e-07
4.0346124792861795e-07 3.955304551925199e-07
4.0346124792861795e-07 3.955304551925199e-07
4.0346124792861795e-07 3.955304551925199e-07
4.0346124792861795e-07 3.955304551925199e-07
4.0346124792861795e-07 3.955304551925199e-07
4.0346124792861795e-07 3.955304551925199e-07
4.0346124792861795e-07 3.955304551925199e-07
4.0346124792861795e-07 3.955304551925199e-07
4.0346124792861795e-07 3.955304551925199e-07
4.0346124792861795e-07 3.955304551925199e-07
4.0346124792861795e-07 3.955304551925199e-07
4.0346124792861795e-07 3.955304551925199e-07
4.0346124792861795e-07 3.955304551925199e-07
4.0346124792861795e-07 3.955304551925199e-07
4.0346124792861795e-07 3.955304551925199e-07
4.0346124792861795e-07 3.955304551925199e-07
4.0346124792861795e-07 3.955304551925199e-07
4.0346124792861795e-07 3.955304551925199e-07
4.0346124792861795e-07 3.955304551925199e-07
4.0346124792861795e-07 3.955304551925199e-07
4.0346124792861795e-07 3.955304551925199e-07
4.0346124792861795e-07 3.955304551925199e-07
4.0346124792861795e-07 3.955304551925199e-07
4.0346124792861795e-07 3.955304551925199e-07
4.0346124792861795e-07 3.955304551925199e-07
4.0346124792861795e-07 3.955304551925199e-07
4.0346124792861795e-07 3.955304551925199e-07
4.0346124792861795e-07 3.955304551925199e-07
4.0346124792861795e-07 3.955304551925199e-07
4.0346124792861795e-07 3.955304551925199e-07
4.0346124792861795e-07 3.955304551925199e-07
4.0346124792861795e-07 3.955304551925199e-07
4.0346124792861795e-07 3.955304551925199e-07
4.0346124792861795e-07 3.955304551925199e-07
4.0346124792861795e-07 3.955304551925199e-07
4.0346124792861795e-07 3.955304551925199e-07
4.0346124792861795e-07 3.955304551925199e-07
4.0346124792861795e-07 3.955304551925199e-07
4.0346124792861795e-07 3.955304551925199e-07
4.0346124792861795e-07 3.955304551925199e-07
4.0346124792861795e-07 3.955304551925199e-07
4.0346124792861795e-07 3.955304551925199e-07
4.0346124792861795e-07 3.955304551925199e-07
4.0346124792861795e-07 3.955304551925199e-07
4.0346124792861795e-07 3.955304551925199e-07
4.0346124792861795e-07 3.955304551925199e-07
4.0346124792861795e-07 3.955304551925199e-07
4.0346124792861795e-07 3.955304551925199e-07
4.0346124792861795e-07 3.955304551925199e-07
4.0346124792861795e-07 3.955304551925199e-07
4.0346124792861795e-07 3.955304551925199e-07
4.0346124792861795e-07 3.955304551925199e-07
4.0346124792861795e-07 3.955304551925199e-07
4.0346124792861795e-07 3.955304551925199e-07
4.0346124792861795e-07 3.955304551925199e-07
4.0346124792861795e-07 3.955304551925199e-07
4.0346124792861795e-07 3.955304551925199e-07
4.0346124792861795e-07 3.955304551925199e-07
4.0346124792861795e-07 3.955304551925199e-07
4.0346124792861795e-07 3.955304551925199e-07
4.0346124792861795e-07 3.955304551925199e-07
4.0346124792861795e-07 3.955304551925199e-07
4.0346124792861795e-07 3.955304551925199e-07
4.0346124792861795e-07 3.955304551925199e-07
4.090285830840943e-07 3.955305522796446e-07
4.090285830840943e-07 3.955305522796446e-07
4.090285830840943e-07 3.955305522796446e-07
4.090285830840943e-07 3.955305522796446e-07
4.090285830840943e-07 3.955305522796446e-07
4.090285830840943e-07 3.955305522796446e-07
4.090285830840943e-07 3.955305522796446e-07
4.090285830840943e-07 3.955305522796446e-07
4.090285830840943e-07 3.955305522796446e-07
4.090285830840943e-07 3.955305522796446e-07
4.090285830840943e-07 3.955305522796446e-07
4.090285830840943e-07 3.955305522796446e-07
4.090285830840943e-07 3.955305522796446e-07
4.090285830840943e-07 3.955305522796446e-07
4.090285830840943e-07 3.955305522796446e-07
3.9275701918480016e-07 3.9552975970858586e-07
3.9275701918480016e-07 3.9552975970858586e-07
3.9275701918480016e-07 3.9552975970858586e-07
3.9275701918480016e-07 3.9552975970858586e-07
3.9275701918480016e-07 3.9552975970858586e-07
3.9275701918480016e-07 3.9552975970858586e-07
3.9275701918480016e-07 3.9552975970858586e-07
3.9275701918480016e-07 3.9552975970858586e-07
3.9275701918480016e-07 3.9552975970858586e-07
3.9275701918480016e-07 3.9552975970858586e-07
3.9275701918480016e-07 3.9552975970858586e-07
3.9275701918480016e-07 3.9552975970858586e-07
3.9275701918480016e-07 3.9552975970858586e-07
3.9275701918480016e-07 3.9552975970858586e-07
3.9275701918480016e-07 3.9552975970858586e-07
3.9275701918480016e-07 3.9552975970858586e-07
3.9275701918480016e-07 3.9552975970858586e-07
3.9275701918480016e-07 3.9552975970858586e-07
3.9275701918480016e-07 3.9552975970858586e-07
3.9275701918480016e-07 3.9552975970858586e-07
3.9275701918480016e-07 3.9552975970858586e-07
3.9275701918480016e-07 3.9552975970858586e-07
3.9275701918480016e-07 3.9552975970858586e-07
3.9275701918480016e-07 3.9552975970858586e-07
3.9275701918480016e-07 3.9552975970858586e-07
3.9275701918480016e-07 3.9552975970858586e-07
3.9275701918480016e-07 3.9552975970858586e-07
3.9275701918480016e-07 3.9552975970858586e-07
3.9275701918480016e-07 3.9552975970858586e-07
3.9275701918480016e-07 3.9552975970858586e-07
3.9275701918480016e-07 3.9552975970858586e-07
3.9275701918480016e-07 3.9552975970858586e-07
3.9275701918480016e-07 3.9552975970858586e-07
3.9275701918480016e-07 3.9552975970858586e-07
3.9275701918480016e-07 3.9552975970858586e-07
3.9275701918480016e-07 3.9552975970858586e-07
3.9275701918480016e-07 3.9552975970858586e-07
3.9275701918480016e-07 3.9552975970858586e-07
3.9275701918480016e-07 3.9552975970858586e-07
3.9275701918480016e-07 3.9552975970858586e-07
3.9275701918480016e-07 3.9552975970858586e-07
3.9275701918480016e-07 3.9552975970858586e-07
3.9275701918480016e-07 3.9552975970858586e-07
3.9275701918480016e-07 3.9552975970858586e-07
3.9275701918480016e-07 3.9552975970858586e-07
3.9275701918480016e-07 3.9552975970858586e-07
3.9275701918480016e-07 3.9552975970858586e-07
3.9275701918480016e-07 3.9552975970858586e-07
4.066992109011133e-07 3.9553022100768037e-07
4.066992109011133e-07 3.9553022100768037e-07
4.066992109011133e-07 3.9553022100768037e-07
4.066992109011133e-07 3.9553022100768037e-07
4.066992109011133e-07 3.9553022100768037e-07
4.066992109011133e-07 3.9553022100768037e-07
4.066992109011133e-07 3.9553022100768037e-07
4.066992109011133e-07 3.9553022100768037e-07
4.066992109011133e-07 3.9553022100768037e-07
4.066992109011133e-07 3.9553022100768037e-07
4.066992109011133e-07 3.9553022100768037e-07
4.066992109011133e-07 3.9553022100768037e-07
4.066992109011133e-07 3.9553022100768037e-07
4.066992109011133e-07 3.9553022100768037e-07
4.066992109011133e-07 3.9553022100768037e-07
4.1579593250131213e-07 3.955305115572056e-07
4.1579593250131213e-07 3.955305115572056e-07
4.1579593250131213e-07 3.955305115572056e-07
4.1579593250131213e-07 3.955305115572056e-07
4.1579593250131213e-07 3.955305115572056e-07
4.1579593250131213e-07 3.955305115572056e-07
4.1579593250131213e-07 3.955305115572056e-07
4.1579593250131213e-07 3.955305115572056e-07
4.1579593250131213e-07 3.955305115572056e-07
4.1579593250131213e-07 3.955305115572056e-07
4.038288140193518e-07 3.9553051380404343e-07
4.038288140193518e-07 3.9553051380404343e-07
4.038288140193518e-07 3.9553051380404343e-07
4.038288140193518e-07 3.9553051380404343e-07
4.038288140193518e-07 3.9553051380404343e-07
4.038288140193518e-07 3.9553051380404343e-07
4.038288140193518e-07 3.9553051380404343e-07
4.038288140193518e-07 3.9553051380404343e-07
4.038288140193518e-07 3.9553051380404343e-07
4.038288140193518e-07 3.9553051380404343e-07
4.038288140193518e-07 3.9553051380404343e-07
4.038288140193518e-07 3.9553051380404343e-07
4.038288140193518e-07 3.9553051380404343e-07
4.038288140193518e-07 3.9553051380404343e-07
4.038288140193518e-07 3.9553051380404343e-07
4.038288140193518e-07 3.9553051380404343e-07
4.038288140193518e-07 3.9553051380404343e-07
4.038288140193518e-07 3.9553051380404343e-07
4.038288140193518e-07 3.9553051380404343e-07
4.038288140193518e-07 3.9553051380404343e-07
4.038288140193518e-07 3.9553051380404343e-07
4.038288140193518e-07 3.9553051380404343e-07
4.038288140193518e-07 3.9553051380404343e-07
4.038288140193518e-07 3.9553051380404343e-07
4.038288140193518e-07 3.9553051380404343e-07
4.038288140193518e-07 3.9553051380404343e-07
3.7462237254929587e-07 3.955306806255882e-07
3.7462237254929587e-07 3.955306806255882e-07
3.7462237254929587e-07 3.955306806255882e-07
3.7462237254929587e-07 3.955306806255882e-07
3.7462237254929587e-07 3.955306806255882e-07
3.7462237254929587e-07 3.955306806255882e-07
3.7462237254929587e-07 3.955306806255882e-07
3.7462237254929587e-07 3.955306806255882e-07
3.7462237254929587e-07 3.955306806255882e-07
3.7462237254929587e-07 3.955306806255882e-07
3.7462237254929587e-07 3.955306806255882e-07
3.7462237254929587e-07 3.955306806255882e-07
3.7462237254929587e-07 3.955306806255882e-07
3.7462237254929587e-07 3.955306806255882e-07
3.7462237254929587e-07 3.955306806255882e-07
3.7462237254929587e-07 3.955306806255882e-07
4.143990986366741e-07 3.9553049176864707e-07
4.143990986366741e-07 3.9553049176864707e-07
4.1563718140769895e-07 3.9553079159578996e-07
4.1563718140769895e-07 3.9553079159578996e-07
3.8230229996505175e-07 3.955306428622451e-07
3.8230229996505175e-07 3.955306428622451e-07
3.8230229996505175e-07 3.955306428622451e-07
3.8230229996505175e-07 3.955306428622451e-07
3.8230229996505175e-07 3.955306428622451e-07
3.8230229996505175e-07 3.955306428622451e-07
3.8230229996505175e-07 3.955306428622451e-07
3.8230229996505175e-07 3.955306428622451e-07
3.8230229996505175e-07 3.955306428622451e-07
3.8230229996505175e-07 3.955306428622451e-07
3.8230229996505175e-07 3.955306428622451e-07
3.8230229996505175e-07 3.955306428622451e-07
3.8230229996505175e-07 3.955306428622451e-07
3.8230229996505175e-07 3.955306428622451e-07
3.8230229996505175e-07 3.955306428622451e-07
3.8230229996505175e-07 3.955306428622451e-07
4.0908760839137885e-07 3.9553066622336765e-07
4.0908760839137885e-07 3.9553066622336765e-07
4.0908760839137885e-07 3.9553066622336765e-07
4.090629006233666e-07 3.9553084261752903e-07
4.090629006233666e-07 3.9553084261752903e-07
4.090629006233666e-07 3.9553084261752903e-07
3.816573630254208e-07 3.955308869679784e-07
3.816573630254208e-07 3.955308869679784e-07
3.816573630254208e-07 3.955308869679784e-07
3.816573630254208e-07 3.955308869679784e-07
3.816573630254208e-07 3.955308869679784e-07
3.816573630254208e-07 3.955308869679784e-07
3.816573630254208e-07 3.955308869679784e-07
3.816573630254208e-07 3.955308869679784e-07
3.816573630254208e-07 3.955308869679784e-07
3.816573630254208e-07 3.955308869679784e-07
3.816573630254208e-07 3.955308869679784e-07
3.816573630254208e-07 3.955308869679784e-07
3.816573630254208e-07 3.955308869679784e-07
3.816573630254208e-07 3.955308869679784e-07
3.816573630254208e-07 3.955308869679784e-07
3.816573630254208e-07 3.955308869679784e-07
4.161380517356021e-07 3.95530424767988e-07
4.161380517356021e-07 3.95530424767988e-07
4.161380517356021e-07 3.95530424767988e-07
4.161380517356021e-07 3.95530424767988e-07
4.161380517356021e-07 3.95530424767988e-07
4.161380517356021e-07 3.95530424767988e-07
4.161380517356021e-07 3.95530424767988e-07
4.161380517356021e-07 3.95530424767988e-07
4.161380517356021e-07 3.95530424767988e-07
4.1457130082430186e-07 3.955306650191013e-07
4.1457130082430186e-07 3.955306650191013e-07
4.1465406142417217e-07 3.955307057178694e-07
4.1465406142417217e-07 3.955307057178694e-07
4.1465406142417217e-07 3.955307057178694e-07
4.1465406142417217e-07 3.955307057178694e-07
3.780020895466102e-07 3.955305762297411e-07
3.780020895466102e-07 3.955305762297411e-07
3.780020895466102e-07 3.955305762297411e-07
3.780020895466102e-07 3.955305762297411e-07
3.780020895466102e-07 3.955305762297411e-07
3.780020895466102e-07 3.955305762297411e-07
3.780020895466102e-07 3.955305762297411e-07
3.780020895466102e-07 3.955305762297411e-07
3.780020895466102e-07 3.955305762297411e-07
3.780020895466102e-07 3.955305762297411e-07
3.780020895466102e-07 3.955305762297411e-07
3.780020895466102e-07 3.955305762297411e-07
3.780020895466102e-07 3.955305762297411e-07
3.780020895466102e-07 3.955305762297411e-07
3.780020895466102e-07 3.955305762297411e-07
3.780020895466102e-07 3.955305762297411e-07
3.8098451458667104e-07 3.955308938368151e-07
3.8098451458667104e-07 3.955308938368151e-07
3.8098451458667104e-07 3.955308938368151e-07
3.8098451458667104e-07 3.955308938368151e-07
3.8098451458667104e-07 3.955308938368151e-07
3.8098451458667104e-07 3.955308938368151e-07
3.8098451458667104e-07 3.955308938368151e-07
3.8098451458667104e-07 3.955308938368151e-07
3.8098451458667104e-07 3.955308938368151e-07
3.8098451458667104e-07 3.955308938368151e-07
3.8098451458667104e-07 3.955308938368151e-07
3.8098451458667104e-07 3.955308938368151e-07
3.8098451458667104e-07 3.955308938368151e-07
3.8098451458667104e-07 3.955308938368151e-07
3.8098451458667104e-07 3.955308938368151e-07
3.8098451458667104e-07 3.955308938368151e-07
3.8098451458667104e-07 3.955308938368151e-07
3.8098451458667104e-07 3.955308938368151e-07
3.8098451458667104e-07 3.955308938368151e-07
3.8098451458667104e-07 3.955308938368151e-07
3.8098451458667104e-07 3.955308938368151e-07
3.8098451458667104e-07 3.955308938368151e-07
3.8098451458667104e-07 3.955308938368151e-07
3.8098451458667104e-07 3.955308938368151e-07
3.8098451458667104e-07 3.955308938368151e-07
3.8098451458667104e-07 3.955308938368151e-07
3.8098451458667104e-07 3.955308938368151e-07
3.8098451458667104e-07 3.955308938368151e-07
3.8098451458667104e-07 3.955308938368151e-07
3.8098451458667104e-07 3.955308938368151e-07
3.8098451458667104e-07 3.955308938368151e-07
3.8098451458667104e-07 3.955308938368151e-07
3.8098451458667104e-07 3.955308938368151e-07
3.8098451458667104e-07 3.955308938368151e-07
3.8098451458667104e-07 3.955308938368151e-07
3.8098451458667104e-07 3.955308938368151e-07
3.8098451458667104e-07 3.955308938368151e-07
3.8098451458667104e-07 3.955308938368151e-07
3.8098451458667104e-07 3.955308938368151e-07
3.8098451458667104e-07 3.955308938368151e-07
3.8098451458667104e-07 3.955308938368151e-07
3.8098451458667104e-07 3.955308938368151e-07
3.8098451458667104e-07 3.955308938368151e-07
3.8098451458667104e-07 3.955308938368151e-07
3.8098451458667104e-07 3.955308938368151e-07
3.8098451458667104e-07 3.955308938368151e-07
3.8098451458667104e-07 3.955308938368151e-07
3.8098451458667104e-07 3.955308938368151e-07
3.8098451458667104e-07 3.955308938368151e-07
3.8098451458667104e-07 3.955308938368151e-07
3.8098451458667104e-07 3.955308938368151e-07
3.8098451458667104e-07 3.955308938368151e-07
3.8098451458667104e-07 3.955308938368151e-07
3.8098451458667104e-07 3.955308938368151e-07
3.8098451458667104e-07 3.955308938368151e-07
3.8098451458667104e-07 3.955308938368151e-07
3.8098451458667104e-07 3.955308938368151e-07
3.8098451458667104e-07 3.955308938368151e-07
3.8098451458667104e-07 3.955308938368151e-07
3.8098451458667104e-07 3.955308938368151e-07
3.8098451458667104e-07 3.955308938368151e-07
3.8098451458667104e-07 3.955308938368151e-07
3.8098451458667104e-07 3.955308938368151e-07
3.8098451458667104e-07 3.955308938368151e-07
3.8098451458667104e-07 3.955308938368151e-07
3.8098451458667104e-07 3.955308938368151e-07
3.8098451458667104e-07 3.955308938368151e-07
3.8098451458667104e-07 3.955308938368151e-07
3.8098451458667104e-07 3.955308938368151e-07
3.8098451458667104e-07 3.955308938368151e-07
3.8098451458667104e-07 3.955308938368151e-07
3.8098451458667104e-07 3.955308938368151e-07
3.8098451458667104e-07 3.955308938368151e-07
3.8098451458667104e-07 3.955308938368151e-07
3.8098451458667104e-07 3.955308938368151e-07
3.8098451458667104e-07 3.955308938368151e-07
3.8098451458667104e-07 3.955308938368151e-07
3.8098451458667104e-07 3.955308938368151e-07
3.8098451458667104e-07 3.955308938368151e-07
3.8098451458667104e-07 3.955308938368151e-07
4.0761211514115617e-07 3.955304885698519e-07
4.0761211514115617e-07 3.955304885698519e-07
4.0761211514115617e-07 3.955304885698519e-07
4.1463122448445424e-07 3.955303772943345e-07
4.1463122448445424e-07 3.955303772943345e-07
3.821157884015383e-07 3.9553052023250517e-07
3.821157884015383e-07 3.9553052023250517e-07
3.821157884015383e-07 3.9553052023250517e-07
3.821157884015383e-07 3.9553052023250517e-07
3.821157884015383e-07 3.9553052023250517e-07
3.821157884015383e-07 3.9553052023250517e-07
3.821157884015383e-07 3.9553052023250517e-07
3.821157884015383e-07 3.9553052023250517e-07
3.821157884015383e-07 3.9553052023250517e-07
3.821157884015383e-07 3.9553052023250517e-07
3.821157884015383e-07 3.9553052023250517e-07
3.821157884015383e-07 3.9553052023250517e-07
3.821157884015383e-07 3.9553052023250517e-07
3.821157884015383e-07 3.9553052023250517e-07
3.821157884015383e-07 3.9553052023250517e-07
3.821157884015383e-07 3.9553052023250517e-07
3.751107941998538e-07 3.955302555549085e-07
3.751107941998538e-07 3.955302555549085e-07
3.751107941998538e-07 3.955302555549085e-07
3.751107941998538e-07 3.955302555549085e-07
3.751107941998538e-07 3.955302555549085e-07
3.751107941998538e-07 3.955302555549085e-07
3.751107941998538e-07 3.955302555549085e-07
3.751107941998538e-07 3.955302555549085e-07
3.751107941998538e-07 3.955302555549085e-07
3.751107941998538e-07 3.955302555549085e-07
3.751107941998538e-07 3.955302555549085e-07
3.751107941998538e-07 3.955302555549085e-07
3.751107941998538e-07 3.955302555549085e-07
3.751107941998538e-07 3.955302555549085e-07
3.751107941998538e-07 3.955302555549085e-07
3.751107941998538e-07 3.955302555549085e-07
3.775352805582473e-07 3.9553075605220517e-07
3.775352805582473e-07 3.9553075605220517e-07
3.775352805582473e-07 3.9553075605220517e-07
3.775352805582473e-07 3.9553075605220517e-07
3.775352805582473e-07 3.9553075605220517e-07
3.775352805582473e-07 3.9553075605220517e-07
3.775352805582473e-07 3.9553075605220517e-07
3.775352805582473e-07 3.9553075605220517e-07
3.775352805582473e-07 3.9553075605220517e-07
3.775352805582473e-07 3.9553075605220517e-07
3.775352805582473e-07 3.9553075605220517e-07
3.775352805582473e-07 3.9553075605220517e-07
3.775352805582473e-07 3.9553075605220517e-07
3.775352805582473e-07 3.9553075605220517e-07
3.775352805582473e-07 3.9553075605220517e-07
3.775352805582473e-07 3.9553075605220517e-07
3.775352805582473e-07 3.9553075605220517e-07
3.775352805582473e-07 3.9553075605220517e-07
3.775352805582473e-07 3.9553075605220517e-07
3.775352805582473e-07 3.9553075605220517e-07
3.775352805582473e-07 3.9553075605220517e-07
3.775352805582473e-07 3.9553075605220517e-07
3.775352805582473e-07 3.9553075605220517e-07
3.775352805582473e-07 3.9553075605220517e-07
3.775352805582473e-07 3.9553075605220517e-07
3.775352805582473e-07 3.9553075605220517e-07
3.775352805582473e-07 3.9553075605220517e-07
3.775352805582473e-07 3.9553075605220517e-07
3.775352805582473e-07 3.9553075605220517e-07
3.775352805582473e-07 3.9553075605220517e-07
3.775352805582473e-07 3.9553075605220517e-07
3.775352805582473e-07 3.9553075605220517e-07
4.05542844971628e-07 3.9587648048444446e-07
4.05542844971628e-07 3.9587648048444446e-07
4.05542844971628e-07 3.9587648048444446e-07
4.0999190709402147e-07 3.9553078718165934e-07
4.0999190709402147e-07 3.9553078718165934e-07
4.0999190709402147e-07 3.9553078718165934e-07
3.807533571833954e-07 3.9553051549697293e-07
3.807533571833954e-07 3.9553051549697293e-07
3.807533571833954e-07 3.9553051549697293e-07
3.807533571833954e-07 3.9553051549697293e-07
3.807533571833954e-07 3.9553051549697293e-07
3.807533571833954e-07 3.9553051549697293e-07
3.807533571833954e-07 3.9553051549697293e-07
3.807533571833954e-07 3.9553051549697293e-07
3.807533571833954e-07 3.9553051549697293e-07
3.807533571833954e-07 3.9553051549697293e-07
3.807533571833954e-07 3.9553051549697293e-07
3.807533571833954e-07 3.9553051549697293e-07
3.807533571833954e-07 3.9553051549697293e-07
3.807533571833954e-07 3.9553051549697293e-07
3.807533571833954e-07 3.9553051549697293e-07
3.807533571833954e-07 3.9553051549697293e-07
3.7760192725340494e-07 3.955303575169994e-07
3.7760192725340494e-07 3.955303575169994e-07
3.7760192725340494e-07 3.955303575169994e-07
3.7760192725340494e-07 3.955303575169994e-07
3.7760192725340494e-07 3.955303575169994e-07
3.7760192725340494e-07 3.955303575169994e-07
3.7760192725340494e-07 3.955303575169994e-07
3.7760192725340494e-07 3.955303575169994e-07
3.7760192725340494e-07 3.955303575169994e-07
3.7760192725340494e-07 3.955303575169994e-07
3.7760192725340494e-07 3.955303575169994e-07
3.7760192725340494e-07 3.955303575169994e-07
3.7760192725340494e-07 3.955303575169994e-07
3.7760192725340494e-07 3.955303575169994e-07
3.7760192725340494e-07 3.955303575169994e-07
3.7760192725340494e-07 3.955303575169994e-07
3.7793661445607426e-07 3.955305835698247e-07
3.7793661445607426e-07 3.955305835698247e-07
3.7793661445607426e-07 3.955305835698247e-07
3.7793661445607426e-07 3.955305835698247e-07
3.7793661445607426e-07 3.955305835698247e-07
3.7793661445607426e-07 3.955305835698247e-07
3.7793661445607426e-07 3.955305835698247e-07
3.7793661445607426e-07 3.955305835698247e-07
3.7793661445607426e-07 3.955305835698247e-07
3.7793661445607426e-07 3.955305835698247e-07
3.7793661445607426e-07 3.955305835698247e-07
3.7793661445607426e-07 3.955305835698247e-07
3.7793661445607426e-07 3.955305835698247e-07
3.7793661445607426e-07 3.955305835698247e-07
3.7793661445607426e-07 3.955305835698247e-07
3.7793661445607426e-07 3.955305835698247e-07
3.7793661445607426e-07 3.955305835698247e-07
3.7793661445607426e-07 3.955305835698247e-07
3.7793661445607426e-07 3.955305835698247e-07
3.7793661445607426e-07 3.955305835698247e-07
3.7793661445607426e-07 3.955305835698247e-07
3.7793661445607426e-07 3.955305835698247e-07
3.7793661445607426e-07 3.955305835698247e-07
3.7793661445607426e-07 3.955305835698247e-07
3.7793661445607426e-07 3.955305835698247e-07
3.7793661445607426e-07 3.955305835698247e-07
3.7793661445607426e-07 3.955305835698247e-07
3.7793661445607426e-07 3.955305835698247e-07
3.7793661445607426e-07 3.955305835698247e-07
3.7793661445607426e-07 3.955305835698247e-07
3.7793661445607426e-07 3.955305835698247e-07
3.7793661445607426e-07 3.955305835698247e-07
4.063750671871035e-07 3.9553034196528935e-07
4.063750671871035e-07 3.9553034196528935e-07
4.063750671871035e-07 3.9553034196528935e-07
4.063750671871035e-07 3.9553034196528935e-07
4.063750671871035e-07 3.9553034196528935e-07
4.063750671871035e-07 3.9553034196528935e-07
4.063750671871035e-07 3.9553034196528935e-07
4.063750671871035e-07 3.9553034196528935e-07
4.063750671871035e-07 3.9553034196528935e-07
3.8168696360293316e-07 3.9553080560176996e-07
3.8168696360293316e-07 3.9553080560176996e-07
3.8168696360293316e-07 3.9553080560176996e-07
3.8168696360293316e-07 3.9553080560176996e-07
3.8168696360293316e-07 3.9553080560176996e-07
3.8168696360293316e-07 3.9553080560176996e-07
3.8168696360293316e-07 3.9553080560176996e-07
3.8168696360293316e-07 3.9553080560176996e-07
3.8168696360293316e-07 3.9553080560176996e-07
3.8168696360293316e-07 3.9553080560176996e-07
3.8168696360293316e-07 3.9553080560176996e-07
3.8168696360293316e-07 3.9553080560176996e-07
3.8168696360293316e-07 3.9553080560176996e-07
3.8168696360293316e-07 3.9553080560176996e-07
3.8168696360293316e-07 3.9553080560176996e-07
3.8168696360293316e-07 3.9553080560176996e-07
4.076336906083029e-07 3.9553063168415424e-07
4.076336906083029e-07 3.9553063168415424e-07
4.076336906083029e-07 3.9553063168415424e-07
4.076336906083029e-07 3.9553063168415424e-07
4.076336906083029e-07 3.9553063168415424e-07
4.076336906083029e-07 3.9553063168415424e-07
4.156421756776181e-07 3.9553085107060603e-07
4.156421756776181e-07 3.9553085107060603e-07
4.156421756776181e-07 3.9553085107060603e-07
4.156421756776181e-07 3.9553085107060603e-07
4.156421756776181e-07 3.9553085107060603e-07
4.156421756776181e-07 3.9553085107060603e-07
4.156421756776181e-07 3.9553085107060603e-07
4.156421756776181e-07 3.9553085107060603e-07
4.156421756776181e-07 3.9553085107060603e-07
4.156421756776181e-07 3.9553085107060603e-07
4.156421756776181e-07 3.9553085107060603e-07
4.156421756776181e-07 3.9553085107060603e-07
4.0312241043712764e-07 3.9550732675423304e-07
4.0312241043712764e-07 3.9550732675423304e-07
4.0312241043712764e-07 3.9550732675423304e-07
4.0312241043712764e-07 3.9550732675423304e-07
4.0312241043712764e-07 3.9550732675423304e-07
4.0312241043712764e-07 3.9550732675423304e-07
4.0312241043712764e-07 3.9550732675423304e-07
4.0312241043712764e-07 3.9550732675423304e-07
4.0312241043712764e-07 3.9550732675423304e-07
4.0312241043712764e-07 3.9550732675423304e-07
4.0312241043712764e-07 3.9550732675423304e-07
4.0312241043712764e-07 3.9550732675423304e-07
4.0312241043712764e-07 3.9550732675423304e-07
4.0312241043712764e-07 3.9550732675423304e-07
4.0312241043712764e-07 3.9550732675423304e-07
4.0312241043712764e-07 3.9550732675423304e-07
3.780019533820256e-07 3.955306413351355e-07
3.780019533820256e-07 3.955306413351355e-07
3.780019533820256e-07 3.955306413351355e-07
3.780019533820256e-07 3.955306413351355e-07
3.780019533820256e-07 3.955306413351355e-07
3.780019533820256e-07 3.955306413351355e-07
3.780019533820256e-07 3.955306413351355e-07
3.780019533820256e-07 3.955306413351355e-07
3.780019533820256e-07 3.955306413351355e-07
3.780019533820256e-07 3.955306413351355e-07
3.780019533820256e-07 3.955306413351355e-07
3.780019533820256e-07 3.955306413351355e-07
3.780019533820256e-07 3.955306413351355e-07
3.780019533820256e-07 3.955306413351355e-07
3.780019533820256e-07 3.955306413351355e-07
3.780019533820256e-07 3.955306413351355e-07
4.155954328608949e-07 3.9553079777490695e-07
4.155954328608949e-07 3.9553079777490695e-07
4.004802843907767e-07 3.955307829617542e-07
4.004802843907767e-07 3.955307829617542e-07
4.004802843907767e-07 3.955307829617542e-07
4.004802843907767e-07 3.955307829617542e-07
4.004802843907767e-07 3.955307829617542e-07
4.004802843907767e-07 3.955307829617542e-07
4.004802843907767e-07 3.955307829617542e-07
4.004802843907767e-07 3.955307829617542e-07
4.004802843907767e-07 3.955307829617542e-07
4.004802843907767e-07 3.955307829617542e-07
4.004802843907767e-07 3.955307829617542e-07
4.004802843907767e-07 3.955307829617542e-07
4.004802843907767e-07 3.955307829617542e-07
4.1119737938887293e-07 3.9553086625426655e-07
4.1119737938887293e-07 3.9553086625426655e-07
4.1119737938887293e-07 3.9553086625426655e-07
4.1119737938887293e-07 3.9553086625426655e-07
4.1119737938887293e-07 3.9553086625426655e-07
4.1119737938887293e-07 3.9553086625426655e-07
4.087855347211294e-07 3.9553074052680826e-07
4.087855347211294e-07 3.9553074052680826e-07
4.087855347211294e-07 3.9553074052680826e-07
4.027713002185195e-07 3.9553049775170225e-07
4.027713002185195e-07 3.9553049775170225e-07
4.027713002185195e-07 3.9553049775170225e-07
4.027713002185195e-07 3.9553049775170225e-07
4.027713002185195e-07 3.9553049775170225e-07
4.027713002185195e-07 3.9553049775170225e-07
4.027713002185195e-07 3.9553049775170225e-07
4.027713002185195e-07 3.9553049775170225e-07
4.027713002185195e-07 3.9553049775170225e-07
4.027713002185195e-07 3.9553049775170225e-07
4.027713002185195e-07 3.9553049775170225e-07
4.027713002185195e-07 3.9553049775170225e-07
4.027713002185195e-07 3.9553049775170225e-07
4.1570182942852176e-07 3.955305590373976e-07
4.1570182942852176e-07 3.955305590373976e-07
4.1570182942852176e-07 3.955305590373976e-07
4.1570182942852176e-07 3.955305590373976e-07
4.1570182942852176e-07 3.955305590373976e-07
4.1570182942852176e-07 3.955305590373976e-07
4.1570182942852176e-07 3.955305590373976e-07
4.1570182942852176e-07 3.955305590373976e-07
4.1570182942852176e-07 3.955305590373976e-07
4.1570182942852176e-07 3.955305590373976e-07
4.1570182942852176e-07 3.955305590373976e-07
4.1570182942852176e-07 3.955305590373976e-07
4.1570182942852176e-07 3.955305590373976e-07
4.1570182942852176e-07 3.955305590373976e-07
4.0624435690112155e-07 3.9553091672818166e-07
4.0624435690112155e-07 3.9553091672818166e-07
4.0624435690112155e-07 3.9553091672818166e-07
4.002110964789236e-07 3.9553080441364663e-07
4.002110964789236e-07 3.9553080441364663e-07
4.002110964789236e-07 3.9553080441364663e-07
4.002110964789236e-07 3.9553080441364663e-07
4.002110964789236e-07 3.9553080441364663e-07
4.002110964789236e-07 3.9553080441364663e-07
4.002110964789236e-07 3.9553080441364663e-07
4.002110964789236e-07 3.9553080441364663e-07
4.002110964789236e-07 3.9553080441364663e-07
4.002110964789236e-07 3.9553080441364663e-07
4.002110964789236e-07 3.9553080441364663e-07
4.002110964789236e-07 3.9553080441364663e-07
4.002110964789236e-07 3.9553080441364663e-07
4.1011137583984335e-07 3.9553062917009083e-07
4.1011137583984335e-07 3.9553062917009083e-07
4.1011137583984335e-07 3.9553062917009083e-07
4.1011137583984335e-07 3.9553062917009083e-07
4.1011137583984335e-07 3.9553062917009083e-07
4.1011137583984335e-07 3.9553062917009083e-07
4.1011137583984335e-07 3.9553062917009083e-07
4.1011137583984335e-07 3.9553062917009083e-07
4.1011137583984335e-07 3.9553062917009083e-07
4.1011137583984335e-07 3.9553062917009083e-07
4.1011137583984335e-07 3.9553062917009083e-07
4.1011137583984335e-07 3.9553062917009083e-07
4.1011137583984335e-07 3.9553062917009083e-07
4.1011137583984335e-07 3.9553062917009083e-07
4.1011137583984335e-07 3.9553062917009083e-07
4.1011137583984335e-07 3.9553062917009083e-07
4.1011137583984335e-07 3.9553062917009083e-07
4.1011137583984335e-07 3.9553062917009083e-07
4.1011137583984335e-07 3.9553062917009083e-07
4.1011137583984335e-07 3.9553062917009083e-07
4.1011137583984335e-07 3.9553062917009083e-07
4.1011137583984335e-07 3.9553062917009083e-07
4.1011137583984335e-07 3.9553062917009083e-07
4.1011137583984335e-07 3.9553062917009083e-07
4.1011137583984335e-07 3.9553062917009083e-07
4.1011137583984335e-07 3.9553062917009083e-07
4.1011137583984335e-07 3.9553062917009083e-07
4.1011137583984335e-07 3.9553062917009083e-07
4.1011137583984335e-07 3.9553062917009083e-07
4.1011137583984335e-07 3.9553062917009083e-07
4.1011137583984335e-07 3.9553062917009083e-07
4.1011137583984335e-07 3.9553062917009083e-07
4.1011137583984335e-07 3.9553062917009083e-07
4.1011137583984335e-07 3.9553062917009083e-07
4.1011137583984335e-07 3.9553062917009083e-07
4.1011137583984335e-07 3.9553062917009083e-07
4.1011137583984335e-07 3.9553062917009083e-07
4.1011137583984335e-07 3.9553062917009083e-07
4.1011137583984335e-07 3.9553062917009083e-07