0.02873228168870241 0.02816631701681298
0.3610386515572539 0.3657323284978106
0.3610386515572539 0.3657323284978106
0.3610386515572539 0.3657323284978106
0.3610386515572539 0.3657323284978106
0.3610386515572539 0.3657323284978106
0.3610386515572539 0.3657323284978106
0.3610386515572539 0.3657323284978106
0.3610386515572539 0.3657323284978106
0.3610386515572539 0.3657323284978106
0.3610386515572539 0.3657323284978106
0.3610386515572539 0.3657323284978106
0.3610386515572539 0.3657323284978106
0.3610386515572539 0.3657323284978106
0.3610386515572539 0.3657323284978106
0.3610386515572539 0.3657323284978106
0.3610386515572539 0.3657323284978106
0.3610386515572539 0.3657323284978106
0.3610386515572539 0.3657323284978106
0.3610386515572539 0.3657323284978106
0.3610386515572539 0.3657323284978106
0.3610386515572539 0.3657323284978106
0.3610386515572539 0.3657323284978106
0.3610386515572539 0.3657323284978106
0.3610386515572539 0.3657323284978106
0.3610386515572539 0.3657323284978106
0.3610386515572539 0.3657323284978106
0.3610386515572539 0.3657323284978106
0.3610386515572539 0.3657323284978106
0.3610386515572539 0.3657323284978106
0.3610386515572539 0.3657323284978106
0.3610386515572539 0.3657323284978106
0.3610386515572539 0.3657323284978106
0.3610386515572539 0.3657323284978106
0.3610386515572539 0.3657323284978106
0.3610386515572539 0.3657323284978106
0.3610386515572539 0.3657323284978106
0.3610386515572539 0.3657323284978106
0.3610386515572539 0.3657323284978106
0.3610386515572539 0.3657323284978106
0.3610386515572539 0.3657323284978106
0.3610386515572539 0.3657323284978106
0.3610386515572539 0.3657323284978106
0.3610386515572539 0.3657323284978106
0.3610386515572539 0.3657323284978106
0.3610386515572539 0.3657323284978106
0.3610386515572539 0.3657323284978106
0.3610386515572539 0.3657323284978106
0.3610386515572539 0.3657323284978106
0.3610386515572539 0.3657323284978106