2.9956171314105935e-07 2.6596914772147513e-06
2.9956171314105935e-07 2.6596914772147513e-06
2.9956171314105935e-07 2.6596914772147513e-06
2.9956171314105935e-07 2.6596914772147513e-06
2.9956171314105935e-07 2.6596914772147513e-06
2.9956171314105935e-07 2.6596914772147513e-06
5.52804083862449e-07 2.6596914772147513e-06
5.52804083862449e-07 2.6596914772147513e-06
5.52804083862449e-07 2.6596914772147513e-06
5.52804083862449e-07 2.6596914772147513e-06
5.52804083862449e-07 2.6596914772147513e-06
5.52804083862449e-07 2.6596914772147513e-06
5.52804083862449e-07 2.6596914772147513e-06
5.52804083862449e-07 2.6596914772147513e-06
5.52804083862449e-07 2.6596914772147513e-06
5.52804083862449e-07 2.6596914772147513e-06
5.52804083862449e-07 2.6596914772147513e-06
5.52804083862449e-07 2.6596914772147513e-06
5.52804083862449e-07 2.6596914772147513e-06
5.52804083862449e-07 2.6596914772147513e-06
5.52804083862449e-07 2.6596914772147513e-06
5.52804083862449e-07 2.6596914772147513e-06
5.52804083862449e-07 2.6596914772147513e-06
5.52804083862449e-07 2.6596914772147513e-06
5.52804083862449e-07 2.6596914772147513e-06
5.52804083862449e-07 2.6596914772147513e-06
5.52804083862449e-07 2.6596914772147513e-06
5.52804083862449e-07 2.6596914772147513e-06
5.52804083862449e-07 2.6596914772147513e-06
5.52804083862449e-07 2.6596914772147513e-06
5.526765719755077e-07 2.6596914772147513e-06
5.526765719755077e-07 2.6596914772147513e-06
5.526765719755077e-07 2.6596914772147513e-06
5.526765719755077e-07 2.6596914772147513e-06
5.526765719755077e-07 2.6596914772147513e-06
5.526765719755077e-07 2.6596914772147513e-06
5.526765719755077e-07 2.6596914772147513e-06
5.526765719755077e-07 2.6596914772147513e-06
5.526765719755077e-07 2.6596914772147513e-06
5.526765719755077e-07 2.6596914772147513e-06
5.526765719755077e-07 2.6596914772147513e-06
5.526765719755077e-07 2.6596914772147513e-06
5.526765719755077e-07 2.6596914772147513e-06
5.526765719755077e-07 2.6596914772147513e-06
5.526765719755077e-07 2.6596914772147513e-06
3.885063998726235e-07 2.6525609370613602e-06
3.885063998726235e-07 2.6525609370613602e-06
3.885063998726235e-07 2.6525609370613602e-06
3.885063998726235e-07 2.6525609370613602e-06
1.1789159720272713e-06 2.6525609370613602e-06