0.10799509036272062 3.809201337452914e-05
0.10799509036272062 3.809201337452914e-05
0.10799509036272062 3.809201337452914e-05
0.10799509036272062 3.809201337452914e-05
0.10799509036272062 3.809201337452914e-05
0.10799509036272062 3.809201337452914e-05
0.10799509036272062 3.809201337452914e-05
0.10799509036272062 3.809201337452914e-05
0.10799509036272062 3.809201337452914e-05
0.10799509036272062 3.809201337452914e-05
0.10799509036272062 3.809201337452914e-05
0.0008866974224404283 3.809201337452914e-05
0.006513734287044483 3.809201337452914e-05
0.006513734287044483 3.809201337452914e-05
0.00038515257967579466 3.809201337452914e-05
0.00038515257967579466 3.809201337452914e-05
0.001282431116942481 3.809201337452914e-05
0.000177762729081136 3.809201337452914e-05
3.809201337452914e-05 3.809201337452914e-05
0.00019257628983789733 3.809201337452914e-05
0.00024124941803868455 3.809201337452914e-05
0.00024124941803868455 3.809201337452914e-05
0.00024124941803868455 3.809201337452914e-05
0.00024124941803868455 3.809201337452914e-05
0.0053117196427815636 3.809201337452914e-05
0.013200998857239599 3.809201337452914e-05
0.00025183053286494263 3.809201337452914e-05
0.00025183053286494263 3.809201337452914e-05
0.00018834384390739408 3.809201337452914e-05
0.0003682227959537817 3.809201337452914e-05
0.00014813560756761333 3.809201337452914e-05
0.00014813560756761333 3.809201337452914e-05
0.0005904262073052017 3.809201337452914e-05
0.0005904262073052017 3.809201337452914e-05
0.0007258644770813052 3.809201337452914e-05
0.005199559825623228 3.809201337452914e-05
0.008869090447369535 3.809201337452914e-05
0.008869090447369535 3.809201337452914e-05
6.3486688957548565e-06 3.809201337452914e-05
0.0060291192280018625 3.809201337452914e-05
0.0060291192280018625 3.809201337452914e-05
0.0060291192280018625 3.809201337452914e-05
0.00021797096542091674 3.809201337452914e-05
0.0006369831125407373 3.809201337452914e-05
0.0067994243873534515 3.809201337452914e-05
0.0067994243873534515 3.809201337452914e-05
0.0067994243873534515 3.809201337452914e-05
0.0067994243873534515 3.809201337452914e-05
0.0067994243873534515 3.809201337452914e-05
3.809201337452914e-05 3.809201337452914e-05