0.9871864269161155 0.9874317032325727
0.9875585702928091 0.9878968824534398
0.9317962684168682 0.9332848419236429
0.2579968536969061 0.2562291726576112
0.8798907251721163 0.8804489402371568
0.11901821810984996 0.11811323308016307
0.8168885430586802 0.8190283674746689
0.37320060219564594 0.37172048649288697
0.7275403014361351 0.7306866045299998
0.7692034440177952 0.7711994857655159
0.26238645398108834 0.26246257421723024
0.17612531082429758 0.1760238171761084
0.8797892315239271 0.8803728200010149
0.7978500262191924 0.7981714227717915
0.8147148874266286 0.8170238679229325
0.3839589289036994 0.38210666982424685
0.31401288969332003 0.3134631324322953
0.9456163201786288 0.946149161831622
0.6792377827020992 0.6804218752643064
0.38609875331968807 0.3842887832603143
0.7295786322039346 0.7315831317556709
0.3831385219141702 0.38283404096960266
0.1308676015359372 0.12994570089821877
0.49219344689344857 0.49296310705888324
0.4207503763722787 0.42296632102440923
0.7534803863524875 0.755298814215877
0.5074174941218262 0.5076373970262361
0.2316254207757498 0.2301875940930697
0.031065514149906118 0.03049884128084984
0.9437640610991762 0.9451426831537459
0.883434545054722 0.8861325845357512
0.882318114924641 0.8851937682900012
0.8404181538305394 0.8408833330514065
0.4493123805335183 0.4467158347006783
0.7530490383476834 0.754757514758868
0.943518784782719 0.9448297444051627
0.4614831605122046 0.46147470270818886
0.6040479050019453 0.6045215420268282
0.7491753641084629 0.7511206590320889
0.7491753641084629 0.7511206590320889
0.7046534837694741 0.7053301080907354
0.9972765871069236 0.9974795744033019
0.43300573439112267 0.43840181335318096
0.4514014581254123 0.44880491229257236
0.17582082987973002 0.17556709575925708
0.9427406668132686 0.9438993859634285
0.3887037569565438 0.3903699443476496
0.5624777982644587 0.5632305428218617
0.6043185547304498 0.604885227599506
0.28291354432735083 0.28225383561412115