1.0 1.0
1.0 1.0
1.0 1.0
1.0 1.0
0.8745389716075727 0.8733009929538053
0.8745389716075727 0.8733009929538053
0.8745389716075727 0.8733009929538053
0.8745389716075727 0.8733009929538053
0.8745389716075727 0.8733009929538053
0.8745389716075727 0.8733009929538053
0.8745389716075727 0.8733009929538053
0.8745389716075727 0.8733009929538053
0.8745389716075727 0.8733009929538053
0.14572749044323988 0.14386656725922206
1.0 1.0
0.8745389716075727 0.8733009929538053
0.8745389716075727 0.8733009929538053
0.8745389716075727 0.8733009929538053
1.0 1.0
1.0 1.0
1.0 1.0
0.14572749044323988 0.14386656725922206
0.14572749044323988 0.14386656725922206
0.14572749044323988 0.14386656725922206
0.14572749044323988 0.14386656725922206
0.8745389716075727 0.8733009929538053
0.8745389716075727 0.8733009929538053
0.8745389716075727 0.8733009929538053
0.14572749044323988 0.14386656725922206
0.8745389716075727 0.8733009929538053
0.8745389716075727 0.8733009929538053
0.8745389716075727 0.8733009929538053
0.6663904616315609 0.6640331604250261
1.0 1.0
0.14572749044323988 0.14386656725922206
0.14572749044323988 0.14386656725922206
0.8745389716075727 0.8733009929538053
0.8745389716075727 0.8733009929538053
0.8745389716075727 0.8733009929538053
0.8745389716075727 0.8733009929538053
0.8745389716075727 0.8733009929538053
0.8745389716075727 0.8733009929538053
0.14572749044323988 0.14386656725922206
0.14572749044323988 0.14386656725922206
0.14572749044323988 0.14386656725922206
1.0 1.0
1.0 1.0
1.0 1.0
1.0 1.0
1.0 1.0