6.361913738382601e-06 7.359055385240992e-06
3.9271668373933716e-06 7.359054639376332e-06
4.105803820905766e-06 7.359054649391035e-06
4.906337706542437e-06 7.359054449514462e-06
4.229618793968267e-06 7.359052947606543e-06
3.7041735408724513e-06 7.359055049802743e-06
3.7041735408724513e-06 7.359055049802743e-06
4.6947383660829836e-06 7.359056395899266e-06
4.979761869447978e-06 7.359057757650684e-06
4.356479979351295e-06 7.359055004267863e-06
3.943557000968035e-06 7.3590548665685225e-06
4.2291771071499885e-06 7.3590573281262255e-06
4.2291771071499885e-06 7.3590573281262255e-06
4.2291771071499885e-06 7.3590573281262255e-06
4.2291771071499885e-06 7.3590573281262255e-06
4.2291771071499885e-06 7.3590573281262255e-06
3.307447425742892e-06 7.359053646159739e-06
3.1778533261195765e-06 7.359056395899266e-06
3.1778533261195765e-06 7.359053199694907e-06
8.82148115356286e-06 7.359058026306751e-06
8.82148115356286e-06 7.359058026306751e-06
8.82148115356286e-06 7.359058026306751e-06
8.82148115356286e-06 7.359058026306751e-06
8.82148115356286e-06 7.359058026306751e-06
8.82148115356286e-06 7.359058026306751e-06
8.82148115356286e-06 7.359058026306751e-06
3.9271668373933716e-06 7.3590555766565625e-06
4.979761869447978e-06 7.359053689655477e-06
4.979761869447978e-06 7.359057757650684e-06
5.200119185880134e-06 7.359054500023352e-06
3.9271668373933716e-06 7.359056392447867e-06
4.957478036418975e-06 7.359054246832072e-06
2.678686133729726e-06 7.35905490682583e-06
5.3582900001642526e-06 7.3590578167839034e-06
3.9271668373933716e-06 7.359054639376332e-06
5.0409832239732835e-06 7.3590525024071665e-06
5.071585829196247e-06 7.359055751849291e-06
3.600692674970478e-06 7.359054677443919e-06
3.331910081812522e-06 7.359056963885044e-06
5.193853956253728e-06 7.359053482237718e-06
3.4825385205362422e-06 7.359054003327421e-06
4.105803820905766e-06 7.3590576478061015e-06
4.105803820905766e-06 7.359054094075259e-06
5.204131109459527e-06 7.3590563910302885e-06
3.9271668373933716e-06 7.359056392447867e-06
4.4813886119465045e-06 7.359055079988419e-06
5.204131109459527e-06 7.3590539279715746e-06
3.4825385205362422e-06 7.359054003327421e-06
4.462404562245009e-06 7.359055328651424e-06
5.023861436500591e-06 7.359055453469754e-06