0.004500412234400064 1.4114547393513581e-05
0.016208205256884763 1.4114547393513581e-05
0.016208205256884763 1.4114547393513581e-05
0.016208205256884763 1.4114547393513581e-05
0.016208205256884763 1.4114547393513581e-05
0.016208205256884763 1.4114547393513581e-05
0.016208205256884763 1.4114547393513581e-05
0.016208205256884763 1.4114547393513581e-05
0.007136247950030022 1.4114547393513581e-05
0.007136247950030022 1.4114547393513581e-05
0.004413596565908215 1.4114547393513581e-05
0.007136247950030022 1.4114547393513581e-05
2.9797377830750894e-05 1.4114547393513581e-05
0.0019469113785656035 1.4114547393513581e-05
0.009161013379694768 1.4114547393513581e-05
0.009161013379694768 1.4114547393513581e-05
0.009161013379694768 1.4114547393513581e-05
0.009161013379694768 1.4114547393513581e-05
0.009161013379694768 1.4114547393513581e-05
0.009161013379694768 1.4114547393513581e-05
3.15897013092923e-05 1.4114547393513581e-05
0.004500412234400064 1.4114547393513581e-05
0.004500412234400064 1.4114547393513581e-05
0.007136247950030022 1.4114547393513581e-05
0.007136247950030022 1.4114547393513581e-05
0.004500412234400064 1.4114547393513581e-05
0.007136247950030022 1.4114547393513581e-05
0.004500412234400064 1.4114547393513581e-05
0.004500412234400064 1.4114547393513581e-05
0.0024238374541837313 1.4114547393513581e-05
0.004500412234400064 1.4114547393513581e-05
0.004500412234400064 1.4114547393513581e-05
0.004500412234400064 1.4114547393513581e-05
0.004500412234400064 1.4114547393513581e-05
0.004500412234400064 1.4114547393513581e-05
0.0020230851264036133 1.4114547393513581e-05
0.0019325727907372723 1.4114547393513581e-05
2.6884852178121108e-05 1.4114547393513581e-05
0.007136247950030022 1.4114547393513581e-05
0.0020561310905392203 1.4114547393513581e-05
0.002086264529022198 1.4114547393513581e-05
0.004500412234400064 1.4114547393513581e-05
0.004500412234400064 1.4114547393513581e-05
0.004500412234400064 1.4114547393513581e-05
0.013082841191178184 1.4114547393513581e-05
0.006529658472761164 1.4114547393513581e-05
0.007136247950030022 1.4114547393513581e-05
0.004500412234400064 1.4114547393513581e-05
0.007136247950030022 1.4114547393513581e-05
0.007136247950030022 1.4114547393513581e-05