0.0024309815731596756 0.00010009924124775134
0.005268080067953085 0.020202886862117585
8.579934964092972e-05 0.00010009924124775134
8.579934964092972e-05 0.00010009924124775134
8.579934964092972e-05 0.00010009924124775134
0.006503590702782473 0.010101443431058793
0.006503590702782473 0.010101443431058793
0.006503590702782473 0.010101443431058793
0.006503590702782473 0.010101443431058793
0.006503590702782473 0.010101443431058793
0.00010295921956911567 0.00010009924124775134
0.0034662937254935607 0.00010009924124775134
0.00010009924124775134 0.00010009924124775134
0.00010009924124775134 0.00010009924124775134
0.0005862955558796864 0.00010009924124775134
0.00446442615964971 0.00010009924124775134
0.0009151930628365837 0.00010009924124775134
0.0020363045648113987 0.00010009924124775134
0.000406116921633734 0.00010009924124775134
0.000406116921633734 0.00010009924124775134
0.000406116921633734 0.00010009924124775134
0.00011725911117593728 0.00010009924124775134
0.00011725911117593728 0.00010009924124775134
0.00011725911117593728 0.00010009924124775134
0.00011725911117593728 0.00010009924124775134
0.0016273276648563005 0.00010009924124775134
0.0016273276648563005 0.00010009924124775134
0.0003574972901705405 0.00010009924124775134
0.005599837553231347 0.010101443431058793
0.005599837553231347 0.010101443431058793
0.005599837553231347 0.010101443431058793
2.859978321364324e-06 0.00010009924124775134
0.0005147960978455783 0.00010009924124775134
9.151930628365836e-05 0.00010009924124775134
0.004636024858931569 0.00010009924124775134
0.01730858880089689 0.010101443431058793
0.0006892547754488021 0.00010009924124775134
0.002213623220735987 0.00010009924124775134
0.002213623220735987 0.00010009924124775134
0.002759879080116573 0.00010009924124775134
2.859978321364324e-06 0.00010009924124775134
4.575965314182918e-05 0.00010009924124775134
0.0010267322173697923 0.00010009924124775134
0.0010267322173697923 0.00010009924124775134
0.0010267322173697923 0.00010009924124775134
0.0010267322173697923 0.00010009924124775134
0.004395786679936966 0.010101443431058793
7.435943635547242e-05 0.00010009924124775134
0.0007292944719479026 0.00010009924124775134
0.001667367361355401 0.00010009924124775134