5.746899957965532e-06 2.859767207049437e-06
8.173919311932819e-07 2.859984722958353e-06
3.775869492335942e-07 2.859767207049437e-06
8.646545034946505e-07 2.859965152118219e-06
8.646545034946505e-07 2.859965152118219e-06
8.646545034946505e-07 2.859965152118219e-06
1.145923209663503e-06 2.859767207049437e-06
3.1379898183176873e-06 2.859767207049437e-06
5.207093950543939e-06 2.859767207049437e-06
5.207093950543939e-06 2.859767207049437e-06
5.207093950543939e-06 2.859767207049437e-06
5.207093950543939e-06 2.859767207049437e-06
8.435619778597887e-07 2.859767207049437e-06
8.435619778597887e-07 2.859767207049437e-06
9.829786574136745e-07 2.859965152118219e-06
9.829786574136745e-07 2.859965152118219e-06
9.829786574136745e-07 2.859965152118219e-06
9.829786574136745e-07 2.859965152118219e-06
9.829786574136745e-07 2.859965152118219e-06
1.591805922705142e-06 2.859767207049437e-06
1.5618106656870744e-06 2.859767207049437e-06
1.5618106656870744e-06 2.859767207049437e-06
1.5618106656870744e-06 2.859767207049437e-06
1.5618106656870744e-06 2.859767207049437e-06
1.0782243530158146e-06 2.859767207049437e-06
1.0782243530158146e-06 2.859767207049437e-06
6.965741699653497e-07 2.859965152118219e-06
8.818677945128488e-07 2.859767207049437e-06
8.655781951726732e-06 2.859767207049437e-06
8.655781951726732e-06 2.859767207049437e-06
8.655781951726732e-06 2.859767207049437e-06
8.512630511818453e-07 2.859767207049437e-06
1.8598460522654522e-06 2.859767207049437e-06
1.8598460522654522e-06 2.859767207049437e-06
1.8598460522654522e-06 2.859767207049437e-06
1.404402383948646e-06 2.859767207049437e-06
9.176184758583378e-07 2.859767207049437e-06
1.538682772505033e-06 2.859767207049437e-06
5.127889079571565e-06 2.859767207049437e-06
5.127889079571565e-06 2.859767207049437e-06
9.155103020564107e-07 2.859965152118219e-06
1.3970562653251622e-06 2.859767207049437e-06
6.302371154164683e-07 2.859767207049437e-06
2.3513798858923965e-06 2.859767207049437e-06
4.666655604964492e-06 2.859767207049437e-06
7.198465812195553e-07 2.859767207049437e-06
6.059065619842664e-07 2.859767207049437e-06
9.550031735049192e-07 2.859767207049437e-06