1.267295277232803e-06 2.660121454991516e-06
1.267295277232803e-06 2.660121454991516e-06
1.267295277232803e-06 2.660121454991516e-06
1.267295277232803e-06 2.660121454991516e-06
1.267295277232803e-06 2.660121454991516e-06
1.5699057218819624e-06 2.6601210271273195e-06
1.5699057218819624e-06 2.6601210271273195e-06
1.5699057218819624e-06 2.6601210271273195e-06
1.5699057218819624e-06 2.6601210271273195e-06
1.5699057218819624e-06 2.6601210271273195e-06
1.5699057218819624e-06 2.6601210271273195e-06
1.5699057218819624e-06 2.6601210271273195e-06
1.5699057218819624e-06 2.6601210271273195e-06
2.700882675318815e-07 2.660121301858689e-06
2.700882675318815e-07 2.660121301858689e-06
2.700882675318815e-07 2.660121301858689e-06
2.700882675318815e-07 2.660121301858689e-06
2.700882675318815e-07 2.660121301858689e-06
2.700882675318815e-07 2.660121301858689e-06
2.700882675318815e-07 2.660121301858689e-06
2.700882675318815e-07 2.660121301858689e-06
2.700882675318815e-07 2.660121301858689e-06
2.700882675318815e-07 2.660121301858689e-06
2.700882675318815e-07 2.660121301858689e-06
2.700882675318815e-07 2.660121301858689e-06
4.3787226466454615e-07 2.6601214134477503e-06
9.961408694159038e-07 2.66012145007603e-06
9.961408694159038e-07 2.66012145007603e-06
2.8702023696214957e-06 2.660119399127997e-06
1.3791619444602244e-06 2.6601209724425286e-06
1.3791619444602244e-06 2.6601209724425286e-06
1.3791619444602244e-06 2.6601209724425286e-06
1.3791619444602244e-06 2.6601209724425286e-06
1.3791619444602244e-06 2.6601209724425286e-06
1.3791619444602244e-06 2.6601209724425286e-06
1.3791619444602244e-06 2.6601209724425286e-06
1.3791619444602244e-06 2.6601209724425286e-06
1.3791619444602244e-06 2.6601209724425286e-06
1.3791619444602244e-06 2.6601209724425286e-06
1.3791619444602244e-06 2.6601209724425286e-06
1.3791619444602244e-06 2.6601209724425286e-06
1.3791619444602244e-06 2.6601209724425286e-06
1.3791619444602244e-06 2.6601209724425286e-06
1.3791619444602244e-06 2.6601209724425286e-06
1.3791619444602244e-06 2.6601209724425286e-06
1.3791619444602244e-06 2.6601209724425286e-06
1.3791619444602244e-06 2.6601209724425286e-06
1.3791619444602244e-06 2.6601209724425286e-06
1.3791619444602244e-06 2.6601209724425286e-06
1.3791619444602244e-06 2.6601209724425286e-06