4.452954535334194e-05 5.937272713778926e-05
4.452954535334194e-05 5.937272713778926e-05
4.452954535334194e-05 5.937272713778926e-05
4.452954535334194e-05 5.937272713778926e-05
4.452954535334194e-05 5.937272713778926e-05
4.452954535334194e-05 5.937272713778926e-05
4.452954535334194e-05 5.937272713778926e-05
4.452954535334194e-05 5.937272713778926e-05
4.452954535334194e-05 5.937272713778926e-05
4.452954535334194e-05 5.937272713778926e-05
4.452954535334194e-05 5.937272713778926e-05
4.452954535334194e-05 5.937272713778926e-05
5.937272713778926e-05 5.937272713778926e-05
4.452954535334194e-05 5.937272713778926e-05
0.0001039022724911312 0.0001039022724911312
0.0001039022724911312 0.0001039022724911312
0.0001039022724911312 0.0001039022724911312
0.0001039022724911312 0.0001039022724911312
0.0001039022724911312 0.0001039022724911312
0.0001039022724911312 0.0001039022724911312
0.0001039022724911312 0.0001039022724911312
0.0001039022724911312 0.0001039022724911312
4.452954535334194e-05 4.452954535334194e-05
4.452954535334194e-05 4.452954535334194e-05
4.452954535334194e-05 4.452954535334194e-05
4.452954535334194e-05 4.452954535334194e-05
7.421590892223657e-05 7.421590892223657e-05
7.421590892223657e-05 7.421590892223657e-05
7.421590892223657e-05 7.421590892223657e-05
0.00014843181784447314 0.00014843181784447314
0.00014843181784447314 0.00014843181784447314
0.00014843181784447314 0.00014843181784447314
0.00014843181784447314 0.00014843181784447314
0.00014843181784447314 0.00014843181784447314
0.00014843181784447314 0.00014843181784447314
0.00014843181784447314 0.00014843181784447314
4.452954535334194e-05 4.452954535334194e-05
0.00011874545427557851 0.00011874545427557851
0.00011874545427557851 0.00011874545427557851
0.00011874545427557851 0.00011874545427557851
0.00011874545427557851 0.00011874545427557851
0.00011874545427557851 0.00011874545427557851
0.00011874545427557851 0.00011874545427557851
0.00011874545427557851 0.00011874545427557851
0.00011874545427557851 0.00011874545427557851
0.00011874545427557851 0.00011874545427557851
0.00011874545427557851 0.00011874545427557851
0.00011874545427557851 0.00011874545427557851
0.00011874545427557851 0.00011874545427557851
5.937272713778926e-05 5.937272713778926e-05