8.74778844043881e-06 8.292008318929641e-06
8.74778844043881e-06 8.292008318929641e-06
8.74778844043881e-06 8.292008318929641e-06
8.74778844043881e-06 8.292008318929641e-06
8.74778844043881e-06 8.292008318929641e-06
8.74778844043881e-06 8.292008318929641e-06
8.74778844043881e-06 8.292008318929641e-06
8.74778844043881e-06 8.292008318929641e-06
8.74778844043881e-06 8.292008318929641e-06
8.74778844043881e-06 8.292008318929641e-06
8.74778844043881e-06 8.292008318929641e-06
8.74778844043881e-06 8.292008318929641e-06
8.74778844043881e-06 8.292008318929641e-06
8.74778844043881e-06 8.292008318929641e-06
8.74778844043881e-06 8.292008318929641e-06
5.553049610083992e-06 8.292011053286676e-06
5.553049610083992e-06 8.292011053286676e-06
5.553049610083992e-06 8.292011053286676e-06
5.553049610083992e-06 8.292011053286676e-06
5.553049610083992e-06 8.292011053286676e-06
1.7575829585218534e-05 8.29201055569822e-06
1.7575829585218534e-05 8.29201055569822e-06
1.7575829585218534e-05 8.29201055569822e-06
1.7575829585218534e-05 8.29201055569822e-06
1.7575829585218534e-05 8.29201055569822e-06
1.7575829585218534e-05 8.29201055569822e-06
1.0222820504544677e-05 8.2920140245655e-06
9.556411237605568e-06 8.29201278382187e-06
1.0004861055977897e-05 8.29200819375446e-06
1.0004861055977897e-05 8.29200819375446e-06
4.32726856389065e-06 8.292011771381055e-06
4.32726856389065e-06 8.292011771381055e-06
4.32726856389065e-06 8.292011771381055e-06
4.2895205656343524e-06 8.292025435895358e-06
4.2895205656343524e-06 8.292025435895358e-06
4.2895205656343524e-06 8.292025435895358e-06
4.2895205656343524e-06 8.292025435895358e-06
4.2895205656343524e-06 8.292025435895358e-06
4.2895205656343524e-06 8.292025435895358e-06
4.481621868609828e-06 8.292016537207445e-06
4.481621868609828e-06 8.292016537207445e-06
4.481621868609828e-06 8.292016537207445e-06
4.481621868609828e-06 8.292016537207445e-06
4.931729423960749e-07 8.292802993878323e-06
2.4045063008808824e-05 8.291979693975443e-06
2.4045063008808824e-05 8.291979693975443e-06
2.4045063008808824e-05 8.291979693975443e-06
9.134693495377287e-06 8.292014445400833e-06
9.134693495377287e-06 8.292014445400833e-06
9.134693495377287e-06 8.292014445400833e-06