0.29421893955421535 0.008850869206174434
0.29421893955421535 0.008850869206174434
0.29421893955421535 0.008850869206174434
0.29421893955421535 0.008850869206174434
0.29421893955421535 0.008850869206174434
0.29421893955421535 0.008850869206174434
0.29421893955421535 0.008850869206174434
0.29421893955421535 0.008850869206174434
0.29421893955421535 0.008850869206174434
0.29421893955421535 0.008850869206174434
0.29421893955421535 0.008850869206174434
0.29421893955421535 0.008850869206174434
0.29421893955421535 0.008850869206174434
0.29421893955421535 0.008850869206174434
0.009448296247128434 0.008849330265428548
0.009448296247128434 0.008849330265428548
0.009448296247128434 0.008849330265428548
0.009448296247128434 0.008849330265428548
0.009448296247128434 0.008849330265428548
0.009448296247128434 0.008849330265428548
0.009448296247128434 0.008849330265428548
0.009448296247128434 0.008849330265428548
0.009448296247128434 0.008849330265428548
0.009448296247128434 0.008849330265428548
0.009448296247128434 0.008849330265428548
0.3153205900924172 0.008850562959428293
0.3153205900924172 0.008850562959428293
0.3153205900924172 0.008850562959428293
0.3153205900924172 0.008850562959428293
0.3153205900924172 0.008850562959428293
0.3153205900924172 0.008850562959428293
0.3153205900924172 0.008850562959428293
0.3153205900924172 0.008850562959428293
0.3153205900924172 0.008850562959428293
0.3153205900924172 0.008850562959428293
0.3153205900924172 0.008850562959428293
0.3153205900924172 0.008850562959428293
0.3153205900924172 0.008850562959428293
0.3153205900924172 0.008850562959428293
0.38067671210093007 0.00885021177868556
0.38067671210093007 0.00885021177868556
0.38067671210093007 0.00885021177868556
0.38067671210093007 0.00885021177868556
0.38067671210093007 0.00885021177868556
0.38067671210093007 0.00885021177868556
0.38067671210093007 0.00885021177868556
0.38067671210093007 0.00885021177868556
0.38067671210093007 0.00885021177868556
0.38067671210093007 0.00885021177868556
0.38067671210093007 0.00885021177868556
0.38067671210093007 0.00885021177868556
0.38067671210093007 0.00885021177868556
0.38067671210093007 0.00885021177868556
0.3818790823525989 0.008849278066033153
0.3818790823525989 0.008849278066033153
0.3818790823525989 0.008849278066033153
0.3818790823525989 0.008849278066033153
0.3818790823525989 0.008849278066033153
0.3818790823525989 0.008849278066033153
0.3818790823525989 0.008849278066033153
0.3818790823525989 0.008849278066033153
0.3818790823525989 0.008849278066033153
0.3818790823525989 0.008849278066033153
0.3818790823525989 0.008849278066033153
0.3818790823525989 0.008849278066033153
0.3818790823525989 0.008849278066033153
0.3818790823525989 0.008849278066033153
0.3818790823525989 0.008849278066033153
0.3818790823525989 0.008849278066033153
0.3818790823525989 0.008849278066033153
0.3818790823525989 0.008849278066033153
0.3818790823525989 0.008849278066033153
0.3818790823525989 0.008849278066033153
0.3818790823525989 0.008849278066033153
0.3818790823525989 0.008849278066033153
0.3818790823525989 0.008849278066033153
0.3818790823525989 0.008849278066033153
0.3818790823525989 0.008849278066033153
0.3818790823525989 0.008849278066033153
0.3818790823525989 0.008849278066033153
0.3818790823525989 0.008849278066033153
0.405553282519214 0.008849315334546318
0.405553282519214 0.008849315334546318
0.405553282519214 0.008849315334546318
0.405553282519214 0.008849315334546318
0.405553282519214 0.008849315334546318
0.405553282519214 0.008849315334546318
0.405553282519214 0.008849315334546318
0.405553282519214 0.008849315334546318
0.405553282519214 0.008849315334546318
0.405553282519214 0.008849315334546318
0.405553282519214 0.008849315334546318
0.405553282519214 0.008849315334546318
0.405553282519214 0.008849315334546318
0.405553282519214 0.008849315334546318
0.405553282519214 0.008849315334546318
0.405553282519214 0.008849315334546318
0.405553282519214 0.008849315334546318
0.405553282519214 0.008849315334546318
0.405553282519214 0.008849315334546318
0.405553282519214 0.008849315334546318
0.405553282519214 0.008849315334546318
0.405553282519214 0.008849315334546318
0.405553282519214 0.008849315334546318
0.405553282519214 0.008849315334546318
0.405553282519214 0.008849315334546318
0.036609411089322454 0.00885021177868556
0.036609411089322454 0.00885021177868556
0.036609411089322454 0.00885021177868556
0.036609411089322454 0.00885021177868556
0.036609411089322454 0.00885021177868556
0.036609411089322454 0.00885021177868556
0.036609411089322454 0.00885021177868556
0.036609411089322454 0.00885021177868556
0.036609411089322454 0.00885021177868556
0.036609411089322454 0.00885021177868556
0.036609411089322454 0.00885021177868556
0.3438433549317628 0.008849288539780549
0.3438433549317628 0.008849288539780549
0.3438433549317628 0.008849288539780549
0.3438433549317628 0.008849288539780549
0.3438433549317628 0.008849288539780549
0.3438433549317628 0.008849288539780549
0.3438433549317628 0.008849288539780549
0.3438433549317628 0.008849288539780549
0.3438433549317628 0.008849288539780549
0.3438433549317628 0.008849288539780549
0.3438433549317628 0.008849288539780549
0.3438433549317628 0.008849288539780549
0.3438433549317628 0.008849288539780549
0.3438433549317628 0.008849288539780549
0.010857158765067787 0.008857875249216747
0.010857158765067787 0.008857875249216747
0.010857158765067787 0.008857875249216747
0.010857158765067787 0.008857875249216747
0.010857158765067787 0.008857875249216747
0.010857158765067787 0.008857875249216747
0.010857158765067787 0.008857875249216747
0.010857158765067787 0.008857875249216747
0.010857158765067787 0.008857875249216747
0.010857158765067787 0.008857875249216747
0.010857158765067787 0.008857875249216747
0.010857158765067787 0.008857875249216747
0.010857158765067787 0.008857875249216747
0.010857158765067787 0.008857875249216747
0.010857158765067787 0.008857875249216747
0.010857158765067787 0.008857875249216747
0.010857158765067787 0.008857875249216747
0.010857158765067787 0.008857875249216747
0.010857158765067787 0.008857875249216747
0.010857158765067787 0.008857875249216747
0.010857158765067787 0.008857875249216747
0.010857158765067787 0.008857875249216747
0.010857158765067787 0.008857875249216747
0.010857158765067787 0.008857875249216747
0.010857158765067787 0.008857875249216747
0.0720567056050974 0.008849278066033153
0.0720567056050974 0.008849278066033153
0.0720567056050974 0.008849278066033153
0.0720567056050974 0.008849278066033153
0.0720567056050974 0.008849278066033153
0.0720567056050974 0.008849278066033153
0.0720567056050974 0.008849278066033153
0.0720567056050974 0.008849278066033153
0.0720567056050974 0.008849278066033153
0.0720567056050974 0.008849278066033153
0.0720567056050974 0.008849278066033153
0.0720567056050974 0.008849278066033153
0.0720567056050974 0.008849278066033153
0.0720567056050974 0.008849278066033153
0.0720567056050974 0.008849278066033153
0.0720567056050974 0.008849278066033153
0.0720567056050974 0.008849278066033153
0.0720567056050974 0.008849278066033153
0.0720567056050974 0.008849278066033153
0.0720567056050974 0.008849278066033153
0.0720567056050974 0.008849278066033153
0.0720567056050974 0.008849278066033153
0.009809639665161338 0.008851792872439734
0.009809639665161338 0.008851792872439734
0.009809639665161338 0.008851792872439734
0.009809639665161338 0.008851792872439734
0.009809639665161338 0.008851792872439734
0.009809639665161338 0.008851792872439734
0.009809639665161338 0.008851792872439734
0.009809639665161338 0.008851792872439734
0.009809639665161338 0.008851792872439734
0.009809639665161338 0.008851792872439734
0.009809639665161338 0.008851792872439734
0.009809639665161338 0.008851792872439734
0.009809639665161338 0.008851792872439734
0.009809639665161338 0.008851792872439734
0.009809639665161338 0.008851792872439734
0.009809639665161338 0.008851792872439734
0.009809639665161338 0.008851792872439734
0.009809639665161338 0.008851792872439734
0.009809639665161338 0.008851792872439734
0.009809639665161338 0.008851792872439734
0.009809639665161338 0.008851792872439734
0.009809639665161338 0.008851792872439734
0.03733768469175583 0.008849886997781322
0.03733768469175583 0.008849886997781322
0.03733768469175583 0.008849886997781322
0.03733768469175583 0.008849886997781322
0.03733768469175583 0.008849886997781322
0.03733768469175583 0.008849886997781322
0.03733768469175583 0.008849886997781322
0.03733768469175583 0.008849886997781322
0.03733768469175583 0.008849886997781322
0.03733768469175583 0.008849886997781322
0.03733768469175583 0.008849886997781322
0.9799838534561955 0.008857875249216747
0.9799838534561955 0.008857875249216747
0.9799838534561955 0.008857875249216747
0.9799838534561955 0.008857875249216747
0.9799838534561955 0.008857875249216747
0.9799838534561955 0.008857875249216747
0.9799838534561955 0.008857875249216747
0.9799838534561955 0.008857875249216747
0.9799838534561955 0.008857875249216747
0.9799838534561955 0.008857875249216747
0.9799838534561955 0.008857875249216747
0.9799838534561955 0.008857875249216747
0.9799838534561955 0.008857875249216747
0.9799838534561955 0.008857875249216747
0.6516609624971962 0.008849205200220055
0.6516609624971962 0.008849205200220055
0.6516609624971962 0.008849205200220055
0.6516609624971962 0.008849205200220055
0.6516609624971962 0.008849205200220055
0.6516609624971962 0.008849205200220055
0.6516609624971962 0.008849205200220055
0.6516609624971962 0.008849205200220055
0.6516609624971962 0.008849205200220055
0.6516609624971962 0.008849205200220055
0.6516609624971962 0.008849205200220055
0.6516609624971962 0.008849205200220055
0.6516609624971962 0.008849205200220055
0.6516609624971962 0.008849205200220055
0.6516609624971962 0.008849205200220055
0.6516609624971962 0.008849205200220055
0.6516609624971962 0.008849205200220055
0.6516609624971962 0.008849205200220055
0.6516609624971962 0.008849205200220055
0.6516609624971962 0.008849205200220055
0.6516609624971962 0.008849205200220055
0.6516609624971962 0.008849205200220055
0.6516609624971962 0.008849205200220055
0.6516609624971962 0.008849205200220055
0.6516609624971962 0.008849205200220055
0.6516609624971962 0.008849205200220055
0.6516609624971962 0.008849205200220055
0.6516609624971962 0.008849205200220055
0.6516609624971962 0.008849205200220055
0.6516609624971962 0.008849205200220055
0.6516609624971962 0.008849205200220055
0.6516609624971962 0.008849205200220055
0.6516609624971962 0.008849205200220055
0.6516609624971962 0.008849205200220055
0.6516609624971962 0.008849205200220055
0.6516609624971962 0.008849205200220055
0.6516609624971962 0.008849205200220055
0.6516609624971962 0.008849205200220055
0.6516609624971962 0.008849205200220055
0.6516609624971962 0.008849205200220055
0.6516609624971962 0.008849205200220055
0.6516609624971962 0.008849205200220055
0.6516609624971962 0.008849205200220055
0.6516609624971962 0.008849205200220055
0.6516609624971962 0.008849205200220055
0.6516609624971962 0.008849205200220055
0.6516609624971962 0.008849205200220055
0.6516609624971962 0.008849205200220055
0.6516609624971962 0.008849205200220055
0.6516609624971962 0.008849205200220055
0.39524961217899907 0.008849717537474395
0.39524961217899907 0.008849717537474395
0.39524961217899907 0.008849717537474395
0.39524961217899907 0.008849717537474395
0.39524961217899907 0.008849717537474395
0.39524961217899907 0.008849717537474395
0.39524961217899907 0.008849717537474395
0.39524961217899907 0.008849717537474395
0.39524961217899907 0.008849717537474395
0.39524961217899907 0.008849717537474395
0.39524961217899907 0.008849717537474395
0.39524961217899907 0.008849717537474395
0.39524961217899907 0.008849717537474395
0.39524961217899907 0.008849717537474395
0.011739354896635317 0.008840223014716962
0.011739354896635317 0.008840223014716962
0.011739354896635317 0.008840223014716962
0.011739354896635317 0.008840223014716962
0.011739354896635317 0.008840223014716962
0.011739354896635317 0.008840223014716962
0.011739354896635317 0.008840223014716962
0.011739354896635317 0.008840223014716962
0.011739354896635317 0.008840223014716962
0.011739354896635317 0.008840223014716962
0.011739354896635317 0.008840223014716962
0.011739354896635317 0.008840223014716962
0.011739354896635317 0.008840223014716962
0.011739354896635317 0.008840223014716962
0.011739354896635317 0.008840223014716962
0.011739354896635317 0.008840223014716962
0.011739354896635317 0.008840223014716962
0.011739354896635317 0.008840223014716962
0.011739354896635317 0.008840223014716962
0.011739354896635317 0.008840223014716962
0.011739354896635317 0.008840223014716962
0.011739354896635317 0.008840223014716962
0.4043986402955757 0.008849659058213406
0.4043986402955757 0.008849659058213406
0.4043986402955757 0.008849659058213406
0.4043986402955757 0.008849659058213406
0.4043986402955757 0.008849659058213406
0.4043986402955757 0.008849659058213406
0.4043986402955757 0.008849659058213406
0.4043986402955757 0.008849659058213406
0.4043986402955757 0.008849659058213406
0.4043986402955757 0.008849659058213406
0.4043986402955757 0.008849659058213406
0.4043986402955757 0.008849659058213406
0.4043986402955757 0.008849659058213406
0.4043986402955757 0.008849659058213406
0.4043986402955757 0.008849659058213406
0.4043986402955757 0.008849659058213406
0.4043986402955757 0.008849659058213406
0.4043986402955757 0.008849659058213406
0.4043986402955757 0.008849659058213406
0.4043986402955757 0.008849659058213406
0.4043986402955757 0.008849659058213406
0.4043986402955757 0.008849659058213406
0.4043986402955757 0.008849659058213406
0.4043986402955757 0.008849659058213406
0.4043986402955757 0.008849659058213406
0.7066099296556076 0.008848099049267122
0.7066099296556076 0.008848099049267122
0.7066099296556076 0.008848099049267122
0.7066099296556076 0.008848099049267122
0.7066099296556076 0.008848099049267122
0.7066099296556076 0.008848099049267122
0.7066099296556076 0.008848099049267122
0.7066099296556076 0.008848099049267122
0.7066099296556076 0.008848099049267122
0.7066099296556076 0.008848099049267122
0.7066099296556076 0.008848099049267122
0.7066099296556076 0.008848099049267122
0.7066099296556076 0.008848099049267122
0.7066099296556076 0.008848099049267122
0.5274797490818998 0.008849754505420094
0.5274797490818998 0.008849754505420094
0.5274797490818998 0.008849754505420094
0.5274797490818998 0.008849754505420094
0.5274797490818998 0.008849754505420094
0.5274797490818998 0.008849754505420094
0.5274797490818998 0.008849754505420094
0.5274797490818998 0.008849754505420094
0.5274797490818998 0.008849754505420094
0.5274797490818998 0.008849754505420094
0.5274797490818998 0.008849754505420094
0.5274797490818998 0.008849754505420094
0.5274797490818998 0.008849754505420094
0.5274797490818998 0.008849754505420094
0.5274797490818998 0.008849754505420094
0.5274797490818998 0.008849754505420094
0.5274797490818998 0.008849754505420094
0.5274797490818998 0.008849754505420094
0.5274797490818998 0.008849754505420094
0.5274797490818998 0.008849754505420094
0.5274797490818998 0.008849754505420094
0.5274797490818998 0.008849754505420094
0.5274797490818998 0.008849754505420094
0.5274797490818998 0.008849754505420094
0.5274797490818998 0.008849754505420094
0.01499142254613796 0.008849288539780549
0.01499142254613796 0.008849288539780549
0.01499142254613796 0.008849288539780549
0.01499142254613796 0.008849288539780549
0.01499142254613796 0.008849288539780549
0.01499142254613796 0.008849288539780549
0.01499142254613796 0.008849288539780549
0.01499142254613796 0.008849288539780549
0.01499142254613796 0.008849288539780549
0.01499142254613796 0.008849288539780549
0.01499142254613796 0.008849288539780549
0.019882938414491954 0.008850023445405112
0.019882938414491954 0.008850023445405112
0.019882938414491954 0.008850023445405112
0.019882938414491954 0.008850023445405112
0.019882938414491954 0.008850023445405112
0.019882938414491954 0.008850023445405112
0.019882938414491954 0.008850023445405112
0.019882938414491954 0.008850023445405112
0.019882938414491954 0.008850023445405112
0.019882938414491954 0.008850023445405112
0.019882938414491954 0.008850023445405112
0.044025749765758695 0.008849717537474395
0.044025749765758695 0.008849717537474395
0.044025749765758695 0.008849717537474395
0.044025749765758695 0.008849717537474395
0.044025749765758695 0.008849717537474395
0.044025749765758695 0.008849717537474395
0.044025749765758695 0.008849717537474395
0.044025749765758695 0.008849717537474395
0.044025749765758695 0.008849717537474395
0.044025749765758695 0.008849717537474395
0.044025749765758695 0.008849717537474395
0.008574371537540714 0.008857875249216747
0.008574371537540714 0.008857875249216747
0.008574371537540714 0.008857875249216747
0.008574371537540714 0.008857875249216747
0.008574371537540714 0.008857875249216747
0.008574371537540714 0.008857875249216747
0.008574371537540714 0.008857875249216747
0.008574371537540714 0.008857875249216747
0.008574371537540714 0.008857875249216747
0.008574371537540714 0.008857875249216747
0.008574371537540714 0.008857875249216747
0.405553282519214 0.008849315334546318
0.405553282519214 0.008849315334546318
0.405553282519214 0.008849315334546318
0.405553282519214 0.008849315334546318
0.405553282519214 0.008849315334546318
0.405553282519214 0.008849315334546318
0.405553282519214 0.008849315334546318
0.405553282519214 0.008849315334546318
0.405553282519214 0.008849315334546318
0.405553282519214 0.008849315334546318
0.405553282519214 0.008849315334546318
0.405553282519214 0.008849315334546318
0.405553282519214 0.008849315334546318
0.405553282519214 0.008849315334546318
0.6486047645941366 0.008848579402343609
0.6486047645941366 0.008848579402343609
0.6486047645941366 0.008848579402343609
0.6486047645941366 0.008848579402343609
0.6486047645941366 0.008848579402343609
0.6486047645941366 0.008848579402343609
0.6486047645941366 0.008848579402343609
0.6486047645941366 0.008848579402343609
0.6486047645941366 0.008848579402343609
0.6486047645941366 0.008848579402343609
0.6486047645941366 0.008848579402343609
0.6486047645941366 0.008848579402343609
0.6486047645941366 0.008848579402343609
0.6486047645941366 0.008848579402343609
0.6486047645941366 0.008848579402343609
0.6486047645941366 0.008848579402343609
0.6486047645941366 0.008848579402343609
0.6486047645941366 0.008848579402343609
0.6486047645941366 0.008848579402343609
0.6486047645941366 0.008848579402343609
0.6486047645941366 0.008848579402343609
0.6486047645941366 0.008848579402343609
0.6486047645941366 0.008848579402343609
0.6486047645941366 0.008848579402343609
0.6486047645941366 0.008848579402343609
0.6486047645941366 0.008848579402343609
0.6486047645941366 0.008848579402343609
0.6486047645941366 0.008848579402343609
0.6486047645941366 0.008848579402343609
0.6486047645941366 0.008848579402343609
0.6486047645941366 0.008848579402343609
0.6486047645941366 0.008848579402343609
0.6486047645941366 0.008848579402343609
0.6486047645941366 0.008848579402343609
0.6486047645941366 0.008848579402343609
0.6486047645941366 0.008848579402343609
0.6486047645941366 0.008848579402343609
0.6486047645941366 0.008848579402343609
0.6486047645941366 0.008848579402343609
0.6486047645941366 0.008848579402343609
0.6486047645941366 0.008848579402343609
0.6486047645941366 0.008848579402343609
0.6486047645941366 0.008848579402343609
0.6486047645941366 0.008848579402343609
0.6486047645941366 0.008848579402343609
0.6486047645941366 0.008848579402343609
0.6486047645941366 0.008848579402343609
0.6486047645941366 0.008848579402343609
0.6486047645941366 0.008848579402343609
0.6486047645941366 0.008848579402343609
0.6486047645941366 0.008848579402343609
0.6486047645941366 0.008848579402343609
0.6486047645941366 0.008848579402343609
0.6486047645941366 0.008848579402343609
0.6486047645941366 0.008848579402343609
0.6486047645941366 0.008848579402343609
0.6486047645941366 0.008848579402343609
0.6486047645941366 0.008848579402343609
0.6486047645941366 0.008848579402343609
0.6486047645941366 0.008848579402343609
0.6486047645941366 0.008848579402343609
0.6486047645941366 0.008848579402343609
0.6486047645941366 0.008848579402343609
0.6486047645941366 0.008848579402343609
0.6486047645941366 0.008848579402343609
0.6486047645941366 0.008848579402343609
0.6486047645941366 0.008848579402343609
0.6486047645941366 0.008848579402343609
0.6486047645941366 0.008848579402343609
0.6486047645941366 0.008848579402343609
0.6486047645941366 0.008848579402343609
0.6486047645941366 0.008848579402343609
0.6486047645941366 0.008848579402343609
0.6486047645941366 0.008848579402343609
0.6486047645941366 0.008848579402343609
0.013083742794061205 0.008851058057514922
0.013083742794061205 0.008851058057514922
0.013083742794061205 0.008851058057514922
0.013083742794061205 0.008851058057514922
0.013083742794061205 0.008851058057514922
0.013083742794061205 0.008851058057514922
0.013083742794061205 0.008851058057514922
0.013083742794061205 0.008851058057514922
0.013083742794061205 0.008851058057514922
0.013083742794061205 0.008851058057514922
0.013083742794061205 0.008851058057514922
0.013083742794061205 0.008851058057514922
0.013083742794061205 0.008851058057514922
0.013083742794061205 0.008851058057514922
0.013083742794061205 0.008851058057514922
0.013083742794061205 0.008851058057514922
0.013083742794061205 0.008851058057514922
0.013083742794061205 0.008851058057514922
0.013083742794061205 0.008851058057514922
0.013083742794061205 0.008851058057514922
0.013083742794061205 0.008851058057514922
0.013083742794061205 0.008851058057514922
0.6410384728854118 0.008849288539780549
0.6410384728854118 0.008849288539780549
0.6410384728854118 0.008849288539780549
0.6410384728854118 0.008849288539780549
0.6410384728854118 0.008849288539780549
0.6410384728854118 0.008849288539780549
0.6410384728854118 0.008849288539780549
0.6410384728854118 0.008849288539780549
0.6410384728854118 0.008849288539780549
0.6410384728854118 0.008849288539780549
0.6410384728854118 0.008849288539780549
0.6410384728854118 0.008849288539780549
0.6410384728854118 0.008849288539780549
0.6410384728854118 0.008849288539780549
0.6410384728854118 0.008849288539780549
0.6410384728854118 0.008849288539780549
0.6410384728854118 0.008849288539780549
0.6410384728854118 0.008849288539780549
0.6410384728854118 0.008849288539780549
0.6410384728854118 0.008849288539780549
0.6410384728854118 0.008849288539780549
0.6410384728854118 0.008849288539780549
0.6410384728854118 0.008849288539780549
0.6410384728854118 0.008849288539780549
0.6410384728854118 0.008849288539780549
0.3981614063276433 0.00884971860321797
0.3981614063276433 0.00884971860321797
0.3981614063276433 0.00884971860321797
0.3981614063276433 0.00884971860321797
0.3981614063276433 0.00884971860321797
0.3981614063276433 0.00884971860321797
0.3981614063276433 0.00884971860321797
0.3981614063276433 0.00884971860321797
0.3981614063276433 0.00884971860321797
0.3981614063276433 0.00884971860321797
0.3981614063276433 0.00884971860321797
0.3981614063276433 0.00884971860321797
0.3981614063276433 0.00884971860321797
0.3981614063276433 0.00884971860321797
0.3981614063276433 0.00884971860321797
0.3981614063276433 0.00884971860321797
0.3981614063276433 0.00884971860321797
0.3981614063276433 0.00884971860321797
0.3981614063276433 0.00884971860321797
0.3981614063276433 0.00884971860321797
0.3981614063276433 0.00884971860321797
0.3981614063276433 0.00884971860321797
0.3981614063276433 0.00884971860321797
0.3981614063276433 0.00884971860321797
0.3981614063276433 0.00884971860321797
0.33413325084350104 0.008849248654685754
0.33413325084350104 0.008849248654685754
0.33413325084350104 0.008849248654685754
0.33413325084350104 0.008849248654685754
0.33413325084350104 0.008849248654685754
0.33413325084350104 0.008849248654685754
0.33413325084350104 0.008849248654685754
0.33413325084350104 0.008849248654685754
0.33413325084350104 0.008849248654685754
0.33413325084350104 0.008849248654685754
0.33413325084350104 0.008849248654685754
0.33413325084350104 0.008849248654685754
0.33413325084350104 0.008849248654685754
0.33413325084350104 0.008849248654685754
0.5980831990746478 0.008849886997781322
0.5980831990746478 0.008849886997781322
0.5980831990746478 0.008849886997781322
0.5980831990746478 0.008849886997781322
0.5980831990746478 0.008849886997781322
0.5980831990746478 0.008849886997781322
0.5980831990746478 0.008849886997781322
0.5980831990746478 0.008849886997781322
0.5980831990746478 0.008849886997781322
0.5980831990746478 0.008849886997781322
0.5980831990746478 0.008849886997781322
0.5980831990746478 0.008849886997781322
0.5980831990746478 0.008849886997781322
0.5980831990746478 0.008849886997781322
0.5980831990746478 0.008849886997781322
0.5980831990746478 0.008849886997781322
0.5980831990746478 0.008849886997781322
0.5980831990746478 0.008849886997781322
0.5980831990746478 0.008849886997781322
0.5980831990746478 0.008849886997781322
0.5980831990746478 0.008849886997781322
0.5980831990746478 0.008849886997781322
0.5980831990746478 0.008849886997781322
0.5980831990746478 0.008849886997781322
0.5980831990746478 0.008849886997781322
0.07052858476610091 0.00884938960321244
0.07052858476610091 0.00884938960321244
0.07052858476610091 0.00884938960321244
0.07052858476610091 0.00884938960321244
0.07052858476610091 0.00884938960321244
0.07052858476610091 0.00884938960321244
0.07052858476610091 0.00884938960321244
0.07052858476610091 0.00884938960321244
0.07052858476610091 0.00884938960321244
0.07052858476610091 0.00884938960321244
0.07052858476610091 0.00884938960321244
0.3275103442519347 0.008850839410771773
0.3275103442519347 0.008850839410771773
0.3275103442519347 0.008850839410771773
0.3275103442519347 0.008850839410771773
0.3275103442519347 0.008850839410771773
0.3275103442519347 0.008850839410771773
0.3275103442519347 0.008850839410771773
0.3275103442519347 0.008850839410771773
0.3275103442519347 0.008850839410771773
0.3275103442519347 0.008850839410771773
0.3275103442519347 0.008850839410771773
0.3275103442519347 0.008850839410771773
0.3275103442519347 0.008850839410771773
0.3275103442519347 0.008850839410771773
0.33659572829491197 0.008848579402343609
0.33659572829491197 0.008848579402343609
0.33659572829491197 0.008848579402343609
0.33659572829491197 0.008848579402343609
0.33659572829491197 0.008848579402343609
0.33659572829491197 0.008848579402343609
0.33659572829491197 0.008848579402343609
0.33659572829491197 0.008848579402343609
0.33659572829491197 0.008848579402343609
0.33659572829491197 0.008848579402343609
0.33659572829491197 0.008848579402343609
0.33659572829491197 0.008848579402343609
0.33659572829491197 0.008848579402343609
0.33659572829491197 0.008848579402343609
0.33659572829491197 0.008848579402343609
0.33659572829491197 0.008848579402343609
0.33659572829491197 0.008848579402343609
0.33659572829491197 0.008848579402343609
0.33659572829491197 0.008848579402343609
0.33659572829491197 0.008848579402343609
0.33659572829491197 0.008848579402343609
0.33659572829491197 0.008848579402343609
0.33659572829491197 0.008848579402343609
0.33659572829491197 0.008848579402343609
0.33659572829491197 0.008848579402343609
0.33659572829491197 0.008848579402343609
0.33659572829491197 0.008848579402343609
0.33659572829491197 0.008848579402343609
0.33659572829491197 0.008848579402343609
0.33659572829491197 0.008848579402343609
0.33659572829491197 0.008848579402343609
0.33659572829491197 0.008848579402343609
0.33659572829491197 0.008848579402343609
0.33659572829491197 0.008848579402343609
0.33659572829491197 0.008848579402343609
0.33659572829491197 0.008848579402343609
0.33659572829491197 0.008848579402343609
0.33659572829491197 0.008848579402343609
0.33659572829491197 0.008848579402343609
0.33659572829491197 0.008848579402343609
0.33659572829491197 0.008848579402343609
0.33659572829491197 0.008848579402343609
0.274470485912611 0.008849264192324114
0.274470485912611 0.008849264192324114
0.274470485912611 0.008849264192324114
0.274470485912611 0.008849264192324114
0.274470485912611 0.008849264192324114
0.274470485912611 0.008849264192324114
0.274470485912611 0.008849264192324114
0.274470485912611 0.008849264192324114
0.274470485912611 0.008849264192324114
0.274470485912611 0.008849264192324114
0.274470485912611 0.008849264192324114
0.274470485912611 0.008849264192324114
0.274470485912611 0.008849264192324114
0.274470485912611 0.008849264192324114
0.274470485912611 0.008849264192324114
0.274470485912611 0.008849264192324114
0.274470485912611 0.008849264192324114
0.274470485912611 0.008849264192324114
0.274470485912611 0.008849264192324114
0.274470485912611 0.008849264192324114
0.274470485912611 0.008849264192324114
0.274470485912611 0.008849264192324114
0.02350731020012321 0.008849167311601683
0.02350731020012321 0.008849167311601683
0.02350731020012321 0.008849167311601683
0.02350731020012321 0.008849167311601683
0.02350731020012321 0.008849167311601683
0.02350731020012321 0.008849167311601683
0.02350731020012321 0.008849167311601683
0.02350731020012321 0.008849167311601683
0.02350731020012321 0.008849167311601683
0.02350731020012321 0.008849167311601683
0.02350731020012321 0.008849167311601683
0.6334292032105108 0.008850023445405112
0.6334292032105108 0.008850023445405112
0.6334292032105108 0.008850023445405112
0.6334292032105108 0.008850023445405112
0.6334292032105108 0.008850023445405112
0.6334292032105108 0.008850023445405112
0.6334292032105108 0.008850023445405112
0.6334292032105108 0.008850023445405112
0.6334292032105108 0.008850023445405112
0.6334292032105108 0.008850023445405112
0.6334292032105108 0.008850023445405112
0.6334292032105108 0.008850023445405112
0.6334292032105108 0.008850023445405112
0.6334292032105108 0.008850023445405112
0.6334292032105108 0.008850023445405112
0.6334292032105108 0.008850023445405112
0.6334292032105108 0.008850023445405112
0.6334292032105108 0.008850023445405112
0.6334292032105108 0.008850023445405112
0.6334292032105108 0.008850023445405112
0.6334292032105108 0.008850023445405112
0.6334292032105108 0.008850023445405112
0.6334292032105108 0.008850023445405112
0.6334292032105108 0.008850023445405112
0.6334292032105108 0.008850023445405112
0.58257169913057 0.00885021177868556
0.58257169913057 0.00885021177868556
0.58257169913057 0.00885021177868556
0.58257169913057 0.00885021177868556
0.58257169913057 0.00885021177868556
0.58257169913057 0.00885021177868556
0.58257169913057 0.00885021177868556
0.58257169913057 0.00885021177868556
0.58257169913057 0.00885021177868556
0.58257169913057 0.00885021177868556
0.58257169913057 0.00885021177868556
0.58257169913057 0.00885021177868556
0.58257169913057 0.00885021177868556
0.58257169913057 0.00885021177868556
0.58257169913057 0.00885021177868556
0.58257169913057 0.00885021177868556
0.58257169913057 0.00885021177868556
0.58257169913057 0.00885021177868556
0.58257169913057 0.00885021177868556
0.58257169913057 0.00885021177868556
0.58257169913057 0.00885021177868556
0.58257169913057 0.00885021177868556
0.58257169913057 0.00885021177868556
0.58257169913057 0.00885021177868556
0.58257169913057 0.00885021177868556
0.42700346022046254 0.008849763034055843
0.42700346022046254 0.008849763034055843
0.42700346022046254 0.008849763034055843
0.42700346022046254 0.008849763034055843
0.42700346022046254 0.008849763034055843
0.42700346022046254 0.008849763034055843
0.42700346022046254 0.008849763034055843
0.42700346022046254 0.008849763034055843
0.42700346022046254 0.008849763034055843
0.42700346022046254 0.008849763034055843
0.42700346022046254 0.008849763034055843
0.42700346022046254 0.008849763034055843
0.42700346022046254 0.008849763034055843
0.42700346022046254 0.008849763034055843
0.42700346022046254 0.008849763034055843
0.42700346022046254 0.008849763034055843
0.42700346022046254 0.008849763034055843
0.42700346022046254 0.008849763034055843
0.42700346022046254 0.008849763034055843
0.42700346022046254 0.008849763034055843
0.42700346022046254 0.008849763034055843
0.42700346022046254 0.008849763034055843
0.42700346022046254 0.008849763034055843
0.42700346022046254 0.008849763034055843
0.42700346022046254 0.008849763034055843
0.17609032344952974 0.008840223014716962
0.17609032344952974 0.008840223014716962
0.17609032344952974 0.008840223014716962
0.17609032344952974 0.008840223014716962
0.17609032344952974 0.008840223014716962
0.17609032344952974 0.008840223014716962
0.17609032344952974 0.008840223014716962
0.17609032344952974 0.008840223014716962
0.17609032344952974 0.008840223014716962
0.17609032344952974 0.008840223014716962
0.17609032344952974 0.008840223014716962
0.17609032344952974 0.008840223014716962
0.17609032344952974 0.008840223014716962
0.17609032344952974 0.008840223014716962
0.17609032344952974 0.008840223014716962
0.17609032344952974 0.008840223014716962
0.17609032344952974 0.008840223014716962
0.17609032344952974 0.008840223014716962
0.17609032344952974 0.008840223014716962
0.17609032344952974 0.008840223014716962
0.17609032344952974 0.008840223014716962
0.17609032344952974 0.008840223014716962
0.17609032344952974 0.008840223014716962
0.17609032344952974 0.008840223014716962
0.17609032344952974 0.008840223014716962
0.17609032344952974 0.008840223014716962
0.17609032344952974 0.008840223014716962
0.17609032344952974 0.008840223014716962
0.17609032344952974 0.008840223014716962
0.17609032344952974 0.008840223014716962
0.17609032344952974 0.008840223014716962
0.17609032344952974 0.008840223014716962
0.17609032344952974 0.008840223014716962
0.17609032344952974 0.008840223014716962
0.17609032344952974 0.008840223014716962
0.17609032344952974 0.008840223014716962
0.17609032344952974 0.008840223014716962
0.17609032344952974 0.008840223014716962
0.17609032344952974 0.008840223014716962
0.17609032344952974 0.008840223014716962
0.17609032344952974 0.008840223014716962
0.17609032344952974 0.008840223014716962
0.17609032344952974 0.008840223014716962
0.17609032344952974 0.008840223014716962
0.17609032344952974 0.008840223014716962
0.17609032344952974 0.008840223014716962
0.17609032344952974 0.008840223014716962
0.17609032344952974 0.008840223014716962
0.17609032344952974 0.008840223014716962
0.17609032344952974 0.008840223014716962
0.01750974743207338 0.008848099049267122
0.01750974743207338 0.008848099049267122
0.01750974743207338 0.008848099049267122
0.01750974743207338 0.008848099049267122
0.01750974743207338 0.008848099049267122
0.01750974743207338 0.008848099049267122
0.01750974743207338 0.008848099049267122
0.01750974743207338 0.008848099049267122
0.01750974743207338 0.008848099049267122
0.01750974743207338 0.008848099049267122
0.01750974743207338 0.008848099049267122
0.06966667252376518 0.008849754505420094
0.06966667252376518 0.008849754505420094
0.06966667252376518 0.008849754505420094
0.06966667252376518 0.008849754505420094
0.06966667252376518 0.008849754505420094
0.06966667252376518 0.008849754505420094
0.06966667252376518 0.008849754505420094
0.06966667252376518 0.008849754505420094
0.06966667252376518 0.008849754505420094
0.06966667252376518 0.008849754505420094
0.06966667252376518 0.008849754505420094
0.27553419999796397 0.008848099049267122
0.27553419999796397 0.008848099049267122
0.27553419999796397 0.008848099049267122
0.27553419999796397 0.008848099049267122
0.27553419999796397 0.008848099049267122
0.27553419999796397 0.008848099049267122
0.27553419999796397 0.008848099049267122
0.27553419999796397 0.008848099049267122
0.27553419999796397 0.008848099049267122
0.27553419999796397 0.008848099049267122
0.27553419999796397 0.008848099049267122
0.27553419999796397 0.008848099049267122
0.27553419999796397 0.008848099049267122
0.27553419999796397 0.008848099049267122
0.27553419999796397 0.008848099049267122
0.27553419999796397 0.008848099049267122
0.27553419999796397 0.008848099049267122
0.27553419999796397 0.008848099049267122
0.27553419999796397 0.008848099049267122
0.27553419999796397 0.008848099049267122
0.27553419999796397 0.008848099049267122
0.27553419999796397 0.008848099049267122
0.27553419999796397 0.008848099049267122
0.27553419999796397 0.008848099049267122
0.27553419999796397 0.008848099049267122
0.03701869286396507 0.0088492670739162
0.03701869286396507 0.0088492670739162
0.03701869286396507 0.0088492670739162
0.03701869286396507 0.0088492670739162
0.03701869286396507 0.0088492670739162
0.03701869286396507 0.0088492670739162
0.03701869286396507 0.0088492670739162
0.03701869286396507 0.0088492670739162
0.03701869286396507 0.0088492670739162
0.03701869286396507 0.0088492670739162
0.03701869286396507 0.0088492670739162
0.3528852080253005 0.008849334874195534
0.3528852080253005 0.008849334874195534
0.3528852080253005 0.008849334874195534
0.3528852080253005 0.008849334874195534
0.3528852080253005 0.008849334874195534
0.3528852080253005 0.008849334874195534
0.3528852080253005 0.008849334874195534
0.3528852080253005 0.008849334874195534
0.3528852080253005 0.008849334874195534
0.3528852080253005 0.008849334874195534
0.3528852080253005 0.008849334874195534
0.3528852080253005 0.008849334874195534
0.3528852080253005 0.008849334874195534
0.3528852080253005 0.008849334874195534
0.5692473142796342 0.008851058057514922
0.5692473142796342 0.008851058057514922
0.5692473142796342 0.008851058057514922
0.5692473142796342 0.008851058057514922
0.5692473142796342 0.008851058057514922
0.5692473142796342 0.008851058057514922
0.5692473142796342 0.008851058057514922
0.5692473142796342 0.008851058057514922
0.5692473142796342 0.008851058057514922
0.5692473142796342 0.008851058057514922
0.5692473142796342 0.008851058057514922
0.5692473142796342 0.008851058057514922
0.5692473142796342 0.008851058057514922
0.5692473142796342 0.008851058057514922
0.5692473142796342 0.008851058057514922
0.5692473142796342 0.008851058057514922
0.5692473142796342 0.008851058057514922
0.5692473142796342 0.008851058057514922
0.5692473142796342 0.008851058057514922
0.5692473142796342 0.008851058057514922
0.5692473142796342 0.008851058057514922
0.5692473142796342 0.008851058057514922
0.5692473142796342 0.008851058057514922
0.5692473142796342 0.008851058057514922
0.5692473142796342 0.008851058057514922
0.5692473142796342 0.008851058057514922
0.5692473142796342 0.008851058057514922
0.5692473142796342 0.008851058057514922
0.5692473142796342 0.008851058057514922
0.5692473142796342 0.008851058057514922
0.5692473142796342 0.008851058057514922
0.5692473142796342 0.008851058057514922
0.5692473142796342 0.008851058057514922
0.5692473142796342 0.008851058057514922
0.5692473142796342 0.008851058057514922
0.5692473142796342 0.008851058057514922
0.5692473142796342 0.008851058057514922
0.5692473142796342 0.008851058057514922
0.5692473142796342 0.008851058057514922
0.5692473142796342 0.008851058057514922
0.5692473142796342 0.008851058057514922
0.5692473142796342 0.008851058057514922
0.5692473142796342 0.008851058057514922
0.5692473142796342 0.008851058057514922
0.5692473142796342 0.008851058057514922
0.5692473142796342 0.008851058057514922
0.5692473142796342 0.008851058057514922
0.5692473142796342 0.008851058057514922
0.5692473142796342 0.008851058057514922
0.5692473142796342 0.008851058057514922
0.630196228266147 0.008849528119304995
0.630196228266147 0.008849528119304995
0.630196228266147 0.008849528119304995
0.630196228266147 0.008849528119304995
0.630196228266147 0.008849528119304995
0.630196228266147 0.008849528119304995
0.630196228266147 0.008849528119304995
0.630196228266147 0.008849528119304995
0.630196228266147 0.008849528119304995
0.630196228266147 0.008849528119304995
0.630196228266147 0.008849528119304995
0.630196228266147 0.008849528119304995
0.630196228266147 0.008849528119304995
0.630196228266147 0.008849528119304995
0.630196228266147 0.008849528119304995
0.630196228266147 0.008849528119304995
0.630196228266147 0.008849528119304995
0.630196228266147 0.008849528119304995
0.630196228266147 0.008849528119304995
0.630196228266147 0.008849528119304995
0.630196228266147 0.008849528119304995
0.630196228266147 0.008849528119304995
0.630196228266147 0.008849528119304995
0.630196228266147 0.008849528119304995
0.630196228266147 0.008849528119304995
0.5341853421737258 0.00884938960321244
0.5341853421737258 0.00884938960321244
0.5341853421737258 0.00884938960321244
0.5341853421737258 0.00884938960321244
0.5341853421737258 0.00884938960321244
0.5341853421737258 0.00884938960321244
0.5341853421737258 0.00884938960321244
0.5341853421737258 0.00884938960321244
0.5341853421737258 0.00884938960321244
0.5341853421737258 0.00884938960321244
0.5341853421737258 0.00884938960321244
0.5341853421737258 0.00884938960321244
0.5341853421737258 0.00884938960321244
0.5341853421737258 0.00884938960321244
0.5341853421737258 0.00884938960321244
0.5341853421737258 0.00884938960321244
0.5341853421737258 0.00884938960321244
0.5341853421737258 0.00884938960321244
0.5341853421737258 0.00884938960321244
0.5341853421737258 0.00884938960321244
0.5341853421737258 0.00884938960321244
0.5341853421737258 0.00884938960321244
0.5341853421737258 0.00884938960321244
0.5341853421737258 0.00884938960321244
0.5341853421737258 0.00884938960321244
0.3532317976931851 0.008849167311601683
0.3532317976931851 0.008849167311601683
0.3532317976931851 0.008849167311601683
0.3532317976931851 0.008849167311601683
0.3532317976931851 0.008849167311601683
0.3532317976931851 0.008849167311601683
0.3532317976931851 0.008849167311601683
0.3532317976931851 0.008849167311601683
0.3532317976931851 0.008849167311601683
0.3532317976931851 0.008849167311601683
0.3532317976931851 0.008849167311601683
0.3532317976931851 0.008849167311601683
0.3532317976931851 0.008849167311601683
0.3532317976931851 0.008849167311601683
0.020058296196064758 0.008849528119304995
0.020058296196064758 0.008849528119304995
0.020058296196064758 0.008849528119304995
0.020058296196064758 0.008849528119304995
0.020058296196064758 0.008849528119304995
0.020058296196064758 0.008849528119304995
0.020058296196064758 0.008849528119304995
0.020058296196064758 0.008849528119304995
0.020058296196064758 0.008849528119304995
0.020058296196064758 0.008849528119304995
0.020058296196064758 0.008849528119304995
0.4174941383464247 0.008851058057514922
0.4174941383464247 0.008851058057514922
0.4174941383464247 0.008851058057514922
0.4174941383464247 0.008851058057514922
0.4174941383464247 0.008851058057514922
0.4174941383464247 0.008851058057514922
0.4174941383464247 0.008851058057514922
0.4174941383464247 0.008851058057514922
0.4174941383464247 0.008851058057514922
0.4174941383464247 0.008851058057514922
0.4174941383464247 0.008851058057514922
0.4174941383464247 0.008851058057514922
0.4174941383464247 0.008851058057514922
0.4174941383464247 0.008851058057514922
0.4174941383464247 0.008851058057514922
0.4174941383464247 0.008851058057514922
0.4174941383464247 0.008851058057514922
0.4174941383464247 0.008851058057514922
0.4174941383464247 0.008851058057514922
0.4174941383464247 0.008851058057514922
0.4174941383464247 0.008851058057514922
0.4174941383464247 0.008851058057514922
0.4174941383464247 0.008851058057514922
0.4174941383464247 0.008851058057514922
0.4174941383464247 0.008851058057514922
0.4174941383464247 0.008851058057514922
0.4174941383464247 0.008851058057514922
0.4174941383464247 0.008851058057514922
0.4026415514282535 0.008849754505420094
0.4026415514282535 0.008849754505420094
0.4026415514282535 0.008849754505420094
0.4026415514282535 0.008849754505420094
0.4026415514282535 0.008849754505420094
0.4026415514282535 0.008849754505420094
0.4026415514282535 0.008849754505420094
0.4026415514282535 0.008849754505420094
0.4026415514282535 0.008849754505420094
0.4026415514282535 0.008849754505420094
0.4026415514282535 0.008849754505420094
0.4026415514282535 0.008849754505420094
0.4026415514282535 0.008849754505420094
0.4026415514282535 0.008849754505420094
0.15220832542462837 0.008849565674813929
0.15220832542462837 0.008849565674813929
0.15220832542462837 0.008849565674813929
0.15220832542462837 0.008849565674813929
0.15220832542462837 0.008849565674813929
0.15220832542462837 0.008849565674813929
0.15220832542462837 0.008849565674813929
0.15220832542462837 0.008849565674813929
0.15220832542462837 0.008849565674813929
0.15220832542462837 0.008849565674813929
0.15220832542462837 0.008849565674813929
0.015612902758984972 0.008849205200220055
0.015612902758984972 0.008849205200220055
0.015612902758984972 0.008849205200220055
0.015612902758984972 0.008849205200220055
0.015612902758984972 0.008849205200220055
0.015612902758984972 0.008849205200220055
0.015612902758984972 0.008849205200220055
0.015612902758984972 0.008849205200220055
0.015612902758984972 0.008849205200220055
0.015612902758984972 0.008849205200220055
0.015612902758984972 0.008849205200220055
0.015612902758984972 0.008849205200220055
0.015612902758984972 0.008849205200220055
0.015612902758984972 0.008849205200220055
0.015612902758984972 0.008849205200220055
0.015612902758984972 0.008849205200220055
0.015612902758984972 0.008849205200220055
0.015612902758984972 0.008849205200220055
0.015612902758984972 0.008849205200220055
0.015612902758984972 0.008849205200220055
0.015612902758984972 0.008849205200220055
0.015612902758984972 0.008849205200220055
0.674522128465645 0.008850562959428293
0.674522128465645 0.008850562959428293
0.674522128465645 0.008850562959428293
0.674522128465645 0.008850562959428293
0.674522128465645 0.008850562959428293
0.674522128465645 0.008850562959428293
0.674522128465645 0.008850562959428293
0.674522128465645 0.008850562959428293
0.674522128465645 0.008850562959428293
0.674522128465645 0.008850562959428293
0.674522128465645 0.008850562959428293
0.674522128465645 0.008850562959428293
0.674522128465645 0.008850562959428293
0.674522128465645 0.008850562959428293
0.674522128465645 0.008850562959428293
0.674522128465645 0.008850562959428293
0.674522128465645 0.008850562959428293
0.674522128465645 0.008850562959428293
0.674522128465645 0.008850562959428293
0.674522128465645 0.008850562959428293
0.674522128465645 0.008850562959428293
0.674522128465645 0.008850562959428293
0.674522128465645 0.008850562959428293
0.674522128465645 0.008850562959428293
0.674522128465645 0.008850562959428293
0.39508440012385093 0.00884938960321244
0.39508440012385093 0.00884938960321244
0.39508440012385093 0.00884938960321244
0.39508440012385093 0.00884938960321244
0.39508440012385093 0.00884938960321244
0.39508440012385093 0.00884938960321244
0.39508440012385093 0.00884938960321244
0.39508440012385093 0.00884938960321244
0.39508440012385093 0.00884938960321244
0.39508440012385093 0.00884938960321244
0.39508440012385093 0.00884938960321244
0.39508440012385093 0.00884938960321244
0.39508440012385093 0.00884938960321244
0.39508440012385093 0.00884938960321244
0.03206671606279661 0.008848864860557089
0.03206671606279661 0.008848864860557089
0.03206671606279661 0.008848864860557089
0.03206671606279661 0.008848864860557089
0.03206671606279661 0.008848864860557089
0.03206671606279661 0.008848864860557089
0.03206671606279661 0.008848864860557089
0.03206671606279661 0.008848864860557089
0.03206671606279661 0.008848864860557089
0.03206671606279661 0.008848864860557089
0.03206671606279661 0.008848864860557089
0.5458787332159847 0.008849278066033153
0.5458787332159847 0.008849278066033153
0.5458787332159847 0.008849278066033153
0.5458787332159847 0.008849278066033153
0.5458787332159847 0.008849278066033153
0.5458787332159847 0.008849278066033153
0.5458787332159847 0.008849278066033153
0.5458787332159847 0.008849278066033153
0.5458787332159847 0.008849278066033153
0.5458787332159847 0.008849278066033153
0.5458787332159847 0.008849278066033153
0.5458787332159847 0.008849278066033153
0.5458787332159847 0.008849278066033153
0.5458787332159847 0.008849278066033153
0.5458787332159847 0.008849278066033153
0.5458787332159847 0.008849278066033153
0.5458787332159847 0.008849278066033153
0.5458787332159847 0.008849278066033153
0.5458787332159847 0.008849278066033153
0.5458787332159847 0.008849278066033153
0.5458787332159847 0.008849278066033153
0.5458787332159847 0.008849278066033153
0.5458787332159847 0.008849278066033153
0.5458787332159847 0.008849278066033153
0.5458787332159847 0.008849278066033153
0.5458787332159847 0.008849278066033153
0.5458787332159847 0.008849278066033153
0.5458787332159847 0.008849278066033153
0.5458787332159847 0.008849278066033153
0.5458787332159847 0.008849278066033153
0.5458787332159847 0.008849278066033153
0.5458787332159847 0.008849278066033153
0.5458787332159847 0.008849278066033153
0.5458787332159847 0.008849278066033153
0.5458787332159847 0.008849278066033153
0.5458787332159847 0.008849278066033153
0.5458787332159847 0.008849278066033153
0.5458787332159847 0.008849278066033153
0.5458787332159847 0.008849278066033153
0.5458787332159847 0.008849278066033153
0.5458787332159847 0.008849278066033153
0.5458787332159847 0.008849278066033153
0.5458787332159847 0.008849278066033153
0.5458787332159847 0.008849278066033153
0.5458787332159847 0.008849278066033153
0.5458787332159847 0.008849278066033153
0.5458787332159847 0.008849278066033153
0.5458787332159847 0.008849278066033153
0.5458787332159847 0.008849278066033153
0.5458787332159847 0.008849278066033153
0.6325828069359197 0.008848612887085118
0.6325828069359197 0.008848612887085118
0.6325828069359197 0.008848612887085118
0.6325828069359197 0.008848612887085118
0.6325828069359197 0.008848612887085118
0.6325828069359197 0.008848612887085118
0.6325828069359197 0.008848612887085118
0.6325828069359197 0.008848612887085118
0.6325828069359197 0.008848612887085118
0.6325828069359197 0.008848612887085118
0.6325828069359197 0.008848612887085118
0.6325828069359197 0.008848612887085118
0.6325828069359197 0.008848612887085118
0.6325828069359197 0.008848612887085118
0.6325828069359197 0.008848612887085118
0.6325828069359197 0.008848612887085118
0.6325828069359197 0.008848612887085118
0.6325828069359197 0.008848612887085118
0.6325828069359197 0.008848612887085118
0.6325828069359197 0.008848612887085118
0.6325828069359197 0.008848612887085118
0.6325828069359197 0.008848612887085118
0.6325828069359197 0.008848612887085118
0.6325828069359197 0.008848612887085118
0.6325828069359197 0.008848612887085118
0.02023924177387156 0.008849248654685754
0.02023924177387156 0.008849248654685754
0.02023924177387156 0.008849248654685754
0.02023924177387156 0.008849248654685754
0.02023924177387156 0.008849248654685754
0.02023924177387156 0.008849248654685754
0.02023924177387156 0.008849248654685754
0.02023924177387156 0.008849248654685754
0.02023924177387156 0.008849248654685754
0.02023924177387156 0.008849248654685754
0.02023924177387156 0.008849248654685754
0.6231419526804067 0.008849167311601683
0.6231419526804067 0.008849167311601683
0.6231419526804067 0.008849167311601683
0.6231419526804067 0.008849167311601683
0.6231419526804067 0.008849167311601683
0.6231419526804067 0.008849167311601683
0.6231419526804067 0.008849167311601683
0.6231419526804067 0.008849167311601683
0.6231419526804067 0.008849167311601683
0.6231419526804067 0.008849167311601683
0.6231419526804067 0.008849167311601683
0.6231419526804067 0.008849167311601683
0.6231419526804067 0.008849167311601683
0.6231419526804067 0.008849167311601683
0.6231419526804067 0.008849167311601683
0.6231419526804067 0.008849167311601683
0.6231419526804067 0.008849167311601683
0.6231419526804067 0.008849167311601683
0.6231419526804067 0.008849167311601683
0.6231419526804067 0.008849167311601683
0.6231419526804067 0.008849167311601683
0.6231419526804067 0.008849167311601683
0.6231419526804067 0.008849167311601683
0.6231419526804067 0.008849167311601683
0.6231419526804067 0.008849167311601683
0.010025256873887837 0.008850562959428293
0.010025256873887837 0.008850562959428293
0.010025256873887837 0.008850562959428293
0.010025256873887837 0.008850562959428293
0.010025256873887837 0.008850562959428293
0.010025256873887837 0.008850562959428293
0.010025256873887837 0.008850562959428293
0.010025256873887837 0.008850562959428293
0.010025256873887837 0.008850562959428293
0.010025256873887837 0.008850562959428293
0.010025256873887837 0.008850562959428293
0.6147770276708397 0.008848864860557089
0.6147770276708397 0.008848864860557089
0.6147770276708397 0.008848864860557089
0.6147770276708397 0.008848864860557089
0.6147770276708397 0.008848864860557089
0.6147770276708397 0.008848864860557089
0.6147770276708397 0.008848864860557089
0.6147770276708397 0.008848864860557089
0.6147770276708397 0.008848864860557089
0.6147770276708397 0.008848864860557089
0.6147770276708397 0.008848864860557089
0.6147770276708397 0.008848864860557089
0.6147770276708397 0.008848864860557089
0.6147770276708397 0.008848864860557089
0.6147770276708397 0.008848864860557089
0.6147770276708397 0.008848864860557089
0.6147770276708397 0.008848864860557089
0.6147770276708397 0.008848864860557089
0.6147770276708397 0.008848864860557089
0.6147770276708397 0.008848864860557089
0.6147770276708397 0.008848864860557089
0.6147770276708397 0.008848864860557089
0.6147770276708397 0.008848864860557089
0.6147770276708397 0.008848864860557089
0.6147770276708397 0.008848864860557089
0.07134403671927138 0.008849366359447004
0.07134403671927138 0.008849366359447004
0.07134403671927138 0.008849366359447004
0.07134403671927138 0.008849366359447004
0.07134403671927138 0.008849366359447004
0.07134403671927138 0.008849366359447004
0.07134403671927138 0.008849366359447004
0.07134403671927138 0.008849366359447004
0.07134403671927138 0.008849366359447004
0.07134403671927138 0.008849366359447004
0.07134403671927138 0.008849366359447004
0.3855588328417404 0.008851792872439734
0.3855588328417404 0.008851792872439734
0.3855588328417404 0.008851792872439734
0.3855588328417404 0.008851792872439734
0.3855588328417404 0.008851792872439734
0.3855588328417404 0.008851792872439734
0.3855588328417404 0.008851792872439734
0.3855588328417404 0.008851792872439734
0.3855588328417404 0.008851792872439734
0.3855588328417404 0.008851792872439734
0.3855588328417404 0.008851792872439734
0.3855588328417404 0.008851792872439734
0.3855588328417404 0.008851792872439734
0.3855588328417404 0.008851792872439734
0.3855588328417404 0.008851792872439734
0.3855588328417404 0.008851792872439734
0.3855588328417404 0.008851792872439734
0.3855588328417404 0.008851792872439734
0.3855588328417404 0.008851792872439734
0.3855588328417404 0.008851792872439734
0.3855588328417404 0.008851792872439734
0.3855588328417404 0.008851792872439734
0.3855588328417404 0.008851792872439734
0.3855588328417404 0.008851792872439734
0.3855588328417404 0.008851792872439734
0.3855588328417404 0.008851792872439734
0.3855588328417404 0.008851792872439734
0.3855588328417404 0.008851792872439734
0.6267585235979806 0.008849334874195534
0.6267585235979806 0.008849334874195534
0.6267585235979806 0.008849334874195534
0.6267585235979806 0.008849334874195534
0.6267585235979806 0.008849334874195534
0.6267585235979806 0.008849334874195534
0.6267585235979806 0.008849334874195534
0.6267585235979806 0.008849334874195534
0.6267585235979806 0.008849334874195534
0.6267585235979806 0.008849334874195534
0.6267585235979806 0.008849334874195534
0.6267585235979806 0.008849334874195534
0.6267585235979806 0.008849334874195534
0.6267585235979806 0.008849334874195534
0.6267585235979806 0.008849334874195534
0.6267585235979806 0.008849334874195534
0.6267585235979806 0.008849334874195534
0.6267585235979806 0.008849334874195534
0.6267585235979806 0.008849334874195534
0.6267585235979806 0.008849334874195534
0.6267585235979806 0.008849334874195534
0.6267585235979806 0.008849334874195534
0.6267585235979806 0.008849334874195534
0.6267585235979806 0.008849334874195534
0.6267585235979806 0.008849334874195534
0.36266224882529524 0.008849264192324114
0.36266224882529524 0.008849264192324114
0.36266224882529524 0.008849264192324114
0.36266224882529524 0.008849264192324114
0.36266224882529524 0.008849264192324114
0.36266224882529524 0.008849264192324114
0.36266224882529524 0.008849264192324114
0.36266224882529524 0.008849264192324114
0.36266224882529524 0.008849264192324114
0.36266224882529524 0.008849264192324114
0.36266224882529524 0.008849264192324114
0.36266224882529524 0.008849264192324114
0.36266224882529524 0.008849264192324114
0.36266224882529524 0.008849264192324114
0.36266224882529524 0.008849264192324114
0.36266224882529524 0.008849264192324114
0.36266224882529524 0.008849264192324114
0.36266224882529524 0.008849264192324114
0.36266224882529524 0.008849264192324114
0.36266224882529524 0.008849264192324114
0.36266224882529524 0.008849264192324114
0.36266224882529524 0.008849264192324114
0.36266224882529524 0.008849264192324114
0.36266224882529524 0.008849264192324114
0.36266224882529524 0.008849264192324114
0.36266224882529524 0.008849264192324114
0.36266224882529524 0.008849264192324114
0.36266224882529524 0.008849264192324114
0.36266224882529524 0.008849264192324114
0.36266224882529524 0.008849264192324114
0.36266224882529524 0.008849264192324114
0.36266224882529524 0.008849264192324114
0.36266224882529524 0.008849264192324114
0.36266224882529524 0.008849264192324114
0.36266224882529524 0.008849264192324114
0.36266224882529524 0.008849264192324114
0.36266224882529524 0.008849264192324114
0.36266224882529524 0.008849264192324114
0.36266224882529524 0.008849264192324114
0.36266224882529524 0.008849264192324114
0.36266224882529524 0.008849264192324114
0.36266224882529524 0.008849264192324114
0.36266224882529524 0.008849264192324114
0.36266224882529524 0.008849264192324114
0.36266224882529524 0.008849264192324114
0.36266224882529524 0.008849264192324114
0.36266224882529524 0.008849264192324114
0.36266224882529524 0.008849264192324114
0.36266224882529524 0.008849264192324114
0.36266224882529524 0.008849264192324114
0.4237760549598176 0.008849565674813929
0.4237760549598176 0.008849565674813929
0.4237760549598176 0.008849565674813929
0.4237760549598176 0.008849565674813929
0.4237760549598176 0.008849565674813929
0.4237760549598176 0.008849565674813929
0.4237760549598176 0.008849565674813929
0.4237760549598176 0.008849565674813929
0.4237760549598176 0.008849565674813929
0.4237760549598176 0.008849565674813929
0.4237760549598176 0.008849565674813929
0.4237760549598176 0.008849565674813929
0.4237760549598176 0.008849565674813929
0.4237760549598176 0.008849565674813929
0.4237760549598176 0.008849565674813929
0.4237760549598176 0.008849565674813929
0.4237760549598176 0.008849565674813929
0.4237760549598176 0.008849565674813929
0.4237760549598176 0.008849565674813929
0.4237760549598176 0.008849565674813929
0.4237760549598176 0.008849565674813929
0.4237760549598176 0.008849565674813929
0.4237760549598176 0.008849565674813929
0.4237760549598176 0.008849565674813929
0.4237760549598176 0.008849565674813929
0.6958803885283965 0.008850869206174434
0.6958803885283965 0.008850869206174434
0.6958803885283965 0.008850869206174434
0.6958803885283965 0.008850869206174434
0.6958803885283965 0.008850869206174434
0.6958803885283965 0.008850869206174434
0.6958803885283965 0.008850869206174434
0.6958803885283965 0.008850869206174434
0.6958803885283965 0.008850869206174434
0.6958803885283965 0.008850869206174434
0.6958803885283965 0.008850869206174434
0.6958803885283965 0.008850869206174434
0.6958803885283965 0.008850869206174434
0.6958803885283965 0.008850869206174434
0.6958803885283965 0.008850869206174434
0.6958803885283965 0.008850869206174434
0.6958803885283965 0.008850869206174434
0.6958803885283965 0.008850869206174434
0.6958803885283965 0.008850869206174434
0.6958803885283965 0.008850869206174434
0.6958803885283965 0.008850869206174434
0.6958803885283965 0.008850869206174434
0.6958803885283965 0.008850869206174434
0.6958803885283965 0.008850869206174434
0.6958803885283965 0.008850869206174434
0.34962868292975924 0.008849528119304995
0.34962868292975924 0.008849528119304995
0.34962868292975924 0.008849528119304995
0.34962868292975924 0.008849528119304995
0.34962868292975924 0.008849528119304995
0.34962868292975924 0.008849528119304995
0.34962868292975924 0.008849528119304995
0.34962868292975924 0.008849528119304995
0.34962868292975924 0.008849528119304995
0.34962868292975924 0.008849528119304995
0.34962868292975924 0.008849528119304995
0.34962868292975924 0.008849528119304995
0.34962868292975924 0.008849528119304995
0.34962868292975924 0.008849528119304995
0.3530396396832011 0.008848864860557089
0.3530396396832011 0.008848864860557089
0.3530396396832011 0.008848864860557089
0.3530396396832011 0.008848864860557089
0.3530396396832011 0.008848864860557089
0.3530396396832011 0.008848864860557089
0.3530396396832011 0.008848864860557089
0.3530396396832011 0.008848864860557089
0.3530396396832011 0.008848864860557089
0.3530396396832011 0.008848864860557089
0.3530396396832011 0.008848864860557089
0.3530396396832011 0.008848864860557089
0.3530396396832011 0.008848864860557089
0.3530396396832011 0.008848864860557089
0.14455958452879236 0.008849697313219258
0.14455958452879236 0.008849697313219258
0.14455958452879236 0.008849697313219258
0.14455958452879236 0.008849697313219258
0.14455958452879236 0.008849697313219258
0.14455958452879236 0.008849697313219258
0.14455958452879236 0.008849697313219258
0.14455958452879236 0.008849697313219258
0.14455958452879236 0.008849697313219258
0.14455958452879236 0.008849697313219258
0.14455958452879236 0.008849697313219258
0.4237760549598176 0.008849565674813929
0.4237760549598176 0.008849565674813929
0.4237760549598176 0.008849565674813929
0.4237760549598176 0.008849565674813929
0.4237760549598176 0.008849565674813929
0.4237760549598176 0.008849565674813929
0.4237760549598176 0.008849565674813929
0.4237760549598176 0.008849565674813929
0.4237760549598176 0.008849565674813929
0.4237760549598176 0.008849565674813929
0.4237760549598176 0.008849565674813929
0.4237760549598176 0.008849565674813929
0.4237760549598176 0.008849565674813929
0.4237760549598176 0.008849565674813929
0.3465720868154386 0.008850023445405112
0.3465720868154386 0.008850023445405112
0.3465720868154386 0.008850023445405112
0.3465720868154386 0.008850023445405112
0.3465720868154386 0.008850023445405112
0.3465720868154386 0.008850023445405112
0.3465720868154386 0.008850023445405112
0.3465720868154386 0.008850023445405112
0.3465720868154386 0.008850023445405112
0.3465720868154386 0.008850023445405112
0.3465720868154386 0.008850023445405112
0.3465720868154386 0.008850023445405112
0.3465720868154386 0.008850023445405112
0.3465720868154386 0.008850023445405112
0.8116765055778771 0.008840223014716962
0.8116765055778771 0.008840223014716962
0.8116765055778771 0.008840223014716962
0.8116765055778771 0.008840223014716962
0.8116765055778771 0.008840223014716962
0.8116765055778771 0.008840223014716962
0.8116765055778771 0.008840223014716962
0.8116765055778771 0.008840223014716962
0.8116765055778771 0.008840223014716962
0.8116765055778771 0.008840223014716962
0.8116765055778771 0.008840223014716962
0.8116765055778771 0.008840223014716962
0.8116765055778771 0.008840223014716962
0.8116765055778771 0.008840223014716962
0.8116765055778771 0.008840223014716962
0.8116765055778771 0.008840223014716962
0.8116765055778771 0.008840223014716962
0.8116765055778771 0.008840223014716962
0.8116765055778771 0.008840223014716962
0.8116765055778771 0.008840223014716962
0.8116765055778771 0.008840223014716962
0.8116765055778771 0.008840223014716962
0.8116765055778771 0.008840223014716962
0.8116765055778771 0.008840223014716962
0.8116765055778771 0.008840223014716962
0.8116765055778771 0.008840223014716962
0.8116765055778771 0.008840223014716962
0.8116765055778771 0.008840223014716962
0.5605452466438319 0.008849717537474395
0.5605452466438319 0.008849717537474395
0.5605452466438319 0.008849717537474395
0.5605452466438319 0.008849717537474395
0.5605452466438319 0.008849717537474395
0.5605452466438319 0.008849717537474395
0.5605452466438319 0.008849717537474395
0.5605452466438319 0.008849717537474395
0.5605452466438319 0.008849717537474395
0.5605452466438319 0.008849717537474395
0.5605452466438319 0.008849717537474395
0.5605452466438319 0.008849717537474395
0.5605452466438319 0.008849717537474395
0.5605452466438319 0.008849717537474395
0.5605452466438319 0.008849717537474395
0.5605452466438319 0.008849717537474395
0.5605452466438319 0.008849717537474395
0.5605452466438319 0.008849717537474395
0.5605452466438319 0.008849717537474395
0.5605452466438319 0.008849717537474395
0.5605452466438319 0.008849717537474395
0.5605452466438319 0.008849717537474395
0.5605452466438319 0.008849717537474395
0.5605452466438319 0.008849717537474395
0.5605452466438319 0.008849717537474395
0.3599427501698308 0.008849330265428548
0.3599427501698308 0.008849330265428548
0.3599427501698308 0.008849330265428548
0.3599427501698308 0.008849330265428548
0.3599427501698308 0.008849330265428548
0.3599427501698308 0.008849330265428548
0.3599427501698308 0.008849330265428548
0.3599427501698308 0.008849330265428548
0.3599427501698308 0.008849330265428548
0.3599427501698308 0.008849330265428548
0.3599427501698308 0.008849330265428548
0.3599427501698308 0.008849330265428548
0.3599427501698308 0.008849330265428548
0.3599427501698308 0.008849330265428548
0.5926238231682358 0.0088492670739162
0.5926238231682358 0.0088492670739162
0.5926238231682358 0.0088492670739162
0.5926238231682358 0.0088492670739162
0.5926238231682358 0.0088492670739162
0.5926238231682358 0.0088492670739162
0.5926238231682358 0.0088492670739162
0.5926238231682358 0.0088492670739162
0.5926238231682358 0.0088492670739162
0.5926238231682358 0.0088492670739162
0.5926238231682358 0.0088492670739162
0.5926238231682358 0.0088492670739162
0.5926238231682358 0.0088492670739162
0.5926238231682358 0.0088492670739162
0.5926238231682358 0.0088492670739162
0.5926238231682358 0.0088492670739162
0.5926238231682358 0.0088492670739162
0.5926238231682358 0.0088492670739162
0.5926238231682358 0.0088492670739162
0.5926238231682358 0.0088492670739162
0.5926238231682358 0.0088492670739162
0.5926238231682358 0.0088492670739162
0.5926238231682358 0.0088492670739162
0.5926238231682358 0.0088492670739162
0.5926238231682358 0.0088492670739162
0.014675429138642159 0.008848579402343609
0.014675429138642159 0.008848579402343609
0.014675429138642159 0.008848579402343609
0.014675429138642159 0.008848579402343609
0.014675429138642159 0.008848579402343609
0.014675429138642159 0.008848579402343609
0.014675429138642159 0.008848579402343609
0.014675429138642159 0.008848579402343609
0.014675429138642159 0.008848579402343609
0.014675429138642159 0.008848579402343609
0.014675429138642159 0.008848579402343609
0.014675429138642159 0.008848579402343609
0.014675429138642159 0.008848579402343609
0.014675429138642159 0.008848579402343609
0.014675429138642159 0.008848579402343609
0.014675429138642159 0.008848579402343609
0.014675429138642159 0.008848579402343609
0.014675429138642159 0.008848579402343609
0.014675429138642159 0.008848579402343609
0.014675429138642159 0.008848579402343609
0.014675429138642159 0.008848579402343609
0.014675429138642159 0.008848579402343609
0.014675429138642159 0.008848579402343609
0.014675429138642159 0.008848579402343609
0.014675429138642159 0.008848579402343609
0.014675429138642159 0.008848579402343609
0.014675429138642159 0.008848579402343609
0.014675429138642159 0.008848579402343609
0.014675429138642159 0.008848579402343609
0.014675429138642159 0.008848579402343609
0.014675429138642159 0.008848579402343609
0.014675429138642159 0.008848579402343609
0.014675429138642159 0.008848579402343609
0.3644593161757618 0.008849886997781322
0.3644593161757618 0.008849886997781322
0.3644593161757618 0.008849886997781322
0.3644593161757618 0.008849886997781322
0.3644593161757618 0.008849886997781322
0.3644593161757618 0.008849886997781322
0.3644593161757618 0.008849886997781322
0.3644593161757618 0.008849886997781322
0.3644593161757618 0.008849886997781322
0.3644593161757618 0.008849886997781322
0.3644593161757618 0.008849886997781322
0.3644593161757618 0.008849886997781322
0.3644593161757618 0.008849886997781322
0.3644593161757618 0.008849886997781322
0.02023838793443153 0.008849334874195534
0.02023838793443153 0.008849334874195534
0.02023838793443153 0.008849334874195534
0.02023838793443153 0.008849334874195534
0.02023838793443153 0.008849334874195534
0.02023838793443153 0.008849334874195534
0.02023838793443153 0.008849334874195534
0.02023838793443153 0.008849334874195534
0.02023838793443153 0.008849334874195534
0.02023838793443153 0.008849334874195534
0.02023838793443153 0.008849334874195534
0.4275993447366023 0.008849697313219258
0.4275993447366023 0.008849697313219258
0.4275993447366023 0.008849697313219258
0.4275993447366023 0.008849697313219258
0.4275993447366023 0.008849697313219258
0.4275993447366023 0.008849697313219258
0.4275993447366023 0.008849697313219258
0.4275993447366023 0.008849697313219258
0.4275993447366023 0.008849697313219258
0.4275993447366023 0.008849697313219258
0.4275993447366023 0.008849697313219258
0.4275993447366023 0.008849697313219258
0.4275993447366023 0.008849697313219258
0.4275993447366023 0.008849697313219258
0.18866417181333042 0.008849315334546318
0.18866417181333042 0.008849315334546318
0.18866417181333042 0.008849315334546318
0.18866417181333042 0.008849315334546318
0.18866417181333042 0.008849315334546318
0.18866417181333042 0.008849315334546318
0.18866417181333042 0.008849315334546318
0.18866417181333042 0.008849315334546318
0.18866417181333042 0.008849315334546318
0.18866417181333042 0.008849315334546318
0.18866417181333042 0.008849315334546318
0.662076839607455 0.008850839410771773
0.662076839607455 0.008850839410771773
0.662076839607455 0.008850839410771773
0.662076839607455 0.008850839410771773
0.662076839607455 0.008850839410771773
0.662076839607455 0.008850839410771773
0.662076839607455 0.008850839410771773
0.662076839607455 0.008850839410771773
0.662076839607455 0.008850839410771773
0.662076839607455 0.008850839410771773
0.662076839607455 0.008850839410771773
0.662076839607455 0.008850839410771773
0.662076839607455 0.008850839410771773
0.662076839607455 0.008850839410771773
0.662076839607455 0.008850839410771773
0.662076839607455 0.008850839410771773
0.662076839607455 0.008850839410771773
0.662076839607455 0.008850839410771773
0.662076839607455 0.008850839410771773
0.662076839607455 0.008850839410771773
0.662076839607455 0.008850839410771773
0.662076839607455 0.008850839410771773
0.662076839607455 0.008850839410771773
0.662076839607455 0.008850839410771773
0.662076839607455 0.008850839410771773
0.3981614063276433 0.00884971860321797
0.3981614063276433 0.00884971860321797
0.3981614063276433 0.00884971860321797
0.3981614063276433 0.00884971860321797
0.3981614063276433 0.00884971860321797
0.3981614063276433 0.00884971860321797
0.3981614063276433 0.00884971860321797
0.3981614063276433 0.00884971860321797
0.3981614063276433 0.00884971860321797
0.3981614063276433 0.00884971860321797
0.3981614063276433 0.00884971860321797
0.3981614063276433 0.00884971860321797
0.3981614063276433 0.00884971860321797
0.3981614063276433 0.00884971860321797
0.6304326407002733 0.008849330265428548
0.6304326407002733 0.008849330265428548
0.6304326407002733 0.008849330265428548
0.6304326407002733 0.008849330265428548
0.6304326407002733 0.008849330265428548
0.6304326407002733 0.008849330265428548
0.6304326407002733 0.008849330265428548
0.6304326407002733 0.008849330265428548
0.6304326407002733 0.008849330265428548
0.6304326407002733 0.008849330265428548
0.6304326407002733 0.008849330265428548
0.6304326407002733 0.008849330265428548
0.6304326407002733 0.008849330265428548
0.6304326407002733 0.008849330265428548
0.6304326407002733 0.008849330265428548
0.6304326407002733 0.008849330265428548
0.6304326407002733 0.008849330265428548
0.6304326407002733 0.008849330265428548
0.6304326407002733 0.008849330265428548
0.6304326407002733 0.008849330265428548
0.6304326407002733 0.008849330265428548
0.6304326407002733 0.008849330265428548
0.6304326407002733 0.008849330265428548
0.6304326407002733 0.008849330265428548
0.6304326407002733 0.008849330265428548
0.33261759874966534 0.008849205200220055
0.33261759874966534 0.008849205200220055
0.33261759874966534 0.008849205200220055
0.33261759874966534 0.008849205200220055
0.33261759874966534 0.008849205200220055
0.33261759874966534 0.008849205200220055
0.33261759874966534 0.008849205200220055
0.33261759874966534 0.008849205200220055
0.33261759874966534 0.008849205200220055
0.33261759874966534 0.008849205200220055
0.33261759874966534 0.008849205200220055
0.33261759874966534 0.008849205200220055
0.33261759874966534 0.008849205200220055
0.33261759874966534 0.008849205200220055
0.33261759874966534 0.008849205200220055
0.33261759874966534 0.008849205200220055
0.33261759874966534 0.008849205200220055
0.33261759874966534 0.008849205200220055
0.33261759874966534 0.008849205200220055
0.33261759874966534 0.008849205200220055
0.33261759874966534 0.008849205200220055
0.33261759874966534 0.008849205200220055
0.33261759874966534 0.008849205200220055
0.33261759874966534 0.008849205200220055
0.33261759874966534 0.008849205200220055
0.33261759874966534 0.008849205200220055
0.33261759874966534 0.008849205200220055
0.33261759874966534 0.008849205200220055
0.19097410899089604 0.008849659058213406
0.19097410899089604 0.008849659058213406
0.19097410899089604 0.008849659058213406
0.19097410899089604 0.008849659058213406
0.19097410899089604 0.008849659058213406
0.19097410899089604 0.008849659058213406
0.19097410899089604 0.008849659058213406
0.19097410899089604 0.008849659058213406
0.19097410899089604 0.008849659058213406
0.19097410899089604 0.008849659058213406
0.19097410899089604 0.008849659058213406
0.37023741301678265 0.0088492670739162
0.37023741301678265 0.0088492670739162
0.37023741301678265 0.0088492670739162
0.37023741301678265 0.0088492670739162
0.37023741301678265 0.0088492670739162
0.37023741301678265 0.0088492670739162
0.37023741301678265 0.0088492670739162
0.37023741301678265 0.0088492670739162
0.37023741301678265 0.0088492670739162
0.37023741301678265 0.0088492670739162
0.37023741301678265 0.0088492670739162
0.37023741301678265 0.0088492670739162
0.37023741301678265 0.0088492670739162
0.37023741301678265 0.0088492670739162
0.4275993447366023 0.008849697313219258
0.4275993447366023 0.008849697313219258
0.4275993447366023 0.008849697313219258
0.4275993447366023 0.008849697313219258
0.4275993447366023 0.008849697313219258
0.4275993447366023 0.008849697313219258
0.4275993447366023 0.008849697313219258
0.4275993447366023 0.008849697313219258
0.4275993447366023 0.008849697313219258
0.4275993447366023 0.008849697313219258
0.4275993447366023 0.008849697313219258
0.4275993447366023 0.008849697313219258
0.4275993447366023 0.008849697313219258
0.4275993447366023 0.008849697313219258
0.4275993447366023 0.008849697313219258
0.4275993447366023 0.008849697313219258
0.4275993447366023 0.008849697313219258
0.4275993447366023 0.008849697313219258
0.4275993447366023 0.008849697313219258
0.4275993447366023 0.008849697313219258
0.4275993447366023 0.008849697313219258
0.4275993447366023 0.008849697313219258
0.4275993447366023 0.008849697313219258
0.4275993447366023 0.008849697313219258
0.4275993447366023 0.008849697313219258
0.38798413696749134 0.008849366359447004
0.38798413696749134 0.008849366359447004
0.38798413696749134 0.008849366359447004
0.38798413696749134 0.008849366359447004
0.38798413696749134 0.008849366359447004
0.38798413696749134 0.008849366359447004
0.38798413696749134 0.008849366359447004
0.38798413696749134 0.008849366359447004
0.38798413696749134 0.008849366359447004
0.38798413696749134 0.008849366359447004
0.38798413696749134 0.008849366359447004
0.38798413696749134 0.008849366359447004
0.38798413696749134 0.008849366359447004
0.38798413696749134 0.008849366359447004
0.010275687728795774 0.008850839410771773
0.010275687728795774 0.008850839410771773
0.010275687728795774 0.008850839410771773
0.010275687728795774 0.008850839410771773
0.010275687728795774 0.008850839410771773
0.010275687728795774 0.008850839410771773
0.010275687728795774 0.008850839410771773
0.010275687728795774 0.008850839410771773
0.010275687728795774 0.008850839410771773
0.010275687728795774 0.008850839410771773
0.010275687728795774 0.008850839410771773
0.6044426669332933 0.008851792872439734
0.6044426669332933 0.008851792872439734
0.6044426669332933 0.008851792872439734
0.6044426669332933 0.008851792872439734
0.6044426669332933 0.008851792872439734
0.6044426669332933 0.008851792872439734
0.6044426669332933 0.008851792872439734
0.6044426669332933 0.008851792872439734
0.6044426669332933 0.008851792872439734
0.6044426669332933 0.008851792872439734
0.6044426669332933 0.008851792872439734
0.6044426669332933 0.008851792872439734
0.6044426669332933 0.008851792872439734
0.6044426669332933 0.008851792872439734
0.6044426669332933 0.008851792872439734
0.6044426669332933 0.008851792872439734
0.6044426669332933 0.008851792872439734
0.6044426669332933 0.008851792872439734
0.6044426669332933 0.008851792872439734
0.6044426669332933 0.008851792872439734
0.6044426669332933 0.008851792872439734
0.6044426669332933 0.008851792872439734
0.6044426669332933 0.008851792872439734
0.6044426669332933 0.008851792872439734
0.6044426669332933 0.008851792872439734
0.6044426669332933 0.008851792872439734
0.6044426669332933 0.008851792872439734
0.6044426669332933 0.008851792872439734
0.6044426669332933 0.008851792872439734
0.6044426669332933 0.008851792872439734
0.6044426669332933 0.008851792872439734
0.6044426669332933 0.008851792872439734
0.6044426669332933 0.008851792872439734
0.6044426669332933 0.008851792872439734
0.6044426669332933 0.008851792872439734
0.6044426669332933 0.008851792872439734
0.6044426669332933 0.008851792872439734
0.6044426669332933 0.008851792872439734
0.6044426669332933 0.008851792872439734
0.6044426669332933 0.008851792872439734
0.6044426669332933 0.008851792872439734
0.6044426669332933 0.008851792872439734
0.6044426669332933 0.008851792872439734
0.6044426669332933 0.008851792872439734
0.6044426669332933 0.008851792872439734
0.6044426669332933 0.008851792872439734
0.6044426669332933 0.008851792872439734
0.6044426669332933 0.008851792872439734
0.6044426669332933 0.008851792872439734
0.6044426669332933 0.008851792872439734
0.35194289855591143 0.008848612887085118
0.35194289855591143 0.008848612887085118
0.35194289855591143 0.008848612887085118
0.35194289855591143 0.008848612887085118
0.35194289855591143 0.008848612887085118
0.35194289855591143 0.008848612887085118
0.35194289855591143 0.008848612887085118
0.35194289855591143 0.008848612887085118
0.35194289855591143 0.008848612887085118
0.35194289855591143 0.008848612887085118
0.35194289855591143 0.008848612887085118
0.35194289855591143 0.008848612887085118
0.35194289855591143 0.008848612887085118
0.35194289855591143 0.008848612887085118
0.20345210289475918 0.00884971860321797
0.20345210289475918 0.00884971860321797
0.20345210289475918 0.00884971860321797
0.20345210289475918 0.00884971860321797
0.20345210289475918 0.00884971860321797
0.20345210289475918 0.00884971860321797
0.20345210289475918 0.00884971860321797
0.20345210289475918 0.00884971860321797
0.20345210289475918 0.00884971860321797
0.20345210289475918 0.00884971860321797
0.20345210289475918 0.00884971860321797
0.36266224882529524 0.008849264192324114
0.36266224882529524 0.008849264192324114
0.36266224882529524 0.008849264192324114
0.36266224882529524 0.008849264192324114
0.36266224882529524 0.008849264192324114
0.36266224882529524 0.008849264192324114
0.36266224882529524 0.008849264192324114
0.36266224882529524 0.008849264192324114
0.36266224882529524 0.008849264192324114
0.36266224882529524 0.008849264192324114
0.36266224882529524 0.008849264192324114
0.36266224882529524 0.008849264192324114
0.36266224882529524 0.008849264192324114
0.36266224882529524 0.008849264192324114
0.36266224882529524 0.008849264192324114
0.36266224882529524 0.008849264192324114
0.36266224882529524 0.008849264192324114
0.36266224882529524 0.008849264192324114
0.36266224882529524 0.008849264192324114
0.36266224882529524 0.008849264192324114
0.36266224882529524 0.008849264192324114
0.36266224882529524 0.008849264192324114
0.36266224882529524 0.008849264192324114
0.36266224882529524 0.008849264192324114
0.36266224882529524 0.008849264192324114
0.36266224882529524 0.008849264192324114
0.36266224882529524 0.008849264192324114
0.36266224882529524 0.008849264192324114
0.015344559168262262 0.008848612887085118
0.015344559168262262 0.008848612887085118
0.015344559168262262 0.008848612887085118
0.015344559168262262 0.008848612887085118
0.015344559168262262 0.008848612887085118
0.015344559168262262 0.008848612887085118
0.015344559168262262 0.008848612887085118
0.015344559168262262 0.008848612887085118
0.015344559168262262 0.008848612887085118
0.015344559168262262 0.008848612887085118
0.015344559168262262 0.008848612887085118
0.4043986402955757 0.008849659058213406
0.4043986402955757 0.008849659058213406
0.4043986402955757 0.008849659058213406
0.4043986402955757 0.008849659058213406
0.4043986402955757 0.008849659058213406
0.4043986402955757 0.008849659058213406
0.4043986402955757 0.008849659058213406
0.4043986402955757 0.008849659058213406
0.4043986402955757 0.008849659058213406
0.4043986402955757 0.008849659058213406
0.4043986402955757 0.008849659058213406
0.4043986402955757 0.008849659058213406
0.4043986402955757 0.008849659058213406
0.4043986402955757 0.008849659058213406
0.5404797799148274 0.008849366359447004
0.5404797799148274 0.008849366359447004
0.5404797799148274 0.008849366359447004
0.5404797799148274 0.008849366359447004
0.5404797799148274 0.008849366359447004
0.5404797799148274 0.008849366359447004
0.5404797799148274 0.008849366359447004
0.5404797799148274 0.008849366359447004
0.5404797799148274 0.008849366359447004
0.5404797799148274 0.008849366359447004
0.5404797799148274 0.008849366359447004
0.5404797799148274 0.008849366359447004
0.5404797799148274 0.008849366359447004
0.5404797799148274 0.008849366359447004
0.5404797799148274 0.008849366359447004
0.5404797799148274 0.008849366359447004
0.5404797799148274 0.008849366359447004
0.5404797799148274 0.008849366359447004
0.5404797799148274 0.008849366359447004
0.5404797799148274 0.008849366359447004
0.5404797799148274 0.008849366359447004
0.5404797799148274 0.008849366359447004
0.5404797799148274 0.008849366359447004
0.5404797799148274 0.008849366359447004
0.5404797799148274 0.008849366359447004
0.6455158909858598 0.008849248654685754
0.6455158909858598 0.008849248654685754
0.6455158909858598 0.008849248654685754
0.6455158909858598 0.008849248654685754
0.6455158909858598 0.008849248654685754
0.6455158909858598 0.008849248654685754
0.6455158909858598 0.008849248654685754
0.6455158909858598 0.008849248654685754
0.6455158909858598 0.008849248654685754
0.6455158909858598 0.008849248654685754
0.6455158909858598 0.008849248654685754
0.6455158909858598 0.008849248654685754
0.6455158909858598 0.008849248654685754
0.6455158909858598 0.008849248654685754
0.6455158909858598 0.008849248654685754
0.6455158909858598 0.008849248654685754
0.6455158909858598 0.008849248654685754
0.6455158909858598 0.008849248654685754
0.6455158909858598 0.008849248654685754
0.6455158909858598 0.008849248654685754
0.6455158909858598 0.008849248654685754
0.6455158909858598 0.008849248654685754
0.6455158909858598 0.008849248654685754
0.6455158909858598 0.008849248654685754
0.6455158909858598 0.008849248654685754
0.00977748259950885 0.008850869206174434
0.00977748259950885 0.008850869206174434
0.00977748259950885 0.008850869206174434
0.00977748259950885 0.008850869206174434
0.00977748259950885 0.008850869206174434
0.00977748259950885 0.008850869206174434
0.00977748259950885 0.008850869206174434
0.00977748259950885 0.008850869206174434
0.00977748259950885 0.008850869206174434
0.00977748259950885 0.008850869206174434
0.00977748259950885 0.008850869206174434