0.005660960035666544 0.004668036475663655
0.016740288101402018 0.018671905950126827
0.0019198601748630052 0.0023340182378318274
0.0019198601748630052 0.0023340182378318274
0.0018214796384683255 0.0023340182378318274
4.799050555838033e-07 4.151178730799898e-05
0.011445255670618125 0.011669851236631345
0.011445255670618125 0.011669851236631345
0.0065243092306618055 0.004668036475663655
0.015618270081447087 0.025221650148734575
0.0055930534703014356 0.007002054713495482
0.0055930534703014356 0.007002054713495482
0.001017398717837663 0.0023340182378318274
0.001017398717837663 0.0023340182378318274
0.013966436880127636 0.004668036475663655
0.03349569321205493 0.025673720711094517
0.007636729149505062 0.008407216716244859
0.04023044080959023 0.037832355246837965
0.04023044080959023 0.037832355246837965
0.003810926046390982 0.004668036475663655
0.02480437270290446 0.028007738948926345
0.020361171745781816 0.02101792181434825
9.790063133909588e-05 2.3035442668022557e-05
0.041268715397345786 0.04623957196308282
0.0018893862038334337 0.0023340182378318274
0.0018893862038334337 0.0023340182378318274
0.0018893862038334337 0.0023340182378318274
0.051279534856823926 0.06725749377743108
0.027287401460495055 0.030341757186758172
0.027287401460495055 0.030341757186758172
0.027287401460495055 0.030341757186758172
0.0007702476142120043 2.3035442668022557e-05
0.003657356428604165 0.0042034883818585335
0.01019030395026648 0.009335832998799518
0.01019030395026648 0.009335832998799518
0.04154610051947323 0.03967783013808548
0.016138247209172136 0.007002054713495482
0.018332373123301285 0.021005924187958654
0.02155541547660211 0.021005924187958654
0.008722754290291209 0.009335832998799518
0.06596031041218806 0.07566471049367593
0.015796074904540887 0.016337887712295
0.0032508768465246835 0.004668036475663655
0.049304485600568784 0.037832355246837965
0.0481248789739438 0.049013663136884995
0.003325262130140173 0.0042034883818585335
0.011623060493711925 0.011669851236631345
0.012194387462384442 0.014003869474463172
0.011609143247099994 0.011669851236631345
0.0018805079603051332 0.0042034883818585335