0.14415503176636296 0.12538457937760908
0.20458559045434624 0.20804946446124845
0.20458559045434624 0.20804946446124845
0.20458559045434624 0.20804946446124845
0.20458559045434624 0.20804946446124845
0.2045515474665634 0.20804946446124845
0.2045515474665634 0.20804946446124845
0.2045515474665634 0.20804946446124845
0.2045515474665634 0.20804946446124845
0.1439465184661932 0.12538457937760908
0.1439465184661932 0.12538457937760908
0.001234058307127325 0.0003872389860296089
0.14461035672795822 0.1254824529674847
0.14461035672795822 0.1254824529674847
0.14461035672795822 0.1254824529674847
0.0011872491989259437 0.0003872389860296089
0.20554304948573812 0.20821116865321684
0.20554304948573812 0.20821116865321684
0.20554304948573812 0.20821116865321684
0.20554304948573812 0.20821116865321684
0.20554304948573812 0.20821116865321684
0.20554304948573812 0.20821116865321684
0.20554304948573812 0.20821116865321684
0.20554304948573812 0.20821116865321684
0.20554304948573812 0.20821116865321684
0.20554304948573812 0.20821116865321684
0.20554304948573812 0.20821116865321684
0.20554304948573812 0.20821116865321684
0.14461035672795822 0.1254824529674847
0.14461035672795822 0.1254824529674847
0.14461035672795822 0.1254824529674847
0.14461035672795822 0.1254824529674847
0.14461035672795822 0.1254824529674847
0.20458559045434624 0.20804946446124845
0.20458559045434624 0.20804946446124845
0.20458559045434624 0.20804946446124845
0.1439465184661932 0.12538457937760908
0.1439465184661932 0.12538457937760908
0.20478133763409745 0.20804946446124845
0.2045515474665634 0.20804946446124845
0.2045515474665634 0.20804946446124845
0.0014340608603514088 0.0003872389860296089
0.1439720507070303 0.12538457937760908
0.20478133763409745 0.20804946446124845
0.20478133763409745 0.20804946446124845
0.20554304948573812 0.20821116865321684
0.20554304948573812 0.20821116865321684
0.20554304948573812 0.20821116865321684
0.20554304948573812 0.20821116865321684
0.20554304948573812 0.20821116865321684