1.2136571125777036e-05 1.4215044194695416e-05
1.2136571125777036e-05 1.4215044194695416e-05
1.2136571125777036e-05 1.4215044194695416e-05
1.2136571125777036e-05 1.4215044194695416e-05
0.00010595896843586361 1.4242570499123683e-05
0.00012269325478973556 1.4242570499123683e-05
1.2722364217400339e-05 1.4215070562070949e-05
1.2722364217400339e-05 1.4215070562070949e-05
1.1640774145591016e-05 1.4215025178564403e-05
1.2284141976762164e-05 1.4215041978139493e-05
1.0607243079929935e-05 1.4215016947097583e-05
1.0607243079929935e-05 1.4215016947097583e-05
1.0607243079929935e-05 1.4215016947097583e-05
1.3259760716675314e-05 1.421504566389175e-05
1.3259760716675314e-05 1.421504566389175e-05
1.3259760716675314e-05 1.421504566389175e-05
1.3259760716675314e-05 1.421504566389175e-05
1.3259760716675314e-05 1.421504566389175e-05
1.3259760716675314e-05 1.421504566389175e-05
1.3259760716675314e-05 1.421504566389175e-05
1.3259760716675314e-05 1.421504566389175e-05
1.1819202528834025e-05 1.4215045492249945e-05
1.1819202528834025e-05 1.4215045492249945e-05
3.0196754258034575e-06 1.4242570499123683e-05
1.2536895464852752e-05 1.4215052581435564e-05
1.182818514504264e-05 1.4215016947097583e-05
1.9432390312982455e-05 1.4214436026196006e-05
1.9432390312982455e-05 1.4214436026196006e-05
1.9432390312982455e-05 1.4214436026196006e-05
1.1537147531735628e-05 1.4215048668781917e-05
1.1537147531735628e-05 1.4215048668781917e-05
1.1537147531735628e-05 1.4215048668781917e-05
0.00043936818605910886 1.4242570499123683e-05
0.00043936818605910886 1.4242570499123683e-05
1.2564451080467485e-05 1.4215028235867077e-05
1.2564451080467485e-05 1.4215028235867077e-05
1.2564451080467485e-05 1.4215028235867077e-05
6.704240284316817e-06 1.4242570499123683e-05
0.00026530121489659787 1.4242570499123683e-05
1.2292086821565103e-05 1.4215053805609679e-05
1.2292086821565103e-05 1.4215053805609679e-05
3.825542285723579e-05 1.4242570499123683e-05
3.825542285723579e-05 1.4242570499123683e-05
3.825542285723579e-05 1.4242570499123683e-05
1.2196471300740283e-05 1.4215046357179304e-05
1.0776097501331282e-05 1.4215023788863593e-05
8.108130021973032e-06 1.4242570499123683e-05
1.3495387653998684e-05 1.4215014259187249e-05
6.599671108641688e-05 1.4214436026196006e-05
6.599671108641688e-05 1.4214436026196006e-05