0.5682245769852206 0.5677368833202819
0.5682245769852206 0.5677368833202819
0.9512365809898595 0.9530703884698115
0.6833123519324366 0.6840637173755737
0.6833123519324366 0.6840637173755737
0.5473687340780905 0.5476284408671431
0.832441541191281 0.8311053398491322
0.832441541191281 0.8311053398491322
0.6366305522238633 0.6371678082531249
0.7334635171436218 0.733810453693883
0.7334635171436218 0.733810453693883
0.7648087388360775 0.7643150976874201
0.7648087388360775 0.7643150976874201
0.7648087388360775 0.7643150976874201
0.6510135503504059 0.6515408939068029
0.9211879107480944 0.9215130398580534
0.6927966059692912 0.6933061070745319
0.4016315930335141 0.4060585034148469
0.4016315930335141 0.4060585034148469
0.8097855932119385 0.808742801066582
0.7765411417186245 0.77529613512683
0.7765411417186245 0.77529613512683
0.35859163585539683 0.3625506775175203
0.35859163585539683 0.3625506775175203
0.588416284210422 0.5874785642774303
0.588416284210422 0.5874785642774303
0.09168839150302827 0.09184500857428902
0.9678062706303342 0.9689303450531804
0.9095665275616308 0.9096319498825371
0.2629917825599952 0.26653450036180526
0.9069377397579375 0.9064837485007384
0.9069377397579375 0.9064837485007384
0.15540378458213971 0.15748738637827978
0.15540378458213971 0.15748738637827978
0.6734672838833103 0.6737230256832172
0.6734672838833103 0.6737230256832172
0.21155794336013006 0.2147279521822309
0.21155794336013006 0.2147279521822309
0.21155794336013006 0.2147279521822309
0.21155794336013006 0.2147279521822309
0.4392434800709733 0.4408651606316228
0.4392434800709733 0.4408651606316228
0.4992238533747014 0.5015473370141649
0.4992238533747014 0.5015473370141649
0.4992238533747014 0.5015473370141649
0.4992238533747014 0.5015473370141649
0.9241319151888822 0.9243281821516014
0.7101018010963195 0.7105201074512059
0.8490707056689433 0.8483609726118375
0.8435930731639623 0.8423877164636262