1.9068284437937023e-06 1.9824961609619843e-06
2.0198222834040146e-06 1.9824958425348797e-06
1.8289647658945544e-06 1.982497561585442e-06
1.918487508984573e-06 1.982495783841528e-06
1.9066047264211171e-06 1.982493687175417e-06
2.0574804513080304e-06 1.982491974208446e-06
1.6951682547098593e-06 1.9824910141093794e-06
1.985122720749193e-06 1.982498368916248e-06
1.9182161362845885e-06 1.9824963836418187e-06
1.5643264503941412e-06 1.9824879874132977e-06
1.8977624938843863e-06 1.9824950675491176e-06
1.9120149564434363e-06 1.9824978294182832e-06
1.720464551079795e-06 1.982492616904701e-06
2.181830277961423e-06 1.9824980092171826e-06
1.640250210358599e-06 1.9824796199812906e-06
1.875463343372365e-06 1.9824940098273444e-06
2.6652024683600622e-06 1.98248481314027e-06
1.824487233191527e-06 1.9824874420327137e-06
1.9049136763715277e-06 1.982493873656303e-06
1.9234071845380145e-06 1.982492658259064e-06
1.93843009181854e-06 1.982495771792943e-06
1.9898191470179826e-06 1.982491621649352e-06
2.001039381056933e-06 1.982492335571751e-06
2.1997634696104745e-06 1.9824964804699496e-06
2.035943042816701e-06 1.982495110947129e-06
1.9027656876324714e-06 1.982496885597886e-06
1.9408429461796864e-06 1.9824924706359736e-06
2.0077744216237656e-06 1.982490664996991e-06
1.6495712508218483e-06 1.9824924887990726e-06
1.9332354440631656e-06 1.9824964087854763e-06
1.917009578595247e-06 1.982497169840092e-06
1.8238490277143106e-06 1.9824890220791547e-06
1.7234830841647538e-06 1.9824918619435965e-06
1.8664312894687357e-06 1.9824883131751875e-06
1.8292021628079564e-06 1.9824951116467726e-06
1.6045399417763783e-06 1.9824907121321357e-06
1.6917605793693956e-06 1.982487093905151e-06
1.7975468000629156e-06 1.9824932412282703e-06
1.8669492155440094e-06 1.9824993496281666e-06
1.912903020992775e-06 1.9824942979912967e-06
1.6960653775827356e-06 1.9824944049168497e-06
2.0073605219127804e-06 1.9824960025833073e-06
1.8739792214407753e-06 1.982498528088463e-06
1.5629835669650693e-06 1.9824975095748794e-06
1.7921834058507552e-06 1.9824902258060383e-06
1.7001545539106625e-06 1.9824863522847933e-06
1.894898461676846e-06 1.9824967194559686e-06
1.942445919495164e-06 1.982497983440833e-06
1.7012667610602837e-06 1.9824946937288996e-06
1.9980976569700865e-06 1.982491444300737e-06