8.475755589866743e-06 1.111802523396275e-05
8.475755589866743e-06 1.111802523396275e-05
8.475755589866743e-06 1.111802523396275e-05
8.523038846274153e-06 1.1118027599211915e-05
8.523038846274153e-06 1.1118027599211915e-05
8.523038846274153e-06 1.1118027599211915e-05
8.523038846274153e-06 1.1118027599211915e-05
8.523038846274153e-06 1.1118027599211915e-05
8.523038846274153e-06 1.1118027599211915e-05
9.776165160222745e-06 1.1118009294917916e-05
9.776165160222745e-06 1.1118009294917916e-05
9.776165160222745e-06 1.1118009294917916e-05
9.776165160222745e-06 1.1118009294917916e-05
9.776165160222745e-06 1.1118009294917916e-05
9.776165160222745e-06 1.1118009294917916e-05
9.776165160222745e-06 1.1118009294917916e-05
9.776165160222745e-06 1.1118009294917916e-05
9.776165160222745e-06 1.1118009294917916e-05
9.776165160222745e-06 1.1118009294917916e-05
9.776165160222745e-06 1.1118009294917916e-05
9.776165160222745e-06 1.1118009294917916e-05
9.776165160222745e-06 1.1118009294917916e-05
9.776165160222745e-06 1.1118009294917916e-05
9.776165160222745e-06 1.1118009294917916e-05
8.616238345392073e-06 1.1118033492277659e-05
8.616238345392073e-06 1.1118033492277659e-05
8.616238345392073e-06 1.1118033492277659e-05
8.616238345392073e-06 1.1118033492277659e-05
8.616238345392073e-06 1.1118033492277659e-05
8.616238345392073e-06 1.1118033492277659e-05
8.616238345392073e-06 1.1118033492277659e-05
8.616238345392073e-06 1.1118033492277659e-05
8.616238345392073e-06 1.1118033492277659e-05
1.7943516055916577e-05 1.1117947370524096e-05
1.7943516055916577e-05 1.1117947370524096e-05
1.7943516055916577e-05 1.1117947370524096e-05
8.631575511133977e-06 1.111802173246786e-05
8.631575511133977e-06 1.111802173246786e-05
8.631575511133977e-06 1.111802173246786e-05
8.631575511133977e-06 1.111802173246786e-05
8.631575511133977e-06 1.111802173246786e-05
8.631575511133977e-06 1.111802173246786e-05
8.631575511133977e-06 1.111802173246786e-05
8.631575511133977e-06 1.111802173246786e-05
8.631575511133977e-06 1.111802173246786e-05
8.631575511133977e-06 1.111802173246786e-05
8.311676088514351e-06 1.1118032351124374e-05
8.311676088514351e-06 1.1118032351124374e-05
8.311676088514351e-06 1.1118032351124374e-05
8.311676088514351e-06 1.1118032351124374e-05