0.0004808061310280517 1.4997622435737394e-05
0.0004808061310280517 1.4997622435737394e-05
6.175491591185986e-05 1.4997622435737394e-05
0.0005160946544062574 1.4997622435737394e-05
0.0005284456375886294 1.4997622435737394e-05
0.0005284456375886294 1.4997622435737394e-05
0.013813692476398595 1.4997622435737394e-05
6.70481944185907e-05 1.4997622435737394e-05
0.00012527425799262998 1.4997622435737394e-05
0.002350215656988495 1.4997622435737394e-05
5.2932785067308445e-05 1.4997622435737394e-05
5.2932785067308445e-05 1.4997622435737394e-05
1.9408687858013097e-05 1.4997622435737394e-05
1.9408687858013097e-05 1.4997622435737394e-05
1.9408687858013097e-05 1.4997622435737394e-05
8.822130844551408e-07 1.4997622435737394e-05
1.4115409351282253e-05 1.4997622435737394e-05
1.4115409351282253e-05 1.4997622435737394e-05
0.00029554138329247216 1.4997622435737394e-05
1.5879835520192534e-05 1.4997622435737394e-05
2.999524487147479e-05 1.4997622435737394e-05
3.264188412484021e-05 1.4997622435737394e-05
0.000369647282386704 1.4997622435737394e-05
2.293754019583366e-05 1.4997622435737394e-05
8.822130844551409e-06 1.4997622435737394e-05
8.822130844551409e-06 1.4997622435737394e-05
0.006591013953964357 1.4997622435737394e-05
0.00027789712160336934 1.4997622435737394e-05
0.00027789712160336934 1.4997622435737394e-05
0.00039258482258253764 1.4997622435737394e-05
1.6762048604647674e-05 1.4997622435737394e-05
1.4997622435737394e-05 1.4997622435737394e-05
2.6466392533654225e-06 1.4997622435737394e-05
2.6466392533654225e-06 1.4997622435737394e-05
0.0008972107068908781 1.4997622435737394e-05
9.704343929006548e-06 1.4997622435737394e-05
0.0026413459748586914 1.4997622435737394e-05
0.0026413459748586914 1.4997622435737394e-05
2.7348605618109366e-05 1.4997622435737394e-05
1.6762048604647674e-05 1.4997622435737394e-05
0.000545207686193277 1.4997622435737394e-05
4.7639506560577606e-05 1.4997622435737394e-05
3.352409720929535e-05 1.4997622435737394e-05
0.0008875063629618716 1.4997622435737394e-05
0.0008875063629618716 1.4997622435737394e-05
0.0006378400600610668 1.4997622435737394e-05
0.0011768722546631578 1.4997622435737394e-05
0.0011768722546631578 1.4997622435737394e-05
6.881262058750098e-05 1.4997622435737394e-05
3.8817375716026194e-05 1.4997622435737394e-05