0.5822816891561211 0.6161600713137104
0.5822816891561211 0.6161600713137104
0.5822816891561211 0.6161600713137104
0.5822816891561211 0.6161600713137104
0.5822816891561211 0.6161600713137104
0.16897241837376775 0.15151541634622107
0.4026602810599175 0.42424229182688944
0.6966632874222192 0.656566804166958
0.6966632874222192 0.656566804166958
0.6966632874222192 0.656566804166958
0.6966632874222192 0.656566804166958
0.6966632874222192 0.656566804166958
0.735842131021464 0.7171703488778578
0.735842131021464 0.7171703488778578
0.735842131021464 0.7171703488778578
0.735842131021464 0.7171703488778578
0.735842131021464 0.7171703488778578
0.054123260854366216 0.05050513878207369
0.1538313640495001 0.171716597916521
0.1538313640495001 0.171716597916521
0.16417884359924492 0.15151541634622107
0.16417884359924492 0.15151541634622107
0.6226097671817101 0.5353553450325107
0.6226097671817101 0.5353553450325107
0.6226097671817101 0.5353553450325107
0.2760216388170314 0.26262409983919455
0.12850013983080472 0.10101027756414738
0.04730213941131231 0.08080909599384745
0.6513187792770747 0.6464640285254841
0.6513187792770747 0.6464640285254841
0.6513187792770747 0.6464640285254841
0.15185625393274138 0.12121145913444732
0.15185625393274138 0.12121145913444732
0.15185625393274138 0.12121145913444732
0.33198454869607774 0.363634377403342
0.33198454869607774 0.363634377403342
0.33198454869607774 0.363634377403342
0.33198454869607774 0.363634377403342
0.4451863245472978 0.4444434733971894
0.5741758721946445 0.6767679857372579
0.5741758721946445 0.6767679857372579
0.5741758721946445 0.6767679857372579
0.09199119065930224 0.08080909599384745
0.08355327553660072 0.10101027756414738
0.06477662028944976 0.040402363140599876
0.06477662028944976 0.040402363140599876
0.979899321820597 0.9595976368594001
0.979899321820597 0.9595976368594001
0.979899321820597 0.9595976368594001
0.979899321820597 0.9595976368594001