1.3226340656345868e-06 4.369712558312378e-06
1.3226340656345868e-06 4.369712558312378e-06
1.3226340656345868e-06 4.369712558312378e-06
1.30119637774092e-06 4.36971010941578e-06
1.324509292090005e-06 4.3697130201067855e-06
1.1372530989297536e-06 4.369712811140709e-06
1.1531475578795385e-06 4.369714612323128e-06
1.1531475578795385e-06 4.369714612323128e-06
1.1531475578795385e-06 4.369714612323128e-06
1.33581046271279e-06 4.369714082560897e-06
1.33581046271279e-06 4.369714082560897e-06
1.2734319862255093e-06 4.3697129002077065e-06
1.2734319862255093e-06 4.3697129002077065e-06
1.2734319862255093e-06 4.3697129002077065e-06
1.2734319862255093e-06 4.3697129002077065e-06
1.2734319862255093e-06 4.3697129002077065e-06
1.2301828613530534e-06 4.3697122470354635e-06
1.2301828613530534e-06 4.3697122470354635e-06
1.2301828613530534e-06 4.3697122470354635e-06
1.2987195124012687e-06 4.369712403329427e-06
1.2987195124012687e-06 4.369712403329427e-06
1.2987195124012687e-06 4.369712403329427e-06
1.2742040314074308e-06 4.369712962060234e-06
1.2742040314074308e-06 4.369712962060234e-06
1.2742040314074308e-06 4.369712962060234e-06
1.2742040314074308e-06 4.369712962060234e-06
1.3785568926318943e-06 4.369712811140709e-06
1.2011622778887094e-06 4.369712811140709e-06
1.2011622778887094e-06 4.369712811140709e-06
1.2605505720879204e-06 4.369713325761607e-06
1.413419135665272e-06 4.369712811140709e-06
1.2829741857606492e-06 4.369712887663013e-06
1.2829741857606492e-06 4.369712887663013e-06
1.2829741857606492e-06 4.369712887663013e-06
1.2829741857606492e-06 4.369712887663013e-06
1.2829741857606492e-06 4.369712887663013e-06
1.3826861689417337e-06 4.369712811140709e-06
1.291697982176121e-06 4.369712443389957e-06
1.3044388149762596e-06 4.369712811140709e-06
1.3044388149762596e-06 4.369712811140709e-06
1.3044388149762596e-06 4.369712811140709e-06
1.3044388149762596e-06 4.369712811140709e-06
1.3015456080037663e-06 4.369712811140709e-06
1.3015456080037663e-06 4.369712811140709e-06
1.3015456080037663e-06 4.369712811140709e-06
1.3015456080037663e-06 4.369712811140709e-06
1.3015456080037663e-06 4.369712811140709e-06
1.0358320814501998e-06 4.36971010941578e-06
1.1882694730508154e-06 4.369708765723345e-06
1.1882694730508154e-06 4.369708765723345e-06