0.002270206899159879 1.4459916555158464e-05
0.002270206899159879 1.4459916555158464e-05
0.002270206899159879 1.4459916555158464e-05
0.002270206899159879 1.4459916555158464e-05
0.002270206899159879 1.4459916555158464e-05
0.002270206899159879 1.4459916555158464e-05
0.002270206899159879 1.4459916555158464e-05
0.002270206899159879 1.4459916555158464e-05
0.002270206899159879 1.4459916555158464e-05
0.002270206899159879 1.4459916555158464e-05
0.002270206899159879 1.4459916555158464e-05
0.002270206899159879 1.4459916555158464e-05
0.002270206899159879 1.4459916555158464e-05
0.002270206899159879 1.4459916555158464e-05
0.002270206899159879 1.4459916555158464e-05
0.002270206899159879 1.4459916555158464e-05
0.002270206899159879 1.4459916555158464e-05
0.002270206899159879 1.4459916555158464e-05
0.002270206899159879 1.4459916555158464e-05
0.009385598145571317 1.4459916555158464e-05
0.009385598145571317 1.4459916555158464e-05
0.009385598145571317 1.4459916555158464e-05
0.009385598145571317 1.4459916555158464e-05
0.009385598145571317 1.4459916555158464e-05
0.009385598145571317 1.4459916555158464e-05
0.009385598145571317 1.4459916555158464e-05
0.009385598145571317 1.4459916555158464e-05
0.009385598145571317 1.4459916555158464e-05
0.009385598145571317 1.4459916555158464e-05
0.009385598145571317 1.4459916555158464e-05
0.009385598145571317 1.4459916555158464e-05
0.009385598145571317 1.4459916555158464e-05
0.009385598145571317 1.4459916555158464e-05
0.009385598145571317 1.4459916555158464e-05
0.009385598145571317 1.4459916555158464e-05
0.009385598145571317 1.4459916555158464e-05
0.009385598145571317 1.4459916555158464e-05
0.009385598145571317 1.4459916555158464e-05
0.009385598145571317 1.4459916555158464e-05
0.009385598145571317 1.4459916555158464e-05
0.009385598145571317 1.4459916555158464e-05
0.009385598145571317 1.4459916555158464e-05
0.009385598145571317 1.4459916555158464e-05
0.009385598145571317 1.4459916555158464e-05
0.00010010711461263553 1.4459916555158464e-05
0.00010010711461263553 1.4459916555158464e-05
0.00010010711461263553 1.4459916555158464e-05
0.00010010711461263553 1.4459916555158464e-05
0.00010010711461263553 1.4459916555158464e-05
0.00010010711461263553 1.4459916555158464e-05