1.7282745726168896e-06 1.97581511446881e-06
1.7282745726168896e-06 1.97581511446881e-06
1.7282745726168896e-06 1.97581511446881e-06
1.7282745726168896e-06 1.97581511446881e-06
1.7282745726168896e-06 1.97581511446881e-06
1.7282745726168896e-06 1.97581511446881e-06
1.7282745726168896e-06 1.97581511446881e-06
1.7282745726168896e-06 1.97581511446881e-06
1.7282745726168896e-06 1.97581511446881e-06
1.7282745726168896e-06 1.97581511446881e-06
1.7282745726168896e-06 1.97581511446881e-06
1.7282745726168896e-06 1.97581511446881e-06
1.7282745726168896e-06 1.97581511446881e-06
1.7282745726168896e-06 1.97581511446881e-06
1.7282745726168896e-06 1.97581511446881e-06
1.7282745726168896e-06 1.97581511446881e-06
1.7282745726168896e-06 1.97581511446881e-06
1.7282745726168896e-06 1.97581511446881e-06
1.7282745726168896e-06 1.97581511446881e-06
1.7282745726168896e-06 1.97581511446881e-06
2.02975869433174e-06 1.9758450071627816e-06
2.02975869433174e-06 1.9758450071627816e-06
2.02975869433174e-06 1.9758450071627816e-06
2.02975869433174e-06 1.9758450071627816e-06
2.02975869433174e-06 1.9758450071627816e-06
2.02975869433174e-06 1.9758450071627816e-06
2.02975869433174e-06 1.9758450071627816e-06
2.02975869433174e-06 1.9758450071627816e-06
2.02975869433174e-06 1.9758450071627816e-06
2.02975869433174e-06 1.9758450071627816e-06
2.02975869433174e-06 1.9758450071627816e-06
2.02975869433174e-06 1.9758450071627816e-06
2.02975869433174e-06 1.9758450071627816e-06
2.02975869433174e-06 1.9758450071627816e-06
2.02975869433174e-06 1.9758450071627816e-06
2.02975869433174e-06 1.9758450071627816e-06
1.8353500885129835e-06 1.9758451048369244e-06
1.8353500885129835e-06 1.9758451048369244e-06
1.8353500885129835e-06 1.9758451048369244e-06
1.8353500885129835e-06 1.9758451048369244e-06
1.8353500885129835e-06 1.9758451048369244e-06
1.8353500885129835e-06 1.9758451048369244e-06
1.8353500885129835e-06 1.9758451048369244e-06
1.8353500885129835e-06 1.9758451048369244e-06
1.8353500885129835e-06 1.9758451048369244e-06
1.8353500885129835e-06 1.9758451048369244e-06
1.8353500885129835e-06 1.9758451048369244e-06
1.8353500885129835e-06 1.9758451048369244e-06
1.8353500885129835e-06 1.9758451048369244e-06
1.8353500885129835e-06 1.9758451048369244e-06
1.8353500885129835e-06 1.9758451048369244e-06
1.8353500885129835e-06 1.9758451048369244e-06
1.8353500885129835e-06 1.9758451048369244e-06
1.8353500885129835e-06 1.9758451048369244e-06
1.8353500885129835e-06 1.9758451048369244e-06
1.8353500885129835e-06 1.9758451048369244e-06
1.8353500885129835e-06 1.9758451048369244e-06
1.5560885389422978e-06 1.975899508689871e-06
1.5560885389422978e-06 1.975899508689871e-06
1.5560885389422978e-06 1.975899508689871e-06
1.5560885389422978e-06 1.975899508689871e-06
1.5560885389422978e-06 1.975899508689871e-06
2.0089166729814442e-06 1.9758752711954204e-06
2.0089166729814442e-06 1.9758752711954204e-06
2.0089166729814442e-06 1.9758752711954204e-06
2.0089166729814442e-06 1.9758752711954204e-06
2.0089166729814442e-06 1.9758752711954204e-06
2.0089166729814442e-06 1.9758752711954204e-06
2.0089166729814442e-06 1.9758752711954204e-06
2.0089166729814442e-06 1.9758752711954204e-06
2.0089166729814442e-06 1.9758752711954204e-06
2.0089166729814442e-06 1.9758752711954204e-06
2.0089166729814442e-06 1.9758752711954204e-06
2.0089166729814442e-06 1.9758752711954204e-06
2.0089166729814442e-06 1.9758752711954204e-06
2.0089166729814442e-06 1.9758752711954204e-06
2.0089166729814442e-06 1.9758752711954204e-06
2.0089166729814442e-06 1.9758752711954204e-06
2.0089166729814442e-06 1.9758752711954204e-06
2.0089166729814442e-06 1.9758752711954204e-06
2.0089166729814442e-06 1.9758752711954204e-06
2.0089166729814442e-06 1.9758752711954204e-06
2.0089166729814442e-06 1.9758752711954204e-06
2.0089166729814442e-06 1.9758752711954204e-06
2.0089166729814442e-06 1.9758752711954204e-06
2.0089166729814442e-06 1.9758752711954204e-06
2.0089166729814442e-06 1.9758752711954204e-06
2.0089166729814442e-06 1.9758752711954204e-06
2.0089166729814442e-06 1.9758752711954204e-06
2.0089166729814442e-06 1.9758752711954204e-06
2.0089166729814442e-06 1.9758752711954204e-06
2.0089166729814442e-06 1.9758752711954204e-06
2.0089166729814442e-06 1.9758752711954204e-06
2.0089166729814442e-06 1.9758752711954204e-06
2.0089166729814442e-06 1.9758752711954204e-06
2.0089166729814442e-06 1.9758752711954204e-06
2.0089166729814442e-06 1.9758752711954204e-06
2.0089166729814442e-06 1.9758752711954204e-06
2.0089166729814442e-06 1.9758752711954204e-06
2.0089166729814442e-06 1.9758752711954204e-06
2.0089166729814442e-06 1.9758752711954204e-06
2.0089166729814442e-06 1.9758752711954204e-06
1.8674330877532518e-06 1.9758474777546136e-06
1.8674330877532518e-06 1.9758474777546136e-06
1.8674330877532518e-06 1.9758474777546136e-06
1.8674330877532518e-06 1.9758474777546136e-06
1.8674330877532518e-06 1.9758474777546136e-06
1.8674330877532518e-06 1.9758474777546136e-06
1.8674330877532518e-06 1.9758474777546136e-06
1.8674330877532518e-06 1.9758474777546136e-06
1.8674330877532518e-06 1.9758474777546136e-06
1.8674330877532518e-06 1.9758474777546136e-06
1.8674330877532518e-06 1.9758474777546136e-06
1.8674330877532518e-06 1.9758474777546136e-06
1.8674330877532518e-06 1.9758474777546136e-06
1.8674330877532518e-06 1.9758474777546136e-06
1.8674330877532518e-06 1.9758474777546136e-06
1.8674330877532518e-06 1.9758474777546136e-06
1.8674330877532518e-06 1.9758474777546136e-06
1.8674330877532518e-06 1.9758474777546136e-06
1.8674330877532518e-06 1.9758474777546136e-06
1.8674330877532518e-06 1.9758474777546136e-06
1.8674330877532518e-06 1.9758474777546136e-06
1.8674330877532518e-06 1.9758474777546136e-06
1.8674330877532518e-06 1.9758474777546136e-06
1.8674330877532518e-06 1.9758474777546136e-06
1.8674330877532518e-06 1.9758474777546136e-06
1.8674330877532518e-06 1.9758474777546136e-06
1.8674330877532518e-06 1.9758474777546136e-06
1.8674330877532518e-06 1.9758474777546136e-06
1.8674330877532518e-06 1.9758474777546136e-06
1.8674330877532518e-06 1.9758474777546136e-06
1.8674330877532518e-06 1.9758474777546136e-06
1.8674330877532518e-06 1.9758474777546136e-06
1.8674330877532518e-06 1.9758474777546136e-06
1.8674330877532518e-06 1.9758474777546136e-06
1.8674330877532518e-06 1.9758474777546136e-06
1.8674330877532518e-06 1.9758474777546136e-06
1.8674330877532518e-06 1.9758474777546136e-06
1.8674330877532518e-06 1.9758474777546136e-06
1.8674330877532518e-06 1.9758474777546136e-06
1.8674330877532518e-06 1.9758474777546136e-06
1.8674330877532518e-06 1.9758474777546136e-06
1.8674330877532518e-06 1.9758474777546136e-06
1.8674330877532518e-06 1.9758474777546136e-06
1.8674330877532518e-06 1.9758474777546136e-06
1.8674330877532518e-06 1.9758474777546136e-06
1.8674330877532518e-06 1.9758474777546136e-06
1.8674330877532518e-06 1.9758474777546136e-06
1.8674330877532518e-06 1.9758474777546136e-06
1.8674330877532518e-06 1.9758474777546136e-06
1.8674330877532518e-06 1.9758474777546136e-06
1.8674330877532518e-06 1.9758474777546136e-06
1.8674330877532518e-06 1.9758474777546136e-06
1.8674330877532518e-06 1.9758474777546136e-06
1.8674330877532518e-06 1.9758474777546136e-06
1.8674330877532518e-06 1.9758474777546136e-06
1.8674330877532518e-06 1.9758474777546136e-06
1.8674330877532518e-06 1.9758474777546136e-06
1.8674330877532518e-06 1.9758474777546136e-06
1.8674330877532518e-06 1.9758474777546136e-06
1.8674330877532518e-06 1.9758474777546136e-06
1.6112120793323575e-06 1.975865038525614e-06
1.6112120793323575e-06 1.975865038525614e-06
1.6112120793323575e-06 1.975865038525614e-06
1.6112120793323575e-06 1.975865038525614e-06
1.5619041665101102e-06 1.9759359429113657e-06
1.5619041665101102e-06 1.9759359429113657e-06
1.5619041665101102e-06 1.9759359429113657e-06
1.5619041665101102e-06 1.9759359429113657e-06
1.5619041665101102e-06 1.9759359429113657e-06
1.5619041665101102e-06 1.9759359429113657e-06
1.5619041665101102e-06 1.9759359429113657e-06
1.5619041665101102e-06 1.9759359429113657e-06
1.7546906650769451e-06 1.9760345959731066e-06
1.7546906650769451e-06 1.9760345959731066e-06
1.7546906650769451e-06 1.9760345959731066e-06
1.7546906650769451e-06 1.9760345959731066e-06
1.7546906650769451e-06 1.9760345959731066e-06
1.7546906650769451e-06 1.9760345959731066e-06
1.7546906650769451e-06 1.9760345959731066e-06
1.7546906650769451e-06 1.9760345959731066e-06
1.7546906650769451e-06 1.9760345959731066e-06
1.7546906650769451e-06 1.9760345959731066e-06
1.7546906650769451e-06 1.9760345959731066e-06
1.7546906650769451e-06 1.9760345959731066e-06
1.7546906650769451e-06 1.9760345959731066e-06
1.7546906650769451e-06 1.9760345959731066e-06
1.7546906650769451e-06 1.9760345959731066e-06
1.7546906650769451e-06 1.9760345959731066e-06
1.7546906650769451e-06 1.9760345959731066e-06
1.7546906650769451e-06 1.9760345959731066e-06
1.7546906650769451e-06 1.9760345959731066e-06
1.7546906650769451e-06 1.9760345959731066e-06
1.7546906650769451e-06 1.9760345959731066e-06
1.7546906650769451e-06 1.9760345959731066e-06
1.7546906650769451e-06 1.9760345959731066e-06
1.7546906650769451e-06 1.9760345959731066e-06
1.7546906650769451e-06 1.9760345959731066e-06
2.7904114978909907e-06 1.9758842927539294e-06
2.7904114978909907e-06 1.9758842927539294e-06
2.7904114978909907e-06 1.9758842927539294e-06
2.7904114978909907e-06 1.9758842927539294e-06
2.7904114978909907e-06 1.9758842927539294e-06
2.7904114978909907e-06 1.9758842927539294e-06
2.7904114978909907e-06 1.9758842927539294e-06
2.7904114978909907e-06 1.9758842927539294e-06
1.476936770634439e-06 1.975592935660917e-06
1.476936770634439e-06 1.975592935660917e-06
1.476936770634439e-06 1.975592935660917e-06
1.476936770634439e-06 1.975592935660917e-06
1.476936770634439e-06 1.975592935660917e-06
1.476936770634439e-06 1.975592935660917e-06
1.476936770634439e-06 1.975592935660917e-06
1.476936770634439e-06 1.975592935660917e-06
1.238600587134789e-06 2.066863018653439e-06
1.269448519093769e-06 1.9757061605615717e-06
1.269448519093769e-06 1.9757061605615717e-06
1.8946356073474202e-06 1.9758318012819466e-06
1.8946356073474202e-06 1.9758318012819466e-06
1.8946356073474202e-06 1.9758318012819466e-06
1.8946356073474202e-06 1.9758318012819466e-06
1.8946356073474202e-06 1.9758318012819466e-06
1.8946356073474202e-06 1.9758318012819466e-06
1.8946356073474202e-06 1.9758318012819466e-06
1.8946356073474202e-06 1.9758318012819466e-06
1.8946356073474202e-06 1.9758318012819466e-06
1.8946356073474202e-06 1.9758318012819466e-06
1.8946356073474202e-06 1.9758318012819466e-06
1.8946356073474202e-06 1.9758318012819466e-06
1.8946356073474202e-06 1.9758318012819466e-06
1.8946356073474202e-06 1.9758318012819466e-06
1.8946356073474202e-06 1.9758318012819466e-06
1.8946356073474202e-06 1.9758318012819466e-06
1.8946356073474202e-06 1.9758318012819466e-06
1.8946356073474202e-06 1.9758318012819466e-06
1.8946356073474202e-06 1.9758318012819466e-06
1.8946356073474202e-06 1.9758318012819466e-06
1.8946356073474202e-06 1.9758318012819466e-06
1.8946356073474202e-06 1.9758318012819466e-06
1.8946356073474202e-06 1.9758318012819466e-06
1.8946356073474202e-06 1.9758318012819466e-06
1.8946356073474202e-06 1.9758318012819466e-06
1.8946356073474202e-06 1.9758318012819466e-06
1.8946356073474202e-06 1.9758318012819466e-06
1.8946356073474202e-06 1.9758318012819466e-06
1.8946356073474202e-06 1.9758318012819466e-06
1.8946356073474202e-06 1.9758318012819466e-06
1.8946356073474202e-06 1.9758318012819466e-06
1.8946356073474202e-06 1.9758318012819466e-06
1.8946356073474202e-06 1.9758318012819466e-06
1.8946356073474202e-06 1.9758318012819466e-06
1.8946356073474202e-06 1.9758318012819466e-06
1.8946356073474202e-06 1.9758318012819466e-06
1.8946356073474202e-06 1.9758318012819466e-06
1.8946356073474202e-06 1.9758318012819466e-06
1.8946356073474202e-06 1.9758318012819466e-06
1.8946356073474202e-06 1.9758318012819466e-06
1.8946356073474202e-06 1.9758318012819466e-06
1.8946356073474202e-06 1.9758318012819466e-06
1.8946356073474202e-06 1.9758318012819466e-06
1.8946356073474202e-06 1.9758318012819466e-06
1.8946356073474202e-06 1.9758318012819466e-06
1.8946356073474202e-06 1.9758318012819466e-06
1.8946356073474202e-06 1.9758318012819466e-06
1.8946356073474202e-06 1.9758318012819466e-06
1.8946356073474202e-06 1.9758318012819466e-06
1.8946356073474202e-06 1.9758318012819466e-06
1.8946356073474202e-06 1.9758318012819466e-06
1.8946356073474202e-06 1.9758318012819466e-06
1.8946356073474202e-06 1.9758318012819466e-06
1.8946356073474202e-06 1.9758318012819466e-06
1.8946356073474202e-06 1.9758318012819466e-06
1.8946356073474202e-06 1.9758318012819466e-06
1.8946356073474202e-06 1.9758318012819466e-06
1.8946356073474202e-06 1.9758318012819466e-06
1.8946356073474202e-06 1.9758318012819466e-06
1.8946356073474202e-06 1.9758318012819466e-06
1.8946356073474202e-06 1.9758318012819466e-06
1.8946356073474202e-06 1.9758318012819466e-06
1.8946356073474202e-06 1.9758318012819466e-06
1.8946356073474202e-06 1.9758318012819466e-06
1.8946356073474202e-06 1.9758318012819466e-06
1.8946356073474202e-06 1.9758318012819466e-06
1.8946356073474202e-06 1.9758318012819466e-06
1.8946356073474202e-06 1.9758318012819466e-06
1.8946356073474202e-06 1.9758318012819466e-06
1.8946356073474202e-06 1.9758318012819466e-06
1.8946356073474202e-06 1.9758318012819466e-06
1.8946356073474202e-06 1.9758318012819466e-06
1.8946356073474202e-06 1.9758318012819466e-06
1.8946356073474202e-06 1.9758318012819466e-06
1.8946356073474202e-06 1.9758318012819466e-06
1.8946356073474202e-06 1.9758318012819466e-06
1.8946356073474202e-06 1.9758318012819466e-06
1.8946356073474202e-06 1.9758318012819466e-06
1.8946356073474202e-06 1.9758318012819466e-06
1.8946356073474202e-06 1.9758318012819466e-06
1.8946356073474202e-06 1.9758318012819466e-06
1.8946356073474202e-06 1.9758318012819466e-06
1.8946356073474202e-06 1.9758318012819466e-06
1.8946356073474202e-06 1.9758318012819466e-06
1.8946356073474202e-06 1.9758318012819466e-06
1.8946356073474202e-06 1.9758318012819466e-06
1.8946356073474202e-06 1.9758318012819466e-06
1.8946356073474202e-06 1.9758318012819466e-06
1.8946356073474202e-06 1.9758318012819466e-06
1.8946356073474202e-06 1.9758318012819466e-06
1.8946356073474202e-06 1.9758318012819466e-06
1.8946356073474202e-06 1.9758318012819466e-06
1.8946356073474202e-06 1.9758318012819466e-06
1.8946356073474202e-06 1.9758318012819466e-06
1.8946356073474202e-06 1.9758318012819466e-06
1.8946356073474202e-06 1.9758318012819466e-06
1.8946356073474202e-06 1.9758318012819466e-06
1.8946356073474202e-06 1.9758318012819466e-06
1.8946356073474202e-06 1.9758318012819466e-06
1.8946356073474202e-06 1.9758318012819466e-06
1.8946356073474202e-06 1.9758318012819466e-06
1.8946356073474202e-06 1.9758318012819466e-06
1.8946356073474202e-06 1.9758318012819466e-06
1.8946356073474202e-06 1.9758318012819466e-06
1.8946356073474202e-06 1.9758318012819466e-06
1.8946356073474202e-06 1.9758318012819466e-06
1.8946356073474202e-06 1.9758318012819466e-06
1.8946356073474202e-06 1.9758318012819466e-06
1.616749186569624e-06 1.9758089636209846e-06
1.616749186569624e-06 1.9758089636209846e-06
1.616749186569624e-06 1.9758089636209846e-06
1.616749186569624e-06 1.9758089636209846e-06
2.106746723366034e-06 1.9758843035820674e-06
1.8359301440192164e-06 1.9758370864654512e-06
1.8359301440192164e-06 1.9758370864654512e-06
1.8359301440192164e-06 1.9758370864654512e-06
1.8359301440192164e-06 1.9758370864654512e-06
1.8359301440192164e-06 1.9758370864654512e-06
1.8359301440192164e-06 1.9758370864654512e-06
1.8359301440192164e-06 1.9758370864654512e-06
1.8359301440192164e-06 1.9758370864654512e-06
1.8359301440192164e-06 1.9758370864654512e-06
1.8359301440192164e-06 1.9758370864654512e-06
1.8359301440192164e-06 1.9758370864654512e-06
1.8359301440192164e-06 1.9758370864654512e-06
1.8359301440192164e-06 1.9758370864654512e-06
1.8359301440192164e-06 1.9758370864654512e-06
1.8359301440192164e-06 1.9758370864654512e-06
1.8359301440192164e-06 1.9758370864654512e-06
1.8359301440192164e-06 1.9758370864654512e-06
1.8359301440192164e-06 1.9758370864654512e-06
1.8359301440192164e-06 1.9758370864654512e-06
1.8359301440192164e-06 1.9758370864654512e-06
1.8359301440192164e-06 1.9758370864654512e-06
1.8359301440192164e-06 1.9758370864654512e-06
1.8359301440192164e-06 1.9758370864654512e-06
1.8359301440192164e-06 1.9758370864654512e-06
1.8359301440192164e-06 1.9758370864654512e-06
1.8359301440192164e-06 1.9758370864654512e-06
1.8359301440192164e-06 1.9758370864654512e-06
1.8359301440192164e-06 1.9758370864654512e-06
1.8359301440192164e-06 1.9758370864654512e-06
1.8359301440192164e-06 1.9758370864654512e-06
1.8359301440192164e-06 1.9758370864654512e-06
1.8359301440192164e-06 1.9758370864654512e-06
1.8359301440192164e-06 1.9758370864654512e-06
1.8359301440192164e-06 1.9758370864654512e-06
1.8359301440192164e-06 1.9758370864654512e-06
1.8359301440192164e-06 1.9758370864654512e-06
1.8359301440192164e-06 1.9758370864654512e-06
1.8359301440192164e-06 1.9758370864654512e-06
1.8359301440192164e-06 1.9758370864654512e-06
1.8359301440192164e-06 1.9758370864654512e-06
1.8359301440192164e-06 1.9758370864654512e-06
1.8359301440192164e-06 1.9758370864654512e-06
1.8359301440192164e-06 1.9758370864654512e-06
1.8359301440192164e-06 1.9758370864654512e-06
1.8359301440192164e-06 1.9758370864654512e-06
1.8359301440192164e-06 1.9758370864654512e-06
1.8359301440192164e-06 1.9758370864654512e-06
1.8359301440192164e-06 1.9758370864654512e-06
1.5848324477924662e-06 1.9758138219711337e-06
1.5848324477924662e-06 1.9758138219711337e-06
1.5848324477924662e-06 1.9758138219711337e-06
1.5848324477924662e-06 1.9758138219711337e-06
1.5848324477924662e-06 1.9758138219711337e-06
1.9238639570372147e-06 1.975865259589976e-06
1.9238639570372147e-06 1.975865259589976e-06
1.9238639570372147e-06 1.975865259589976e-06
1.9238639570372147e-06 1.975865259589976e-06
1.9238639570372147e-06 1.975865259589976e-06
1.9238639570372147e-06 1.975865259589976e-06
1.9238639570372147e-06 1.975865259589976e-06
1.9238639570372147e-06 1.975865259589976e-06
1.9238639570372147e-06 1.975865259589976e-06
1.9238639570372147e-06 1.975865259589976e-06
1.9238639570372147e-06 1.975865259589976e-06
1.9238639570372147e-06 1.975865259589976e-06
1.9238639570372147e-06 1.975865259589976e-06
1.9238639570372147e-06 1.975865259589976e-06
1.9238639570372147e-06 1.975865259589976e-06
1.9238639570372147e-06 1.975865259589976e-06
1.9083549991062422e-06 1.975813530165715e-06
1.9083549991062422e-06 1.975813530165715e-06
1.9083549991062422e-06 1.975813530165715e-06
1.9083549991062422e-06 1.975813530165715e-06
1.9083549991062422e-06 1.975813530165715e-06
1.9083549991062422e-06 1.975813530165715e-06
1.9083549991062422e-06 1.975813530165715e-06
1.9083549991062422e-06 1.975813530165715e-06
1.9083549991062422e-06 1.975813530165715e-06
1.9083549991062422e-06 1.975813530165715e-06
1.9083549991062422e-06 1.975813530165715e-06
1.9083549991062422e-06 1.975813530165715e-06
1.9083549991062422e-06 1.975813530165715e-06
1.9083549991062422e-06 1.975813530165715e-06
1.9083549991062422e-06 1.975813530165715e-06
1.9083549991062422e-06 1.975813530165715e-06
1.9083549991062422e-06 1.975813530165715e-06
1.9083549991062422e-06 1.975813530165715e-06
1.9083549991062422e-06 1.975813530165715e-06
1.9083549991062422e-06 1.975813530165715e-06
1.9083549991062422e-06 1.975813530165715e-06
1.9083549991062422e-06 1.975813530165715e-06
1.9083549991062422e-06 1.975813530165715e-06
1.9083549991062422e-06 1.975813530165715e-06
1.9083549991062422e-06 1.975813530165715e-06
1.9083549991062422e-06 1.975813530165715e-06
1.9083549991062422e-06 1.975813530165715e-06
1.9083549991062422e-06 1.975813530165715e-06
2.211355253945127e-06 1.8794637263500814e-06
2.211355253945127e-06 1.8794637263500814e-06
1.9114263011366006e-06 1.9758418617683206e-06
1.9114263011366006e-06 1.9758418617683206e-06
1.9114263011366006e-06 1.9758418617683206e-06
1.9114263011366006e-06 1.9758418617683206e-06
1.9114263011366006e-06 1.9758418617683206e-06
2.025881225715433e-06 1.9758183131203914e-06
1.084668990208422e-06 1.9292515881874683e-06
1.084668990208422e-06 1.9292515881874683e-06
1.084668990208422e-06 1.9292515881874683e-06
1.084668990208422e-06 1.9292515881874683e-06
1.084668990208422e-06 1.9292515881874683e-06
1.3544430177644656e-06 1.972760128150498e-06
1.3544430177644656e-06 1.972760128150498e-06
1.3544430177644656e-06 1.972760128150498e-06
1.3544430177644656e-06 1.972760128150498e-06
1.3544430177644656e-06 1.972760128150498e-06
1.3544430177644656e-06 1.972760128150498e-06
1.3544430177644656e-06 1.972760128150498e-06
1.3544430177644656e-06 1.972760128150498e-06
1.3544430177644656e-06 1.972760128150498e-06
1.7852511709423337e-06 1.9757957520876425e-06
1.7852511709423337e-06 1.9757957520876425e-06
1.7852511709423337e-06 1.9757957520876425e-06
1.7852511709423337e-06 1.9757957520876425e-06
1.7852511709423337e-06 1.9757957520876425e-06
1.7852511709423337e-06 1.9757957520876425e-06
1.7852511709423337e-06 1.9757957520876425e-06
1.7852511709423337e-06 1.9757957520876425e-06
1.7852511709423337e-06 1.9757957520876425e-06
1.7852511709423337e-06 1.9757957520876425e-06
1.7852511709423337e-06 1.9757957520876425e-06
1.7852511709423337e-06 1.9757957520876425e-06
1.7852511709423337e-06 1.9757957520876425e-06
1.7852511709423337e-06 1.9757957520876425e-06
1.7852511709423337e-06 1.9757957520876425e-06
1.7852511709423337e-06 1.9757957520876425e-06
1.7852511709423337e-06 1.9757957520876425e-06
1.7852511709423337e-06 1.9757957520876425e-06
1.7852511709423337e-06 1.9757957520876425e-06
1.7852511709423337e-06 1.9757957520876425e-06
1.7852511709423337e-06 1.9757957520876425e-06
1.7852511709423337e-06 1.9757957520876425e-06
1.7852511709423337e-06 1.9757957520876425e-06
1.7852511709423337e-06 1.9757957520876425e-06
1.7852511709423337e-06 1.9757957520876425e-06
1.7852511709423337e-06 1.9757957520876425e-06
1.7852511709423337e-06 1.9757957520876425e-06
1.7852511709423337e-06 1.9757957520876425e-06
1.7852511709423337e-06 1.9757957520876425e-06
1.7852511709423337e-06 1.9757957520876425e-06
1.7852511709423337e-06 1.9757957520876425e-06
1.7852511709423337e-06 1.9757957520876425e-06
2.1178822413424155e-06 1.9757969876805863e-06
2.1178822413424155e-06 1.9757969876805863e-06
2.1178822413424155e-06 1.9757969876805863e-06
2.1178822413424155e-06 1.9757969876805863e-06
2.1178822413424155e-06 1.9757969876805863e-06
2.1178822413424155e-06 1.9757969876805863e-06
2.1178822413424155e-06 1.9757969876805863e-06
2.1178822413424155e-06 1.9757969876805863e-06
2.1178822413424155e-06 1.9757969876805863e-06
2.1178822413424155e-06 1.9757969876805863e-06
2.1178822413424155e-06 1.9757969876805863e-06
2.1178822413424155e-06 1.9757969876805863e-06
2.1178822413424155e-06 1.9757969876805863e-06
2.1178822413424155e-06 1.9757969876805863e-06
1.8217736415618607e-06 1.975635707587027e-06
1.8217736415618607e-06 1.975635707587027e-06
1.8217736415618607e-06 1.975635707587027e-06
1.8217736415618607e-06 1.975635707587027e-06
1.8217736415618607e-06 1.975635707587027e-06
1.8217736415618607e-06 1.975635707587027e-06
1.8217736415618607e-06 1.975635707587027e-06
1.8217736415618607e-06 1.975635707587027e-06
1.8217736415618607e-06 1.975635707587027e-06
1.8217736415618607e-06 1.975635707587027e-06
1.8217736415618607e-06 1.975635707587027e-06
1.8217736415618607e-06 1.975635707587027e-06
1.8217736415618607e-06 1.975635707587027e-06
1.8217736415618607e-06 1.975635707587027e-06
1.8217736415618607e-06 1.975635707587027e-06
1.8217736415618607e-06 1.975635707587027e-06
1.8217736415618607e-06 1.975635707587027e-06
1.8217736415618607e-06 1.975635707587027e-06
1.8217736415618607e-06 1.975635707587027e-06
1.8217736415618607e-06 1.975635707587027e-06
1.6515372197757994e-06 1.9758515863823883e-06
1.6515372197757994e-06 1.9758515863823883e-06
1.6515372197757994e-06 1.9758515863823883e-06
1.805635196075982e-06 1.9758400344402415e-06
1.805635196075982e-06 1.9758400344402415e-06
1.805635196075982e-06 1.9758400344402415e-06
1.805635196075982e-06 1.9758400344402415e-06
1.805635196075982e-06 1.9758400344402415e-06
1.805635196075982e-06 1.9758400344402415e-06
1.805635196075982e-06 1.9758400344402415e-06
1.6105730606847448e-06 1.975863977420659e-06
1.6105730606847448e-06 1.975863977420659e-06
1.6105730606847448e-06 1.975863977420659e-06
1.6105730606847448e-06 1.975863977420659e-06
1.6105730606847448e-06 1.975863977420659e-06
1.7705145479751746e-06 1.9756567169709946e-06
1.7705145479751746e-06 1.9756567169709946e-06
1.7705145479751746e-06 1.9756567169709946e-06
1.7705145479751746e-06 1.9756567169709946e-06
1.7705145479751746e-06 1.9756567169709946e-06
1.6716337636876876e-06 1.975831041820457e-06
1.6716337636876876e-06 1.975831041820457e-06
1.6716337636876876e-06 1.975831041820457e-06
1.6716337636876876e-06 1.975831041820457e-06
1.6716337636876876e-06 1.975831041820457e-06
1.6716337636876876e-06 1.975831041820457e-06
2.158337281802468e-06 1.97586030061626e-06
2.158337281802468e-06 1.97586030061626e-06
2.158337281802468e-06 1.97586030061626e-06
2.158337281802468e-06 1.97586030061626e-06
2.158337281802468e-06 1.97586030061626e-06
2.158337281802468e-06 1.97586030061626e-06
2.158337281802468e-06 1.97586030061626e-06
2.158337281802468e-06 1.97586030061626e-06
2.027333104830151e-06 1.9758061796787947e-06
2.027333104830151e-06 1.9758061796787947e-06
2.027333104830151e-06 1.9758061796787947e-06
2.027333104830151e-06 1.9758061796787947e-06
2.027333104830151e-06 1.9758061796787947e-06
2.027333104830151e-06 1.9758061796787947e-06
2.027333104830151e-06 1.9758061796787947e-06
2.027333104830151e-06 1.9758061796787947e-06
2.027333104830151e-06 1.9758061796787947e-06
2.027333104830151e-06 1.9758061796787947e-06
2.027333104830151e-06 1.9758061796787947e-06
2.027333104830151e-06 1.9758061796787947e-06
2.027333104830151e-06 1.9758061796787947e-06
2.027333104830151e-06 1.9758061796787947e-06
2.027333104830151e-06 1.9758061796787947e-06
2.0813775082257896e-06 1.9757877652654197e-06
2.0813775082257896e-06 1.9757877652654197e-06
2.0813775082257896e-06 1.9757877652654197e-06
2.0813775082257896e-06 1.9757877652654197e-06
2.0813775082257896e-06 1.9757877652654197e-06
2.0813775082257896e-06 1.9757877652654197e-06
2.0813775082257896e-06 1.9757877652654197e-06
2.0813775082257896e-06 1.9757877652654197e-06
2.0813775082257896e-06 1.9757877652654197e-06
2.0813775082257896e-06 1.9757877652654197e-06
2.0813775082257896e-06 1.9757877652654197e-06
2.0813775082257896e-06 1.9757877652654197e-06
2.0813775082257896e-06 1.9757877652654197e-06
2.0813775082257896e-06 1.9757877652654197e-06
2.0813775082257896e-06 1.9757877652654197e-06
2.0813775082257896e-06 1.9757877652654197e-06
2.0813775082257896e-06 1.9757877652654197e-06
2.0813775082257896e-06 1.9757877652654197e-06
2.0813775082257896e-06 1.9757877652654197e-06
2.0813775082257896e-06 1.9757877652654197e-06
1.8647169528183598e-06 1.976183537143424e-06
1.8647169528183598e-06 1.976183537143424e-06
1.8647169528183598e-06 1.976183537143424e-06
1.8647169528183598e-06 1.976183537143424e-06
1.614444949881928e-06 1.9757925990014837e-06
1.614444949881928e-06 1.9757925990014837e-06
1.614444949881928e-06 1.9757925990014837e-06
1.614444949881928e-06 1.9757925990014837e-06
1.614444949881928e-06 1.9757925990014837e-06
1.614444949881928e-06 1.9757925990014837e-06
1.614444949881928e-06 1.9757925990014837e-06
1.614444949881928e-06 1.9757925990014837e-06
1.614444949881928e-06 1.9757925990014837e-06
1.614444949881928e-06 1.9757925990014837e-06
1.614444949881928e-06 1.9757925990014837e-06
1.614444949881928e-06 1.9757925990014837e-06
1.614444949881928e-06 1.9757925990014837e-06
1.614444949881928e-06 1.9757925990014837e-06
1.614444949881928e-06 1.9757925990014837e-06
1.614444949881928e-06 1.9757925990014837e-06
1.614444949881928e-06 1.9757925990014837e-06
1.614444949881928e-06 1.9757925990014837e-06
1.614444949881928e-06 1.9757925990014837e-06
1.614444949881928e-06 1.9757925990014837e-06
1.614444949881928e-06 1.9757925990014837e-06
1.614444949881928e-06 1.9757925990014837e-06
1.614444949881928e-06 1.9757925990014837e-06
1.614444949881928e-06 1.9757925990014837e-06
1.614444949881928e-06 1.9757925990014837e-06
1.614444949881928e-06 1.9757925990014837e-06
1.614444949881928e-06 1.9757925990014837e-06
1.614444949881928e-06 1.9757925990014837e-06
1.614444949881928e-06 1.9757925990014837e-06
1.614444949881928e-06 1.9757925990014837e-06
1.614444949881928e-06 1.9757925990014837e-06
1.614444949881928e-06 1.9757925990014837e-06
1.614444949881928e-06 1.9757925990014837e-06
1.614444949881928e-06 1.9757925990014837e-06
1.614444949881928e-06 1.9757925990014837e-06
1.614444949881928e-06 1.9757925990014837e-06
1.614444949881928e-06 1.9757925990014837e-06
1.614444949881928e-06 1.9757925990014837e-06
1.614444949881928e-06 1.9757925990014837e-06
1.614444949881928e-06 1.9757925990014837e-06
1.614444949881928e-06 1.9757925990014837e-06
1.614444949881928e-06 1.9757925990014837e-06
1.614444949881928e-06 1.9757925990014837e-06
1.614444949881928e-06 1.9757925990014837e-06
1.614444949881928e-06 1.9757925990014837e-06
1.614444949881928e-06 1.9757925990014837e-06
1.614444949881928e-06 1.9757925990014837e-06
1.614444949881928e-06 1.9757925990014837e-06
1.614444949881928e-06 1.9757925990014837e-06
1.614444949881928e-06 1.9757925990014837e-06
1.614444949881928e-06 1.9757925990014837e-06
1.614444949881928e-06 1.9757925990014837e-06
1.614444949881928e-06 1.9757925990014837e-06
1.614444949881928e-06 1.9757925990014837e-06
1.614444949881928e-06 1.9757925990014837e-06
1.614444949881928e-06 1.9757925990014837e-06
1.614444949881928e-06 1.9757925990014837e-06
1.614444949881928e-06 1.9757925990014837e-06
1.614444949881928e-06 1.9757925990014837e-06
1.614444949881928e-06 1.9757925990014837e-06
1.614444949881928e-06 1.9757925990014837e-06
1.614444949881928e-06 1.9757925990014837e-06
1.614444949881928e-06 1.9757925990014837e-06
1.614444949881928e-06 1.9757925990014837e-06
1.614444949881928e-06 1.9757925990014837e-06
1.614444949881928e-06 1.9757925990014837e-06
1.614444949881928e-06 1.9757925990014837e-06
1.614444949881928e-06 1.9757925990014837e-06
1.614444949881928e-06 1.9757925990014837e-06
1.614444949881928e-06 1.9757925990014837e-06
1.614444949881928e-06 1.9757925990014837e-06
1.614444949881928e-06 1.9757925990014837e-06
1.817031147085879e-06 1.975833479122929e-06
1.817031147085879e-06 1.975833479122929e-06
1.817031147085879e-06 1.975833479122929e-06
1.817031147085879e-06 1.975833479122929e-06
1.817031147085879e-06 1.975833479122929e-06
1.817031147085879e-06 1.975833479122929e-06
1.817031147085879e-06 1.975833479122929e-06
1.817031147085879e-06 1.975833479122929e-06
1.817031147085879e-06 1.975833479122929e-06
1.817031147085879e-06 1.975833479122929e-06
1.817031147085879e-06 1.975833479122929e-06
1.817031147085879e-06 1.975833479122929e-06
1.817031147085879e-06 1.975833479122929e-06
1.817031147085879e-06 1.975833479122929e-06
1.817031147085879e-06 1.975833479122929e-06
1.817031147085879e-06 1.975833479122929e-06
1.817031147085879e-06 1.975833479122929e-06
1.817031147085879e-06 1.975833479122929e-06
1.817031147085879e-06 1.975833479122929e-06
1.817031147085879e-06 1.975833479122929e-06
1.817031147085879e-06 1.975833479122929e-06
1.817031147085879e-06 1.975833479122929e-06
1.817031147085879e-06 1.975833479122929e-06
1.817031147085879e-06 1.975833479122929e-06
1.817031147085879e-06 1.975833479122929e-06
1.817031147085879e-06 1.975833479122929e-06
1.817031147085879e-06 1.975833479122929e-06
1.817031147085879e-06 1.975833479122929e-06
1.7883404852078076e-06 1.975940763169431e-06
1.7883404852078076e-06 1.975940763169431e-06
1.7883404852078076e-06 1.975940763169431e-06
1.7883404852078076e-06 1.975940763169431e-06
1.7883404852078076e-06 1.975940763169431e-06
1.7883404852078076e-06 1.975940763169431e-06
1.7883404852078076e-06 1.975940763169431e-06
1.7883404852078076e-06 1.975940763169431e-06
1.7883404852078076e-06 1.975940763169431e-06
1.7883404852078076e-06 1.975940763169431e-06
1.7883404852078076e-06 1.975940763169431e-06
1.7883404852078076e-06 1.975940763169431e-06
1.7883404852078076e-06 1.975940763169431e-06
1.7883404852078076e-06 1.975940763169431e-06
1.7883404852078076e-06 1.975940763169431e-06
1.7883404852078076e-06 1.975940763169431e-06
1.795858691345656e-06 1.975458851174492e-06
1.795858691345656e-06 1.975458851174492e-06
1.795858691345656e-06 1.975458851174492e-06
1.795858691345656e-06 1.975458851174492e-06
1.795858691345656e-06 1.975458851174492e-06
1.4895552505953676e-06 1.976040778178228e-06
1.8280105611195583e-06 1.975852715362146e-06
1.8280105611195583e-06 1.975852715362146e-06
1.8280105611195583e-06 1.975852715362146e-06
1.8280105611195583e-06 1.975852715362146e-06
1.8280105611195583e-06 1.975852715362146e-06
1.8280105611195583e-06 1.975852715362146e-06
1.8280105611195583e-06 1.975852715362146e-06
1.8280105611195583e-06 1.975852715362146e-06
1.8280105611195583e-06 1.975852715362146e-06
1.8280105611195583e-06 1.975852715362146e-06
1.8280105611195583e-06 1.975852715362146e-06
1.8280105611195583e-06 1.975852715362146e-06
1.9012414600413915e-06 1.9758290415886913e-06
1.9012414600413915e-06 1.9758290415886913e-06
1.9012414600413915e-06 1.9758290415886913e-06
1.9012414600413915e-06 1.9758290415886913e-06
1.9012414600413915e-06 1.9758290415886913e-06
1.9012414600413915e-06 1.9758290415886913e-06
1.9012414600413915e-06 1.9758290415886913e-06
1.9012414600413915e-06 1.9758290415886913e-06
1.9012414600413915e-06 1.9758290415886913e-06
1.9012414600413915e-06 1.9758290415886913e-06
1.9012414600413915e-06 1.9758290415886913e-06
1.9012414600413915e-06 1.9758290415886913e-06
1.9012414600413915e-06 1.9758290415886913e-06
1.9012414600413915e-06 1.9758290415886913e-06
1.9012414600413915e-06 1.9758290415886913e-06
1.9012414600413915e-06 1.9758290415886913e-06
1.9012414600413915e-06 1.9758290415886913e-06
1.9012414600413915e-06 1.9758290415886913e-06
1.9012414600413915e-06 1.9758290415886913e-06
1.9012414600413915e-06 1.9758290415886913e-06
1.9012414600413915e-06 1.9758290415886913e-06
1.9012414600413915e-06 1.9758290415886913e-06
1.9012414600413915e-06 1.9758290415886913e-06
1.9012414600413915e-06 1.9758290415886913e-06
1.9012414600413915e-06 1.9758290415886913e-06
1.9012414600413915e-06 1.9758290415886913e-06
1.9012414600413915e-06 1.9758290415886913e-06
1.9012414600413915e-06 1.9758290415886913e-06
1.9012414600413915e-06 1.9758290415886913e-06
1.9012414600413915e-06 1.9758290415886913e-06
1.9012414600413915e-06 1.9758290415886913e-06
1.9012414600413915e-06 1.9758290415886913e-06
1.9012414600413915e-06 1.9758290415886913e-06
1.9012414600413915e-06 1.9758290415886913e-06
1.9012414600413915e-06 1.9758290415886913e-06
1.9012414600413915e-06 1.9758290415886913e-06
1.9012414600413915e-06 1.9758290415886913e-06
1.9012414600413915e-06 1.9758290415886913e-06
1.9012414600413915e-06 1.9758290415886913e-06
1.9012414600413915e-06 1.9758290415886913e-06
1.9012414600413915e-06 1.9758290415886913e-06
1.9012414600413915e-06 1.9758290415886913e-06
1.9012414600413915e-06 1.9758290415886913e-06
1.9012414600413915e-06 1.9758290415886913e-06
1.9012414600413915e-06 1.9758290415886913e-06
1.9012414600413915e-06 1.9758290415886913e-06
1.9012414600413915e-06 1.9758290415886913e-06
1.9012414600413915e-06 1.9758290415886913e-06
1.9012414600413915e-06 1.9758290415886913e-06
1.9012414600413915e-06 1.9758290415886913e-06
1.9012414600413915e-06 1.9758290415886913e-06
1.9012414600413915e-06 1.9758290415886913e-06
1.9012414600413915e-06 1.9758290415886913e-06
1.9012414600413915e-06 1.9758290415886913e-06
1.9012414600413915e-06 1.9758290415886913e-06
1.9012414600413915e-06 1.9758290415886913e-06
1.9012414600413915e-06 1.9758290415886913e-06
1.9012414600413915e-06 1.9758290415886913e-06
1.9012414600413915e-06 1.9758290415886913e-06
1.9012414600413915e-06 1.9758290415886913e-06
1.9012414600413915e-06 1.9758290415886913e-06
1.9012414600413915e-06 1.9758290415886913e-06
1.9012414600413915e-06 1.9758290415886913e-06
1.2840273712669782e-06 1.9678000715127344e-06
1.2840273712669782e-06 1.9678000715127344e-06
1.2840273712669782e-06 1.9678000715127344e-06
1.2840273712669782e-06 1.9678000715127344e-06
1.2840273712669782e-06 1.9678000715127344e-06
1.8220742830555614e-06 1.9758395786899113e-06
1.8220742830555614e-06 1.9758395786899113e-06
1.8220742830555614e-06 1.9758395786899113e-06
1.8220742830555614e-06 1.9758395786899113e-06
1.8220742830555614e-06 1.9758395786899113e-06
1.8220742830555614e-06 1.9758395786899113e-06
1.8220742830555614e-06 1.9758395786899113e-06
1.8220742830555614e-06 1.9758395786899113e-06
1.8220742830555614e-06 1.9758395786899113e-06
1.8220742830555614e-06 1.9758395786899113e-06
1.8220742830555614e-06 1.9758395786899113e-06
1.8220742830555614e-06 1.9758395786899113e-06
1.8220742830555614e-06 1.9758395786899113e-06
1.8220742830555614e-06 1.9758395786899113e-06
1.8220742830555614e-06 1.9758395786899113e-06
1.8220742830555614e-06 1.9758395786899113e-06
1.8220742830555614e-06 1.9758395786899113e-06
1.8220742830555614e-06 1.9758395786899113e-06
1.8220742830555614e-06 1.9758395786899113e-06
1.8220742830555614e-06 1.9758395786899113e-06
1.838494898895078e-06 1.9759888681311043e-06
1.838494898895078e-06 1.9759888681311043e-06
1.838494898895078e-06 1.9759888681311043e-06
1.838494898895078e-06 1.9759888681311043e-06
1.838494898895078e-06 1.9759888681311043e-06
1.838494898895078e-06 1.9759888681311043e-06
1.838494898895078e-06 1.9759888681311043e-06
1.838494898895078e-06 1.9759888681311043e-06
1.838494898895078e-06 1.9759888681311043e-06
1.838494898895078e-06 1.9759888681311043e-06
1.838494898895078e-06 1.9759888681311043e-06
1.838494898895078e-06 1.9759888681311043e-06
1.838494898895078e-06 1.9759888681311043e-06
1.838494898895078e-06 1.9759888681311043e-06
1.838494898895078e-06 1.9759888681311043e-06
1.838494898895078e-06 1.9759888681311043e-06
1.838494898895078e-06 1.9759888681311043e-06
1.838494898895078e-06 1.9759888681311043e-06
1.977450674715773e-06 1.9758768521499315e-06
1.977450674715773e-06 1.9758768521499315e-06
1.977450674715773e-06 1.9758768521499315e-06
1.977450674715773e-06 1.9758768521499315e-06
1.977450674715773e-06 1.9758768521499315e-06
1.977450674715773e-06 1.9758768521499315e-06
1.977450674715773e-06 1.9758768521499315e-06
1.977450674715773e-06 1.9758768521499315e-06
1.977450674715773e-06 1.9758768521499315e-06
1.977450674715773e-06 1.9758768521499315e-06
1.977450674715773e-06 1.9758768521499315e-06
1.977450674715773e-06 1.9758768521499315e-06
1.977450674715773e-06 1.9758768521499315e-06
1.977450674715773e-06 1.9758768521499315e-06
1.977450674715773e-06 1.9758768521499315e-06
1.977450674715773e-06 1.9758768521499315e-06
1.977450674715773e-06 1.9758768521499315e-06
1.977450674715773e-06 1.9758768521499315e-06
1.977450674715773e-06 1.9758768521499315e-06
1.977450674715773e-06 1.9758768521499315e-06
1.993127871337916e-06 1.975759396001531e-06
1.993127871337916e-06 1.975759396001531e-06
1.993127871337916e-06 1.975759396001531e-06
1.993127871337916e-06 1.975759396001531e-06
1.993127871337916e-06 1.975759396001531e-06
1.993127871337916e-06 1.975759396001531e-06
1.993127871337916e-06 1.975759396001531e-06
1.993127871337916e-06 1.975759396001531e-06
1.993127871337916e-06 1.975759396001531e-06
1.993127871337916e-06 1.975759396001531e-06
1.993127871337916e-06 1.975759396001531e-06
1.993127871337916e-06 1.975759396001531e-06
1.993127871337916e-06 1.975759396001531e-06
1.993127871337916e-06 1.975759396001531e-06
1.993127871337916e-06 1.975759396001531e-06
1.993127871337916e-06 1.975759396001531e-06
1.7957244001892894e-06 1.9752870209833835e-06
1.7957244001892894e-06 1.9752870209833835e-06
1.7104347827839908e-06 1.9758958565307303e-06
1.7104347827839908e-06 1.9758958565307303e-06
1.7104347827839908e-06 1.9758958565307303e-06
1.7104347827839908e-06 1.9758958565307303e-06
1.7104347827839908e-06 1.9758958565307303e-06
1.7104347827839908e-06 1.9758958565307303e-06
1.7104347827839908e-06 1.9758958565307303e-06
1.7104347827839908e-06 1.9758958565307303e-06
1.7104347827839908e-06 1.9758958565307303e-06
1.7104347827839908e-06 1.9758958565307303e-06
1.7104347827839908e-06 1.9758958565307303e-06
1.7104347827839908e-06 1.9758958565307303e-06
1.7104347827839908e-06 1.9758958565307303e-06
1.7104347827839908e-06 1.9758958565307303e-06
1.7104347827839908e-06 1.9758958565307303e-06
1.7104347827839908e-06 1.9758958565307303e-06
1.7104347827839908e-06 1.9758958565307303e-06
1.7104347827839908e-06 1.9758958565307303e-06
1.7104347827839908e-06 1.9758958565307303e-06
1.7104347827839908e-06 1.9758958565307303e-06
1.7104347827839908e-06 1.9758958565307303e-06
1.7104347827839908e-06 1.9758958565307303e-06
1.7104347827839908e-06 1.9758958565307303e-06
1.7104347827839908e-06 1.9758958565307303e-06
1.7104347827839908e-06 1.9758958565307303e-06
1.9228111269712647e-06 1.975818351274214e-06
1.9228111269712647e-06 1.975818351274214e-06
1.9228111269712647e-06 1.975818351274214e-06
1.9228111269712647e-06 1.975818351274214e-06
1.9228111269712647e-06 1.975818351274214e-06
1.9228111269712647e-06 1.975818351274214e-06
1.9228111269712647e-06 1.975818351274214e-06
1.9228111269712647e-06 1.975818351274214e-06
1.9228111269712647e-06 1.975818351274214e-06
1.9228111269712647e-06 1.975818351274214e-06
1.9228111269712647e-06 1.975818351274214e-06
1.9228111269712647e-06 1.975818351274214e-06
1.9228111269712647e-06 1.975818351274214e-06
1.9228111269712647e-06 1.975818351274214e-06
1.9228111269712647e-06 1.975818351274214e-06
1.9228111269712647e-06 1.975818351274214e-06
1.9228111269712647e-06 1.975818351274214e-06
1.9228111269712647e-06 1.975818351274214e-06
1.9228111269712647e-06 1.975818351274214e-06
1.9228111269712647e-06 1.975818351274214e-06
1.9228111269712647e-06 1.975818351274214e-06
1.9228111269712647e-06 1.975818351274214e-06
1.9228111269712647e-06 1.975818351274214e-06
1.9228111269712647e-06 1.975818351274214e-06
1.9228111269712647e-06 1.975818351274214e-06
1.9228111269712647e-06 1.975818351274214e-06
1.9228111269712647e-06 1.975818351274214e-06
1.9228111269712647e-06 1.975818351274214e-06
1.9228111269712647e-06 1.975818351274214e-06
1.9228111269712647e-06 1.975818351274214e-06
1.9228111269712647e-06 1.975818351274214e-06
1.9228111269712647e-06 1.975818351274214e-06
1.9228111269712647e-06 1.975818351274214e-06
1.9228111269712647e-06 1.975818351274214e-06
1.9228111269712647e-06 1.975818351274214e-06
1.9228111269712647e-06 1.975818351274214e-06
1.9228111269712647e-06 1.975818351274214e-06
1.9228111269712647e-06 1.975818351274214e-06
1.9228111269712647e-06 1.975818351274214e-06
1.9228111269712647e-06 1.975818351274214e-06
1.9228111269712647e-06 1.975818351274214e-06
1.9228111269712647e-06 1.975818351274214e-06
1.9228111269712647e-06 1.975818351274214e-06
1.9228111269712647e-06 1.975818351274214e-06
1.9228111269712647e-06 1.975818351274214e-06
1.9228111269712647e-06 1.975818351274214e-06
1.9228111269712647e-06 1.975818351274214e-06
1.9228111269712647e-06 1.975818351274214e-06
2.029186669961583e-06 1.975790057022621e-06
2.029186669961583e-06 1.975790057022621e-06
2.029186669961583e-06 1.975790057022621e-06
2.029186669961583e-06 1.975790057022621e-06
2.029186669961583e-06 1.975790057022621e-06
2.029186669961583e-06 1.975790057022621e-06
2.029186669961583e-06 1.975790057022621e-06
2.029186669961583e-06 1.975790057022621e-06
2.029186669961583e-06 1.975790057022621e-06
2.029186669961583e-06 1.975790057022621e-06
2.029186669961583e-06 1.975790057022621e-06
2.029186669961583e-06 1.975790057022621e-06
2.029186669961583e-06 1.975790057022621e-06
2.029186669961583e-06 1.975790057022621e-06
2.029186669961583e-06 1.975790057022621e-06
1.8535649551003264e-06 1.9758352915166757e-06
1.8535649551003264e-06 1.9758352915166757e-06
1.8535649551003264e-06 1.9758352915166757e-06
1.8535649551003264e-06 1.9758352915166757e-06
1.8535649551003264e-06 1.9758352915166757e-06
1.8535649551003264e-06 1.9758352915166757e-06
1.8535649551003264e-06 1.9758352915166757e-06
1.591323977726816e-06 1.975739279272512e-06
1.591323977726816e-06 1.975739279272512e-06
1.591323977726816e-06 1.975739279272512e-06
1.591323977726816e-06 1.975739279272512e-06
1.591323977726816e-06 1.975739279272512e-06
1.591323977726816e-06 1.975739279272512e-06
1.591323977726816e-06 1.975739279272512e-06
1.591323977726816e-06 1.975739279272512e-06
2.753746989481389e-06 1.975744125591156e-06
2.753746989481389e-06 1.975744125591156e-06
2.753746989481389e-06 1.975744125591156e-06
2.753746989481389e-06 1.975744125591156e-06
2.753746989481389e-06 1.975744125591156e-06
2.753746989481389e-06 1.975744125591156e-06
2.753746989481389e-06 1.975744125591156e-06
2.753746989481389e-06 1.975744125591156e-06
2.753746989481389e-06 1.975744125591156e-06
2.753746989481389e-06 1.975744125591156e-06
1.7759170500036152e-06 1.9758455275953768e-06
1.7759170500036152e-06 1.9758455275953768e-06
1.7759170500036152e-06 1.9758455275953768e-06
1.7759170500036152e-06 1.9758455275953768e-06
1.8787545230134024e-06 1.97580082605717e-06
1.8787545230134024e-06 1.97580082605717e-06
1.8787545230134024e-06 1.97580082605717e-06
1.8787545230134024e-06 1.97580082605717e-06
1.8787545230134024e-06 1.97580082605717e-06
1.8787545230134024e-06 1.97580082605717e-06
1.8787545230134024e-06 1.97580082605717e-06
1.8787545230134024e-06 1.97580082605717e-06
1.8787545230134024e-06 1.97580082605717e-06
1.8787545230134024e-06 1.97580082605717e-06
1.8787545230134024e-06 1.97580082605717e-06
1.8787545230134024e-06 1.97580082605717e-06
1.8787545230134024e-06 1.97580082605717e-06
1.8787545230134024e-06 1.97580082605717e-06
1.8787545230134024e-06 1.97580082605717e-06
1.8787545230134024e-06 1.97580082605717e-06
1.8787545230134024e-06 1.97580082605717e-06
1.8787545230134024e-06 1.97580082605717e-06
1.8787545230134024e-06 1.97580082605717e-06
1.8787545230134024e-06 1.97580082605717e-06
1.8787545230134024e-06 1.97580082605717e-06
1.8787545230134024e-06 1.97580082605717e-06
1.8787545230134024e-06 1.97580082605717e-06
1.8787545230134024e-06 1.97580082605717e-06
1.8787545230134024e-06 1.97580082605717e-06
1.8787545230134024e-06 1.97580082605717e-06
1.8787545230134024e-06 1.97580082605717e-06
1.8787545230134024e-06 1.97580082605717e-06
1.8787545230134024e-06 1.97580082605717e-06
1.8787545230134024e-06 1.97580082605717e-06
1.8787545230134024e-06 1.97580082605717e-06
1.8787545230134024e-06 1.97580082605717e-06
1.8787545230134024e-06 1.97580082605717e-06
1.8787545230134024e-06 1.97580082605717e-06
1.8787545230134024e-06 1.97580082605717e-06
1.324668290930555e-06 1.9759063577842984e-06
1.324668290930555e-06 1.9759063577842984e-06
1.324668290930555e-06 1.9759063577842984e-06
1.324668290930555e-06 1.9759063577842984e-06
1.703534427942754e-06 1.9758436553946397e-06
1.703534427942754e-06 1.9758436553946397e-06
1.703534427942754e-06 1.9758436553946397e-06
1.703534427942754e-06 1.9758436553946397e-06
1.703534427942754e-06 1.9758436553946397e-06
1.703534427942754e-06 1.9758436553946397e-06
1.703534427942754e-06 1.9758436553946397e-06
1.703534427942754e-06 1.9758436553946397e-06
1.703534427942754e-06 1.9758436553946397e-06
1.703534427942754e-06 1.9758436553946397e-06
1.703534427942754e-06 1.9758436553946397e-06
1.703534427942754e-06 1.9758436553946397e-06
1.703534427942754e-06 1.9758436553946397e-06
1.703534427942754e-06 1.9758436553946397e-06
1.703534427942754e-06 1.9758436553946397e-06
1.703534427942754e-06 1.9758436553946397e-06
1.703534427942754e-06 1.9758436553946397e-06
1.703534427942754e-06 1.9758436553946397e-06
1.703534427942754e-06 1.9758436553946397e-06
1.703534427942754e-06 1.9758436553946397e-06
1.703534427942754e-06 1.9758436553946397e-06
1.703534427942754e-06 1.9758436553946397e-06
1.703534427942754e-06 1.9758436553946397e-06
1.703534427942754e-06 1.9758436553946397e-06
1.703534427942754e-06 1.9758436553946397e-06
2.124005835165576e-06 1.975788953896704e-06
2.124005835165576e-06 1.975788953896704e-06
2.124005835165576e-06 1.975788953896704e-06
2.124005835165576e-06 1.975788953896704e-06
2.124005835165576e-06 1.975788953896704e-06
2.124005835165576e-06 1.975788953896704e-06
2.124005835165576e-06 1.975788953896704e-06
2.124005835165576e-06 1.975788953896704e-06
2.124005835165576e-06 1.975788953896704e-06
2.124005835165576e-06 1.975788953896704e-06
2.124005835165576e-06 1.975788953896704e-06
2.124005835165576e-06 1.975788953896704e-06
2.124005835165576e-06 1.975788953896704e-06
2.124005835165576e-06 1.975788953896704e-06
2.124005835165576e-06 1.975788953896704e-06
2.124005835165576e-06 1.975788953896704e-06
2.124005835165576e-06 1.975788953896704e-06
2.124005835165576e-06 1.975788953896704e-06
2.124005835165576e-06 1.975788953896704e-06
2.124005835165576e-06 1.975788953896704e-06
2.124005835165576e-06 1.975788953896704e-06
2.124005835165576e-06 1.975788953896704e-06
2.124005835165576e-06 1.975788953896704e-06
2.124005835165576e-06 1.975788953896704e-06
1.1131627556977664e-06 1.9509149791252097e-06
2.0214175886488904e-06 1.9758776882210328e-06
2.0214175886488904e-06 1.9758776882210328e-06
2.0214175886488904e-06 1.9758776882210328e-06
2.0214175886488904e-06 1.9758776882210328e-06
2.0214175886488904e-06 1.9758776882210328e-06
2.0214175886488904e-06 1.9758776882210328e-06
2.0214175886488904e-06 1.9758776882210328e-06
2.0214175886488904e-06 1.9758776882210328e-06
2.0214175886488904e-06 1.9758776882210328e-06
2.0214175886488904e-06 1.9758776882210328e-06
2.0214175886488904e-06 1.9758776882210328e-06
2.0214175886488904e-06 1.9758776882210328e-06
2.0894830004784735e-06 1.9758795798342124e-06
2.0894830004784735e-06 1.9758795798342124e-06
2.0894830004784735e-06 1.9758795798342124e-06
2.0894830004784735e-06 1.9758795798342124e-06
2.0894830004784735e-06 1.9758795798342124e-06
2.0894830004784735e-06 1.9758795798342124e-06
2.0894830004784735e-06 1.9758795798342124e-06
2.0894830004784735e-06 1.9758795798342124e-06
2.0894830004784735e-06 1.9758795798342124e-06
2.0894830004784735e-06 1.9758795798342124e-06
2.0894830004784735e-06 1.9758795798342124e-06
2.0894830004784735e-06 1.9758795798342124e-06
2.0894830004784735e-06 1.9758795798342124e-06
2.0894830004784735e-06 1.9758795798342124e-06
2.0894830004784735e-06 1.9758795798342124e-06
2.0894830004784735e-06 1.9758795798342124e-06
2.0894830004784735e-06 1.9758795798342124e-06
2.0894830004784735e-06 1.9758795798342124e-06
2.0894830004784735e-06 1.9758795798342124e-06
2.0894830004784735e-06 1.9758795798342124e-06
1.788313510247808e-06 1.9759063078112324e-06
1.788313510247808e-06 1.9759063078112324e-06
1.788313510247808e-06 1.9759063078112324e-06
1.788313510247808e-06 1.9759063078112324e-06
1.788313510247808e-06 1.9759063078112324e-06
1.788313510247808e-06 1.9759063078112324e-06
1.788313510247808e-06 1.9759063078112324e-06
1.788313510247808e-06 1.9759063078112324e-06
1.788313510247808e-06 1.9759063078112324e-06
1.788313510247808e-06 1.9759063078112324e-06
1.788313510247808e-06 1.9759063078112324e-06
1.788313510247808e-06 1.9759063078112324e-06
1.473870405728571e-06 1.975860863576472e-06
1.473870405728571e-06 1.975860863576472e-06
1.473870405728571e-06 1.975860863576472e-06
1.473870405728571e-06 1.975860863576472e-06
1.473870405728571e-06 1.975860863576472e-06
1.473870405728571e-06 1.975860863576472e-06
1.473870405728571e-06 1.975860863576472e-06
1.473870405728571e-06 1.975860863576472e-06
1.473870405728571e-06 1.975860863576472e-06
1.5253793070342155e-06 1.976126122036489e-06
1.5253793070342155e-06 1.976126122036489e-06
1.5253793070342155e-06 1.976126122036489e-06
1.5253793070342155e-06 1.976126122036489e-06
1.5261901982871864e-06 2.0038287442076826e-06
1.5261901982871864e-06 2.0038287442076826e-06
1.5261901982871864e-06 2.0038287442076826e-06
1.5261901982871864e-06 2.0038287442076826e-06
1.8807853836490793e-06 1.9758423291582583e-06
1.8807853836490793e-06 1.9758423291582583e-06
1.8807853836490793e-06 1.9758423291582583e-06
1.8807853836490793e-06 1.9758423291582583e-06
1.8807853836490793e-06 1.9758423291582583e-06
1.8807853836490793e-06 1.9758423291582583e-06
1.8807853836490793e-06 1.9758423291582583e-06
1.8807853836490793e-06 1.9758423291582583e-06
1.8807853836490793e-06 1.9758423291582583e-06
1.8807853836490793e-06 1.9758423291582583e-06
1.8807853836490793e-06 1.9758423291582583e-06
1.8807853836490793e-06 1.9758423291582583e-06
1.8807853836490793e-06 1.9758423291582583e-06
1.8807853836490793e-06 1.9758423291582583e-06
1.8807853836490793e-06 1.9758423291582583e-06
1.8807853836490793e-06 1.9758423291582583e-06
1.8807853836490793e-06 1.9758423291582583e-06
1.8807853836490793e-06 1.9758423291582583e-06
1.8807853836490793e-06 1.9758423291582583e-06
1.8807853836490793e-06 1.9758423291582583e-06
1.8807853836490793e-06 1.9758423291582583e-06
1.8807853836490793e-06 1.9758423291582583e-06
1.8807853836490793e-06 1.9758423291582583e-06
1.8807853836490793e-06 1.9758423291582583e-06
1.8807853836490793e-06 1.9758423291582583e-06
1.8807853836490793e-06 1.9758423291582583e-06
1.8807853836490793e-06 1.9758423291582583e-06
1.8807853836490793e-06 1.9758423291582583e-06
1.8807853836490793e-06 1.9758423291582583e-06
1.8807853836490793e-06 1.9758423291582583e-06
1.8807853836490793e-06 1.9758423291582583e-06
1.8807853836490793e-06 1.9758423291582583e-06
1.8807853836490793e-06 1.9758423291582583e-06
1.8807853836490793e-06 1.9758423291582583e-06
1.8807853836490793e-06 1.9758423291582583e-06
1.8825730456599428e-06 1.9759412833860217e-06
1.8825730456599428e-06 1.9759412833860217e-06
1.8825730456599428e-06 1.9759412833860217e-06
1.8825730456599428e-06 1.9759412833860217e-06
1.8825730456599428e-06 1.9759412833860217e-06
1.8825730456599428e-06 1.9759412833860217e-06
1.8825730456599428e-06 1.9759412833860217e-06
1.8825730456599428e-06 1.9759412833860217e-06
1.8825730456599428e-06 1.9759412833860217e-06
1.8825730456599428e-06 1.9759412833860217e-06
1.8825730456599428e-06 1.9759412833860217e-06
1.8825730456599428e-06 1.9759412833860217e-06
1.8825730456599428e-06 1.9759412833860217e-06
1.8825730456599428e-06 1.9759412833860217e-06
1.8825730456599428e-06 1.9759412833860217e-06
1.8825730456599428e-06 1.9759412833860217e-06
1.8825730456599428e-06 1.9759412833860217e-06
1.8825730456599428e-06 1.9759412833860217e-06
1.8825730456599428e-06 1.9759412833860217e-06
1.8825730456599428e-06 1.9759412833860217e-06
1.8825730456599428e-06 1.9759412833860217e-06
1.8825730456599428e-06 1.9759412833860217e-06
1.8825730456599428e-06 1.9759412833860217e-06
1.8825730456599428e-06 1.9759412833860217e-06
1.8825730456599428e-06 1.9759412833860217e-06
1.8825730456599428e-06 1.9759412833860217e-06
1.8825730456599428e-06 1.9759412833860217e-06
1.8825730456599428e-06 1.9759412833860217e-06
1.8825730456599428e-06 1.9759412833860217e-06
1.8825730456599428e-06 1.9759412833860217e-06
1.8825730456599428e-06 1.9759412833860217e-06
1.8825730456599428e-06 1.9759412833860217e-06
1.8825730456599428e-06 1.9759412833860217e-06
1.8825730456599428e-06 1.9759412833860217e-06
1.8825730456599428e-06 1.9759412833860217e-06
1.8825730456599428e-06 1.9759412833860217e-06
1.8825730456599428e-06 1.9759412833860217e-06
1.8825730456599428e-06 1.9759412833860217e-06
1.8825730456599428e-06 1.9759412833860217e-06
1.8825730456599428e-06 1.9759412833860217e-06
1.8825730456599428e-06 1.9759412833860217e-06
1.8825730456599428e-06 1.9759412833860217e-06
1.8825730456599428e-06 1.9759412833860217e-06
1.8825730456599428e-06 1.9759412833860217e-06
1.8825730456599428e-06 1.9759412833860217e-06
1.7842074706330587e-06 1.9758439790987223e-06
1.7842074706330587e-06 1.9758439790987223e-06
1.7842074706330587e-06 1.9758439790987223e-06
1.7842074706330587e-06 1.9758439790987223e-06
1.842940900725414e-06 1.9758411278532777e-06
1.842940900725414e-06 1.9758411278532777e-06
1.842940900725414e-06 1.9758411278532777e-06
1.842940900725414e-06 1.9758411278532777e-06
1.842940900725414e-06 1.9758411278532777e-06
1.7012741544343134e-06 1.9758980707575795e-06
1.7012741544343134e-06 1.9758980707575795e-06
1.7012741544343134e-06 1.9758980707575795e-06
1.7012741544343134e-06 1.9758980707575795e-06
1.7012741544343134e-06 1.9758980707575795e-06
1.29265437177713e-06 1.975849423140209e-06
1.29265437177713e-06 1.975849423140209e-06
2.0749163359833696e-06 1.9760199567620385e-06
2.0749163359833696e-06 1.9760199567620385e-06
2.0749163359833696e-06 1.9760199567620385e-06
2.0749163359833696e-06 1.9760199567620385e-06
2.0749163359833696e-06 1.9760199567620385e-06
2.0749163359833696e-06 1.9760199567620385e-06
2.0749163359833696e-06 1.9760199567620385e-06
2.0749163359833696e-06 1.9760199567620385e-06
2.0749163359833696e-06 1.9760199567620385e-06
2.0749163359833696e-06 1.9760199567620385e-06
1.7036734552031304e-06 1.97579865201481e-06
1.7036734552031304e-06 1.97579865201481e-06
1.7036734552031304e-06 1.97579865201481e-06
1.7036734552031304e-06 1.97579865201481e-06
1.7036734552031304e-06 1.97579865201481e-06
1.7036734552031304e-06 1.97579865201481e-06
1.7036734552031304e-06 1.97579865201481e-06
1.7036734552031304e-06 1.97579865201481e-06
1.7036734552031304e-06 1.97579865201481e-06
1.7036734552031304e-06 1.97579865201481e-06
1.7036734552031304e-06 1.97579865201481e-06
1.7036734552031304e-06 1.97579865201481e-06
1.7036734552031304e-06 1.97579865201481e-06
1.7036734552031304e-06 1.97579865201481e-06
1.7036734552031304e-06 1.97579865201481e-06
1.7036734552031304e-06 1.97579865201481e-06
1.7036734552031304e-06 1.97579865201481e-06
1.7036734552031304e-06 1.97579865201481e-06
1.7036734552031304e-06 1.97579865201481e-06
1.7036734552031304e-06 1.97579865201481e-06
1.7036734552031304e-06 1.97579865201481e-06
1.7036734552031304e-06 1.97579865201481e-06
1.7036734552031304e-06 1.97579865201481e-06
1.7036734552031304e-06 1.97579865201481e-06
1.7036734552031304e-06 1.97579865201481e-06
2.3618087799692566e-06 1.967762748359094e-06
2.3618087799692566e-06 1.967762748359094e-06
2.3618087799692566e-06 1.967762748359094e-06
1.6483319313533676e-06 1.975825835135211e-06
1.6483319313533676e-06 1.975825835135211e-06
1.6483319313533676e-06 1.975825835135211e-06
1.8516380961924877e-06 1.975849261906841e-06
1.8516380961924877e-06 1.975849261906841e-06
1.8516380961924877e-06 1.975849261906841e-06
1.8516380961924877e-06 1.975849261906841e-06
1.8516380961924877e-06 1.975849261906841e-06
1.8516380961924877e-06 1.975849261906841e-06
1.8516380961924877e-06 1.975849261906841e-06
1.8516380961924877e-06 1.975849261906841e-06
1.8516380961924877e-06 1.975849261906841e-06
1.8516380961924877e-06 1.975849261906841e-06
1.8516380961924877e-06 1.975849261906841e-06
1.8516380961924877e-06 1.975849261906841e-06
1.8516380961924877e-06 1.975849261906841e-06
1.8516380961924877e-06 1.975849261906841e-06
1.8516380961924877e-06 1.975849261906841e-06
1.8516380961924877e-06 1.975849261906841e-06
1.8516380961924877e-06 1.975849261906841e-06
1.8516380961924877e-06 1.975849261906841e-06
1.8516380961924877e-06 1.975849261906841e-06
1.8516380961924877e-06 1.975849261906841e-06
1.8516380961924877e-06 1.975849261906841e-06
1.8516380961924877e-06 1.975849261906841e-06
1.8516380961924877e-06 1.975849261906841e-06
1.8516380961924877e-06 1.975849261906841e-06
1.8516380961924877e-06 1.975849261906841e-06
1.8516380961924877e-06 1.975849261906841e-06
1.8516380961924877e-06 1.975849261906841e-06
1.8516380961924877e-06 1.975849261906841e-06
1.8516380961924877e-06 1.975849261906841e-06
1.8516380961924877e-06 1.975849261906841e-06
1.8516380961924877e-06 1.975849261906841e-06
1.8516380961924877e-06 1.975849261906841e-06
1.8516380961924877e-06 1.975849261906841e-06
1.8516380961924877e-06 1.975849261906841e-06
1.8516380961924877e-06 1.975849261906841e-06
1.8516380961924877e-06 1.975849261906841e-06
1.8516380961924877e-06 1.975849261906841e-06
1.8516380961924877e-06 1.975849261906841e-06
1.8516380961924877e-06 1.975849261906841e-06
1.8516380961924877e-06 1.975849261906841e-06
1.8516380961924877e-06 1.975849261906841e-06
1.8516380961924877e-06 1.975849261906841e-06
1.8516380961924877e-06 1.975849261906841e-06
1.8516380961924877e-06 1.975849261906841e-06
1.8516380961924877e-06 1.975849261906841e-06
1.8516380961924877e-06 1.975849261906841e-06
1.8516380961924877e-06 1.975849261906841e-06
1.8516380961924877e-06 1.975849261906841e-06
1.8516380961924877e-06 1.975849261906841e-06
1.8516380961924877e-06 1.975849261906841e-06
1.8516380961924877e-06 1.975849261906841e-06
1.8516380961924877e-06 1.975849261906841e-06
1.8516380961924877e-06 1.975849261906841e-06
1.8516380961924877e-06 1.975849261906841e-06
1.8516380961924877e-06 1.975849261906841e-06
1.8516380961924877e-06 1.975849261906841e-06
1.8516380961924877e-06 1.975849261906841e-06
1.8516380961924877e-06 1.975849261906841e-06
1.8516380961924877e-06 1.975849261906841e-06
1.8516380961924877e-06 1.975849261906841e-06
1.8787748663393398e-06 1.975824344510195e-06
1.8787748663393398e-06 1.975824344510195e-06
1.8787748663393398e-06 1.975824344510195e-06
1.8787748663393398e-06 1.975824344510195e-06
1.8787748663393398e-06 1.975824344510195e-06
1.8787748663393398e-06 1.975824344510195e-06
1.8787748663393398e-06 1.975824344510195e-06
1.8787748663393398e-06 1.975824344510195e-06
1.8787748663393398e-06 1.975824344510195e-06
1.8787748663393398e-06 1.975824344510195e-06
1.8787748663393398e-06 1.975824344510195e-06
1.8787748663393398e-06 1.975824344510195e-06
1.8787748663393398e-06 1.975824344510195e-06
1.8787748663393398e-06 1.975824344510195e-06
1.8787748663393398e-06 1.975824344510195e-06
1.8787748663393398e-06 1.975824344510195e-06
1.8787748663393398e-06 1.975824344510195e-06
1.8787748663393398e-06 1.975824344510195e-06
1.8787748663393398e-06 1.975824344510195e-06
1.8787748663393398e-06 1.975824344510195e-06
1.8787748663393398e-06 1.975824344510195e-06
1.8787748663393398e-06 1.975824344510195e-06
1.8787748663393398e-06 1.975824344510195e-06
1.8787748663393398e-06 1.975824344510195e-06
1.8787748663393398e-06 1.975824344510195e-06
1.8787748663393398e-06 1.975824344510195e-06
1.8787748663393398e-06 1.975824344510195e-06
1.8787748663393398e-06 1.975824344510195e-06
1.8787748663393398e-06 1.975824344510195e-06
1.8787748663393398e-06 1.975824344510195e-06
1.8787748663393398e-06 1.975824344510195e-06
1.8787748663393398e-06 1.975824344510195e-06
1.8787748663393398e-06 1.975824344510195e-06
1.8787748663393398e-06 1.975824344510195e-06
1.8787748663393398e-06 1.975824344510195e-06
1.8787748663393398e-06 1.975824344510195e-06
1.538527443367546e-06 1.9758503482063884e-06
1.538527443367546e-06 1.9758503482063884e-06
1.538527443367546e-06 1.9758503482063884e-06
1.538527443367546e-06 1.9758503482063884e-06
1.538527443367546e-06 1.9758503482063884e-06
1.538527443367546e-06 1.9758503482063884e-06
1.538527443367546e-06 1.9758503482063884e-06
1.538527443367546e-06 1.9758503482063884e-06
1.538527443367546e-06 1.9758503482063884e-06
2.598951889498498e-06 1.9950323694001934e-06
2.598951889498498e-06 1.9950323694001934e-06
2.598951889498498e-06 1.9950323694001934e-06
2.598951889498498e-06 1.9950323694001934e-06
1.8324948436825113e-06 1.975838768017433e-06
1.8324948436825113e-06 1.975838768017433e-06
1.8324948436825113e-06 1.975838768017433e-06
1.8324948436825113e-06 1.975838768017433e-06
1.8324948436825113e-06 1.975838768017433e-06
1.8324948436825113e-06 1.975838768017433e-06
1.8324948436825113e-06 1.975838768017433e-06
1.8324948436825113e-06 1.975838768017433e-06
1.8324948436825113e-06 1.975838768017433e-06
1.8324948436825113e-06 1.975838768017433e-06
1.8324948436825113e-06 1.975838768017433e-06
1.8324948436825113e-06 1.975838768017433e-06
1.8324948436825113e-06 1.975838768017433e-06
1.8324948436825113e-06 1.975838768017433e-06
1.8324948436825113e-06 1.975838768017433e-06
1.8324948436825113e-06 1.975838768017433e-06
1.8324948436825113e-06 1.975838768017433e-06
1.8324948436825113e-06 1.975838768017433e-06
1.8324948436825113e-06 1.975838768017433e-06
1.8324948436825113e-06 1.975838768017433e-06
1.622572197921456e-06 1.9758221417965934e-06
1.622572197921456e-06 1.9758221417965934e-06
1.622572197921456e-06 1.9758221417965934e-06
1.622572197921456e-06 1.9758221417965934e-06
1.4935015249728699e-06 1.9759466745216496e-06
1.4935015249728699e-06 1.9759466745216496e-06
1.4935015249728699e-06 1.9759466745216496e-06
1.4935015249728699e-06 1.9759466745216496e-06
1.4935015249728699e-06 1.9759466745216496e-06
1.4935015249728699e-06 1.9759466745216496e-06
1.4935015249728699e-06 1.9759466745216496e-06
1.4935015249728699e-06 1.9759466745216496e-06
1.4935015249728699e-06 1.9759466745216496e-06
1.4935015249728699e-06 1.9759466745216496e-06
1.4935015249728699e-06 1.9759466745216496e-06
1.4935015249728699e-06 1.9759466745216496e-06
1.4935015249728699e-06 1.9759466745216496e-06
1.4935015249728699e-06 1.9759466745216496e-06
1.4935015249728699e-06 1.9759466745216496e-06
1.4935015249728699e-06 1.9759466745216496e-06
1.4935015249728699e-06 1.9759466745216496e-06
1.4935015249728699e-06 1.9759466745216496e-06
1.4935015249728699e-06 1.9759466745216496e-06
1.4935015249728699e-06 1.9759466745216496e-06
1.4935015249728699e-06 1.9759466745216496e-06
1.4935015249728699e-06 1.9759466745216496e-06
1.4935015249728699e-06 1.9759466745216496e-06
1.4935015249728699e-06 1.9759466745216496e-06
1.4935015249728699e-06 1.9759466745216496e-06
1.4935015249728699e-06 1.9759466745216496e-06
1.4935015249728699e-06 1.9759466745216496e-06
1.4935015249728699e-06 1.9759466745216496e-06
1.4935015249728699e-06 1.9759466745216496e-06
1.4935015249728699e-06 1.9759466745216496e-06
1.4935015249728699e-06 1.9759466745216496e-06
1.4935015249728699e-06 1.9759466745216496e-06
2.438673002834162e-06 1.9757552222041063e-06
2.438673002834162e-06 1.9757552222041063e-06
2.438673002834162e-06 1.9757552222041063e-06
2.438673002834162e-06 1.9757552222041063e-06
2.438673002834162e-06 1.9757552222041063e-06
2.438673002834162e-06 1.9757552222041063e-06
2.438673002834162e-06 1.9757552222041063e-06
2.438673002834162e-06 1.9757552222041063e-06
2.438673002834162e-06 1.9757552222041063e-06
2.438673002834162e-06 1.9757552222041063e-06
1.9168168625044034e-06 1.9759372690902844e-06
1.9168168625044034e-06 1.9759372690902844e-06
1.9168168625044034e-06 1.9759372690902844e-06
1.9168168625044034e-06 1.9759372690902844e-06
1.9168168625044034e-06 1.9759372690902844e-06
1.9168168625044034e-06 1.9759372690902844e-06
1.9168168625044034e-06 1.9759372690902844e-06
1.9168168625044034e-06 1.9759372690902844e-06
1.9168168625044034e-06 1.9759372690902844e-06
1.9168168625044034e-06 1.9759372690902844e-06
1.9168168625044034e-06 1.9759372690902844e-06
1.9168168625044034e-06 1.9759372690902844e-06
1.9168168625044034e-06 1.9759372690902844e-06
1.9168168625044034e-06 1.9759372690902844e-06
1.9168168625044034e-06 1.9759372690902844e-06
1.9168168625044034e-06 1.9759372690902844e-06
1.9168168625044034e-06 1.9759372690902844e-06
1.9168168625044034e-06 1.9759372690902844e-06
1.9168168625044034e-06 1.9759372690902844e-06
1.9168168625044034e-06 1.9759372690902844e-06
1.9168168625044034e-06 1.9759372690902844e-06
1.9168168625044034e-06 1.9759372690902844e-06
1.9168168625044034e-06 1.9759372690902844e-06
1.9168168625044034e-06 1.9759372690902844e-06
1.9168168625044034e-06 1.9759372690902844e-06
1.9168168625044034e-06 1.9759372690902844e-06
1.9168168625044034e-06 1.9759372690902844e-06
1.9168168625044034e-06 1.9759372690902844e-06
1.9168168625044034e-06 1.9759372690902844e-06
1.9168168625044034e-06 1.9759372690902844e-06
1.9168168625044034e-06 1.9759372690902844e-06
1.9168168625044034e-06 1.9759372690902844e-06
1.9168168625044034e-06 1.9759372690902844e-06
1.9168168625044034e-06 1.9759372690902844e-06
1.9168168625044034e-06 1.9759372690902844e-06
1.9168168625044034e-06 1.9759372690902844e-06
2.721525301280471e-06 1.9756606273874363e-06
2.721525301280471e-06 1.9756606273874363e-06
2.00594212794843e-06 1.975843449777439e-06
2.00594212794843e-06 1.975843449777439e-06
2.00594212794843e-06 1.975843449777439e-06
2.00594212794843e-06 1.975843449777439e-06
2.00594212794843e-06 1.975843449777439e-06
2.00594212794843e-06 1.975843449777439e-06
2.00594212794843e-06 1.975843449777439e-06
2.00594212794843e-06 1.975843449777439e-06
2.00594212794843e-06 1.975843449777439e-06
2.00594212794843e-06 1.975843449777439e-06
2.00594212794843e-06 1.975843449777439e-06
2.00594212794843e-06 1.975843449777439e-06
2.6560960313923384e-06 1.9758356382164784e-06
2.6560960313923384e-06 1.9758356382164784e-06
2.6560960313923384e-06 1.9758356382164784e-06
2.6560960313923384e-06 1.9758356382164784e-06
2.6560960313923384e-06 1.9758356382164784e-06
2.6560960313923384e-06 1.9758356382164784e-06
2.6560960313923384e-06 1.9758356382164784e-06
2.6560960313923384e-06 1.9758356382164784e-06
2.6560960313923384e-06 1.9758356382164784e-06
2.6560960313923384e-06 1.9758356382164784e-06
1.3982760707779954e-06 1.975882963254031e-06
1.8627436796386621e-06 1.9758337175256513e-06
1.8627436796386621e-06 1.9758337175256513e-06
1.8627436796386621e-06 1.9758337175256513e-06
1.8627436796386621e-06 1.9758337175256513e-06
1.8627436796386621e-06 1.9758337175256513e-06
1.8627436796386621e-06 1.9758337175256513e-06
1.8627436796386621e-06 1.9758337175256513e-06
2.0613413715557607e-06 1.975864152878867e-06
2.0613413715557607e-06 1.975864152878867e-06
2.0613413715557607e-06 1.975864152878867e-06
2.0613413715557607e-06 1.975864152878867e-06
2.0613413715557607e-06 1.975864152878867e-06
2.0613413715557607e-06 1.975864152878867e-06
2.0613413715557607e-06 1.975864152878867e-06
2.0613413715557607e-06 1.975864152878867e-06
2.0613413715557607e-06 1.975864152878867e-06
2.0613413715557607e-06 1.975864152878867e-06
2.0613413715557607e-06 1.975864152878867e-06
2.0613413715557607e-06 1.975864152878867e-06
2.0613413715557607e-06 1.975864152878867e-06
2.0613413715557607e-06 1.975864152878867e-06
2.0613413715557607e-06 1.975864152878867e-06
2.0613413715557607e-06 1.975864152878867e-06
1.8463804844110828e-06 1.9758315584296445e-06
1.8463804844110828e-06 1.9758315584296445e-06
1.8463804844110828e-06 1.9758315584296445e-06
1.8463804844110828e-06 1.9758315584296445e-06
1.8463804844110828e-06 1.9758315584296445e-06
1.8463804844110828e-06 1.9758315584296445e-06
1.8463804844110828e-06 1.9758315584296445e-06
1.8463804844110828e-06 1.9758315584296445e-06
1.8463804844110828e-06 1.9758315584296445e-06
1.8463804844110828e-06 1.9758315584296445e-06
1.8463804844110828e-06 1.9758315584296445e-06
1.8463804844110828e-06 1.9758315584296445e-06
1.8463804844110828e-06 1.9758315584296445e-06
1.8463804844110828e-06 1.9758315584296445e-06
1.8463804844110828e-06 1.9758315584296445e-06
1.8463804844110828e-06 1.9758315584296445e-06
1.8463804844110828e-06 1.9758315584296445e-06
1.8463804844110828e-06 1.9758315584296445e-06
1.8463804844110828e-06 1.9758315584296445e-06
1.8463804844110828e-06 1.9758315584296445e-06
1.8463804844110828e-06 1.9758315584296445e-06
1.8463804844110828e-06 1.9758315584296445e-06
1.8463804844110828e-06 1.9758315584296445e-06
1.8463804844110828e-06 1.9758315584296445e-06
1.8463804844110828e-06 1.9758315584296445e-06
1.8463804844110828e-06 1.9758315584296445e-06
1.8463804844110828e-06 1.9758315584296445e-06
1.8463804844110828e-06 1.9758315584296445e-06
1.8463804844110828e-06 1.9758315584296445e-06
1.8463804844110828e-06 1.9758315584296445e-06
1.8463804844110828e-06 1.9758315584296445e-06
1.8463804844110828e-06 1.9758315584296445e-06
1.8463804844110828e-06 1.9758315584296445e-06
1.8463804844110828e-06 1.9758315584296445e-06
1.8463804844110828e-06 1.9758315584296445e-06
1.8463804844110828e-06 1.9758315584296445e-06
1.707378847204864e-06 1.9757767003516952e-06
1.707378847204864e-06 1.9757767003516952e-06
1.707378847204864e-06 1.9757767003516952e-06
1.707378847204864e-06 1.9757767003516952e-06
1.707378847204864e-06 1.9757767003516952e-06
1.707378847204864e-06 1.9757767003516952e-06
1.707378847204864e-06 1.9757767003516952e-06
1.707378847204864e-06 1.9757767003516952e-06
1.707378847204864e-06 1.9757767003516952e-06
1.707378847204864e-06 1.9757767003516952e-06
1.707378847204864e-06 1.9757767003516952e-06
1.707378847204864e-06 1.9757767003516952e-06
1.707378847204864e-06 1.9757767003516952e-06
1.707378847204864e-06 1.9757767003516952e-06
1.707378847204864e-06 1.9757767003516952e-06
1.707378847204864e-06 1.9757767003516952e-06
1.707378847204864e-06 1.9757767003516952e-06
1.707378847204864e-06 1.9757767003516952e-06
1.707378847204864e-06 1.9757767003516952e-06
1.707378847204864e-06 1.9757767003516952e-06
1.707378847204864e-06 1.9757767003516952e-06
1.707378847204864e-06 1.9757767003516952e-06
1.707378847204864e-06 1.9757767003516952e-06
1.707378847204864e-06 1.9757767003516952e-06
1.707378847204864e-06 1.9757767003516952e-06
1.707378847204864e-06 1.9757767003516952e-06
1.707378847204864e-06 1.9757767003516952e-06
1.707378847204864e-06 1.9757767003516952e-06
1.707378847204864e-06 1.9757767003516952e-06
1.707378847204864e-06 1.9757767003516952e-06
1.707378847204864e-06 1.9757767003516952e-06
1.707378847204864e-06 1.9757767003516952e-06
1.707378847204864e-06 1.9757767003516952e-06
1.707378847204864e-06 1.9757767003516952e-06
1.707378847204864e-06 1.9757767003516952e-06
1.707378847204864e-06 1.9757767003516952e-06
1.707378847204864e-06 1.9757767003516952e-06
1.707378847204864e-06 1.9757767003516952e-06
1.707378847204864e-06 1.9757767003516952e-06
1.707378847204864e-06 1.9757767003516952e-06
1.3682095342940428e-06 1.975916386443242e-06
1.3682095342940428e-06 1.975916386443242e-06
1.3682095342940428e-06 1.975916386443242e-06
1.3682095342940428e-06 1.975916386443242e-06
1.8039104873343754e-06 1.975816513531276e-06
1.8039104873343754e-06 1.975816513531276e-06
1.8039104873343754e-06 1.975816513531276e-06
1.8039104873343754e-06 1.975816513531276e-06
1.8039104873343754e-06 1.975816513531276e-06
1.8039104873343754e-06 1.975816513531276e-06
1.8039104873343754e-06 1.975816513531276e-06
1.8039104873343754e-06 1.975816513531276e-06
1.8039104873343754e-06 1.975816513531276e-06
1.8039104873343754e-06 1.975816513531276e-06
1.8039104873343754e-06 1.975816513531276e-06
1.8039104873343754e-06 1.975816513531276e-06
1.8039104873343754e-06 1.975816513531276e-06
1.8039104873343754e-06 1.975816513531276e-06
1.8039104873343754e-06 1.975816513531276e-06
1.8039104873343754e-06 1.975816513531276e-06
1.8039104873343754e-06 1.975816513531276e-06
1.8039104873343754e-06 1.975816513531276e-06
1.8039104873343754e-06 1.975816513531276e-06
1.8039104873343754e-06 1.975816513531276e-06
1.8039104873343754e-06 1.975816513531276e-06
1.8039104873343754e-06 1.975816513531276e-06
1.8039104873343754e-06 1.975816513531276e-06
1.8039104873343754e-06 1.975816513531276e-06
2.0815782466245095e-06 1.975867214464836e-06
2.0815782466245095e-06 1.975867214464836e-06
2.0815782466245095e-06 1.975867214464836e-06
2.0815782466245095e-06 1.975867214464836e-06
2.0815782466245095e-06 1.975867214464836e-06
2.0815782466245095e-06 1.975867214464836e-06
2.0815782466245095e-06 1.975867214464836e-06
2.0815782466245095e-06 1.975867214464836e-06
1.8753387929207093e-06 1.9757530131207635e-06
1.8753387929207093e-06 1.9757530131207635e-06
1.8753387929207093e-06 1.9757530131207635e-06
1.8753387929207093e-06 1.9757530131207635e-06
1.8753387929207093e-06 1.9757530131207635e-06
1.8753387929207093e-06 1.9757530131207635e-06
1.8753387929207093e-06 1.9757530131207635e-06
1.8753387929207093e-06 1.9757530131207635e-06
1.8753387929207093e-06 1.9757530131207635e-06
1.8753387929207093e-06 1.9757530131207635e-06
1.8753387929207093e-06 1.9757530131207635e-06
1.8753387929207093e-06 1.9757530131207635e-06
1.8753387929207093e-06 1.9757530131207635e-06
1.8753387929207093e-06 1.9757530131207635e-06
1.8753387929207093e-06 1.9757530131207635e-06
1.8753387929207093e-06 1.9757530131207635e-06
1.8753387929207093e-06 1.9757530131207635e-06
1.8753387929207093e-06 1.9757530131207635e-06
1.8753387929207093e-06 1.9757530131207635e-06
1.8753387929207093e-06 1.9757530131207635e-06
1.8753387929207093e-06 1.9757530131207635e-06
1.8753387929207093e-06 1.9757530131207635e-06
1.8753387929207093e-06 1.9757530131207635e-06
1.8753387929207093e-06 1.9757530131207635e-06
1.8753387929207093e-06 1.9757530131207635e-06
1.8753387929207093e-06 1.9757530131207635e-06
1.8753387929207093e-06 1.9757530131207635e-06
1.8753387929207093e-06 1.9757530131207635e-06
1.8753387929207093e-06 1.9757530131207635e-06
1.8753387929207093e-06 1.9757530131207635e-06
1.8753387929207093e-06 1.9757530131207635e-06
1.8753387929207093e-06 1.9757530131207635e-06
1.8753387929207093e-06 1.9757530131207635e-06
1.8753387929207093e-06 1.9757530131207635e-06
1.8753387929207093e-06 1.9757530131207635e-06
1.8753387929207093e-06 1.9757530131207635e-06
1.8753387929207093e-06 1.9757530131207635e-06
1.8753387929207093e-06 1.9757530131207635e-06
1.8753387929207093e-06 1.9757530131207635e-06
1.8753387929207093e-06 1.9757530131207635e-06
1.8753387929207093e-06 1.9757530131207635e-06
1.8753387929207093e-06 1.9757530131207635e-06
1.8753387929207093e-06 1.9757530131207635e-06
1.8753387929207093e-06 1.9757530131207635e-06
1.8753387929207093e-06 1.9757530131207635e-06
2.039335155247325e-06 1.9757887538514748e-06
2.039335155247325e-06 1.9757887538514748e-06
2.039335155247325e-06 1.9757887538514748e-06
2.039335155247325e-06 1.9757887538514748e-06
2.039335155247325e-06 1.9757887538514748e-06
2.039335155247325e-06 1.9757887538514748e-06
2.039335155247325e-06 1.9757887538514748e-06
2.039335155247325e-06 1.9757887538514748e-06
2.039335155247325e-06 1.9757887538514748e-06
2.039335155247325e-06 1.9757887538514748e-06
2.039335155247325e-06 1.9757887538514748e-06
2.039335155247325e-06 1.9757887538514748e-06
2.039335155247325e-06 1.9757887538514748e-06
2.039335155247325e-06 1.9757887538514748e-06
2.039335155247325e-06 1.9757887538514748e-06
2.039335155247325e-06 1.9757887538514748e-06
2.039335155247325e-06 1.9757887538514748e-06
2.039335155247325e-06 1.9757887538514748e-06
2.039335155247325e-06 1.9757887538514748e-06
2.039335155247325e-06 1.9757887538514748e-06