1.4303094297616854e-06 2.6601214029749198e-06
1.4303094297616854e-06 2.6601214029749198e-06
7.006440771954891e-07 2.6601210158702055e-06
1.1698952575042712e-06 2.66010816669187e-06
1.5804836525467252e-06 2.6601214029749198e-06
1.48756162310719e-06 2.6601210158702055e-06
1.48756162310719e-06 2.6601210158702055e-06
1.37940499768656e-06 2.660121179493186e-06
1.354856162041087e-06 2.6601209680279635e-06
1.354856162041087e-06 2.6601209680279635e-06
1.354856162041087e-06 2.6601209680279635e-06
6.202896223300792e-07 2.6601214029749198e-06
1.5804836525467252e-06 2.6601214029749198e-06
1.4551293289132334e-06 2.6601210158702055e-06
1.4051484762372181e-06 2.6601214029749198e-06
1.3476363335668122e-06 2.6601209680279635e-06
1.3476363335668122e-06 2.6601209680279635e-06
1.4197004333150157e-06 2.6601209391272663e-06
1.0327327328270237e-06 2.6601209680279635e-06
1.0569334569833337e-06 2.660120973648872e-06
1.0569334569833337e-06 2.660120973648872e-06
1.0569334569833337e-06 2.660120973648872e-06
1.0569334569833337e-06 2.660120973648872e-06
1.0569334569833337e-06 2.660120973648872e-06
1.4175662913204167e-06 2.660120973648872e-06
1.4175662913204167e-06 2.660120973648872e-06
1.4175662913204167e-06 2.660120973648872e-06
1.4175662913204167e-06 2.660120973648872e-06
1.4551293289132334e-06 2.6601210158702055e-06
1.4551293289132334e-06 2.6601210158702055e-06
1.4148223976315165e-06 2.6601214029749198e-06
1.48756162310719e-06 2.6601210158702055e-06
1.48756162310719e-06 2.6601210158702055e-06
1.37940499768656e-06 2.660121179493186e-06
1.4197004333150157e-06 2.6601209391272663e-06
1.4197004333150157e-06 2.6601209391272663e-06
1.4927300739129212e-06 2.6601214029749198e-06
1.3307837154288968e-06 2.6601199394184086e-06
6.202896223300792e-07 2.6601214029749198e-06
1.273157128698953e-06 2.6601214029749198e-06
1.273157128698953e-06 2.6601214029749198e-06
1.3535202117224371e-06 2.6601209391272663e-06
1.3535202117224371e-06 2.6601209391272663e-06
8.2595858052075e-07 2.6601214029749198e-06
1.0327327328270237e-06 2.6601209680279635e-06
1.0327327328270237e-06 2.6601209680279635e-06
1.4175662913204167e-06 2.660120973648872e-06
1.4175662913204167e-06 2.660120973648872e-06
1.4175662913204167e-06 2.660120973648872e-06
1.4175662913204167e-06 2.660120973648872e-06