2.3487767490644381e-07 2.399848325822816e-07
2.5783608891851494e-07 2.3605437380310106e-07
2.2327703913954199e-07 2.399534743132913e-07
2.271282529541083e-07 2.3997703731637174e-07
2.271282529541083e-07 2.3997703731637174e-07
2.271282529541083e-07 2.3997703731637174e-07
2.3690245075075717e-07 2.399765536837876e-07
2.3690245075075717e-07 2.399765536837876e-07
2.39087961381398e-07 2.399687306647615e-07
2.513444437114586e-07 2.3997781113256093e-07
2.1378827193253376e-07 2.399744579651157e-07
2.2795883588030672e-07 2.3997781113256093e-07
2.2293813630802406e-07 2.399765536837876e-07
2.2293813630802406e-07 2.399765536837876e-07
2.6443903161429607e-07 2.3997333124977684e-07
2.0648800961132961e-07 2.399702666375816e-07
2.0648800961132961e-07 2.399702666375816e-07
2.439372382050461e-07 2.399759821205197e-07
2.4763070646908147e-07 2.3997084911517706e-07
2.318812845215872e-07 2.3997529624819203e-07
2.318812845215872e-07 2.3997529624819203e-07
2.318812845215872e-07 2.3997529624819203e-07
2.318812845215872e-07 2.3997529624819203e-07
2.0147968055727503e-07 2.399828410594344e-07
2.0147968055727503e-07 2.399828410594344e-07
2.153221926583513e-07 2.3997781113256093e-07
2.2028605314382985e-07 2.399828410594344e-07
2.192713816066161e-07 2.399756555141604e-07
2.192713816066161e-07 2.399756555141604e-07
2.4366321122119725e-07 2.399736458244075e-07
1.963071233587194e-07 2.3997781113256093e-07
2.3348902713612807e-07 2.399744579651157e-07
2.3348902713612807e-07 2.399744579651157e-07
2.3348902713612807e-07 2.399744579651157e-07
2.4286593671655666e-07 2.3997725226481256e-07
2.4286593671655666e-07 2.3997725226481256e-07
2.4286593671655666e-07 2.3997725226481256e-07
2.2686676818882063e-07 2.399759821205197e-07
2.0579625176630762e-07 2.399702666375816e-07
1.8421148868860867e-07 2.399828410594344e-07
2.080387189232184e-07 2.3997725226481256e-07
2.1752163949190474e-07 2.399702666375816e-07
2.1752163949190474e-07 2.399702666375816e-07
2.1752163949190474e-07 2.399702666375816e-07
2.553977183230774e-07 2.3605437380310106e-07
2.658262898335088e-07 2.3605437380310106e-07
2.378797503316312e-07 2.3997613453712494e-07
2.1220263945835854e-07 2.3997781113256093e-07
2.064496254759754e-07 2.399744579651157e-07
2.1759610313481478e-07 2.399765536837876e-07