5.313723013978147e-08 3.184213434005425e-07
6.771211574022026e-08 3.184213434005425e-07
1.8894687296623935e-07 3.184213434005425e-07
2.8574433167574547e-08 3.184213434005425e-07
4.058152497839293e-08 3.184213434005425e-07
1.0169457325514377e-07 3.184213434005425e-07
9.300998105115491e-08 3.184213434005425e-07
4.1710543415346866e-08 3.184213434005425e-07
6.721665980613214e-08 3.184213434005425e-07
5.250554028442928e-08 3.184213434005425e-07
5.250554028442928e-08 3.184213434005425e-07
6.593036470173403e-08 3.184213434005425e-07
1.5475266346523478e-07 3.184213434005425e-07
1.0269478068125337e-07 3.184213434005425e-07
3.462071299158709e-08 3.184213434005425e-07
1.1014654945266298e-07 3.184213434005425e-07
4.354676379397862e-08 3.184213434005425e-07
5.250549874880119e-08 3.184213434005425e-07
5.2958212914380476e-08 3.184213434005425e-07
6.457645551107336e-08 3.184213434005425e-07
5.295827283508007e-08 3.184213434005425e-07
5.0695595871648426e-08 3.184213434005425e-07
2.0145453640479968e-08 3.184213434005425e-07
1.1929878725500108e-07 3.184213434005425e-07
5.250554028442928e-08 3.184213434005425e-07
5.250554028442928e-08 3.184213434005425e-07
5.250554028442928e-08 3.184213434005425e-07
1.0069558729830873e-07 3.184213434005425e-07
5.512748265280308e-08 3.184213434005425e-07
6.457650997301033e-08 3.184213434005425e-07
6.862241955722053e-08 3.184213434005425e-07
1.1322064423895127e-07 3.184213434005425e-07
6.91414352737248e-08 3.184213434005425e-07
5.250549874880119e-08 3.184213434005425e-07
4.431627735666663e-08 3.184213434005425e-07
6.91414352737248e-08 3.184213434005425e-07
6.871889185722329e-08 3.184213434005425e-07
6.99637863298205e-08 3.184213434005425e-07
1.29109771503452e-07 3.184213434005425e-07
5.127562456227155e-08 3.184213434005425e-07
6.457645551107336e-08 3.184213434005425e-07
4.1710543415346866e-08 3.184213434005425e-07
4.431631703766068e-08 3.184213434005425e-07
2.2415352582321912e-08 3.184213434005425e-07
5.250554028442928e-08 3.184213434005425e-07
6.457645551107336e-08 3.184213434005425e-07
1.6220599304650056e-07 3.184213434005425e-07
6.662590781832275e-08 3.184213434005425e-07
5.2958212914380476e-08 3.184213434005425e-07