0.7586199804454513 0.7577818718575872
0.8801662927676648 0.879656466448761
0.6211923212008644 0.6191648815494291
0.4006309347896937 0.40084491154572693
0.4006309347896937 0.40084491154572693
0.4006309347896937 0.40084491154572693
0.4006309347896937 0.40084491154572693
0.7817931489468072 0.7815629558377288
0.9166471543069051 0.9147276918355013
0.9166471543069051 0.9147276918355013
0.523219839956461 0.5241334930182667
0.523219839956461 0.5241334930182667
0.7093206851053193 0.7093974161416787
0.09162199918364505 0.0897195441068982
0.5463934039786229 0.5458467942247635
0.5463934039786229 0.5458467942247635
0.8911961814839308 0.8905922212132047
0.4382073889614889 0.4389592740136502
0.8149097105104117 0.8158348336755906
0.6500439819136246 0.6477566850926626
0.15491205199358307 0.15336912532946884
0.5873602624992486 0.5843392745832002
0.7008913456883485 0.7004183028044008
0.7760865747581785 0.7758844636263246
0.7928803881799398 0.7932537598207816
0.8672284116833682 0.8671876730403526
0.8672284116833682 0.8671876730403526
0.8672284116833682 0.8671876730403526
0.6356323903062596 0.6334443692075978
0.6356323903062596 0.6334443692075978
0.6356323903062596 0.6334443692075978
0.4716656805014571 0.47240649097105103
0.4716656805014571 0.47240649097105103
0.858740139666307 0.8588639376785776
0.858740139666307 0.8588639376785776
0.3577450093184702 0.35873025164615757
0.3577450093184702 0.35873025164615757
0.567361148465854 0.5658265277386652
0.567361148465854 0.5658265277386652
0.7984390375871332 0.7987325140251678
0.49847289416812485 0.4992200329706144
0.31045456415189265 0.31221542278009995
0.21095853676286788 0.20895126867253724
0.21095853676286788 0.20895126867253724
0.9065471350054898 0.9049290593882401
0.9065471350054898 0.9049290593882401
0.9510281958872164 0.950396549160072
0.26186048240881665 0.26193325823711633
0.6823655466572164 0.681160790282212
0.7527781381411788 0.7528030559519553