7.456151267677634e-06 4.262517129371161e-06
3.627411203494108e-05 4.250621732731056e-06
3.698367208684515e-05 4.248355942894846e-06
3.709655375881088e-06 4.255371343909011e-06
2.6374261648989843e-05 4.255082506471096e-06
4.413622032068076e-05 4.25435362187305e-06
3.287331317615419e-05 4.248355942894846e-06
3.734948929187573e-05 4.262517129371161e-06
5.648065140154316e-05 4.262517129371161e-06
1.3271621006316398e-05 4.248355942894846e-06
3.8040153024518084e-06 4.255364375904062e-06
4.871908585345824e-06 4.255406192618102e-06
8.87942735274037e-06 4.255344580376664e-06
4.0490991051719514e-06 4.255373869650622e-06
5.685731610178592e-05 4.248355942894846e-06
6.966587366007795e-06 4.255353128953821e-06
9.829765554998184e-05 4.262517129371161e-06
4.347440888713469e-06 4.255372665081258e-06
3.851725573357635e-06 4.2553739489533134e-06
6.79775270593273e-05 4.250621732731056e-06
6.194539390601869e-05 4.250621732731056e-06
5.7849394718421205e-05 4.262517129371161e-06
0.00010922551161142079 4.248355942894846e-06
8.87942735274037e-06 4.255344580376664e-06
7.425399258964087e-05 4.248355942894846e-06
6.298507254736043e-05 4.252604298837741e-06
1.0100523957046185e-05 4.255514344849907e-06
3.156334823115443e-05 4.248355942894846e-06
4.5376928769325846e-05 4.248355942894846e-06
4.04277660503783e-06 4.255364375904062e-06
6.40889969242929e-05 4.25435362187305e-06
4.590456929033829e-06 4.2553752813233315e-06
7.429195812209741e-06 4.255400865638101e-06
4.734990489906839e-05 4.262517129371161e-06
2.50955214214483e-05 4.262517129371161e-06
3.227858971242971e-05 4.249808372277032e-06
1.5831618212004664e-05 4.2553434983320706e-06
4.827668117209143e-05 4.250621732731056e-06
4.066382937428848e-05 4.250621732731056e-06
4.099871579412513e-06 4.2553649082109825e-06
1.6723529168944732e-05 4.255341721559256e-06
3.920976751186169e-06 4.255367437417553e-06
6.259108257958665e-05 4.25435362187305e-06
5.800059544774764e-05 4.248355942894846e-06
6.699446002773311e-05 4.262517129371161e-06
0.00013288642841091387 4.250621732731056e-06
4.157373452336305e-06 4.2553739489533134e-06
3.976840294866221e-05 4.262517129371161e-06
5.816694235828572e-06 4.255375791523873e-06
8.385638362387827e-06 4.255350663447645e-06