0.6917785463186505 0.6857298466328523
0.8801662927676648 0.875521296422277
0.4716656805014571 0.4714283680178712
0.4716656805014571 0.4714283680178712
0.6057848082040508 0.6018078464999573
0.15491205199358307 0.15511218552140718
0.8631513832153627 0.8571552877967593
0.09162199918364505 0.09003872939732122
0.09162199918364505 0.09003872939732122
0.8322299621249276 0.8259403902682897
0.8322299621249276 0.8259403902682897
0.4006309347896937 0.401113865693791
0.4006309347896937 0.401113865693791
0.787345470021105 0.7805757359060116
0.787345470021105 0.7805757359060116
0.7701830312081737 0.7631182385718218
0.6725103547347004 0.6670138020940454
0.21095853676286788 0.21098543217767426
0.21095853676286788 0.21098543217767426
0.3577450093184702 0.35747328652476434
0.3577450093184702 0.35747328652476434
0.7586199804454513 0.7514353450048886
0.7586199804454513 0.7514353450048886
0.9576223187644562 0.9557570426434712
0.9024234350823791 0.8981446910033255
0.8149097105104117 0.8089492119643462
0.5463934039786229 0.5444177775527704
0.9361763896227997 0.932589015912593
0.49847289416812485 0.49833604396925696
0.49847289416812485 0.49833604396925696
0.6211923212008644 0.6167490404665247
0.9377632190963774 0.9341521141378121
0.026635162116067954 0.027365689044706508
0.884029740000443 0.8793958182376226
0.9091919826350545 0.9050109321950772
0.8716080135679457 0.8665714516246412
0.9324952774815767 0.9287995310705325
0.9478145893386576 0.9447342733017128
0.8672284116833682 0.861496919683963
0.9424730808539452 0.9387749613180651
0.6619202851546803 0.6558059290150899
0.4382073889614889 0.43825445593740014
0.4382073889614889 0.43825445593740014
0.4382073889614889 0.43825445593740014
0.4382073889614889 0.43825445593740014
0.567361148465854 0.5645921073032126
0.820621821990324 0.8145573014722867
0.8378602007980028 0.8321484848388965
0.7984390375871332 0.7922918532206468
0.8760066004512101 0.8711464407873711