0.8499494578036064 0.8517117319488274
0.8499494578036064 0.8517117319488274
0.8499494578036064 0.8517117319488274
0.8499494578036064 0.8517117319488274
0.8499494578036064 0.8517117319488274
0.8499494578036064 0.8517117319488274
0.8499494578036064 0.8517117319488274
0.8499494578036064 0.8517117319488274
0.8499494578036064 0.8517117319488274
0.8499494578036064 0.8517117319488274
0.498006934606731 0.5036749067958421
0.498006934606731 0.5036749067958421
0.498006934606731 0.5036749067958421
0.498006934606731 0.5036749067958421
0.48899339509505196 0.4942997822518994
0.48899339509505196 0.4942997822518994
0.48899339509505196 0.4942997822518994
0.48899339509505196 0.4942997822518994
0.48899339509505196 0.4942997822518994
0.48899339509505196 0.4942997822518994
0.9692754169278316 0.9714224639230165
0.9692754169278316 0.9714224639230165
0.9692754169278316 0.9714224639230165
0.9692754169278316 0.9714224639230165
0.9692754169278316 0.9714224639230165
0.9692754169278316 0.9714224639230165
0.9692754169278316 0.9714224639230165
0.9692754169278316 0.9714224639230165
0.9692754169278316 0.9714224639230165
0.9692754169278316 0.9714224639230165
0.9692754169278316 0.9714224639230165
0.9692754169278316 0.9714224639230165
0.9692754169278316 0.9714224639230165
0.9692754169278316 0.9714224639230165
0.9692754169278316 0.9714224639230165
0.9692754169278316 0.9714224639230165
0.9692754169278316 0.9714224639230165
0.9692754169278316 0.9714224639230165
0.9692754169278316 0.9714224639230165
0.9692754169278316 0.9714224639230165
0.9692754169278316 0.9714224639230165
0.9692754169278316 0.9714224639230165
0.9692754169278316 0.9714224639230165
0.9692754169278316 0.9714224639230165
0.9692754169278316 0.9714224639230165
0.9692754169278316 0.9714224639230165
0.9692754169278316 0.9714224639230165
0.9692754169278316 0.9714224639230165
0.9692754169278316 0.9714224639230165
0.9692754169278316 0.9714224639230165