0.05090194564594876 0.05065593170463139
0.693704732643756 0.6953627558624094
0.693704732643756 0.6953627558624094
0.15352179636057575 0.15161973680463486
0.5942087052547312 0.5942656602507919
0.20956828112986056 0.20676838934435307
0.4808200095557827 0.4823142871607618
0.4808200095557827 0.4823142871607618
0.4808200095557827 0.4823142871607618
0.1886483946601527 0.18859499935134588
0.1886483946601527 0.18859499935134588
0.1886483946601527 0.18859499935134588
0.3992406791566864 0.39769577488854224
0.3992406791566864 0.39769577488854224
0.3813239821667579 0.38121719154914424
0.33403353700018035 0.33456867665066653
0.1896723980268258 0.19006791883280227
0.1896723980268258 0.19006791883280227
0.1896723980268258 0.19006791883280227
0.1896723980268258 0.19006791883280227
0.1896723980268258 0.19006791883280227
0.1896723980268258 0.19006791883280227
0.1896723980268258 0.19006791883280227
0.09017637063780103 0.08897082322118473
0.10818601501713396 0.10683175177747051
0.10818601501713396 0.10683175177747051
0.6903882906856432 0.6899421432165017
0.6903882906856432 0.6899421432165017
0.5462201658656052 0.544861947417882
0.5462201658656052 0.544861947417882
0.335434867215755 0.33634060986144115
0.335434867215755 0.33634060986144115
0.335434867215755 0.33634060986144115
0.335434867215755 0.33634060986144115
0.335434867215755 0.33634060986144115
0.335434867215755 0.33634060986144115
0.335434867215755 0.33634060986144115
0.335434867215755 0.33634060986144115
0.335434867215755 0.33634060986144115
0.335434867215755 0.33634060986144115
0.335434867215755 0.33634060986144115
0.23593883982673025 0.2352435142498236
0.23593883982673025 0.2352435142498236
0.23593883982673025 0.2352435142498236
0.23593883982673025 0.2352435142498236
0.5450031483456156 0.5439684659171811
0.5450031483456156 0.5439684659171811
0.5450031483456156 0.5439684659171811
0.5450031483456156 0.5439684659171811
0.5469182600881537 0.5476171453523141