0.32316343868952885 0.14285711460660647
0.32316343868952885 0.14285711460660647
0.32316343868952885 0.14285711460660647
0.32316343868952885 0.14285711460660647
0.32316343868952885 0.14285711460660647
0.32316343868952885 0.14285711460660647
0.32316343868952885 0.14285711460660647
0.32316343868952885 0.14285711460660647
0.32316343868952885 0.14285711460660647
0.32316343868952885 0.14285711460660647
0.32316343868952885 0.14285711460660647
0.43627704966792075 0.14285711460660647
0.43627704966792075 0.14285711460660647
0.43627704966792075 0.14285711460660647
0.43627704966792075 0.14285711460660647
0.43627704966792075 0.14285711460660647
0.43627704966792075 0.14285711460660647
0.43627704966792075 0.14285711460660647
0.43627704966792075 0.14285711460660647
0.43627704966792075 0.14285711460660647
0.43627704966792075 0.14285711460660647
0.43627704966792075 0.14285711460660647
0.43627704966792075 0.14285711460660647
0.43627704966792075 0.14285711460660647
0.43627704966792075 0.14285711460660647
0.43627704966792075 0.14285711460660647
0.43627704966792075 0.14285711460660647
0.43627704966792075 0.14285711460660647
0.43627704966792075 0.14285711460660647
0.43627704966792075 0.14285711460660647
0.43627704966792075 0.14285711460660647
0.43627704966792075 0.14285711460660647
0.43627704966792075 0.14285711460660647
0.43627704966792075 0.14285711460660647
0.43627704966792075 0.14285711460660647
0.03593385626457494 0.14285731236036112
0.03593385626457494 0.14285731236036112
0.03593385626457494 0.14285731236036112
0.03593385626457494 0.14285731236036112
0.03593385626457494 0.14285731236036112
0.03593385626457494 0.14285731236036112
0.03593385626457494 0.14285731236036112
0.03593385626457494 0.14285731236036112
0.03593385626457494 0.14285731236036112
0.03593385626457494 0.14285731236036112
0.03593385626457494 0.14285731236036112
0.03593385626457494 0.14285731236036112
0.03593385626457494 0.14285731236036112
0.03593385626457494 0.14285731236036112
0.03593385626457494 0.14285731236036112