1.8246368466563806e-06 1.975845569863419e-06
1.3836557448889028e-06 1.975792198576182e-06
1.3836557448889028e-06 1.975792198576182e-06
1.3836557448889028e-06 1.975792198576182e-06
1.3836557448889028e-06 1.975792198576182e-06
1.3836557448889028e-06 1.975792198576182e-06
1.3836557448889028e-06 1.975792198576182e-06
1.3836557448889028e-06 1.975792198576182e-06
1.3836557448889028e-06 1.975792198576182e-06
1.3836557448889028e-06 1.975792198576182e-06
1.3836557448889028e-06 1.975792198576182e-06
1.3836557448889028e-06 1.975792198576182e-06
1.3836557448889028e-06 1.975792198576182e-06
1.3836557448889028e-06 1.975792198576182e-06
1.3836557448889028e-06 1.975792198576182e-06
1.3836557448889028e-06 1.975792198576182e-06
1.3836557448889028e-06 1.975792198576182e-06
1.3836557448889028e-06 1.975792198576182e-06
1.3836557448889028e-06 1.975792198576182e-06
1.3836557448889028e-06 1.975792198576182e-06
1.3836557448889028e-06 1.975792198576182e-06
1.7105477313818092e-06 1.9758690039323977e-06
1.8739394854199102e-06 1.9758430079931064e-06
1.8739394854199102e-06 1.9758430079931064e-06
1.8739394854199102e-06 1.9758430079931064e-06
1.8151712216239076e-06 1.975849843478669e-06
1.4246268376371589e-06 1.9758516066919383e-06
1.4246268376371589e-06 1.9758516066919383e-06
1.4246268376371589e-06 1.9758516066919383e-06
1.4246268376371589e-06 1.9758516066919383e-06
1.4246268376371589e-06 1.9758516066919383e-06
1.4246268376371589e-06 1.9758516066919383e-06
1.4246268376371589e-06 1.9758516066919383e-06
1.4246268376371589e-06 1.9758516066919383e-06
1.4246268376371589e-06 1.9758516066919383e-06
1.4246268376371589e-06 1.9758516066919383e-06
1.4246268376371589e-06 1.9758516066919383e-06
1.4246268376371589e-06 1.9758516066919383e-06
1.4246268376371589e-06 1.9758516066919383e-06
1.4246268376371589e-06 1.9758516066919383e-06
1.4246268376371589e-06 1.9758516066919383e-06
1.4246268376371589e-06 1.9758516066919383e-06
1.4246268376371589e-06 1.9758516066919383e-06
1.4246268376371589e-06 1.9758516066919383e-06
1.4246268376371589e-06 1.9758516066919383e-06
1.4246268376371589e-06 1.9758516066919383e-06
1.4079574426484873e-06 1.975849572908694e-06
1.4079574426484873e-06 1.975849572908694e-06
1.4079574426484873e-06 1.975849572908694e-06
1.4079574426484873e-06 1.975849572908694e-06
1.4079574426484873e-06 1.975849572908694e-06
1.4079574426484873e-06 1.975849572908694e-06
1.4079574426484873e-06 1.975849572908694e-06
1.4079574426484873e-06 1.975849572908694e-06
1.4079574426484873e-06 1.975849572908694e-06
1.4079574426484873e-06 1.975849572908694e-06
2.040416340150995e-06 1.9758421541921173e-06
2.040416340150995e-06 1.9758421541921173e-06
2.040416340150995e-06 1.9758421541921173e-06
2.040416340150995e-06 1.9758421541921173e-06
2.040416340150995e-06 1.9758421541921173e-06
2.0039860603011245e-06 1.975865402001734e-06
2.0039860603011245e-06 1.975865402001734e-06
2.0039860603011245e-06 1.975865402001734e-06
2.0039860603011245e-06 1.975865402001734e-06
2.0039860603011245e-06 1.975865402001734e-06
1.424043581961048e-06 1.9758506938977403e-06
1.424043581961048e-06 1.9758506938977403e-06
1.424043581961048e-06 1.9758506938977403e-06
1.424043581961048e-06 1.9758506938977403e-06
1.424043581961048e-06 1.9758506938977403e-06
1.424043581961048e-06 1.9758506938977403e-06
1.424043581961048e-06 1.9758506938977403e-06
1.424043581961048e-06 1.9758506938977403e-06
1.424043581961048e-06 1.9758506938977403e-06
1.424043581961048e-06 1.9758506938977403e-06
1.7523290326520964e-06 1.9758448777719594e-06
1.7523290326520964e-06 1.9758448777719594e-06
2.0389744882560666e-06 1.9758375877939946e-06
2.0389744882560666e-06 1.9758375877939946e-06
2.0389744882560666e-06 1.9758375877939946e-06
2.0389744882560666e-06 1.9758375877939946e-06
2.0389744882560666e-06 1.9758375877939946e-06
2.0329717664071612e-06 1.9758386117981636e-06
2.0329717664071612e-06 1.9758386117981636e-06
2.0329717664071612e-06 1.9758386117981636e-06
2.0329717664071612e-06 1.9758386117981636e-06
2.0329717664071612e-06 1.9758386117981636e-06
2.0329717664071612e-06 1.9758386117981636e-06
2.0329717664071612e-06 1.9758386117981636e-06
2.0329717664071612e-06 1.9758386117981636e-06
2.0329717664071612e-06 1.9758386117981636e-06
2.0329717664071612e-06 1.9758386117981636e-06
1.4272463999824527e-06 1.975848074549703e-06
1.4272463999824527e-06 1.975848074549703e-06
1.4272463999824527e-06 1.975848074549703e-06
1.4272463999824527e-06 1.975848074549703e-06
1.4272463999824527e-06 1.975848074549703e-06
1.4272463999824527e-06 1.975848074549703e-06
1.4272463999824527e-06 1.975848074549703e-06
1.4272463999824527e-06 1.975848074549703e-06
1.4272463999824527e-06 1.975848074549703e-06
1.4272463999824527e-06 1.975848074549703e-06
2.033743670350578e-06 1.975841772182075e-06
2.033743670350578e-06 1.975841772182075e-06
2.033743670350578e-06 1.975841772182075e-06
2.033743670350578e-06 1.975841772182075e-06
2.033743670350578e-06 1.975841772182075e-06
2.033743670350578e-06 1.975841772182075e-06
2.033743670350578e-06 1.975841772182075e-06
2.033743670350578e-06 1.975841772182075e-06
2.033743670350578e-06 1.975841772182075e-06
2.033743670350578e-06 1.975841772182075e-06
1.4279122552812418e-06 1.975845810777655e-06
1.4279122552812418e-06 1.975845810777655e-06
1.4279122552812418e-06 1.975845810777655e-06
1.4279122552812418e-06 1.975845810777655e-06
1.4279122552812418e-06 1.975845810777655e-06
1.4279122552812418e-06 1.975845810777655e-06
1.4279122552812418e-06 1.975845810777655e-06
1.4279122552812418e-06 1.975845810777655e-06
1.4279122552812418e-06 1.975845810777655e-06
1.4279122552812418e-06 1.975845810777655e-06
2.0152432685846404e-06 1.975835483965089e-06
2.0152432685846404e-06 1.975835483965089e-06
2.0152432685846404e-06 1.975835483965089e-06
2.0152432685846404e-06 1.975835483965089e-06
2.0152432685846404e-06 1.975835483965089e-06
2.092746230441883e-06 1.975857729130917e-06
2.092746230441883e-06 1.975857729130917e-06
2.092746230441883e-06 1.975857729130917e-06
2.092746230441883e-06 1.975857729130917e-06
2.092746230441883e-06 1.975857729130917e-06
2.092746230441883e-06 1.975857729130917e-06
2.092746230441883e-06 1.975857729130917e-06
2.092746230441883e-06 1.975857729130917e-06
2.092746230441883e-06 1.975857729130917e-06
2.092746230441883e-06 1.975857729130917e-06
2.0461963411620863e-06 1.9758383529207333e-06
2.0461963411620863e-06 1.9758383529207333e-06
2.0461963411620863e-06 1.9758383529207333e-06
2.0461963411620863e-06 1.9758383529207333e-06
2.0461963411620863e-06 1.9758383529207333e-06
2.090168028797474e-06 1.975838892040713e-06
2.090168028797474e-06 1.975838892040713e-06
2.0861897371034434e-06 1.975837750776591e-06
2.0861897371034434e-06 1.975837750776591e-06
2.0861897371034434e-06 1.975837750776591e-06
2.0861897371034434e-06 1.975837750776591e-06
1.623587604216776e-06 1.9757852642219596e-06
1.4170429313197396e-06 1.9758422551019365e-06
1.4170429313197396e-06 1.9758422551019365e-06
1.4170429313197396e-06 1.9758422551019365e-06
1.4170429313197396e-06 1.9758422551019365e-06
1.4170429313197396e-06 1.9758422551019365e-06
1.4170429313197396e-06 1.9758422551019365e-06
1.4170429313197396e-06 1.9758422551019365e-06
1.4170429313197396e-06 1.9758422551019365e-06
1.4170429313197396e-06 1.9758422551019365e-06
1.4170429313197396e-06 1.9758422551019365e-06
1.4170429313197396e-06 1.9758422551019365e-06
1.4170429313197396e-06 1.9758422551019365e-06
1.4170429313197396e-06 1.9758422551019365e-06
1.4170429313197396e-06 1.9758422551019365e-06
1.4170429313197396e-06 1.9758422551019365e-06
1.4170429313197396e-06 1.9758422551019365e-06
1.4170429313197396e-06 1.9758422551019365e-06
1.4170429313197396e-06 1.9758422551019365e-06
1.4170429313197396e-06 1.9758422551019365e-06
1.4170429313197396e-06 1.9758422551019365e-06
1.4170429313197396e-06 1.9758422551019365e-06
1.4170429313197396e-06 1.9758422551019365e-06
1.4170429313197396e-06 1.9758422551019365e-06
1.4170429313197396e-06 1.9758422551019365e-06
1.4170429313197396e-06 1.9758422551019365e-06
1.4170429313197396e-06 1.9758422551019365e-06
1.4170429313197396e-06 1.9758422551019365e-06
1.4170429313197396e-06 1.9758422551019365e-06
1.4170429313197396e-06 1.9758422551019365e-06
1.4170429313197396e-06 1.9758422551019365e-06
2.009159487027488e-06 1.9758408582482547e-06
2.009159487027488e-06 1.9758408582482547e-06
2.009159487027488e-06 1.9758408582482547e-06
2.009159487027488e-06 1.9758408582482547e-06
2.009159487027488e-06 1.9758408582482547e-06
1.8622537583654967e-06 1.9758381163662956e-06
2.0871220971900804e-06 1.9758293086565427e-06
2.0871220971900804e-06 1.9758293086565427e-06
2.0914508225516932e-06 1.975841874143773e-06
2.0914508225516932e-06 1.975841874143773e-06
2.0914508225516932e-06 1.975841874143773e-06
2.0914508225516932e-06 1.975841874143773e-06
2.0914508225516932e-06 1.975841874143773e-06
2.0914508225516932e-06 1.975841874143773e-06
2.011622174138488e-06 1.975840304532766e-06
2.011622174138488e-06 1.975840304532766e-06
2.011622174138488e-06 1.975840304532766e-06
2.011622174138488e-06 1.975840304532766e-06
2.011622174138488e-06 1.975840304532766e-06
2.011622174138488e-06 1.975840304532766e-06
2.011622174138488e-06 1.975840304532766e-06
2.011622174138488e-06 1.975840304532766e-06
2.011622174138488e-06 1.975840304532766e-06
2.011622174138488e-06 1.975840304532766e-06
2.011622174138488e-06 1.975840304532766e-06
2.011622174138488e-06 1.975840304532766e-06
2.011622174138488e-06 1.975840304532766e-06
2.011622174138488e-06 1.975840304532766e-06
2.011622174138488e-06 1.975840304532766e-06
2.011622174138488e-06 1.975840304532766e-06
2.011622174138488e-06 1.975840304532766e-06
2.011622174138488e-06 1.975840304532766e-06
2.011622174138488e-06 1.975840304532766e-06
2.011622174138488e-06 1.975840304532766e-06
2.011622174138488e-06 1.975840304532766e-06
2.011622174138488e-06 1.975840304532766e-06
2.011622174138488e-06 1.975840304532766e-06
2.011622174138488e-06 1.975840304532766e-06
2.011622174138488e-06 1.975840304532766e-06
1.4469015126249371e-06 1.975834367861858e-06
1.4469015126249371e-06 1.975834367861858e-06
1.4469015126249371e-06 1.975834367861858e-06
1.4469015126249371e-06 1.975834367861858e-06
1.4469015126249371e-06 1.975834367861858e-06
1.4469015126249371e-06 1.975834367861858e-06
1.4469015126249371e-06 1.975834367861858e-06
1.4469015126249371e-06 1.975834367861858e-06
1.4469015126249371e-06 1.975834367861858e-06
1.4469015126249371e-06 1.975834367861858e-06
1.4469015126249371e-06 1.975834367861858e-06
1.4469015126249371e-06 1.975834367861858e-06
1.4469015126249371e-06 1.975834367861858e-06
1.4469015126249371e-06 1.975834367861858e-06
1.4469015126249371e-06 1.975834367861858e-06
1.4469015126249371e-06 1.975834367861858e-06
1.4469015126249371e-06 1.975834367861858e-06
1.4469015126249371e-06 1.975834367861858e-06
1.4469015126249371e-06 1.975834367861858e-06
1.4469015126249371e-06 1.975834367861858e-06
1.4469015126249371e-06 1.975834367861858e-06
1.4469015126249371e-06 1.975834367861858e-06
1.4469015126249371e-06 1.975834367861858e-06
1.4469015126249371e-06 1.975834367861858e-06
1.4469015126249371e-06 1.975834367861858e-06
1.4469015126249371e-06 1.975834367861858e-06
1.4469015126249371e-06 1.975834367861858e-06
1.4469015126249371e-06 1.975834367861858e-06
1.4469015126249371e-06 1.975834367861858e-06
1.4469015126249371e-06 1.975834367861858e-06
2.0901702492282833e-06 1.975833270554936e-06
2.0901702492282833e-06 1.975833270554936e-06
2.0901702492282833e-06 1.975833270554936e-06
2.0901702492282833e-06 1.975833270554936e-06
2.0901702492282833e-06 1.975833270554936e-06
2.0901702492282833e-06 1.975833270554936e-06
2.0920944367661807e-06 1.9758566297281156e-06
2.0920944367661807e-06 1.9758566297281156e-06
1.4098603935474542e-06 1.9758498913939813e-06
1.4098603935474542e-06 1.9758498913939813e-06
1.4098603935474542e-06 1.9758498913939813e-06
1.4098603935474542e-06 1.9758498913939813e-06
1.4098603935474542e-06 1.9758498913939813e-06
1.4098603935474542e-06 1.9758498913939813e-06
1.4098603935474542e-06 1.9758498913939813e-06
1.4098603935474542e-06 1.9758498913939813e-06
1.4098603935474542e-06 1.9758498913939813e-06
1.4098603935474542e-06 1.9758498913939813e-06
1.4098603935474542e-06 1.9758498913939813e-06
1.4098603935474542e-06 1.9758498913939813e-06
1.4098603935474542e-06 1.9758498913939813e-06
1.4098603935474542e-06 1.9758498913939813e-06
1.4098603935474542e-06 1.9758498913939813e-06
1.4098603935474542e-06 1.9758498913939813e-06
1.4098603935474542e-06 1.9758498913939813e-06
1.4098603935474542e-06 1.9758498913939813e-06
1.4098603935474542e-06 1.9758498913939813e-06
1.4098603935474542e-06 1.9758498913939813e-06
1.4406368915793154e-06 1.9758486677822237e-06
1.4406368915793154e-06 1.9758486677822237e-06
1.4406368915793154e-06 1.9758486677822237e-06
1.4406368915793154e-06 1.9758486677822237e-06
1.4406368915793154e-06 1.9758486677822237e-06
1.4406368915793154e-06 1.9758486677822237e-06
1.4406368915793154e-06 1.9758486677822237e-06
1.4406368915793154e-06 1.9758486677822237e-06
1.4406368915793154e-06 1.9758486677822237e-06
1.4406368915793154e-06 1.9758486677822237e-06
1.4406368915793154e-06 1.9758486677822237e-06
1.4406368915793154e-06 1.9758486677822237e-06
1.4406368915793154e-06 1.9758486677822237e-06
1.4406368915793154e-06 1.9758486677822237e-06
1.4406368915793154e-06 1.9758486677822237e-06
1.4406368915793154e-06 1.9758486677822237e-06
1.4406368915793154e-06 1.9758486677822237e-06
1.4406368915793154e-06 1.9758486677822237e-06
1.4406368915793154e-06 1.9758486677822237e-06
1.4406368915793154e-06 1.9758486677822237e-06
1.4013853240567967e-06 1.97586672344331e-06
1.4013853240567967e-06 1.97586672344331e-06
1.4013853240567967e-06 1.97586672344331e-06
1.4013853240567967e-06 1.97586672344331e-06
1.4013853240567967e-06 1.97586672344331e-06
1.4013853240567967e-06 1.97586672344331e-06
1.4013853240567967e-06 1.97586672344331e-06
1.4013853240567967e-06 1.97586672344331e-06
1.4013853240567967e-06 1.97586672344331e-06
1.4013853240567967e-06 1.97586672344331e-06
1.4013853240567967e-06 1.97586672344331e-06
1.4013853240567967e-06 1.97586672344331e-06
1.4013853240567967e-06 1.97586672344331e-06
1.4013853240567967e-06 1.97586672344331e-06
1.4013853240567967e-06 1.97586672344331e-06
1.4013853240567967e-06 1.97586672344331e-06
1.4013853240567967e-06 1.97586672344331e-06
1.4013853240567967e-06 1.97586672344331e-06
1.4013853240567967e-06 1.97586672344331e-06
1.4013853240567967e-06 1.97586672344331e-06
1.4013853240567967e-06 1.97586672344331e-06
1.4013853240567967e-06 1.97586672344331e-06
1.4013853240567967e-06 1.97586672344331e-06
1.4013853240567967e-06 1.97586672344331e-06
1.4013853240567967e-06 1.97586672344331e-06
1.4013853240567967e-06 1.97586672344331e-06
1.4013853240567967e-06 1.97586672344331e-06
1.4013853240567967e-06 1.97586672344331e-06
1.4013853240567967e-06 1.97586672344331e-06
1.4013853240567967e-06 1.97586672344331e-06
2.0334810899368667e-06 1.9758331340973486e-06
2.0334810899368667e-06 1.9758331340973486e-06
2.0334810899368667e-06 1.9758331340973486e-06
2.0334810899368667e-06 1.9758331340973486e-06
2.0334810899368667e-06 1.9758331340973486e-06
2.0334810899368667e-06 1.9758331340973486e-06
2.0334810899368667e-06 1.9758331340973486e-06
2.0334810899368667e-06 1.9758331340973486e-06
2.0334810899368667e-06 1.9758331340973486e-06
2.0334810899368667e-06 1.9758331340973486e-06
2.0334810899368667e-06 1.9758331340973486e-06
2.0334810899368667e-06 1.9758331340973486e-06
2.0334810899368667e-06 1.9758331340973486e-06
2.0334810899368667e-06 1.9758331340973486e-06
2.0334810899368667e-06 1.9758331340973486e-06
2.0858630620274073e-06 1.9758339375045885e-06
2.0858630620274073e-06 1.9758339375045885e-06
2.0858630620274073e-06 1.9758339375045885e-06
2.0858630620274073e-06 1.9758339375045885e-06
1.4148207657569436e-06 1.975858976588667e-06
1.4148207657569436e-06 1.975858976588667e-06
1.4148207657569436e-06 1.975858976588667e-06
1.4148207657569436e-06 1.975858976588667e-06
1.4148207657569436e-06 1.975858976588667e-06
1.4148207657569436e-06 1.975858976588667e-06
1.4148207657569436e-06 1.975858976588667e-06
1.4148207657569436e-06 1.975858976588667e-06
1.4148207657569436e-06 1.975858976588667e-06
1.4148207657569436e-06 1.975858976588667e-06
2.0347595392426003e-06 1.975837535216893e-06
2.0347595392426003e-06 1.975837535216893e-06
2.0347595392426003e-06 1.975837535216893e-06
2.0347595392426003e-06 1.975837535216893e-06
2.0347595392426003e-06 1.975837535216893e-06
2.0347595392426003e-06 1.975837535216893e-06
2.0347595392426003e-06 1.975837535216893e-06
2.0347595392426003e-06 1.975837535216893e-06
2.0347595392426003e-06 1.975837535216893e-06
2.0347595392426003e-06 1.975837535216893e-06
2.0347595392426003e-06 1.975837535216893e-06
2.0347595392426003e-06 1.975837535216893e-06
2.0347595392426003e-06 1.975837535216893e-06
2.0347595392426003e-06 1.975837535216893e-06
2.0347595392426003e-06 1.975837535216893e-06
2.086473637331968e-06 1.97584059685558e-06
2.086473637331968e-06 1.97584059685558e-06
1.428726963174636e-06 1.975818010193573e-06
1.428726963174636e-06 1.975818010193573e-06
1.428726963174636e-06 1.975818010193573e-06
1.428726963174636e-06 1.975818010193573e-06
1.428726963174636e-06 1.975818010193573e-06
1.428726963174636e-06 1.975818010193573e-06
1.428726963174636e-06 1.975818010193573e-06
1.428726963174636e-06 1.975818010193573e-06
1.428726963174636e-06 1.975818010193573e-06
1.428726963174636e-06 1.975818010193573e-06
2.0048563775600655e-06 1.9758422030597426e-06
2.0048563775600655e-06 1.9758422030597426e-06
2.0048563775600655e-06 1.9758422030597426e-06
2.0048563775600655e-06 1.9758422030597426e-06
2.0048563775600655e-06 1.9758422030597426e-06
2.0048563775600655e-06 1.9758422030597426e-06
2.0048563775600655e-06 1.9758422030597426e-06
2.0048563775600655e-06 1.9758422030597426e-06
2.0048563775600655e-06 1.9758422030597426e-06
2.0048563775600655e-06 1.9758422030597426e-06
1.4183475336965393e-06 1.9758775201238627e-06
1.4183475336965393e-06 1.9758775201238627e-06
1.4183475336965393e-06 1.9758775201238627e-06
1.4183475336965393e-06 1.9758775201238627e-06
1.4183475336965393e-06 1.9758775201238627e-06
1.4183475336965393e-06 1.9758775201238627e-06
1.4183475336965393e-06 1.9758775201238627e-06
1.4183475336965393e-06 1.9758775201238627e-06
1.4183475336965393e-06 1.9758775201238627e-06
1.4183475336965393e-06 1.9758775201238627e-06
2.0423938513435946e-06 1.9758443927714567e-06
2.0423938513435946e-06 1.9758443927714567e-06
2.0423938513435946e-06 1.9758443927714567e-06
2.0423938513435946e-06 1.9758443927714567e-06
2.0423938513435946e-06 1.9758443927714567e-06
2.0423938513435946e-06 1.9758443927714567e-06
2.0423938513435946e-06 1.9758443927714567e-06
2.0423938513435946e-06 1.9758443927714567e-06
2.0423938513435946e-06 1.9758443927714567e-06
2.0423938513435946e-06 1.9758443927714567e-06
2.0865268652635435e-06 1.9758426317920363e-06
2.0865268652635435e-06 1.9758426317920363e-06
2.0865268652635435e-06 1.9758426317920363e-06
2.0865268652635435e-06 1.9758426317920363e-06
1.417568852631476e-06 1.9758107054516316e-06
1.417568852631476e-06 1.9758107054516316e-06
1.417568852631476e-06 1.9758107054516316e-06
1.417568852631476e-06 1.9758107054516316e-06
1.417568852631476e-06 1.9758107054516316e-06
1.417568852631476e-06 1.9758107054516316e-06
1.417568852631476e-06 1.9758107054516316e-06
1.417568852631476e-06 1.9758107054516316e-06
1.417568852631476e-06 1.9758107054516316e-06
1.417568852631476e-06 1.9758107054516316e-06
1.4257104803486846e-06 1.9757986001970764e-06
1.4257104803486846e-06 1.9757986001970764e-06
1.4257104803486846e-06 1.9757986001970764e-06
1.4257104803486846e-06 1.9757986001970764e-06
1.4257104803486846e-06 1.9757986001970764e-06
1.4257104803486846e-06 1.9757986001970764e-06
1.4257104803486846e-06 1.9757986001970764e-06
1.4257104803486846e-06 1.9757986001970764e-06
1.4257104803486846e-06 1.9757986001970764e-06
1.4257104803486846e-06 1.9757986001970764e-06
1.4257104803486846e-06 1.9757986001970764e-06
1.4257104803486846e-06 1.9757986001970764e-06
1.4257104803486846e-06 1.9757986001970764e-06
1.4257104803486846e-06 1.9757986001970764e-06
1.4257104803486846e-06 1.9757986001970764e-06
1.4257104803486846e-06 1.9757986001970764e-06
1.4257104803486846e-06 1.9757986001970764e-06
1.4257104803486846e-06 1.9757986001970764e-06
1.4257104803486846e-06 1.9757986001970764e-06
1.4257104803486846e-06 1.9757986001970764e-06
1.4257104803486846e-06 1.9757986001970764e-06
1.4257104803486846e-06 1.9757986001970764e-06
1.4257104803486846e-06 1.9757986001970764e-06
1.4257104803486846e-06 1.9757986001970764e-06
1.4257104803486846e-06 1.9757986001970764e-06
1.4257104803486846e-06 1.9757986001970764e-06
1.4257104803486846e-06 1.9757986001970764e-06
1.4257104803486846e-06 1.9757986001970764e-06
1.4257104803486846e-06 1.9757986001970764e-06
1.4257104803486846e-06 1.9757986001970764e-06
1.4257104803486846e-06 1.9757986001970764e-06
1.4257104803486846e-06 1.9757986001970764e-06
1.4257104803486846e-06 1.9757986001970764e-06
1.4257104803486846e-06 1.9757986001970764e-06
1.4257104803486846e-06 1.9757986001970764e-06
1.4257104803486846e-06 1.9757986001970764e-06
1.4257104803486846e-06 1.9757986001970764e-06
1.4257104803486846e-06 1.9757986001970764e-06
1.4257104803486846e-06 1.9757986001970764e-06
1.4257104803486846e-06 1.9757986001970764e-06
1.4138869438569438e-06 1.975808870821826e-06
1.4138869438569438e-06 1.975808870821826e-06
1.4138869438569438e-06 1.975808870821826e-06
1.4138869438569438e-06 1.975808870821826e-06
1.4138869438569438e-06 1.975808870821826e-06
1.4138869438569438e-06 1.975808870821826e-06
1.4138869438569438e-06 1.975808870821826e-06
1.4138869438569438e-06 1.975808870821826e-06
1.4138869438569438e-06 1.975808870821826e-06
1.4138869438569438e-06 1.975808870821826e-06
2.0893624351192377e-06 1.975839195540113e-06
2.0893624351192377e-06 1.975839195540113e-06
2.0288326313217284e-06 1.9758287276319377e-06
2.0288326313217284e-06 1.9758287276319377e-06
2.0288326313217284e-06 1.9758287276319377e-06
2.0288326313217284e-06 1.9758287276319377e-06
2.0288326313217284e-06 1.9758287276319377e-06
1.9731735640603077e-06 1.9757974194959203e-06
1.9731735640603077e-06 1.9757974194959203e-06
1.9731735640603077e-06 1.9757974194959203e-06
1.9731735640603077e-06 1.9757974194959203e-06
1.9731735640603077e-06 1.9757974194959203e-06
1.8690938197523863e-06 1.975841954083947e-06
1.8690938197523863e-06 1.975841954083947e-06
2.0266492773237908e-06 1.975834648220993e-06
2.0266492773237908e-06 1.975834648220993e-06
2.0266492773237908e-06 1.975834648220993e-06
2.0266492773237908e-06 1.975834648220993e-06
2.0266492773237908e-06 1.975834648220993e-06
2.0448142227542752e-06 1.975836267798167e-06
2.0448142227542752e-06 1.975836267798167e-06
2.0448142227542752e-06 1.975836267798167e-06
2.0448142227542752e-06 1.975836267798167e-06
2.0448142227542752e-06 1.975836267798167e-06
2.0448142227542752e-06 1.975836267798167e-06
2.0448142227542752e-06 1.975836267798167e-06
2.0448142227542752e-06 1.975836267798167e-06
2.0448142227542752e-06 1.975836267798167e-06
2.0448142227542752e-06 1.975836267798167e-06
2.0448142227542752e-06 1.975836267798167e-06
2.0448142227542752e-06 1.975836267798167e-06
2.0448142227542752e-06 1.975836267798167e-06
2.0448142227542752e-06 1.975836267798167e-06
2.0448142227542752e-06 1.975836267798167e-06
2.032533637820468e-06 1.9758381886593506e-06
2.032533637820468e-06 1.9758381886593506e-06
2.032533637820468e-06 1.9758381886593506e-06
2.032533637820468e-06 1.9758381886593506e-06
2.032533637820468e-06 1.9758381886593506e-06
1.7710470023764114e-06 1.975849389903928e-06
1.7710470023764114e-06 1.975849389903928e-06
1.7710470023764114e-06 1.975849389903928e-06
1.7710470023764114e-06 1.975849389903928e-06
1.8512104035013168e-06 1.9758378891516756e-06
1.8512104035013168e-06 1.9758378891516756e-06
1.6898836796390126e-06 1.975861820046543e-06
1.7693126970301706e-06 1.975836593258573e-06
1.847197610646992e-06 1.9758397282809154e-06
1.847197610646992e-06 1.9758397282809154e-06
2.038757595807448e-06 1.9758392961302762e-06
2.038757595807448e-06 1.9758392961302762e-06
2.038757595807448e-06 1.9758392961302762e-06
2.038757595807448e-06 1.9758392961302762e-06
2.038757595807448e-06 1.9758392961302762e-06
1.8476209104853272e-06 1.975836599268456e-06
2.0928279738412463e-06 1.9758304670648665e-06
2.0928279738412463e-06 1.9758304670648665e-06
2.0928279738412463e-06 1.9758304670648665e-06
2.0928279738412463e-06 1.9758304670648665e-06
2.0928279738412463e-06 1.9758304670648665e-06
2.0928279738412463e-06 1.9758304670648665e-06
1.343612259845966e-06 1.9758466760114897e-06
1.343612259845966e-06 1.9758466760114897e-06
1.343612259845966e-06 1.9758466760114897e-06
1.343612259845966e-06 1.9758466760114897e-06
1.343612259845966e-06 1.9758466760114897e-06
1.343612259845966e-06 1.9758466760114897e-06
1.343612259845966e-06 1.9758466760114897e-06
1.343612259845966e-06 1.9758466760114897e-06
1.343612259845966e-06 1.9758466760114897e-06
1.343612259845966e-06 1.9758466760114897e-06
1.4455259129871603e-06 1.975841433873787e-06
1.4455259129871603e-06 1.975841433873787e-06
1.4455259129871603e-06 1.975841433873787e-06
1.4455259129871603e-06 1.975841433873787e-06
1.4455259129871603e-06 1.975841433873787e-06
1.4455259129871603e-06 1.975841433873787e-06
1.4455259129871603e-06 1.975841433873787e-06
1.4455259129871603e-06 1.975841433873787e-06
1.4455259129871603e-06 1.975841433873787e-06
1.4455259129871603e-06 1.975841433873787e-06
1.436210321740246e-06 1.975850122216589e-06
1.436210321740246e-06 1.975850122216589e-06
1.436210321740246e-06 1.975850122216589e-06
1.436210321740246e-06 1.975850122216589e-06
1.436210321740246e-06 1.975850122216589e-06
1.436210321740246e-06 1.975850122216589e-06
1.436210321740246e-06 1.975850122216589e-06
1.436210321740246e-06 1.975850122216589e-06
1.436210321740246e-06 1.975850122216589e-06
1.436210321740246e-06 1.975850122216589e-06
1.8259724641534108e-06 1.9758531632249296e-06
1.8259724641534108e-06 1.9758531632249296e-06
1.8259724641534108e-06 1.9758531632249296e-06
2.011055467620895e-06 1.9758464484378565e-06
2.011055467620895e-06 1.9758464484378565e-06
2.011055467620895e-06 1.9758464484378565e-06
2.011055467620895e-06 1.9758464484378565e-06
2.011055467620895e-06 1.9758464484378565e-06
1.8618295546269731e-06 1.975842906702456e-06
1.87257300631006e-06 1.9758419356693534e-06
1.87257300631006e-06 1.9758419356693534e-06
1.87257300631006e-06 1.9758419356693534e-06
1.765845119233903e-06 1.9758461102039384e-06
2.0476322895194046e-06 1.9758395503313503e-06
2.0476322895194046e-06 1.9758395503313503e-06
2.0476322895194046e-06 1.9758395503313503e-06
2.0476322895194046e-06 1.9758395503313503e-06
2.0476322895194046e-06 1.9758395503313503e-06
2.0476322895194046e-06 1.9758395503313503e-06
2.0476322895194046e-06 1.9758395503313503e-06
2.0476322895194046e-06 1.9758395503313503e-06
2.0476322895194046e-06 1.9758395503313503e-06
2.0476322895194046e-06 1.9758395503313503e-06
2.0476322895194046e-06 1.9758395503313503e-06
2.0476322895194046e-06 1.9758395503313503e-06
2.0476322895194046e-06 1.9758395503313503e-06
2.0476322895194046e-06 1.9758395503313503e-06
2.0476322895194046e-06 1.9758395503313503e-06
2.009707978212355e-06 1.9758314666617786e-06
2.009707978212355e-06 1.9758314666617786e-06
2.009707978212355e-06 1.9758314666617786e-06
2.009707978212355e-06 1.9758314666617786e-06
2.009707978212355e-06 1.9758314666617786e-06
2.009707978212355e-06 1.9758314666617786e-06
2.009707978212355e-06 1.9758314666617786e-06
2.009707978212355e-06 1.9758314666617786e-06
2.009707978212355e-06 1.9758314666617786e-06
2.009707978212355e-06 1.9758314666617786e-06
2.009707978212355e-06 1.9758314666617786e-06
2.009707978212355e-06 1.9758314666617786e-06
2.009707978212355e-06 1.9758314666617786e-06
2.009707978212355e-06 1.9758314666617786e-06
2.009707978212355e-06 1.9758314666617786e-06
2.0889217009409418e-06 1.975840082393657e-06
2.0889217009409418e-06 1.975840082393657e-06
1.8545194951145287e-06 1.9758450162017633e-06
1.8545194951145287e-06 1.9758450162017633e-06
1.8545194951145287e-06 1.9758450162017633e-06
1.4291490307905687e-06 1.975835641730765e-06
1.4291490307905687e-06 1.975835641730765e-06
1.4291490307905687e-06 1.975835641730765e-06
1.4291490307905687e-06 1.975835641730765e-06
1.4291490307905687e-06 1.975835641730765e-06
1.4291490307905687e-06 1.975835641730765e-06
1.4291490307905687e-06 1.975835641730765e-06
1.4291490307905687e-06 1.975835641730765e-06
1.4291490307905687e-06 1.975835641730765e-06
1.4291490307905687e-06 1.975835641730765e-06
1.4291490307905687e-06 1.975835641730765e-06
1.4291490307905687e-06 1.975835641730765e-06
1.4291490307905687e-06 1.975835641730765e-06
1.4291490307905687e-06 1.975835641730765e-06
1.4291490307905687e-06 1.975835641730765e-06
1.4291490307905687e-06 1.975835641730765e-06
1.4291490307905687e-06 1.975835641730765e-06
1.4291490307905687e-06 1.975835641730765e-06
1.4291490307905687e-06 1.975835641730765e-06
1.4291490307905687e-06 1.975835641730765e-06
1.426504779820194e-06 1.975841835144277e-06
1.426504779820194e-06 1.975841835144277e-06
1.426504779820194e-06 1.975841835144277e-06
1.426504779820194e-06 1.975841835144277e-06
1.426504779820194e-06 1.975841835144277e-06
1.426504779820194e-06 1.975841835144277e-06
1.426504779820194e-06 1.975841835144277e-06
1.426504779820194e-06 1.975841835144277e-06
1.426504779820194e-06 1.975841835144277e-06
1.426504779820194e-06 1.975841835144277e-06
1.426504779820194e-06 1.975841835144277e-06
1.426504779820194e-06 1.975841835144277e-06
1.426504779820194e-06 1.975841835144277e-06
1.426504779820194e-06 1.975841835144277e-06
1.426504779820194e-06 1.975841835144277e-06
1.426504779820194e-06 1.975841835144277e-06
1.426504779820194e-06 1.975841835144277e-06
1.426504779820194e-06 1.975841835144277e-06
1.426504779820194e-06 1.975841835144277e-06
1.426504779820194e-06 1.975841835144277e-06
1.426504779820194e-06 1.975841835144277e-06
1.426504779820194e-06 1.975841835144277e-06
1.426504779820194e-06 1.975841835144277e-06
1.426504779820194e-06 1.975841835144277e-06
1.426504779820194e-06 1.975841835144277e-06
1.426504779820194e-06 1.975841835144277e-06
1.426504779820194e-06 1.975841835144277e-06
1.426504779820194e-06 1.975841835144277e-06
1.426504779820194e-06 1.975841835144277e-06
1.426504779820194e-06 1.975841835144277e-06
2.0391004296521597e-06 1.9758398564423786e-06
2.0391004296521597e-06 1.9758398564423786e-06
2.0391004296521597e-06 1.9758398564423786e-06
2.0391004296521597e-06 1.9758398564423786e-06
2.0391004296521597e-06 1.9758398564423786e-06
2.0391004296521597e-06 1.9758398564423786e-06
2.0391004296521597e-06 1.9758398564423786e-06
2.0391004296521597e-06 1.9758398564423786e-06
2.0391004296521597e-06 1.9758398564423786e-06
2.0391004296521597e-06 1.9758398564423786e-06
2.0899557957501884e-06 1.975841606723006e-06
2.0899557957501884e-06 1.975841606723006e-06
1.8541282196088961e-06 1.975836693373351e-06
1.4120404322116527e-06 1.9758319658955256e-06
1.4120404322116527e-06 1.9758319658955256e-06
1.4120404322116527e-06 1.9758319658955256e-06
1.4120404322116527e-06 1.9758319658955256e-06
1.4120404322116527e-06 1.9758319658955256e-06
1.4120404322116527e-06 1.9758319658955256e-06
1.4120404322116527e-06 1.9758319658955256e-06
1.4120404322116527e-06 1.9758319658955256e-06
1.4120404322116527e-06 1.9758319658955256e-06
1.4120404322116527e-06 1.9758319658955256e-06
1.4120404322116527e-06 1.9758319658955256e-06
1.4120404322116527e-06 1.9758319658955256e-06
1.4120404322116527e-06 1.9758319658955256e-06
1.4120404322116527e-06 1.9758319658955256e-06
1.4120404322116527e-06 1.9758319658955256e-06
1.4120404322116527e-06 1.9758319658955256e-06
1.4120404322116527e-06 1.9758319658955256e-06
1.4120404322116527e-06 1.9758319658955256e-06
1.4120404322116527e-06 1.9758319658955256e-06
1.4120404322116527e-06 1.9758319658955256e-06
1.425754501651497e-06 1.9758066759521467e-06
1.425754501651497e-06 1.9758066759521467e-06
1.425754501651497e-06 1.9758066759521467e-06
1.425754501651497e-06 1.9758066759521467e-06
1.425754501651497e-06 1.9758066759521467e-06
1.425754501651497e-06 1.9758066759521467e-06
1.425754501651497e-06 1.9758066759521467e-06
1.425754501651497e-06 1.9758066759521467e-06
1.425754501651497e-06 1.9758066759521467e-06
1.425754501651497e-06 1.9758066759521467e-06
2.087532118568515e-06 1.9758469320702874e-06
2.087532118568515e-06 1.9758469320702874e-06
2.0882467100141505e-06 1.9758448330553177e-06
2.0882467100141505e-06 1.9758448330553177e-06
2.0882467100141505e-06 1.9758448330553177e-06
2.0882467100141505e-06 1.9758448330553177e-06
2.0882467100141505e-06 1.9758448330553177e-06
2.0882467100141505e-06 1.9758448330553177e-06
2.092230407872751e-06 1.97583361009296e-06
2.092230407872751e-06 1.97583361009296e-06
2.092230407872751e-06 1.97583361009296e-06
2.092230407872751e-06 1.97583361009296e-06
2.092230407872751e-06 1.97583361009296e-06
2.092230407872751e-06 1.97583361009296e-06
2.092230407872751e-06 1.97583361009296e-06
2.092230407872751e-06 1.97583361009296e-06
1.767175773982859e-06 1.9758308762941716e-06
1.767175773982859e-06 1.9758308762941716e-06
1.767175773982859e-06 1.9758308762941716e-06
1.767175773982859e-06 1.9758308762941716e-06
1.767175773982859e-06 1.9758308762941716e-06
1.4530545305919972e-06 1.9758275410168132e-06
1.4530545305919972e-06 1.9758275410168132e-06
1.4530545305919972e-06 1.9758275410168132e-06
1.4530545305919972e-06 1.9758275410168132e-06
1.4530545305919972e-06 1.9758275410168132e-06
1.4530545305919972e-06 1.9758275410168132e-06
1.4530545305919972e-06 1.9758275410168132e-06
1.4530545305919972e-06 1.9758275410168132e-06
1.4530545305919972e-06 1.9758275410168132e-06
1.4530545305919972e-06 1.9758275410168132e-06
1.4530545305919972e-06 1.9758275410168132e-06
1.4530545305919972e-06 1.9758275410168132e-06
1.4530545305919972e-06 1.9758275410168132e-06
1.4530545305919972e-06 1.9758275410168132e-06
1.4530545305919972e-06 1.9758275410168132e-06
1.4530545305919972e-06 1.9758275410168132e-06
1.4530545305919972e-06 1.9758275410168132e-06
1.4530545305919972e-06 1.9758275410168132e-06
1.4530545305919972e-06 1.9758275410168132e-06
1.4530545305919972e-06 1.9758275410168132e-06
1.4530545305919972e-06 1.9758275410168132e-06
1.4530545305919972e-06 1.9758275410168132e-06
1.4530545305919972e-06 1.9758275410168132e-06
1.4530545305919972e-06 1.9758275410168132e-06
1.4530545305919972e-06 1.9758275410168132e-06
1.4530545305919972e-06 1.9758275410168132e-06
1.4530545305919972e-06 1.9758275410168132e-06
1.4530545305919972e-06 1.9758275410168132e-06
1.4530545305919972e-06 1.9758275410168132e-06
1.4530545305919972e-06 1.9758275410168132e-06
2.0155186443619853e-06 1.975843787911601e-06
2.0155186443619853e-06 1.975843787911601e-06
2.0155186443619853e-06 1.975843787911601e-06
2.0155186443619853e-06 1.975843787911601e-06
2.0155186443619853e-06 1.975843787911601e-06
2.0155186443619853e-06 1.975843787911601e-06
2.0155186443619853e-06 1.975843787911601e-06
2.0155186443619853e-06 1.975843787911601e-06
2.0155186443619853e-06 1.975843787911601e-06
2.0155186443619853e-06 1.975843787911601e-06
2.0155186443619853e-06 1.975843787911601e-06
2.0155186443619853e-06 1.975843787911601e-06
2.0155186443619853e-06 1.975843787911601e-06
2.0155186443619853e-06 1.975843787911601e-06
2.0155186443619853e-06 1.975843787911601e-06
2.0155186443619853e-06 1.975843787911601e-06
2.0155186443619853e-06 1.975843787911601e-06
2.0155186443619853e-06 1.975843787911601e-06
2.0155186443619853e-06 1.975843787911601e-06
2.0155186443619853e-06 1.975843787911601e-06
2.088691959376159e-06 1.975839842983914e-06
2.088691959376159e-06 1.975839842983914e-06
1.7636463336112647e-06 1.9758623880208696e-06
1.7636463336112647e-06 1.9758623880208696e-06
1.7636463336112647e-06 1.9758623880208696e-06
1.764794014802677e-06 1.9758273978901494e-06
1.398589542578872e-06 1.975839526047586e-06
1.398589542578872e-06 1.975839526047586e-06
1.398589542578872e-06 1.975839526047586e-06
1.398589542578872e-06 1.975839526047586e-06
1.398589542578872e-06 1.975839526047586e-06
1.398589542578872e-06 1.975839526047586e-06
1.398589542578872e-06 1.975839526047586e-06
1.398589542578872e-06 1.975839526047586e-06
1.398589542578872e-06 1.975839526047586e-06
1.398589542578872e-06 1.975839526047586e-06
1.860321716751864e-06 1.97584149441603e-06
1.860321716751864e-06 1.97584149441603e-06
2.0858893208840432e-06 1.9758387697794674e-06
2.0858893208840432e-06 1.9758387697794674e-06
2.0858893208840432e-06 1.9758387697794674e-06
2.0858893208840432e-06 1.9758387697794674e-06
2.0858893208840432e-06 1.9758387697794674e-06
2.0858893208840432e-06 1.9758387697794674e-06
2.032798856032137e-06 1.97583901818911e-06
2.032798856032137e-06 1.97583901818911e-06
2.032798856032137e-06 1.97583901818911e-06
2.032798856032137e-06 1.97583901818911e-06
2.032798856032137e-06 1.97583901818911e-06
1.995793256949265e-06 1.975829929807143e-06
1.995793256949265e-06 1.975829929807143e-06
1.995793256949265e-06 1.975829929807143e-06
1.995793256949265e-06 1.975829929807143e-06
1.995793256949265e-06 1.975829929807143e-06
1.8632575327182718e-06 1.975838719565931e-06
1.8632575327182718e-06 1.975838719565931e-06
1.4069225410445073e-06 1.975789639186634e-06
1.4069225410445073e-06 1.975789639186634e-06
1.4069225410445073e-06 1.975789639186634e-06
1.4069225410445073e-06 1.975789639186634e-06
1.4069225410445073e-06 1.975789639186634e-06
1.4069225410445073e-06 1.975789639186634e-06
1.4069225410445073e-06 1.975789639186634e-06
1.4069225410445073e-06 1.975789639186634e-06
1.4069225410445073e-06 1.975789639186634e-06
1.4069225410445073e-06 1.975789639186634e-06
1.4069225410445073e-06 1.975789639186634e-06
1.4069225410445073e-06 1.975789639186634e-06
1.4069225410445073e-06 1.975789639186634e-06
1.4069225410445073e-06 1.975789639186634e-06
1.4069225410445073e-06 1.975789639186634e-06
1.4069225410445073e-06 1.975789639186634e-06
1.4069225410445073e-06 1.975789639186634e-06
1.4069225410445073e-06 1.975789639186634e-06
1.4069225410445073e-06 1.975789639186634e-06
1.4069225410445073e-06 1.975789639186634e-06
1.4069225410445073e-06 1.975789639186634e-06
1.4069225410445073e-06 1.975789639186634e-06
1.4069225410445073e-06 1.975789639186634e-06
1.4069225410445073e-06 1.975789639186634e-06
1.4069225410445073e-06 1.975789639186634e-06
1.4069225410445073e-06 1.975789639186634e-06
1.4069225410445073e-06 1.975789639186634e-06
1.4069225410445073e-06 1.975789639186634e-06
1.4069225410445073e-06 1.975789639186634e-06
1.4069225410445073e-06 1.975789639186634e-06
1.4069225410445073e-06 1.975789639186634e-06
1.4069225410445073e-06 1.975789639186634e-06
1.4069225410445073e-06 1.975789639186634e-06
1.4069225410445073e-06 1.975789639186634e-06
1.4069225410445073e-06 1.975789639186634e-06
1.4069225410445073e-06 1.975789639186634e-06
1.4069225410445073e-06 1.975789639186634e-06
1.4069225410445073e-06 1.975789639186634e-06
1.4069225410445073e-06 1.975789639186634e-06
1.4069225410445073e-06 1.975789639186634e-06
1.4069225410445073e-06 1.975789639186634e-06
1.4069225410445073e-06 1.975789639186634e-06
1.4069225410445073e-06 1.975789639186634e-06
1.4069225410445073e-06 1.975789639186634e-06
1.4069225410445073e-06 1.975789639186634e-06
1.4069225410445073e-06 1.975789639186634e-06
1.4069225410445073e-06 1.975789639186634e-06
1.4069225410445073e-06 1.975789639186634e-06
1.4069225410445073e-06 1.975789639186634e-06
1.4069225410445073e-06 1.975789639186634e-06
1.8033797079247992e-06 1.9758512868507083e-06
2.037361928645152e-06 1.9758362777246388e-06
2.037361928645152e-06 1.9758362777246388e-06
2.037361928645152e-06 1.9758362777246388e-06
2.037361928645152e-06 1.9758362777246388e-06
2.037361928645152e-06 1.9758362777246388e-06
2.037361928645152e-06 1.9758362777246388e-06
2.037361928645152e-06 1.9758362777246388e-06
2.037361928645152e-06 1.9758362777246388e-06
2.037361928645152e-06 1.9758362777246388e-06
2.037361928645152e-06 1.9758362777246388e-06
1.8741197293251589e-06 1.9758468365219233e-06