7.725343297701843e-07 0.00017456516801628413
0.01853334688579272 0.019500697819223877
1.4347066124303421e-06 0.00017456516801628413
2.0141073597579806e-06 0.00017456516801628413
1.6554307066503948e-07 0.00017456516801628413
1.1036204711002633e-07 0.00017456516801628413
0.018534091829610713 0.019500697819223877
0.01853331929528094 0.019500697819223877
0.018533374476304498 0.019500697819223877
1.9313358244254608e-07 0.00017456516801628413
1.379525588875329e-07 0.00017456516801628413
5.518102355501316e-07 0.00017456516801628413
1.379525588875329e-07 0.00017456516801628413
3.8626716488509216e-07 0.00017456516801628413
0.018534091829610713 0.019500697819223877
1.1036204711002633e-07 0.00017456516801628413
1.1036204711002633e-07 0.00017456516801628413
0.018537237147953346 0.019500697819223877
1.379525588875329e-07 0.00017456516801628413
1.0208489357677435e-06 0.00017456516801628413
7.725343297701843e-07 0.00017456516801628413
2.2072409422005266e-07 0.00017456516801628413
0.018536685337717795 0.019500697819223877
0.018533236523745607 0.019500697819223877
1.1036204711002633e-07 0.00017456516801628413
0.01853445050626382 0.019500697819223877
2.2072409422005266e-07 0.00017456516801628413
1.5450686595403686e-06 0.00017456516801628413
0.018533264114257385 0.019500697819223877
1.5450686595403686e-06 0.00017456516801628413
4.414481884401053e-07 0.00017456516801628413
1.6554307066503948e-07 0.00017456516801628413
0.018883387708713943 0.01976567709433505
0.018533264114257385 0.019500697819223877
0.01853334688579272 0.019500697819223877
0.018537264738465124 0.019500697819223877
1.379525588875329e-07 0.00017456516801628413
0.018533264114257385 0.019500697819223877
1.6554307066503948e-07 0.00017456516801628413
1.379525588875329e-07 0.00017456516801628413
0.01853365038142227 0.019500697819223877
1.379525588875329e-07 0.00017456516801628413
0.018533457247839828 0.019500697819223877
1.379525588875329e-07 0.00017456516801628413
1.6554307066503948e-07 0.00017456516801628413
0.018534174601146043 0.019500697819223877
0.018533595200398715 0.019500697819223877
0.01853331929528094 0.019500697819223877
4.966292119951185e-07 0.00017456516801628413
0.01853331929528094 0.019500697819223877