0.0004283885913354097 7.515589321673855e-06
0.0004825450438004125 7.515589321673855e-06
1.9894207027960204e-05 7.515589321673855e-06
7.913473462233058e-05 7.515589321673855e-06
4.420934895102267e-06 7.515589321673855e-06
0.0003766636530627132 7.515589321673855e-06
3.5367479160818138e-06 7.515589321673855e-06
2.7188749604878943e-05 7.515589321673855e-06
2.7188749604878943e-05 7.515589321673855e-06
0.0017029441215933934 7.515589321673855e-06
1.0831290493000555e-05 7.515589321673855e-06
4.885133059088005e-05 7.515589321673855e-06
8.178729555939195e-06 7.515589321673855e-06
8.178729555939195e-06 7.515589321673855e-06
8.178729555939195e-06 7.515589321673855e-06
5.968262108388061e-06 7.515589321673855e-06
0.0004248518434193279 7.515589321673855e-06
8.178729555939195e-06 7.515589321673855e-06
3.094654426571587e-06 7.515589321673855e-06
0.0001487644592201913 7.515589321673855e-06
4.5093535930043125e-05 7.515589321673855e-06
9.947103513980102e-06 7.515589321673855e-06
0.00023696211037748153 7.515589321673855e-06
0.00023696211037748153 7.515589321673855e-06
0.00023696211037748153 7.515589321673855e-06
0.00019783683655582646 7.515589321673855e-06
3.5367479160818138e-06 7.515589321673855e-06
3.5367479160818138e-06 7.515589321673855e-06
1.834687981467441e-05 7.515589321673855e-06
1.5473272132857934e-05 7.515589321673855e-06
0.00018943706025513216 7.515589321673855e-06
0.0002252466329054605 7.515589321673855e-06
2.033630051747043e-05 7.515589321673855e-06
0.00013307014034257824 7.515589321673855e-06
8.399776300694307e-06 7.515589321673855e-06
0.0001458908515383748 7.515589321673855e-06
0.0001458908515383748 7.515589321673855e-06
0.00018324775140198899 7.515589321673855e-06
0.00014986969294396687 7.515589321673855e-06
0.0002829398332865451 7.515589321673855e-06
0.0002829398332865451 7.515589321673855e-06
5.084075129367607e-06 7.515589321673855e-06
4.995656431465562e-05 7.515589321673855e-06
5.12828447831863e-05 7.515589321673855e-06
5.12828447831863e-05 7.515589321673855e-06
1.5915365622368162e-05 7.515589321673855e-06
2.8957123562919852e-05 7.515589321673855e-06
3.404119869228746e-05 7.515589321673855e-06
1.4810131898592595e-05 7.515589321673855e-06
1.4810131898592595e-05 7.515589321673855e-06