1.4805383237345099e-05 1.2337819364454248e-06
7.402691618672549e-06 5.287636870480393e-07
7.402691618672549e-06 1.8506729046681374e-06
7.402691618672549e-06 6.168909682227124e-07
7.402691618672549e-06 1.2337819364454248e-06
1.4805383237345099e-05 1.0575273740960785e-06
1.4805383237345099e-05 4.6266822616703434e-07
1.4805383237345099e-05 9.253364523340687e-07
7.402691618672549e-06 1.48053832373451e-06
7.402691618672549e-06 7.40269161867255e-07
7.402691618672549e-06 8.225212909636166e-07
7.402691618672549e-06 6.168909682227124e-07
4.935127745781699e-06 4.6266822616703434e-07
7.402691618672549e-06 4.6266822616703434e-07
7.402691618672549e-06 4.9351277457817e-07
7.402691618672549e-06 1.48053832373451e-06
7.402691618672549e-06 9.253364523340687e-07
1.4805383237345099e-05 1.48053832373451e-06
7.402691618672549e-06 5.287636870480393e-07
7.402691618672549e-06 7.40269161867255e-07
7.402691618672549e-06 5.694378168209654e-07
1.4805383237345099e-05 8.225212909636166e-07
1.4805383237345099e-05 2.4675638728908497e-06
1.4805383237345099e-05 4.6266822616703434e-07
7.402691618672549e-06 1.0575273740960785e-06
7.402691618672549e-06 4.6266822616703434e-07
1.4805383237345099e-05 1.0575273740960785e-06
7.402691618672549e-06 5.287636870480393e-07
1.4805383237345099e-05 1.8506729046681374e-06
1.4805383237345099e-05 1.8506729046681374e-06
7.402691618672549e-06 4.9351277457817e-07
1.4805383237345099e-05 1.8506729046681374e-06
7.402691618672549e-06 1.48053832373451e-06
7.402691618672549e-06 7.40269161867255e-07
7.402691618672549e-06 1.2337819364454248e-06
1.4805383237345099e-05 4.6266822616703434e-07
7.402691618672549e-06 1.8506729046681374e-06
7.402691618672549e-06 9.253364523340687e-07
1.4805383237345099e-05 7.40269161867255e-07
7.402691618672549e-06 4.9351277457817e-07
1.4805383237345099e-05 9.253364523340687e-07
1.4805383237345099e-05 1.48053832373451e-06
7.402691618672549e-06 4.9351277457817e-07
7.402691618672549e-06 7.40269161867255e-07
7.402691618672549e-06 8.225212909636166e-07
1.4805383237345099e-05 1.8506729046681374e-06
2.4675638728908497e-06 4.9351277457817e-07
1.4805383237345099e-05 4.6266822616703434e-07
7.402691618672549e-06 5.287636870480393e-07
7.402691618672549e-06 4.6266822616703434e-07