0.00012088848462037094 1.4242570499123683e-05
0.00012088848462037094 1.4242570499123683e-05
0.00012088848462037094 1.4242570499123683e-05
0.00012088848462037094 1.4242570499123683e-05
0.00012088848462037094 1.4242570499123683e-05
0.00012088848462037094 1.4242570499123683e-05
0.00012088848462037094 1.4242570499123683e-05
0.00012088848462037094 1.4242570499123683e-05
0.00012088848462037094 1.4242570499123683e-05
0.00012088848462037094 1.4242570499123683e-05
0.00012088848462037094 1.4242570499123683e-05
0.00012088848462037094 1.4242570499123683e-05
0.00012088848462037094 1.4242570499123683e-05
0.00012088848462037094 1.4242570499123683e-05
0.00012088848462037094 1.4242570499123683e-05
0.00012088848462037094 1.4242570499123683e-05
0.00012088848462037094 1.4242570499123683e-05
0.00012088848462037094 1.4242570499123683e-05
0.00012088848462037094 1.4242570499123683e-05
0.00012088848462037094 1.4242570499123683e-05
0.00012088848462037094 1.4242570499123683e-05
0.00012088848462037094 1.4242570499123683e-05
0.00012088848462037094 1.4242570499123683e-05
0.00012088848462037094 1.4242570499123683e-05
0.00012088848462037094 1.4242570499123683e-05
0.00012088848462037094 1.4242570499123683e-05
0.00012088848462037094 1.4242570499123683e-05
0.00012088848462037094 1.4242570499123683e-05
0.00012088848462037094 1.4242570499123683e-05
0.00012088848462037094 1.4242570499123683e-05
0.00012088848462037094 1.4242570499123683e-05
0.00012088848462037094 1.4242570499123683e-05
0.00012088848462037094 1.4242570499123683e-05
0.00012088848462037094 1.4242570499123683e-05
0.00012088848462037094 1.4242570499123683e-05
0.00012088848462037094 1.4242570499123683e-05
0.00012088848462037094 1.4242570499123683e-05
0.00012088848462037094 1.4242570499123683e-05
0.00012088848462037094 1.4242570499123683e-05
0.00012088848462037094 1.4242570499123683e-05
0.00012088848462037094 1.4242570499123683e-05
0.00012088848462037094 1.4242570499123683e-05
0.00012088848462037094 1.4242570499123683e-05
0.00012088848462037094 1.4242570499123683e-05
0.00012088848462037094 1.4242570499123683e-05
0.00012088848462037094 1.4242570499123683e-05
0.00012088848462037094 1.4242570499123683e-05
0.00012088848462037094 1.4242570499123683e-05
0.00012088848462037094 1.4242570499123683e-05
0.00012088848462037094 1.4242570499123683e-05