0.00040557059784533477 9.99645839759628e-05
0.0028561309707417944 0.010099279112542985
0.00012281363174189715 9.99645839759628e-05
0.00012281363174189715 9.99645839759628e-05
0.00012281363174189715 9.99645839759628e-05
2.856130970741794e-06 9.99645839759628e-05
0.0009139619106373742 9.99645839759628e-05
0.004321326158732335 0.010099279112542985
0.0002941814899864048 9.99645839759628e-05
1.4280654853708972e-05 9.99645839759628e-05
0.00466406187522135 0.010099279112542985
0.0004569809553186871 9.99645839759628e-05
0.0004569809553186871 9.99645839759628e-05
6.854714329780306e-05 9.99645839759628e-05
0.008422730232717552 0.010099279112542985
0.0032045789491722933 9.99645839759628e-05
0.006406301767373845 0.010099279112542985
0.006406301767373845 0.010099279112542985
0.017259599456192664 0.030297837337628954
0.005980738252733317 9.99645839759628e-05
0.0009853651849059191 9.99645839759628e-05
0.0009853651849059191 9.99645839759628e-05
0.0009853651849059191 9.99645839759628e-05
0.0009853651849059191 9.99645839759628e-05
0.0021906524545589564 0.010099279112542985
0.0021906524545589564 0.010099279112542985
0.0009425232203447921 9.99645839759628e-05
0.0006940398258902561 9.99645839759628e-05
0.0006940398258902561 9.99645839759628e-05
0.0006940398258902561 9.99645839759628e-05
0.00047697387211387965 9.99645839759628e-05
0.00047697387211387965 9.99645839759628e-05
0.00047697387211387965 9.99645839759628e-05
0.0011967188767408117 9.99645839759628e-05
0.12460156972958152 0.12119134935051581
0.005695125155659138 9.99645839759628e-05
0.005695125155659138 9.99645839759628e-05
0.005695125155659138 9.99645839759628e-05
0.005695125155659138 9.99645839759628e-05
0.000805428933749186 9.99645839759628e-05
0.000805428933749186 9.99645839759628e-05
0.002930390375981081 0.010099279112542985
0.002930390375981081 0.010099279112542985
0.0007568747072465755 9.99645839759628e-05
0.0007682992311295427 9.99645839759628e-05
0.012872582285133266 0.02019855822508597
0.0038300716317647464 0.010099279112542985
0.00041128285978681836 9.99645839759628e-05
0.0020735510847585425 9.99645839759628e-05
0.0045183991957135185 9.99645839759628e-05