0.6787479107622992 0.6738318436160162
0.820808807499455 0.8188067727636072
0.22402078337330136 0.222665503960468
0.22402078337330136 0.222665503960468
0.9144393576048252 0.9129060388053194
0.7035535208197079 0.701693190901824
0.9824395029431001 0.9815965409490589
0.2341181600174406 0.23261754232977255
0.6595487246566383 0.6558062640796454
0.12149189739117797 0.12237482741079864
0.8260664195915994 0.8213102245476346
0.6044764188649081 0.6005304847031466
0.04109803066637599 0.037718915776469734
0.5603371847976164 0.5572124118886709
0.43039386672480195 0.42931836349102537
0.0656856333115326 0.06653949567618632
0.0656856333115326 0.06653949567618632
0.804450984666812 0.8031393067364291
0.21353462684397936 0.2122447496548216
0.21353462684397936 0.2122447496548216
0.47878061187413706 0.47789404839764554
0.6474238790785554 0.6441356006104207
0.17474384129060389 0.1745658019039314
0.8060569726037352 0.8033791148899062
0.8060569726037352 0.8033791148899062
0.4041748419446261 0.4007993605115907
0.5663759901169974 0.5621030448368578
0.9350846595450912 0.9356333115325921
0.253277378097522 0.2517549596686287
0.5628442700385147 0.5615398590218734
0.05683453237410072 0.05543565147881695
0.5513552794128334 0.5496984230797181
0.45145701620521766 0.4505958869268222
0.8216735702347213 0.8191882857350483
0.3641777487101228 0.36039168665067944
0.3641777487101228 0.36039168665067944
0.7655802630622774 0.7638543710486156
0.3697660053775162 0.365838238500109
0.7893103698859094 0.7867814839037861
0.1301395247438413 0.13088801685923987
0.1301395247438413 0.13088801685923987
0.1301395247438413 0.13088801685923987
0.09562168447060533 0.09646464646464646
0.7795109367051813 0.7776179056754596
0.8318981178693409 0.8258084441537679
0.7823850010900371 0.7817491461376354
0.10458178911416321 0.1051776760409854
0.416056245912361 0.4129278395465446
0.7085495240171499 0.7024961848702856
0.8848521183053557 0.8850737591744786