1.2292086821565103e-05 1.4215053805609679e-05
1.2292086821565103e-05 1.4215053805609679e-05
1.2196471300740283e-05 1.4215046357179304e-05
1.2196471300740283e-05 1.4215046357179304e-05
1.2196471300740283e-05 1.4215046357179304e-05
1.2196471300740283e-05 1.4215046357179304e-05
1.3259760716675314e-05 1.421504566389175e-05
1.3259760716675314e-05 1.421504566389175e-05
1.3259760716675314e-05 1.421504566389175e-05
1.3259760716675314e-05 1.421504566389175e-05
1.3259760716675314e-05 1.421504566389175e-05
1.123360584335793e-05 1.4215040302218098e-05
1.123360584335793e-05 1.4215040302218098e-05
1.0397541173511869e-05 1.4215050756115037e-05
1.0397541173511869e-05 1.4215050756115037e-05
1.2284141976762164e-05 1.4215041978139493e-05
1.2284141976762164e-05 1.4215041978139493e-05
1.2284141976762164e-05 1.4215041978139493e-05
1.2284141976762164e-05 1.4215041978139493e-05
1.2284141976762164e-05 1.4215041978139493e-05
1.2564451080467485e-05 1.4215028235867077e-05
1.2564451080467485e-05 1.4215028235867077e-05
1.2564451080467485e-05 1.4215028235867077e-05
1.1640774145591016e-05 1.4215025178564403e-05
1.1640774145591016e-05 1.4215025178564403e-05
1.157411764337323e-05 1.4215028235867077e-05
1.157411764337323e-05 1.4215028235867077e-05
1.2098715170586895e-05 1.421504566389175e-05
1.2098715170586895e-05 1.421504566389175e-05
1.2536895464852752e-05 1.4215052581435564e-05
1.2536895464852752e-05 1.4215052581435564e-05
9.279741616580038e-06 1.4215094078099466e-05
1.1537147531735628e-05 1.4215048668781917e-05
1.2722364217400339e-05 1.4215070562070949e-05
1.2722364217400339e-05 1.4215070562070949e-05
1.2722364217400339e-05 1.4215070562070949e-05
1.2722364217400339e-05 1.4215070562070949e-05
1.2722364217400339e-05 1.4215070562070949e-05
1.2722364217400339e-05 1.4215070562070949e-05
1.1578274960026835e-05 1.4215020082940436e-05
1.1516359967256253e-05 1.4215045492249945e-05
1.0776097501331282e-05 1.4215023788863593e-05
1.1819202528834025e-05 1.4215045492249945e-05
1.1819202528834025e-05 1.4215045492249945e-05
1.2136571125777036e-05 1.4215044194695416e-05
1.2683924303918924e-05 1.4215042924802988e-05
1.2683924303918924e-05 1.4215042924802988e-05
8.797507414538139e-06 1.42150532424951e-05
8.797507414538139e-06 1.42150532424951e-05
8.797507414538139e-06 1.42150532424951e-05