0.0005659646718894284 0.00010638433682132112
0.143980561453976 0.14572526457784568
0.003680898054017711 0.0001702149389141138
0.06384762358668408 0.04567717885760244
0.002055345387387924 0.0003617067451924918
0.0065745520155576454 0.0001702149389141138
0.005655391345421431 0.00017872568585981948
0.0023106677957590947 0.0001702149389141138
0.008825644582696801 0.02703013229956127
0.0017106601360868437 0.00017872568585981948
0.0009702251518104487 0.00010638433682132112
0.0008978838027719503 0.00017872568585981948
0.002029813146550807 0.0001702149389141138
0.001514912956335613 0.0003617067451924918
0.18797686778980158 0.23396894428439513
0.001395762499095733 0.0001702149389141138
0.00151065758286276 0.00021276867364264224
0.0026723745409515864 0.0054468780452516415
0.002387264518270446 0.0003617067451924918
0.03125571815810414 0.054034732358285424
0.01743852049175096 0.009174585207470734
0.0014681038481342316 0.00017872568585981948
0.0007659672251135121 0.00010638433682132112
0.20951756830938267 0.25188832197857847
0.01743852049175096 0.009174585207470734
0.04403460469708124 0.026732256156461572
0.0016255526666297867 0.00017872568585981948
0.0018808750750009574 0.00010638433682132112
0.5708923943709919 0.49484035966416595
0.001731937003451108 0.0001702149389141138
0.015859776933322554 0.043396298676153314
0.17659799912339305 0.227177368221722
0.009178840580943587 0.0001702149389141138
0.21563679536334507 0.2783269573654132
0.14856785405771136 0.16531700404686017
0.0030808903943454597 0.00016595956544126095
0.34394481631680407 0.3351234271075801
0.005021340697966357 0.00017872568585981948
0.0036596211866534467 0.0001702149389141138
0.2076749915956374 0.24549675102235347
0.0023532215304876234 0.00017872568585981948
0.003676642680544858 0.00017872568585981948
0.005131980408260531 0.0001702149389141138
0.015949139776252463 0.04544313331659553
0.006540509027774822 0.01084269160882905
0.0013021442826929705 0.00017872568585981948
0.14644016732128495 0.14572526457784568
0.0013787410052043217 0.00010638433682132112
0.18873006889449653 0.23396894428439513
0.002451095120363239 0.0003404298778282276