0.3888888888888889 0.2222222222222222
0.3888888888888889 0.2222222222222222
0.3888888888888889 0.2222222222222222
0.3888888888888889 0.2222222222222222
0.3888888888888889 0.2222222222222222
0.3888888888888889 0.2222222222222222
0.3888888888888889 0.2222222222222222
0.3888888888888889 0.2222222222222222
0.7222222222222222 0.9444444444444444
0.7222222222222222 0.9444444444444444
0.6111111111111112 0.9444444444444444
0.6111111111111112 0.9444444444444444
0.6111111111111112 0.9444444444444444
0.6111111111111112 0.9444444444444444
0.6111111111111112 0.9444444444444444
0.6111111111111112 0.9444444444444444
0.6111111111111112 0.9444444444444444
0.6111111111111112 0.9444444444444444
0.6111111111111112 0.9444444444444444
0.6111111111111112 0.9444444444444444
0.6111111111111112 0.9444444444444444
0.6111111111111112 0.9444444444444444
0.6111111111111112 0.9444444444444444
0.6111111111111112 0.9444444444444444
0.6111111111111112 0.9444444444444444
0.6111111111111112 0.9444444444444444
0.6111111111111112 0.9444444444444444
0.6111111111111112 0.9444444444444444
0.6111111111111112 0.9444444444444444
0.6111111111111112 0.9444444444444444
0.6111111111111112 0.9444444444444444
0.6111111111111112 0.9444444444444444
0.6111111111111112 0.9444444444444444
0.6111111111111112 0.9444444444444444
0.3888888888888889 0.2222222222222222
0.3888888888888889 0.2222222222222222
0.05555555555555555 0.05555555555555555
0.05555555555555555 0.05555555555555555
0.05555555555555555 0.05555555555555555
0.05555555555555555 0.05555555555555555
0.05555555555555555 0.05555555555555555
0.05555555555555555 0.05555555555555555
0.05555555555555555 0.05555555555555555
0.05555555555555555 0.16666666666666666
0.05555555555555555 0.16666666666666666
0.05555555555555555 0.05555555555555555
0.05555555555555555 0.05555555555555555
0.05555555555555555 0.05555555555555555
0.1111111111111111 0.05555555555555555
0.1111111111111111 0.05555555555555555