0.33785585006913704 0.33164696445691827
0.112725407307326 0.11305368957628648
0.9447532583003996 0.941603330601603
0.6134238970506805 0.6085906328016479
0.4361973522255165 0.42852029338151304
0.5308300557842545 0.5258900009176083
0.017455519730159887 0.01755835513971377
0.5161000699280784 0.5091333664516088
0.528602087084189 0.5247971769306953
0.2051538734143571 0.200161214280516
0.4508727562104677 0.4461628944528998
0.5218651811959917 0.5140184439262243
0.10110184186128927 0.10012134578327359
0.24648698420131693 0.24143341486335548
0.10558902540509241 0.10490437888994712
0.6037079284518683 0.5957907884786371
0.24111778926018623 0.2334007828147792
0.23864894838928108 0.24396751666724675
0.459728467056281 0.45241924256183574
0.757229724812444 0.7496115985685311
0.5254849876122883 0.5180840022908565
0.36056428162347054 0.3539792557247681
0.7435478690921057 0.735220178522271
0.7082393312217796 0.7015107312705078
0.2165116488787776 0.21246744863766814
0.5960925708535972 0.5915622755419426
0.7715293840317176 0.7665837918737878
0.18171451941057906 0.18132611797911016
0.5459792936947655 0.538893142934891
0.3608099000439819 0.3559533000673967
0.6826855229892513 0.6756144020200039
0.24010604703849842 0.24478149848594635
0.7828863684545262 0.775709643430083
0.5530492281015951 0.5464574783491911
0.8834629586854786 0.8776792579396847
0.7551860688079636 0.749932761462984
0.16541787564193028 0.16102799021639735
0.16922832308670765 0.17042596008720443
0.7961161438936334 0.7930860589990476
0.04518627447878268 0.04613196472587244
0.29686288717531695 0.29791022626954267
0.13254416385319534 0.13189511421058794
0.4107190884669297 0.4061421217001699
0.8170000379699974 0.8103916763437424
0.5763869332582371 0.569057537202687
0.2916898705539506 0.28550669379412036
0.7513878825081715 0.7439698897920827
0.654609478577011 0.6479631469533823
0.294407494011815 0.2875151484468689
0.34410072807469966 0.34277059160420076