4.157249635427914e-07 3.9548421919899916e-07
5.065526908413876e-07 3.9550618710068417e-07
3.8669407239234876e-07 3.9549378309338037e-07
4.2403531390695473e-07 3.954913834893041e-07
4.2578833727327406e-07 3.9548077789955863e-07
4.4721844596254895e-07 3.9548145729866703e-07
4.835129142879102e-07 3.9544831267767456e-07
3.655890005108242e-07 3.954680429875517e-07
3.868442386405844e-07 3.954953597171828e-07
4.535187149837195e-07 3.954894255147966e-07
4.2689606484774033e-07 3.954921655047874e-07
4.68479197261599e-07 3.955062047204789e-07
4.0774691332011223e-07 3.954816114101515e-07
4.3991062813276593e-07 3.954842762178386e-07
4.941172975883707e-07 3.9547807132206277e-07
4.795108957452681e-07 3.9548751708385446e-07
4.2062526772873967e-07 3.9548714057700764e-07
4.2611857533635183e-07 3.9548695787434587e-07
4.1837651246481607e-07 3.95503693435142e-07
4.420624677719217e-07 3.954865094690428e-07
5.437062664969035e-07 3.9553478852308996e-07
4.951028165422741e-07 3.9549785981342827e-07
4.4117814067050494e-07 3.9549131214184805e-07
6.752992159615209e-07 3.9566545559250095e-07
5.265931293631693e-07 3.9548847512487016e-07
4.912832995062498e-07 3.954730460523715e-07
6.944835000225773e-07 3.953642351915141e-07
4.2151376286066934e-07 3.9549204970272714e-07
5.508088030569401e-07 3.954966925058053e-07
3.8324951280712655e-07 3.954852537470291e-07
4.2635925730629195e-07 3.95484290090856e-07
4.335290500229662e-07 3.954981542292512e-07
4.95169862711923e-07 3.955048180407441e-07
5.00795497422232e-07 3.954933561988775e-07
4.464192109664906e-07 3.954944088730901e-07
4.988867410548575e-07 3.9546237538904547e-07
4.0763825376836093e-07 3.954895393354087e-07
4.268047786064438e-07 3.954930731504788e-07
4.379424255016305e-07 3.9548336382602443e-07
4.327060869863929e-07 3.954884179967879e-07
5.072428256533467e-07 3.9546104356763484e-07
4.2060157929761e-07 3.9549871530958664e-07
4.4454552650137147e-07 3.9550427520396263e-07
4.899392037255911e-07 3.9551103330652774e-07
4.33082897645269e-07 3.9548740630262493e-07
4.35649540769663e-07 3.9549496970239876e-07
4.938480185115241e-07 3.955077281182952e-07
5.048730135008017e-07 3.95480003127688e-07
4.1878410291390524e-07 3.954909693693264e-07
5.030872768570148e-07 3.955075887528297e-07