0.00019236143625033119 0.01052543707784831
0.00019236143625033119 0.01052543707784831
0.00019236143625033119 0.01052543707784831
0.00019236143625033119 0.01052543707784831
0.00019236143625033119 0.01052543707784831
0.00019236143625033119 0.01052543707784831
0.00019236143625033119 0.01052543707784831
0.00019236143625033119 0.01052543707784831
0.3332643735731681 0.01052543707784831
0.3332643735731681 0.01052543707784831
0.3332643735731681 0.01052543707784831
0.3332643735731681 0.01052543707784831
0.3332643735731681 0.01052543707784831
0.3332643735731681 0.01052543707784831
0.3332643735731681 0.01052543707784831
0.3332643735731681 0.01052543707784831
0.3332643735731681 0.01052543707784831
0.3332643735731681 0.01052543707784831
0.3332643735731681 0.01052543707784831
0.3332643735731681 0.01052543707784831
0.3332643735731681 0.01052543707784831
0.3332643735731681 0.01052543707784831
0.3332643735731681 0.01052543707784831
0.3332643735731681 0.01052543707784831
0.3332643735731681 0.01052543707784831
0.3332643735731681 0.01052543707784831
0.3332643735731681 0.01052543707784831
0.3332643735731681 0.01052543707784831
0.3332643735731681 0.01052543707784831
0.3332643735731681 0.01052543707784831
0.3332643735731681 0.01052543707784831
0.3332643735731681 0.01052543707784831
0.3332643735731681 0.01052543707784831
0.3332643735731681 0.01052543707784831
0.3332643735731681 0.01052543707784831
0.3332643735731681 0.01052543707784831
0.3332643735731681 0.01052543707784831
0.3332643735731681 0.01052543707784831
0.3332643735731681 0.01052543707784831
0.3332643735731681 0.01052543707784831
0.3332643735731681 0.01052543707784831
0.3332643735731681 0.01052543707784831
0.3332643735731681 0.01052543707784831
0.3332643735731681 0.01052543707784831
0.3332643735731681 0.01052543707784831
0.3332643735731681 0.01052543707784831
0.3332643735731681 0.01052543707784831
0.3332643735731681 0.01052543707784831
0.3332643735731681 0.01052543707784831
0.3332643735731681 0.01052543707784831