5.178586928654673e-06 7.509698697471778e-06
7.074806554874924e-06 7.509698547481953e-06
9.4055676023694e-06 7.509698112780154e-06
9.4055676023694e-06 7.509698112780154e-06
4.587761564914042e-06 7.509699391391132e-06
4.2577321013681055e-06 7.5096982552933355e-06
2.0522666192743783e-05 7.509699278879683e-06
4.2577321013681055e-06 7.509697871287625e-06
1.504293393513949e-05 7.509698248944509e-06
1.3061153441946394e-05 7.509698186578444e-06
4.2577321013681055e-06 7.509697871287625e-06
4.185087593029623e-06 7.509698207613939e-06
4.185087593029623e-06 7.509698207613939e-06
4.185087593029623e-06 7.509698207613939e-06
4.185087593029623e-06 7.509698207613939e-06
4.185087593029623e-06 7.509698207613939e-06
4.185087593029623e-06 7.509698207613939e-06
4.2577321013681055e-06 7.509697871287625e-06
7.138222378496774e-06 7.509698034267004e-06
4.2577321013681055e-06 7.509698228925404e-06
6.68364663361527e-06 7.509698006659871e-06
6.68364663361527e-06 7.509698006659871e-06
4.2577321013681055e-06 7.509698228925404e-06
5.27977357639567e-06 7.509698854179632e-06
5.27977357639567e-06 7.509698854179632e-06
5.27977357639567e-06 7.509698854179632e-06
5.27977357639567e-06 7.509698854179632e-06
1.0496798350219408e-05 7.509698541002833e-06
4.2577321013681055e-06 7.509697871287625e-06
1.504293393513949e-05 7.5096986884789545e-06
9.80980192369603e-06 7.509698362167993e-06
5.881111067101985e-06 7.509698981433805e-06
4.738172292593536e-06 7.5096981114908055e-06
4.625474828282673e-06 7.50969856426217e-06
1.2302757715129623e-05 7.5096986082529294e-06
1.0807621189648158e-05 7.5096980684531665e-06
3.08995948123298e-05 7.50969776221231e-06
3.08995948123298e-05 7.50969776221231e-06
3.08995948123298e-05 7.50969776221231e-06
3.08995948123298e-05 7.50969776221231e-06
3.08995948123298e-05 7.50969776221231e-06
3.08995948123298e-05 7.50969776221231e-06
3.08995948123298e-05 7.50969776221231e-06
3.08995948123298e-05 7.50969776221231e-06
4.2577321013681055e-06 7.509698228925404e-06
4.2577321013681055e-06 7.509697871287625e-06
4.2577321013681055e-06 7.509697871287625e-06
5.205038963200999e-06 7.509698060883725e-06
4.738172292593536e-06 7.509698435203851e-06
8.328364215359122e-07 7.509698876407032e-06