2.2497723179016864e-06 1.97583922928755e-06
2.2497723179016864e-06 1.975839635410101e-06
2.205896178933957e-06 1.975839476212258e-06
2.205896178933957e-06 1.975839476212258e-06
2.2497723179016864e-06 1.97583922928755e-06
1.7426774656238204e-06 1.975839491429586e-06
1.7426774656238204e-06 1.975839491429586e-06
2.2925663504906946e-06 1.9758391320810054e-06
2.3263925779651347e-06 1.975840006814021e-06
2.3263925779651347e-06 1.975840006814021e-06
1.5631684999714611e-06 1.9758378233805997e-06
1.5631684999714611e-06 1.9758378233805997e-06
1.8803100494897751e-06 1.9758395499723333e-06
1.8803100494897751e-06 1.9758395499723333e-06
2.4153741453410188e-06 1.9758420055457264e-06
2.4153741453410188e-06 1.9758420055457264e-06
2.2497723179016864e-06 1.975839635410101e-06
2.205896178933957e-06 1.975839476212258e-06
2.205896178933957e-06 1.975839476212258e-06
2.4426084778436366e-06 1.975839252657603e-06
2.205896178933957e-06 1.975839476212258e-06
2.205896178933957e-06 1.975839476212258e-06
2.1456528853657096e-06 1.9758364356412814e-06
2.4823227712642447e-06 1.975841553197793e-06
2.4823227712642447e-06 1.975841553197793e-06
9.858157331728794e-07 1.97583778581913e-06
9.858157331728794e-07 1.97583778581913e-06
9.858157331728794e-07 1.97583778581913e-06
9.858157331728794e-07 1.97583778581913e-06
9.858157331728794e-07 1.97583778581913e-06
9.858157331728794e-07 1.97583778581913e-06
9.858157331728794e-07 1.97583778581913e-06
9.858157331728794e-07 1.97583778581913e-06
2.133216595793742e-06 1.975838497654005e-06
2.133216595793742e-06 1.975838497654005e-06
1.9037479307867614e-06 1.9758423336180557e-06
1.9037479307867614e-06 1.9758423336180557e-06
1.9037479307867614e-06 1.9758423336180557e-06
1.9037479307867614e-06 1.9758423336180557e-06
2.133216595793742e-06 1.975840101631721e-06
2.133216595793742e-06 1.975840101631721e-06
2.133216595793742e-06 1.975840101631721e-06
2.133216595793742e-06 1.975840101631721e-06
1.8034439790756273e-06 1.975838719756668e-06
1.8034439790756273e-06 1.975838719756668e-06
1.92506264350076e-06 1.975839205699763e-06
2.1538854723358474e-06 1.9758392639155287e-06
2.1538854723358474e-06 1.9758392639155287e-06
2.2399284334236436e-06 1.975838930937318e-06
2.2399284334236436e-06 1.975838930937318e-06
2.205896178933957e-06 1.975839477115942e-06
2.205896178933957e-06 1.975839477115942e-06
2.133216595793742e-06 1.975840101631721e-06
2.133216595793742e-06 1.975840101631721e-06
2.133216595793742e-06 1.975840101631721e-06
2.133216595793742e-06 1.975840101631721e-06
1.901246332217203e-06 1.975840718385873e-06
1.901246332217203e-06 1.975840718385873e-06
2.1312494425178417e-06 1.9758398175207628e-06
2.3584371530026907e-06 1.9758399706046284e-06
2.073398397502937e-06 1.9758396918719263e-06
2.2010664649193525e-06 1.9758389613246258e-06
2.2010664649193525e-06 1.9758389613246258e-06
2.2010664649193525e-06 1.9758389613246258e-06
2.2010664649193525e-06 1.9758389613246258e-06
2.2010664649193525e-06 1.9758389613246258e-06
2.2010664649193525e-06 1.9758389613246258e-06
2.2010664649193525e-06 1.9758389613246258e-06
2.2010664649193525e-06 1.9758389613246258e-06
1.7591667555871703e-06 1.9758400153290496e-06
1.7591667555871703e-06 1.9758400153290496e-06
2.525415024036159e-06 1.975841079546192e-06
2.182490735214124e-06 1.9758351627329576e-06
2.182490735214124e-06 1.9758351627329576e-06
1.9041824619416295e-06 1.9758396000061917e-06
1.9041824619416295e-06 1.9758396000061917e-06
2.4459536986725115e-06 1.975834999038731e-06
2.2497723179016864e-06 1.9758406283368813e-06
2.3263925779651347e-06 1.9758398070263413e-06
2.3263925779651347e-06 1.9758398070263413e-06
2.2010691621150336e-06 1.9758359500843623e-06
2.2074386202347456e-06 1.975837976914319e-06
2.2074386202347456e-06 1.975837976914319e-06
2.2719560732793746e-06 1.9758379335887883e-06
2.133216595793742e-06 1.975839463152764e-06
2.133216595793742e-06 1.975839463152764e-06
2.3253023379818983e-06 1.975841939121365e-06
2.3253023379818983e-06 1.975841939121365e-06
2.242735564835724e-06 1.9758397259831645e-06
2.242735564835724e-06 1.9758397259831645e-06
2.153675621381433e-06 1.9758390373825487e-06
2.153675621381433e-06 1.9758390373825487e-06
1.7775778804162707e-06 1.975839789085916e-06
1.7775778804162707e-06 1.975839789085916e-06
2.1930318706416298e-06 1.975838323280539e-06
2.1930318706416298e-06 1.975838323280539e-06
2.205896178933957e-06 1.975839044507433e-06
2.205896178933957e-06 1.975839044507433e-06
2.250030098380736e-06 1.975845086941565e-06
2.250030098380736e-06 1.975845086941565e-06
1.9251797959171413e-06 1.975840186124323e-06
1.9251797959171413e-06 1.975840186124323e-06
2.2247853409232744e-06 1.9758383599915975e-06
2.2247853409232744e-06 1.9758383599915975e-06
2.10773205971546e-06 1.9758386948584427e-06
2.10773205971546e-06 1.9758386948584427e-06
2.10773205971546e-06 1.9758386948584427e-06
2.10773205971546e-06 1.9758386948584427e-06
2.10773205971546e-06 1.9758386948584427e-06
2.10773205971546e-06 1.9758386948584427e-06
2.10773205971546e-06 1.9758386948584427e-06
2.10773205971546e-06 1.9758386948584427e-06
2.10773205971546e-06 1.9758386948584427e-06
2.10773205971546e-06 1.9758386948584427e-06
2.10773205971546e-06 1.9758386948584427e-06
2.10773205971546e-06 1.9758386948584427e-06
1.839857844425167e-06 1.9758408303966353e-06
1.9349240255080712e-06 1.975838858105835e-06
1.9349240255080712e-06 1.975838858105835e-06
2.2497723179016864e-06 1.97583922928755e-06
1.9506157843143853e-06 1.9758401205261024e-06
2.121210513969632e-06 1.9758381058509385e-06
2.121210513969632e-06 1.9758381058509385e-06
2.1315852660871154e-06 1.975838840963782e-06
2.1315852660871154e-06 1.975838840963782e-06
1.0090185355824724e-06 1.975839247684864e-06
1.0090185355824724e-06 1.975839247684864e-06
1.0090185355824724e-06 1.975839247684864e-06
1.0090185355824724e-06 1.975839247684864e-06
1.0090185355824724e-06 1.975839247684864e-06
1.0090185355824724e-06 1.975839247684864e-06
1.0090185355824724e-06 1.975839247684864e-06
1.0090185355824724e-06 1.975839247684864e-06
1.0090185355824724e-06 1.975839247684864e-06
1.0090185355824724e-06 1.975839247684864e-06
1.0090185355824724e-06 1.975839247684864e-06
1.0090185355824724e-06 1.975839247684864e-06
1.0090185355824724e-06 1.975839247684864e-06
1.0090185355824724e-06 1.975839247684864e-06
1.0090185355824724e-06 1.975839247684864e-06
1.0090185355824724e-06 1.975839247684864e-06
2.2497723179016864e-06 1.97583922928755e-06
2.2091915421135634e-06 1.9758396338323592e-06
2.2091915421135634e-06 1.9758396338323592e-06
2.133216595793742e-06 1.975840101631721e-06
2.133216595793742e-06 1.975840101631721e-06
1.9168279810812412e-06 1.975840789739868e-06
1.9168279810812412e-06 1.975840789739868e-06
2.277612373803823e-06 1.97583992303183e-06
2.277612373803823e-06 1.97583992303183e-06
2.277612373803823e-06 1.97583992303183e-06
2.277612373803823e-06 1.97583992303183e-06
2.3584371530026907e-06 1.97584024937257e-06
2.133216595793742e-06 1.975838497654005e-06
2.133216595793742e-06 1.975838497654005e-06
2.2091915421135634e-06 1.9758384367018065e-06
2.2091915421135634e-06 1.9758384367018065e-06
1.5896523033106056e-06 1.9758367417575197e-06
1.9004527616050095e-06 1.9758388616831342e-06
2.2455349803807538e-06 1.9758391419269062e-06
2.2455349803807538e-06 1.9758391419269062e-06
2.2455349803807538e-06 1.9758391419269062e-06
2.2455349803807538e-06 1.9758391419269062e-06
2.333490774140214e-06 1.975838331342554e-06
2.333490774140214e-06 1.975838331342554e-06
2.333490774140214e-06 1.975838331342554e-06
2.333490774140214e-06 1.975838331342554e-06
2.333490774140214e-06 1.975838331342554e-06
2.333490774140214e-06 1.975838331342554e-06
1.926706970418112e-06 1.9758403074631546e-06
2.205896178933957e-06 1.975839476212258e-06
2.205896178933957e-06 1.975839476212258e-06
2.205896178933957e-06 1.975839476212258e-06
2.205896178933957e-06 1.975839476212258e-06
2.205896178933957e-06 1.975839044507433e-06
2.205896178933957e-06 1.975839044507433e-06
2.2497723179016864e-06 1.975839635410101e-06
2.1274534170831925e-06 1.9758388328927232e-06
2.1274534170831925e-06 1.9758388328927232e-06
2.1274534170831925e-06 1.9758388328927232e-06
2.1274534170831925e-06 1.9758388328927232e-06
2.1274534170831925e-06 1.9758388328927232e-06
2.1274534170831925e-06 1.9758388328927232e-06
2.211811203340926e-06 1.9758405216123245e-06
2.211811203340926e-06 1.9758405216123245e-06
1.8034439790756273e-06 1.9758408070366982e-06
1.8034439790756273e-06 1.9758408070366982e-06
2.2742445208736017e-06 1.9758427653201816e-06
2.2742445208736017e-06 1.9758427653201816e-06
1.557662199199517e-06 1.97584324055253e-06
1.557662199199517e-06 1.97584324055253e-06
2.2117261398974284e-06 1.9758393913750374e-06
2.2117261398974284e-06 1.9758393913750374e-06
2.2117261398974284e-06 1.9758393913750374e-06
2.2117261398974284e-06 1.9758393913750374e-06
2.2497723179016864e-06 1.97583922928755e-06
2.2497723179016864e-06 1.97583922928755e-06
1.128662536578836e-06 1.9758380487864834e-06
1.128662536578836e-06 1.9758380487864834e-06
1.128662536578836e-06 1.9758380487864834e-06
1.128662536578836e-06 1.9758380487864834e-06
1.128662536578836e-06 1.9758380487864834e-06
1.128662536578836e-06 1.9758380487864834e-06
1.128662536578836e-06 1.9758380487864834e-06
1.128662536578836e-06 1.9758380487864834e-06
1.128662536578836e-06 1.9758380487864834e-06
1.128662536578836e-06 1.9758380487864834e-06
1.128662536578836e-06 1.9758380487864834e-06
1.128662536578836e-06 1.9758380487864834e-06
1.128662536578836e-06 1.9758380487864834e-06
1.128662536578836e-06 1.9758380487864834e-06
1.128662536578836e-06 1.9758380487864834e-06
1.128662536578836e-06 1.9758380487864834e-06
2.3630467075135834e-06 1.9758362363586633e-06
2.3630467075135834e-06 1.9758362363586633e-06
2.2384794178083994e-06 1.975838279854001e-06
1.7775778804162707e-06 1.9758400907720004e-06
1.7775778804162707e-06 1.9758400907720004e-06
2.133216595793742e-06 1.975838497654005e-06
2.133216595793742e-06 1.975838497654005e-06
1.8799974219614312e-06 1.9758395209794496e-06
1.8799974219614312e-06 1.9758395209794496e-06
1.8600697570567227e-06 1.9758401946457687e-06
1.8600697570567227e-06 1.9758401946457687e-06
2.205896178933957e-06 1.975839044507433e-06
2.205896178933957e-06 1.975839044507433e-06
2.205896178933957e-06 1.975839476212258e-06
2.205896178933957e-06 1.975839476212258e-06
1.7481369964279801e-06 1.975838810631274e-06
1.839857844425167e-06 1.975840604975162e-06
2.3378090589689874e-06 1.9758404796260825e-06
2.3378090589689874e-06 1.9758404796260825e-06
2.406088013513594e-06 1.975839158122624e-06
2.406088013513594e-06 1.975839158122624e-06
2.406088013513594e-06 1.975839158122624e-06
2.406088013513594e-06 1.975839158122624e-06
2.321188745002106e-06 1.9758403193108404e-06
2.321188745002106e-06 1.9758403193108404e-06
2.321188745002106e-06 1.9758403193108404e-06
2.321188745002106e-06 1.9758403193108404e-06
2.0728935464955585e-06 1.9758394493882507e-06
2.0728935464955585e-06 1.9758394493882507e-06
2.0728935464955585e-06 1.9758394493882507e-06
2.0728935464955585e-06 1.9758394493882507e-06
2.0728935464955585e-06 1.9758394493882507e-06
2.0728935464955585e-06 1.9758394493882507e-06
2.0728935464955585e-06 1.9758394493882507e-06
2.0728935464955585e-06 1.9758394493882507e-06
2.0728935464955585e-06 1.9758394493882507e-06
2.0728935464955585e-06 1.9758394493882507e-06
2.0728935464955585e-06 1.9758394493882507e-06
2.0728935464955585e-06 1.9758394493882507e-06
2.3087218040633914e-06 1.9758397799827964e-06
2.3087218040633914e-06 1.9758397799827964e-06
2.3087218040633914e-06 1.9758397799827964e-06
2.3087218040633914e-06 1.9758397799827964e-06
2.3087218040633914e-06 1.9758397799827964e-06
2.3087218040633914e-06 1.9758397799827964e-06
2.3087218040633914e-06 1.9758397799827964e-06
2.3087218040633914e-06 1.9758397799827964e-06
2.133216595793742e-06 1.975840101631721e-06
2.133216595793742e-06 1.975840101631721e-06