9.323077198746699e-06 1.1197144576345638e-05
9.323077198746699e-06 1.1197144576345638e-05
4.475090944569566e-06 1.1158793009780996e-05
6.0081169853521205e-05 1.1203044667453624e-05
6.0081169853521205e-05 1.1203044667453624e-05
6.0081169853521205e-05 1.1203044667453624e-05
9.311775150340506e-06 1.1197144576345638e-05
9.59590062440559e-06 1.1197177365394188e-05
9.247687937613513e-06 1.1197171810994752e-05
9.247687937613513e-06 1.1197171810994752e-05
9.247687937613513e-06 1.1197171810994752e-05
9.269978204517056e-06 1.1197118642179434e-05
2.7210730264664063e-06 1.1174465471873385e-05
9.323077198746699e-06 1.1197144576345638e-05
9.323077198746699e-06 1.1197144576345638e-05
9.323077198746699e-06 1.1197144576345638e-05
6.0081169853521205e-05 1.1203044667453624e-05
6.0081169853521205e-05 1.1203044667453624e-05
4.475090944569566e-06 1.1158793009780996e-05
4.475090944569566e-06 1.1158793009780996e-05
9.791794564563452e-06 1.1197141007468368e-05
9.791794564563452e-06 1.1197141007468368e-05
9.791794564563452e-06 1.1197141007468368e-05
9.791794564563452e-06 1.1197141007468368e-05
9.791794564563452e-06 1.1197141007468368e-05
9.077597672977571e-05 1.1174465471873385e-05
9.077597672977571e-05 1.1174465471873385e-05
2.9983302054324297e-06 1.1158793009780996e-05
9.287333265480855e-06 1.1197197762950316e-05
9.287333265480855e-06 1.1197197762950316e-05
9.269978204517056e-06 1.1197118642179434e-05
9.247687937613513e-06 1.1197171810994752e-05
9.247687937613513e-06 1.1197171810994752e-05
9.247687937613513e-06 1.1197171810994752e-05
9.247687937613513e-06 1.1197171810994752e-05
9.247687937613513e-06 1.1197171810994752e-05
9.30017649931359e-06 1.1197197762950316e-05
9.30017649931359e-06 1.1197197762950316e-05
9.30017649931359e-06 1.1197197762950316e-05
9.30017649931359e-06 1.1197197762950316e-05
9.30017649931359e-06 1.1197197762950316e-05
9.30017649931359e-06 1.1197197762950316e-05
9.30017649931359e-06 1.1197197762950316e-05
9.791794564563452e-06 1.1197141007468368e-05
9.791794564563452e-06 1.1197141007468368e-05
9.791794564563452e-06 1.1197141007468368e-05
9.791794564563452e-06 1.1197141007468368e-05
9.791794564563452e-06 1.1197141007468368e-05
9.791794564563452e-06 1.1197141007468368e-05
9.077597672977571e-05 1.1174465471873385e-05