4.4865582714188295e-05 4.4865582714188295e-05
4.4865582714188295e-05 4.4865582714188295e-05
4.4865582714188295e-05 4.4865582714188295e-05
4.4865582714188295e-05 4.4865582714188295e-05
4.4865582714188295e-05 4.4865582714188295e-05
4.4865582714188295e-05 4.4865582714188295e-05
4.4865582714188295e-05 4.4865582714188295e-05
4.4865582714188295e-05 4.4865582714188295e-05
4.4865582714188295e-05 4.4865582714188295e-05
4.4865582714188295e-05 4.4865582714188295e-05
4.4865582714188295e-05 4.4865582714188295e-05
4.4865582714188295e-05 4.4865582714188295e-05
4.4865582714188295e-05 4.4865582714188295e-05
4.4865582714188295e-05 4.4865582714188295e-05
4.4865582714188295e-05 4.4865582714188295e-05
4.4865582714188295e-05 4.4865582714188295e-05
4.4865582714188295e-05 4.4865582714188295e-05
4.4865582714188295e-05 4.4865582714188295e-05
4.4865582714188295e-05 4.4865582714188295e-05
4.4865582714188295e-05 4.4865582714188295e-05
4.4865582714188295e-05 4.4865582714188295e-05
4.4865582714188295e-05 4.4865582714188295e-05
4.4865582714188295e-05 4.4865582714188295e-05
4.4865582714188295e-05 4.4865582714188295e-05
4.4865582714188295e-05 4.4865582714188295e-05
4.4865582714188295e-05 4.4865582714188295e-05
4.4865582714188295e-05 4.4865582714188295e-05
4.4865582714188295e-05 4.4865582714188295e-05
4.4865582714188295e-05 4.4865582714188295e-05
4.4865582714188295e-05 4.4865582714188295e-05
4.4865582714188295e-05 4.4865582714188295e-05
4.4865582714188295e-05 4.4865582714188295e-05
4.4865582714188295e-05 4.4865582714188295e-05
4.4865582714188295e-05 4.4865582714188295e-05
4.4865582714188295e-05 4.4865582714188295e-05
4.4865582714188295e-05 4.4865582714188295e-05
4.4865582714188295e-05 4.4865582714188295e-05
4.4865582714188295e-05 4.4865582714188295e-05
4.4865582714188295e-05 4.4865582714188295e-05
4.4865582714188295e-05 4.4865582714188295e-05
4.4865582714188295e-05 4.4865582714188295e-05
4.4865582714188295e-05 4.4865582714188295e-05
4.4865582714188295e-05 4.4865582714188295e-05
4.4865582714188295e-05 4.4865582714188295e-05
4.4865582714188295e-05 4.4865582714188295e-05
4.4865582714188295e-05 4.4865582714188295e-05
4.4865582714188295e-05 4.4865582714188295e-05
4.4865582714188295e-05 4.4865582714188295e-05
4.4865582714188295e-05 4.4865582714188295e-05
4.4865582714188295e-05 4.4865582714188295e-05