1.9328757249260054e-06 1.5086960675874007e-06
1.9328757249260054e-06 1.5086960675874007e-06
1.9328757249260054e-06 1.5086960675874007e-06
1.9328757249260054e-06 1.5086960675874007e-06
2.0017174735923424e-06 1.508541911130259e-06
2.0017174735923424e-06 1.508541911130259e-06
2.0017174735923424e-06 1.508541911130259e-06
2.0017174735923424e-06 1.508541911130259e-06
5.478011247836412e-07 1.5086949237597368e-06
5.478011247836412e-07 1.5086949237597368e-06
5.478011247836412e-07 1.5086949237597368e-06
5.478011247836412e-07 1.5086949237597368e-06
5.478011247836412e-07 1.5086949237597368e-06
5.478011247836412e-07 1.5086949237597368e-06
5.478011247836412e-07 1.5086949237597368e-06
5.478011247836412e-07 1.5086949237597368e-06
5.478011247836412e-07 1.5086949237597368e-06
5.478011247836412e-07 1.5086949237597368e-06
5.478011247836412e-07 1.5086949237597368e-06
5.478011247836412e-07 1.5086949237597368e-06
9.78245770554411e-07 1.5081067346218627e-06
9.78245770554411e-07 1.5081067346218627e-06
9.78245770554411e-07 1.5081067346218627e-06
9.78245770554411e-07 1.5081067346218627e-06
9.78245770554411e-07 1.5081067346218627e-06
9.78245770554411e-07 1.5081067346218627e-06
9.78245770554411e-07 1.5081067346218627e-06
9.78245770554411e-07 1.5081067346218627e-06
9.78245770554411e-07 1.5081067346218627e-06
9.78245770554411e-07 1.5081067346218627e-06
9.78245770554411e-07 1.5081067346218627e-06
9.78245770554411e-07 1.5081067346218627e-06
1.0790860094772086e-06 1.508694099314131e-06
1.0790860094772086e-06 1.508694099314131e-06
1.0790860094772086e-06 1.508694099314131e-06
1.0790860094772086e-06 1.508694099314131e-06
1.956491541108822e-06 1.5081067346218627e-06
1.956491541108822e-06 1.5081067346218627e-06
1.956491541108822e-06 1.5081067346218627e-06
1.956491541108822e-06 1.5081067346218627e-06
1.956491541108822e-06 1.5081067346218627e-06
1.956491541108822e-06 1.5081067346218627e-06
1.956491541108822e-06 1.5081067346218627e-06
1.956491541108822e-06 1.5081067346218627e-06
1.956491541108822e-06 1.5081067346218627e-06
1.956491541108822e-06 1.5081067346218627e-06
1.956491541108822e-06 1.5081067346218627e-06
1.956491541108822e-06 1.5081067346218627e-06
2.934737311663233e-06 1.5081067346218627e-06
2.934737311663233e-06 1.5081067346218627e-06
2.934737311663233e-06 1.5081067346218627e-06
2.934737311663233e-06 1.5081067346218627e-06
2.934737311663233e-06 1.5081067346218627e-06
2.934737311663233e-06 1.5081067346218627e-06
2.934737311663233e-06 1.5081067346218627e-06
2.934737311663233e-06 1.5081067346218627e-06
2.934737311663233e-06 1.5081067346218627e-06
2.934737311663233e-06 1.5081067346218627e-06
2.934737311663233e-06 1.5081067346218627e-06
2.934737311663233e-06 1.5081067346218627e-06
1.932873791538319e-06 1.5086960675874007e-06
1.932873791538319e-06 1.5086960675874007e-06
1.932873791538319e-06 1.5086960675874007e-06
1.932873791538319e-06 1.5086960675874007e-06
2.0017174735923424e-06 1.508541911130259e-06
2.0017174735923424e-06 1.508541911130259e-06
2.0017174735923424e-06 1.508541911130259e-06
2.0017174735923424e-06 1.508541911130259e-06
5.477935909962237e-07 1.5086949237597368e-06
5.477935909962237e-07 1.5086949237597368e-06
5.477935909962237e-07 1.5086949237597368e-06
5.477935909962237e-07 1.5086949237597368e-06
5.477935909962237e-07 1.5086949237597368e-06
5.477935909962237e-07 1.5086949237597368e-06
5.477935909962237e-07 1.5086949237597368e-06
5.477935909962237e-07 1.5086949237597368e-06
5.477935909962237e-07 1.5086949237597368e-06
5.477935909962237e-07 1.5086949237597368e-06
5.477935909962237e-07 1.5086949237597368e-06
5.477935909962237e-07 1.5086949237597368e-06
2.5831596324642496e-06 1.5086974362021275e-06
2.5831596324642496e-06 1.5086974362021275e-06
2.5831596324642496e-06 1.5086974362021275e-06
2.5831596324642496e-06 1.5086974362021275e-06
2.5831596324642496e-06 1.5086974362021275e-06
2.5831596324642496e-06 1.5086974362021275e-06
2.5831596324642496e-06 1.5086974362021275e-06
2.5831596324642496e-06 1.5086974362021275e-06
2.5831596324642496e-06 1.5086974362021275e-06
2.5831596324642496e-06 1.5086974362021275e-06
2.5831596324642496e-06 1.5086974362021275e-06
2.5831596324642496e-06 1.5086974362021275e-06
5.477848722190611e-07 1.5086949237597368e-06
5.477848722190611e-07 1.5086949237597368e-06
5.477848722190611e-07 1.5086949237597368e-06
5.477848722190611e-07 1.5086949237597368e-06
5.477848722190611e-07 1.5086949237597368e-06
5.477848722190611e-07 1.5086949237597368e-06
5.477848722190611e-07 1.5086949237597368e-06
5.477848722190611e-07 1.5086949237597368e-06
5.477848722190611e-07 1.5086949237597368e-06
5.477848722190611e-07 1.5086949237597368e-06
5.477848722190611e-07 1.5086949237597368e-06
5.477848722190611e-07 1.5086949237597368e-06
2.0962409369023092e-06 1.5081067346218627e-06
2.0962409369023092e-06 1.5081067346218627e-06
2.0962409369023092e-06 1.5081067346218627e-06
2.0962409369023092e-06 1.5081067346218627e-06
2.0962409369023092e-06 1.5081067346218627e-06
2.0962409369023092e-06 1.5081067346218627e-06
2.0962409369023092e-06 1.5081067346218627e-06
2.0962409369023092e-06 1.5081067346218627e-06
2.0962409369023092e-06 1.5081067346218627e-06
2.0962409369023092e-06 1.5081067346218627e-06
2.0962409369023092e-06 1.5081067346218627e-06
2.0962409369023092e-06 1.5081067346218627e-06
2.583140488170758e-06 1.5086974362021275e-06
2.583140488170758e-06 1.5086974362021275e-06
2.583140488170758e-06 1.5086974362021275e-06
2.583140488170758e-06 1.5086974362021275e-06
2.583140488170758e-06 1.5086974362021275e-06
2.583140488170758e-06 1.5086974362021275e-06
2.583140488170758e-06 1.5086974362021275e-06
2.583140488170758e-06 1.5086974362021275e-06
2.583140488170758e-06 1.5086974362021275e-06
2.583140488170758e-06 1.5086974362021275e-06
2.583140488170758e-06 1.5086974362021275e-06
2.583140488170758e-06 1.5086974362021275e-06
1.2577445621413856e-06 1.5081067346218627e-06
1.2577445621413856e-06 1.5081067346218627e-06
1.2577445621413856e-06 1.5081067346218627e-06
1.2577445621413856e-06 1.5081067346218627e-06
1.2577445621413856e-06 1.5081067346218627e-06
1.2577445621413856e-06 1.5081067346218627e-06
1.2577445621413856e-06 1.5081067346218627e-06
1.2577445621413856e-06 1.5081067346218627e-06
1.2577445621413856e-06 1.5081067346218627e-06
1.2577445621413856e-06 1.5081067346218627e-06
1.2577445621413856e-06 1.5081067346218627e-06
1.2577445621413856e-06 1.5081067346218627e-06
1.6680978946602852e-06 1.508541911130259e-06
1.6680978946602852e-06 1.508541911130259e-06
1.6680978946602852e-06 1.508541911130259e-06
1.6680978946602852e-06 1.508541911130259e-06
2.583161607253638e-06 1.5086974362021275e-06
2.583161607253638e-06 1.5086974362021275e-06
2.583161607253638e-06 1.5086974362021275e-06
2.583161607253638e-06 1.5086974362021275e-06
2.583161607253638e-06 1.5086974362021275e-06
2.583161607253638e-06 1.5086974362021275e-06
2.583161607253638e-06 1.5086974362021275e-06
2.583161607253638e-06 1.5086974362021275e-06
2.583161607253638e-06 1.5086974362021275e-06
2.583161607253638e-06 1.5086974362021275e-06
2.583161607253638e-06 1.5086974362021275e-06
2.583161607253638e-06 1.5086974362021275e-06
5.478018864282029e-07 1.5086949237597368e-06
5.478018864282029e-07 1.5086949237597368e-06
5.478018864282029e-07 1.5086949237597368e-06
5.478018864282029e-07 1.5086949237597368e-06
5.478018864282029e-07 1.5086949237597368e-06
5.478018864282029e-07 1.5086949237597368e-06
5.478018864282029e-07 1.5086949237597368e-06
5.478018864282029e-07 1.5086949237597368e-06
5.478018864282029e-07 1.5086949237597368e-06
5.478018864282029e-07 1.5086949237597368e-06
5.478018864282029e-07 1.5086949237597368e-06
5.478018864282029e-07 1.5086949237597368e-06
2.2010529837474246e-06 1.5081067346218627e-06
2.2010529837474246e-06 1.5081067346218627e-06
2.2010529837474246e-06 1.5081067346218627e-06
2.2010529837474246e-06 1.5081067346218627e-06
2.2010529837474246e-06 1.5081067346218627e-06
2.2010529837474246e-06 1.5081067346218627e-06
2.2010529837474246e-06 1.5081067346218627e-06
2.2010529837474246e-06 1.5081067346218627e-06
2.2010529837474246e-06 1.5081067346218627e-06
2.2010529837474246e-06 1.5081067346218627e-06
2.2010529837474246e-06 1.5081067346218627e-06
2.2010529837474246e-06 1.5081067346218627e-06
2.583161607253638e-06 1.5086974362021275e-06
2.583161607253638e-06 1.5086974362021275e-06
2.583161607253638e-06 1.5086974362021275e-06
2.583161607253638e-06 1.5086974362021275e-06
2.583161607253638e-06 1.5086974362021275e-06
2.583161607253638e-06 1.5086974362021275e-06
2.583161607253638e-06 1.5086974362021275e-06
2.583161607253638e-06 1.5086974362021275e-06
2.583161607253638e-06 1.5086974362021275e-06
2.583161607253638e-06 1.5086974362021275e-06
2.583161607253638e-06 1.5086974362021275e-06
2.583161607253638e-06 1.5086974362021275e-06
2.4634656265786262e-06 1.5081067346218627e-06
2.4634656265786262e-06 1.5081067346218627e-06
2.4634656265786262e-06 1.5081067346218627e-06
2.4634656265786262e-06 1.5081067346218627e-06
2.4634656265786262e-06 1.5081067346218627e-06
2.4634656265786262e-06 1.5081067346218627e-06
2.4634656265786262e-06 1.5081067346218627e-06
2.4634656265786262e-06 1.5081067346218627e-06
2.4634656265786262e-06 1.5081067346218627e-06
2.4634656265786262e-06 1.5081067346218627e-06
2.4634656265786262e-06 1.5081067346218627e-06
2.4634656265786262e-06 1.5081067346218627e-06
2.5831879646370828e-06 1.5086974362021275e-06
2.5831879646370828e-06 1.5086974362021275e-06
2.5831879646370828e-06 1.5086974362021275e-06
2.5831879646370828e-06 1.5086974362021275e-06
2.5831879646370828e-06 1.5086974362021275e-06
2.5831879646370828e-06 1.5086974362021275e-06
2.5831879646370828e-06 1.5086974362021275e-06
2.5831879646370828e-06 1.5086974362021275e-06
2.5831879646370828e-06 1.5086974362021275e-06
2.5831879646370828e-06 1.5086974362021275e-06
2.5831879646370828e-06 1.5086974362021275e-06
2.5831879646370828e-06 1.5086974362021275e-06
1.2130247554874696e-06 1.5081067346218627e-06
1.2130247554874696e-06 1.5081067346218627e-06
1.2130247554874696e-06 1.5081067346218627e-06
1.2130247554874696e-06 1.5081067346218627e-06
1.2130247554874696e-06 1.5081067346218627e-06
1.2130247554874696e-06 1.5081067346218627e-06
1.2130247554874696e-06 1.5081067346218627e-06
1.2130247554874696e-06 1.5081067346218627e-06
1.2130247554874696e-06 1.5081067346218627e-06
1.2130247554874696e-06 1.5081067346218627e-06
1.2130247554874696e-06 1.5081067346218627e-06
1.2130247554874696e-06 1.5081067346218627e-06
2.0017174735923424e-06 1.508541911130259e-06
2.0017174735923424e-06 1.508541911130259e-06
2.0017174735923424e-06 1.508541911130259e-06
2.0017174735923424e-06 1.508541911130259e-06
5.478030715104238e-07 1.5086949237597368e-06
5.478030715104238e-07 1.5086949237597368e-06
5.478030715104238e-07 1.5086949237597368e-06
5.478030715104238e-07 1.5086949237597368e-06
5.478030715104238e-07 1.5086949237597368e-06
5.478030715104238e-07 1.5086949237597368e-06
5.478030715104238e-07 1.5086949237597368e-06
5.478030715104238e-07 1.5086949237597368e-06
5.478030715104238e-07 1.5086949237597368e-06
5.478030715104238e-07 1.5086949237597368e-06
5.478030715104238e-07 1.5086949237597368e-06
5.478030715104238e-07 1.5086949237597368e-06
1.7515027893932994e-06 1.508541911130259e-06
1.7515027893932994e-06 1.508541911130259e-06
1.7515027893932994e-06 1.508541911130259e-06
1.7515027893932994e-06 1.508541911130259e-06
1.9328734048477506e-06 1.5086960675874007e-06
1.9328734048477506e-06 1.5086960675874007e-06
1.9328734048477506e-06 1.5086960675874007e-06
1.9328734048477506e-06 1.5086960675874007e-06
2.5831761167890432e-06 1.5086974362021275e-06
2.5831761167890432e-06 1.5086974362021275e-06
2.5831761167890432e-06 1.5086974362021275e-06
2.5831761167890432e-06 1.5086974362021275e-06
2.5831761167890432e-06 1.5086974362021275e-06
2.5831761167890432e-06 1.5086974362021275e-06
2.5831761167890432e-06 1.5086974362021275e-06
2.5831761167890432e-06 1.5086974362021275e-06
2.5831761167890432e-06 1.5086974362021275e-06
2.5831761167890432e-06 1.5086974362021275e-06
2.5831761167890432e-06 1.5086974362021275e-06
2.5831761167890432e-06 1.5086974362021275e-06
1.0790743721434844e-06 1.508694099314131e-06
1.0790743721434844e-06 1.508694099314131e-06
1.0790743721434844e-06 1.508694099314131e-06
1.0790743721434844e-06 1.508694099314131e-06
1.9328528518500563e-06 1.5086960675874007e-06
1.9328528518500563e-06 1.5086960675874007e-06
1.9328528518500563e-06 1.5086960675874007e-06
1.9328528518500563e-06 1.5086960675874007e-06
2.8173478191967035e-06 1.5081067346218627e-06
2.8173478191967035e-06 1.5081067346218627e-06
2.8173478191967035e-06 1.5081067346218627e-06
2.8173478191967035e-06 1.5081067346218627e-06
2.8173478191967035e-06 1.5081067346218627e-06
2.8173478191967035e-06 1.5081067346218627e-06
2.8173478191967035e-06 1.5081067346218627e-06
2.8173478191967035e-06 1.5081067346218627e-06
2.8173478191967035e-06 1.5081067346218627e-06
2.8173478191967035e-06 1.5081067346218627e-06
2.8173478191967035e-06 1.5081067346218627e-06
2.8173478191967035e-06 1.5081067346218627e-06
1.0790677073549274e-06 1.508694099314131e-06
1.0790677073549274e-06 1.508694099314131e-06
1.0790677073549274e-06 1.508694099314131e-06
1.0790677073549274e-06 1.508694099314131e-06
1.079092674204433e-06 1.508694099314131e-06
1.079092674204433e-06 1.508694099314131e-06
1.079092674204433e-06 1.508694099314131e-06
1.079092674204433e-06 1.508694099314131e-06
1.4673686558316166e-06 1.5081067346218627e-06
1.4673686558316166e-06 1.5081067346218627e-06
1.4673686558316166e-06 1.5081067346218627e-06
1.4673686558316166e-06 1.5081067346218627e-06
1.4673686558316166e-06 1.5081067346218627e-06
1.4673686558316166e-06 1.5081067346218627e-06
1.4673686558316166e-06 1.5081067346218627e-06
1.4673686558316166e-06 1.5081067346218627e-06
1.4673686558316166e-06 1.5081067346218627e-06
1.4673686558316166e-06 1.5081067346218627e-06
1.4673686558316166e-06 1.5081067346218627e-06
1.4673686558316166e-06 1.5081067346218627e-06
2.4168424919579565e-06 1.5081067346218627e-06
2.4168424919579565e-06 1.5081067346218627e-06
2.4168424919579565e-06 1.5081067346218627e-06
2.4168424919579565e-06 1.5081067346218627e-06
2.4168424919579565e-06 1.5081067346218627e-06
2.4168424919579565e-06 1.5081067346218627e-06
2.4168424919579565e-06 1.5081067346218627e-06
2.4168424919579565e-06 1.5081067346218627e-06
2.4168424919579565e-06 1.5081067346218627e-06
2.4168424919579565e-06 1.5081067346218627e-06
2.4168424919579565e-06 1.5081067346218627e-06
2.4168424919579565e-06 1.5081067346218627e-06
2.5831286387892333e-06 1.5086974362021275e-06
2.5831286387892333e-06 1.5086974362021275e-06
2.5831286387892333e-06 1.5086974362021275e-06
2.5831286387892333e-06 1.5086974362021275e-06
2.5831286387892333e-06 1.5086974362021275e-06
2.5831286387892333e-06 1.5086974362021275e-06
2.5831286387892333e-06 1.5086974362021275e-06
2.5831286387892333e-06 1.5086974362021275e-06
2.5831286387892333e-06 1.5086974362021275e-06
2.5831286387892333e-06 1.5086974362021275e-06
2.5831286387892333e-06 1.5086974362021275e-06
2.5831286387892333e-06 1.5086974362021275e-06
1.4673686558316166e-06 1.5081067346218627e-06
1.4673686558316166e-06 1.5081067346218627e-06
1.4673686558316166e-06 1.5081067346218627e-06
1.4673686558316166e-06 1.5081067346218627e-06
1.4673686558316166e-06 1.5081067346218627e-06
1.4673686558316166e-06 1.5081067346218627e-06
1.4673686558316166e-06 1.5081067346218627e-06
1.4673686558316166e-06 1.5081067346218627e-06
1.4673686558316166e-06 1.5081067346218627e-06
1.4673686558316166e-06 1.5081067346218627e-06
1.4673686558316166e-06 1.5081067346218627e-06
1.4673686558316166e-06 1.5081067346218627e-06
1.7515027893932994e-06 1.508541911130259e-06
1.7515027893932994e-06 1.508541911130259e-06
1.7515027893932994e-06 1.508541911130259e-06
1.7515027893932994e-06 1.508541911130259e-06
1.2577445621413856e-06 1.5081067346218627e-06
1.2577445621413856e-06 1.5081067346218627e-06
1.2577445621413856e-06 1.5081067346218627e-06
1.2577445621413856e-06 1.5081067346218627e-06
1.2577445621413856e-06 1.5081067346218627e-06
1.2577445621413856e-06 1.5081067346218627e-06
1.2577445621413856e-06 1.5081067346218627e-06
1.2577445621413856e-06 1.5081067346218627e-06
1.2577445621413856e-06 1.5081067346218627e-06
1.2577445621413856e-06 1.5081067346218627e-06
1.2577445621413856e-06 1.5081067346218627e-06
1.2577445621413856e-06 1.5081067346218627e-06
1.6680978946602852e-06 1.508541911130259e-06
1.6680978946602852e-06 1.508541911130259e-06
1.6680978946602852e-06 1.508541911130259e-06
1.6680978946602852e-06 1.508541911130259e-06
5.103890976805622e-07 1.5081067346218627e-06
5.103890976805622e-07 1.5081067346218627e-06
5.103890976805622e-07 1.5081067346218627e-06
5.103890976805622e-07 1.5081067346218627e-06
5.103890976805622e-07 1.5081067346218627e-06
5.103890976805622e-07 1.5081067346218627e-06
5.103890976805622e-07 1.5081067346218627e-06
5.103890976805622e-07 1.5081067346218627e-06
5.103890976805622e-07 1.5081067346218627e-06
5.103890976805622e-07 1.5081067346218627e-06
5.103890976805622e-07 1.5081067346218627e-06
5.103890976805622e-07 1.5081067346218627e-06
5.478133989706301e-07 1.5086949237597368e-06
5.478133989706301e-07 1.5086949237597368e-06
5.478133989706301e-07 1.5086949237597368e-06
5.478133989706301e-07 1.5086949237597368e-06
5.478133989706301e-07 1.5086949237597368e-06
5.478133989706301e-07 1.5086949237597368e-06
5.478133989706301e-07 1.5086949237597368e-06
5.478133989706301e-07 1.5086949237597368e-06
5.478133989706301e-07 1.5086949237597368e-06
5.478133989706301e-07 1.5086949237597368e-06
5.478133989706301e-07 1.5086949237597368e-06
5.478133989706301e-07 1.5086949237597368e-06
2.0017174735923424e-06 1.508541911130259e-06
2.0017174735923424e-06 1.508541911130259e-06
2.0017174735923424e-06 1.508541911130259e-06
2.0017174735923424e-06 1.508541911130259e-06
2.5832130344396776e-06 1.5086974362021275e-06
2.5832130344396776e-06 1.5086974362021275e-06
2.5832130344396776e-06 1.5086974362021275e-06
2.5832130344396776e-06 1.5086974362021275e-06
2.5832130344396776e-06 1.5086974362021275e-06
2.5832130344396776e-06 1.5086974362021275e-06
2.5832130344396776e-06 1.5086974362021275e-06
2.5832130344396776e-06 1.5086974362021275e-06
2.5832130344396776e-06 1.5086974362021275e-06
2.5832130344396776e-06 1.5086974362021275e-06
2.5832130344396776e-06 1.5086974362021275e-06
2.5832130344396776e-06 1.5086974362021275e-06
1.0790986619307635e-06 1.508694099314131e-06
1.0790986619307635e-06 1.508694099314131e-06
1.0790986619307635e-06 1.508694099314131e-06
1.0790986619307635e-06 1.508694099314131e-06
1.9328509178091273e-06 1.5086960675874007e-06
1.9328509178091273e-06 1.5086960675874007e-06
1.9328509178091273e-06 1.5086960675874007e-06
1.9328509178091273e-06 1.5086960675874007e-06
1.7608423869979399e-06 1.5081067346218627e-06
1.7608423869979399e-06 1.5081067346218627e-06
1.7608423869979399e-06 1.5081067346218627e-06
1.7608423869979399e-06 1.5081067346218627e-06
1.7608423869979399e-06 1.5081067346218627e-06
1.7608423869979399e-06 1.5081067346218627e-06
1.7608423869979399e-06 1.5081067346218627e-06
1.7608423869979399e-06 1.5081067346218627e-06
1.7608423869979399e-06 1.5081067346218627e-06
1.7608423869979399e-06 1.5081067346218627e-06
1.7608423869979399e-06 1.5081067346218627e-06
1.7608423869979399e-06 1.5081067346218627e-06
1.6680978946602852e-06 1.508541911130259e-06
1.6680978946602852e-06 1.508541911130259e-06
1.6680978946602852e-06 1.508541911130259e-06
1.6680978946602852e-06 1.508541911130259e-06
1.9328621613284387e-06 1.5086960675874007e-06
1.9328621613284387e-06 1.5086960675874007e-06
1.9328621613284387e-06 1.5086960675874007e-06
1.9328621613284387e-06 1.5086960675874007e-06
2.0017174735923424e-06 1.508541911130259e-06
2.0017174735923424e-06 1.508541911130259e-06
2.0017174735923424e-06 1.508541911130259e-06
2.0017174735923424e-06 1.508541911130259e-06
1.9376625144373873e-06 1.508541911130259e-06
1.9376625144373873e-06 1.508541911130259e-06
1.9376625144373873e-06 1.508541911130259e-06
1.9376625144373873e-06 1.508541911130259e-06
5.478058650751693e-07 1.5086949237597368e-06
5.478058650751693e-07 1.5086949237597368e-06
5.478058650751693e-07 1.5086949237597368e-06
5.478058650751693e-07 1.5086949237597368e-06
5.478058650751693e-07 1.5086949237597368e-06
5.478058650751693e-07 1.5086949237597368e-06
5.478058650751693e-07 1.5086949237597368e-06
5.478058650751693e-07 1.5086949237597368e-06
5.478058650751693e-07 1.5086949237597368e-06
5.478058650751693e-07 1.5086949237597368e-06
5.478058650751693e-07 1.5086949237597368e-06
5.478058650751693e-07 1.5086949237597368e-06
1.956491541108822e-06 1.5081067346218627e-06
1.956491541108822e-06 1.5081067346218627e-06
1.956491541108822e-06 1.5081067346218627e-06
1.956491541108822e-06 1.5081067346218627e-06
1.956491541108822e-06 1.5081067346218627e-06
1.956491541108822e-06 1.5081067346218627e-06
1.956491541108822e-06 1.5081067346218627e-06
1.956491541108822e-06 1.5081067346218627e-06
1.956491541108822e-06 1.5081067346218627e-06
1.956491541108822e-06 1.5081067346218627e-06
1.956491541108822e-06 1.5081067346218627e-06
1.956491541108822e-06 1.5081067346218627e-06
1.6769927495218475e-06 1.5081067346218627e-06
1.6769927495218475e-06 1.5081067346218627e-06
1.6769927495218475e-06 1.5081067346218627e-06
1.6769927495218475e-06 1.5081067346218627e-06
1.6769927495218475e-06 1.5081067346218627e-06
1.6769927495218475e-06 1.5081067346218627e-06
1.6769927495218475e-06 1.5081067346218627e-06
1.6769927495218475e-06 1.5081067346218627e-06
1.6769927495218475e-06 1.5081067346218627e-06
1.6769927495218475e-06 1.5081067346218627e-06
1.6769927495218475e-06 1.5081067346218627e-06
1.6769927495218475e-06 1.5081067346218627e-06
2.667943010602939e-06 1.5081067346218627e-06
2.667943010602939e-06 1.5081067346218627e-06
2.667943010602939e-06 1.5081067346218627e-06
2.667943010602939e-06 1.5081067346218627e-06
2.667943010602939e-06 1.5081067346218627e-06
2.667943010602939e-06 1.5081067346218627e-06
2.667943010602939e-06 1.5081067346218627e-06
2.667943010602939e-06 1.5081067346218627e-06
2.667943010602939e-06 1.5081067346218627e-06
2.667943010602939e-06 1.5081067346218627e-06
2.667943010602939e-06 1.5081067346218627e-06
2.667943010602939e-06 1.5081067346218627e-06
1.07907836410931e-06 1.508694099314131e-06
1.07907836410931e-06 1.508694099314131e-06
1.07907836410931e-06 1.508694099314131e-06
1.07907836410931e-06 1.508694099314131e-06
2.0017174735923424e-06 1.508541911130259e-06
2.0017174735923424e-06 1.508541911130259e-06
2.0017174735923424e-06 1.508541911130259e-06
2.0017174735923424e-06 1.508541911130259e-06
1.1120652631068568e-06 1.508541911130259e-06
1.1120652631068568e-06 1.508541911130259e-06
1.1120652631068568e-06 1.508541911130259e-06
1.1120652631068568e-06 1.508541911130259e-06
5.477738696993196e-07 1.5086949237597368e-06
5.477738696993196e-07 1.5086949237597368e-06
5.477738696993196e-07 1.5086949237597368e-06
5.477738696993196e-07 1.5086949237597368e-06
5.477738696993196e-07 1.5086949237597368e-06
5.477738696993196e-07 1.5086949237597368e-06
5.477738696993196e-07 1.5086949237597368e-06
5.477738696993196e-07 1.5086949237597368e-06
5.477738696993196e-07 1.5086949237597368e-06
5.477738696993196e-07 1.5086949237597368e-06
5.477738696993196e-07 1.5086949237597368e-06
5.477738696993196e-07 1.5086949237597368e-06
1.9328656419555403e-06 1.5086960675874007e-06
1.9328656419555403e-06 1.5086960675874007e-06
1.9328656419555403e-06 1.5086960675874007e-06
1.9328656419555403e-06 1.5086960675874007e-06
1.4297981954231016e-06 1.508541911130259e-06
1.4297981954231016e-06 1.508541911130259e-06
1.4297981954231016e-06 1.508541911130259e-06
1.4297981954231016e-06 1.508541911130259e-06
2.0017174735923424e-06 1.508541911130259e-06
2.0017174735923424e-06 1.508541911130259e-06
2.0017174735923424e-06 1.508541911130259e-06
2.0017174735923424e-06 1.508541911130259e-06
1.956491541108822e-06 1.5081067346218627e-06
1.956491541108822e-06 1.5081067346218627e-06
1.956491541108822e-06 1.5081067346218627e-06
1.956491541108822e-06 1.5081067346218627e-06
1.956491541108822e-06 1.5081067346218627e-06
1.956491541108822e-06 1.5081067346218627e-06
1.956491541108822e-06 1.5081067346218627e-06
1.956491541108822e-06 1.5081067346218627e-06
1.956491541108822e-06 1.5081067346218627e-06
1.956491541108822e-06 1.5081067346218627e-06
1.956491541108822e-06 1.5081067346218627e-06
1.956491541108822e-06 1.5081067346218627e-06
4.765993984743672e-07 1.508541911130259e-06
4.765993984743672e-07 1.508541911130259e-06
4.765993984743672e-07 1.508541911130259e-06
4.765993984743672e-07 1.508541911130259e-06
2.0017174735923424e-06 1.508541911130259e-06
2.0017174735923424e-06 1.508541911130259e-06
2.0017174735923424e-06 1.508541911130259e-06
2.0017174735923424e-06 1.508541911130259e-06
2.934737311663233e-06 1.5081067346218627e-06
2.934737311663233e-06 1.5081067346218627e-06
2.934737311663233e-06 1.5081067346218627e-06
2.934737311663233e-06 1.5081067346218627e-06
2.934737311663233e-06 1.5081067346218627e-06
2.934737311663233e-06 1.5081067346218627e-06
2.934737311663233e-06 1.5081067346218627e-06
2.934737311663233e-06 1.5081067346218627e-06
2.934737311663233e-06 1.5081067346218627e-06
2.934737311663233e-06 1.5081067346218627e-06
2.934737311663233e-06 1.5081067346218627e-06
2.934737311663233e-06 1.5081067346218627e-06
2.0017174735923424e-06 1.508541911130259e-06
2.0017174735923424e-06 1.508541911130259e-06
2.0017174735923424e-06 1.508541911130259e-06
2.0017174735923424e-06 1.508541911130259e-06
2.0017174735923424e-06 1.508541911130259e-06
2.0017174735923424e-06 1.508541911130259e-06
2.0017174735923424e-06 1.508541911130259e-06
2.0017174735923424e-06 1.508541911130259e-06
2.5831655567658623e-06 1.5086974362021275e-06
2.5831655567658623e-06 1.5086974362021275e-06
2.5831655567658623e-06 1.5086974362021275e-06
2.5831655567658623e-06 1.5086974362021275e-06
2.5831655567658623e-06 1.5086974362021275e-06
2.5831655567658623e-06 1.5086974362021275e-06
2.5831655567658623e-06 1.5086974362021275e-06
2.5831655567658623e-06 1.5086974362021275e-06
2.5831655567658623e-06 1.5086974362021275e-06
2.5831655567658623e-06 1.5086974362021275e-06
2.5831655567658623e-06 1.5086974362021275e-06
2.5831655567658623e-06 1.5086974362021275e-06
2.5830039886629707e-06 1.5086974362021275e-06
2.5830039886629707e-06 1.5086974362021275e-06
2.5830039886629707e-06 1.5086974362021275e-06
2.5830039886629707e-06 1.5086974362021275e-06
2.5830039886629707e-06 1.5086974362021275e-06
2.5830039886629707e-06 1.5086974362021275e-06
2.5830039886629707e-06 1.5086974362021275e-06
2.5830039886629707e-06 1.5086974362021275e-06
2.5830039886629707e-06 1.5086974362021275e-06
2.5830039886629707e-06 1.5086974362021275e-06
2.5830039886629707e-06 1.5086974362021275e-06
2.5830039886629707e-06 1.5086974362021275e-06
1.3344783157282282e-06 1.508541911130259e-06
1.3344783157282282e-06 1.508541911130259e-06
1.3344783157282282e-06 1.508541911130259e-06
1.3344783157282282e-06 1.508541911130259e-06
1.1005264918737123e-06 1.5081067346218627e-06
1.1005264918737123e-06 1.5081067346218627e-06
1.1005264918737123e-06 1.5081067346218627e-06
1.1005264918737123e-06 1.5081067346218627e-06
1.1005264918737123e-06 1.5081067346218627e-06
1.1005264918737123e-06 1.5081067346218627e-06
1.1005264918737123e-06 1.5081067346218627e-06
1.1005264918737123e-06 1.5081067346218627e-06
1.1005264918737123e-06 1.5081067346218627e-06
1.1005264918737123e-06 1.5081067346218627e-06
1.1005264918737123e-06 1.5081067346218627e-06
1.1005264918737123e-06 1.5081067346218627e-06
6.987469789674365e-07 1.5081067346218627e-06
6.987469789674365e-07 1.5081067346218627e-06
6.987469789674365e-07 1.5081067346218627e-06
6.987469789674365e-07 1.5081067346218627e-06
6.987469789674365e-07 1.5081067346218627e-06
6.987469789674365e-07 1.5081067346218627e-06
6.987469789674365e-07 1.5081067346218627e-06
6.987469789674365e-07 1.5081067346218627e-06
6.987469789674365e-07 1.5081067346218627e-06
6.987469789674365e-07 1.5081067346218627e-06
6.987469789674365e-07 1.5081067346218627e-06
6.987469789674365e-07 1.5081067346218627e-06
1.855606709096551e-06 1.508541911130259e-06
1.855606709096551e-06 1.508541911130259e-06
1.855606709096551e-06 1.508541911130259e-06
1.855606709096551e-06 1.508541911130259e-06
5.478094203476534e-07 1.5086949237597368e-06
5.478094203476534e-07 1.5086949237597368e-06
5.478094203476534e-07 1.5086949237597368e-06
5.478094203476534e-07 1.5086949237597368e-06
5.478094203476534e-07 1.5086949237597368e-06
5.478094203476534e-07 1.5086949237597368e-06
5.478094203476534e-07 1.5086949237597368e-06
5.478094203476534e-07 1.5086949237597368e-06
5.478094203476534e-07 1.5086949237597368e-06
5.478094203476534e-07 1.5086949237597368e-06
5.478094203476534e-07 1.5086949237597368e-06
5.478094203476534e-07 1.5086949237597368e-06
2.0017174735923424e-06 1.508541911130259e-06
2.0017174735923424e-06 1.508541911130259e-06
2.0017174735923424e-06 1.508541911130259e-06
2.0017174735923424e-06 1.508541911130259e-06
1.0790743721434844e-06 1.508694099314131e-06
1.0790743721434844e-06 1.508694099314131e-06
1.0790743721434844e-06 1.508694099314131e-06
1.0790743721434844e-06 1.508694099314131e-06
2.583212346157734e-06 1.5086974362021275e-06
2.583212346157734e-06 1.5086974362021275e-06
2.583212346157734e-06 1.5086974362021275e-06
2.583212346157734e-06 1.5086974362021275e-06
2.583212346157734e-06 1.5086974362021275e-06
2.583212346157734e-06 1.5086974362021275e-06
2.583212346157734e-06 1.5086974362021275e-06
2.583212346157734e-06 1.5086974362021275e-06
2.583212346157734e-06 1.5086974362021275e-06
2.583212346157734e-06 1.5086974362021275e-06
2.583212346157734e-06 1.5086974362021275e-06
2.583212346157734e-06 1.5086974362021275e-06
2.7716963499041643e-06 1.5081067346218627e-06
2.7716963499041643e-06 1.5081067346218627e-06
2.7716963499041643e-06 1.5081067346218627e-06
2.7716963499041643e-06 1.5081067346218627e-06
2.7716963499041643e-06 1.5081067346218627e-06
2.7716963499041643e-06 1.5081067346218627e-06
2.7716963499041643e-06 1.5081067346218627e-06
2.7716963499041643e-06 1.5081067346218627e-06
2.7716963499041643e-06 1.5081067346218627e-06
2.7716963499041643e-06 1.5081067346218627e-06
2.7716963499041643e-06 1.5081067346218627e-06
2.7716963499041643e-06 1.5081067346218627e-06
1.4673686558316166e-06 1.5081067346218627e-06
1.4673686558316166e-06 1.5081067346218627e-06
1.4673686558316166e-06 1.5081067346218627e-06
1.4673686558316166e-06 1.5081067346218627e-06
1.4673686558316166e-06 1.5081067346218627e-06
1.4673686558316166e-06 1.5081067346218627e-06
1.4673686558316166e-06 1.5081067346218627e-06
1.4673686558316166e-06 1.5081067346218627e-06
1.4673686558316166e-06 1.5081067346218627e-06
1.4673686558316166e-06 1.5081067346218627e-06
1.4673686558316166e-06 1.5081067346218627e-06
1.4673686558316166e-06 1.5081067346218627e-06
1.4673686558316166e-06 1.5081067346218627e-06
1.4673686558316166e-06 1.5081067346218627e-06
1.4673686558316166e-06 1.5081067346218627e-06
1.4673686558316166e-06 1.5081067346218627e-06
1.4673686558316166e-06 1.5081067346218627e-06
1.4673686558316166e-06 1.5081067346218627e-06
1.4673686558316166e-06 1.5081067346218627e-06
1.4673686558316166e-06 1.5081067346218627e-06
1.4673686558316166e-06 1.5081067346218627e-06
1.4673686558316166e-06 1.5081067346218627e-06
1.4673686558316166e-06 1.5081067346218627e-06
1.4673686558316166e-06 1.5081067346218627e-06
1.9328730181528373e-06 1.5086960675874007e-06
1.9328730181528373e-06 1.5086960675874007e-06
1.9328730181528373e-06 1.5086960675874007e-06
1.9328730181528373e-06 1.5086960675874007e-06
2.5832024739130457e-06 1.5086974362021275e-06
2.5832024739130457e-06 1.5086974362021275e-06
2.5832024739130457e-06 1.5086974362021275e-06
2.5832024739130457e-06 1.5086974362021275e-06
2.5832024739130457e-06 1.5086974362021275e-06
2.5832024739130457e-06 1.5086974362021275e-06
2.5832024739130457e-06 1.5086974362021275e-06
2.5832024739130457e-06 1.5086974362021275e-06
2.5832024739130457e-06 1.5086974362021275e-06
2.5832024739130457e-06 1.5086974362021275e-06
2.5832024739130457e-06 1.5086974362021275e-06
2.5832024739130457e-06 1.5086974362021275e-06
1.1314055285521935e-06 1.508541911130259e-06
1.1314055285521935e-06 1.508541911130259e-06
1.1314055285521935e-06 1.508541911130259e-06
1.1314055285521935e-06 1.508541911130259e-06
1.0790043445168953e-06 1.508694099314131e-06
1.0790043445168953e-06 1.508694099314131e-06
1.0790043445168953e-06 1.508694099314131e-06
1.0790043445168953e-06 1.508694099314131e-06
1.0790846904484268e-06 1.508694099314131e-06
1.0790846904484268e-06 1.508694099314131e-06
1.0790846904484268e-06 1.508694099314131e-06
1.0790846904484268e-06 1.508694099314131e-06
2.4456144263860276e-06 1.5081067346218627e-06
2.4456144263860276e-06 1.5081067346218627e-06
2.4456144263860276e-06 1.5081067346218627e-06
2.4456144263860276e-06 1.5081067346218627e-06
2.4456144263860276e-06 1.5081067346218627e-06
2.4456144263860276e-06 1.5081067346218627e-06
2.4456144263860276e-06 1.5081067346218627e-06
2.4456144263860276e-06 1.5081067346218627e-06
2.4456144263860276e-06 1.5081067346218627e-06
2.4456144263860276e-06 1.5081067346218627e-06
2.4456144263860276e-06 1.5081067346218627e-06
2.4456144263860276e-06 1.5081067346218627e-06
1.9327094034251945e-06 1.5086960675874007e-06
1.9327094034251945e-06 1.5086960675874007e-06
1.9327094034251945e-06 1.5086960675874007e-06
1.9327094034251945e-06 1.5086960675874007e-06
2.515489124282771e-06 1.5081067346218627e-06
2.515489124282771e-06 1.5081067346218627e-06
2.515489124282771e-06 1.5081067346218627e-06
2.515489124282771e-06 1.5081067346218627e-06
2.515489124282771e-06 1.5081067346218627e-06
2.515489124282771e-06 1.5081067346218627e-06
2.515489124282771e-06 1.5081067346218627e-06
2.515489124282771e-06 1.5081067346218627e-06
2.515489124282771e-06 1.5081067346218627e-06
2.515489124282771e-06 1.5081067346218627e-06
2.515489124282771e-06 1.5081067346218627e-06
2.515489124282771e-06 1.5081067346218627e-06
2.0017174735923424e-06 1.508541911130259e-06
2.0017174735923424e-06 1.508541911130259e-06
2.0017174735923424e-06 1.508541911130259e-06
2.0017174735923424e-06 1.508541911130259e-06
1.932863708317262e-06 1.5086960675874007e-06
1.932863708317262e-06 1.5086960675874007e-06
1.932863708317262e-06 1.5086960675874007e-06
1.932863708317262e-06 1.5086960675874007e-06
2.0017174735923424e-06 1.508541911130259e-06
2.0017174735923424e-06 1.508541911130259e-06
2.0017174735923424e-06 1.508541911130259e-06
2.0017174735923424e-06 1.508541911130259e-06
2.4456144263860276e-06 1.5081067346218627e-06
2.4456144263860276e-06 1.5081067346218627e-06
2.4456144263860276e-06 1.5081067346218627e-06
2.4456144263860276e-06 1.5081067346218627e-06
2.4456144263860276e-06 1.5081067346218627e-06
2.4456144263860276e-06 1.5081067346218627e-06
2.4456144263860276e-06 1.5081067346218627e-06
2.4456144263860276e-06 1.5081067346218627e-06
2.4456144263860276e-06 1.5081067346218627e-06
2.4456144263860276e-06 1.5081067346218627e-06
2.4456144263860276e-06 1.5081067346218627e-06
2.4456144263860276e-06 1.5081067346218627e-06
1.630409617590685e-06 1.5081067346218627e-06
1.630409617590685e-06 1.5081067346218627e-06
1.630409617590685e-06 1.5081067346218627e-06
1.630409617590685e-06 1.5081067346218627e-06
1.630409617590685e-06 1.5081067346218627e-06
1.630409617590685e-06 1.5081067346218627e-06
1.630409617590685e-06 1.5081067346218627e-06
1.630409617590685e-06 1.5081067346218627e-06
1.630409617590685e-06 1.5081067346218627e-06
1.630409617590685e-06 1.5081067346218627e-06
1.630409617590685e-06 1.5081067346218627e-06
1.630409617590685e-06 1.5081067346218627e-06
1.9328730181528373e-06 1.5086960675874007e-06
1.9328730181528373e-06 1.5086960675874007e-06
1.9328730181528373e-06 1.5086960675874007e-06
1.9328730181528373e-06 1.5086960675874007e-06
1.5012881051942567e-06 1.508541911130259e-06
1.5012881051942567e-06 1.508541911130259e-06
1.5012881051942567e-06 1.508541911130259e-06
1.5012881051942567e-06 1.508541911130259e-06
2.0017174735923424e-06 1.508541911130259e-06
2.0017174735923424e-06 1.508541911130259e-06
2.0017174735923424e-06 1.508541911130259e-06
2.0017174735923424e-06 1.508541911130259e-06
1.6680978946602852e-06 1.508541911130259e-06
1.6680978946602852e-06 1.508541911130259e-06
1.6680978946602852e-06 1.508541911130259e-06
1.6680978946602852e-06 1.508541911130259e-06
2.0017174735923424e-06 1.508541911130259e-06
2.0017174735923424e-06 1.508541911130259e-06
2.0017174735923424e-06 1.508541911130259e-06
2.0017174735923424e-06 1.508541911130259e-06
1.932874178224544e-06 1.5086960675874007e-06
1.932874178224544e-06 1.5086960675874007e-06
1.932874178224544e-06 1.5086960675874007e-06
1.932874178224544e-06 1.5086960675874007e-06