0.6707745205257939 0.6765362962080367
0.0895373132422967 0.05862628033549364
0.34888104954531335 0.36765150193406726
0.34888104954531335 0.36765150193406726
0.09343523534342991 0.06403486001948962
0.4208862240794563 0.44280565283812134
0.43648642323093484 0.45872500500006386
0.6160929713996349 0.5851521508785219
0.3475703945156747 0.33843836304293246
0.7362008876709064 0.7406307314561462
0.4347332093601195 0.39718804920913886
0.5001255335174492 0.5162236113652515
0.494027583330851 0.5115937650267876
0.7742652033855751 0.7812993357362009
0.7312221007076686 0.7205368579173351
0.7317327455244109 0.7263326765873607
0.6348676791618616 0.6398039123903709
0.5001255335174492 0.5162236113652515
0.6266888513470384 0.6250207449456802
0.36368123848389555 0.40372855823691367
0.18590024553504939 0.17935973650727455
0.41572871143035867 0.447673800091065
0.3804091116056801 0.397039111137589
0.7016515104448142 0.7173963922943697
0.7796439954552611 0.789567526393954
0.7677885249598931 0.7609799274033285
0.5666795746328677 0.5583177657587118
0.5666795746328677 0.5583177657587118
0.43648642323093484 0.45872500500006386
0.46776767362987615 0.4648314659336077
0.5434367247241454 0.5431260824606271
0.3196040800520858 0.30214428269297056
0.5896202930250174 0.5571390273067316
0.3974348608705643 0.4220436856640723
0.7825206279229097 0.8022017302348541
0.09506504338353255 0.11461422911781853
0.5861053545364409 0.5568794495248875
0.7631799554887935 0.758482023174764
0.47813376340974567 0.5053979412503138
0.16844044817593415 0.1800959161180781
0.2302880462303774 0.2595777818440235
0.36350676817150857 0.4111031204653676
0.18256403273233276 0.17707885632582543
0.6405783903624301 0.6591828831857428
0.7314476355017299 0.7286858981178483
0.41572871143035867 0.447673800091065
0.10588220275152449 0.0980395494410567
0.20967927250135107 0.19389183691706702
0.37269411949939785 0.40372855823691367
0.5869904722187943 0.5472665608497129