0.7334635171436218 0.733810453693883
0.4016315930335141 0.4060585034148469
0.4016315930335141 0.4060585034148469
0.8042346084077595 0.8030014967834026
0.9546900865358882 0.9567261084622781
0.6510135503504059 0.6515408939068029
0.971503623008832 0.9721618112070418
0.47232933199845367 0.4742404567667496
0.9027289037796259 0.9018347987272385
0.662924377744516 0.6634814587195067
0.6221246394337996 0.6231257991931247
0.91516509223556 0.9151036349037994
0.3114300724601766 0.3145425889396628
0.3114300724601766 0.3145425889396628
0.21155794336013006 0.2147279521822309
0.5473687340780905 0.5476284408671431
0.5473687340780905 0.5476284408671431
0.6366305522238633 0.6371678082531249
0.6927966059692912 0.6933061070745319
0.6927966059692912 0.6933061070745319
0.9180714292794624 0.9174231535541172
0.8490707056689433 0.8483609726118375
0.4392434800709733 0.4408651606316228
0.4392434800709733 0.4408651606316228
0.4392434800709733 0.4408651606316228
0.35859163585539683 0.3625506775175203
0.35859163585539683 0.3625506775175203
0.35859163585539683 0.3625506775175203
0.8589118087289236 0.8582100056501095
0.2629917825599952 0.26653450036180526
0.2629917825599952 0.26653450036180526
0.7878552382462853 0.7862771725662401
0.09168839150302827 0.09184500857428902
0.9338699285310706 0.9342684099402278
0.6067523765153693 0.6071528404190993
0.8763101811008792 0.876139686567608
0.9003003479277976 0.8993943479079726
0.15540378458213971 0.15748738637827978
0.588416284210422 0.5874785642774303
0.588416284210422 0.5874785642774303
0.588416284210422 0.5874785642774303
0.7177145802563365 0.7183608734871089
0.5682245769852206 0.5677368833202819
0.8946680808461287 0.8946779933189933
0.8975545929443018 0.8972195513614781
0.9714699206010924 0.9716503276072281
0.8151720309665652 0.8138160046786872
0.8151720309665652 0.8138160046786872
0.8804496297691385 0.8802474153227006
0.9365383662262224 0.9368476353795981