1.8954817009614989e-06 1.9824936983028082e-06
1.434328582057792e-06 1.9824967619786425e-06
1.434328582057792e-06 1.9824967619786425e-06
1.434328582057792e-06 1.9824967619786425e-06
1.3865770490052485e-06 1.982495657101163e-06
1.3865770490052485e-06 1.982495657101163e-06
1.9002613310864698e-06 1.9824934032940373e-06
1.9036789479374176e-06 1.982493416391794e-06
1.2496789763986648e-06 1.9824952014650837e-06
1.2496789763986648e-06 1.9824952014650837e-06
1.6466904246628476e-06 1.982494894687873e-06
1.8513076875711374e-06 1.9824931978661105e-06
2.0865869477199478e-06 1.9824953514497167e-06
1.5806924532139783e-06 1.9824957138850305e-06
1.5806924532139783e-06 1.9824957138850305e-06
2.029229616180284e-06 1.98249466380027e-06
1.7021670170850312e-06 1.9824937552941224e-06
1.664444894551663e-06 1.982494899249636e-06
1.895590881015159e-06 1.98249357514187e-06
1.673176547500965e-06 1.982494037016363e-06
1.3172728864522599e-06 1.9824973929840756e-06
1.3172728864522599e-06 1.9824973929840756e-06
1.3172728864522599e-06 1.9824973929840756e-06
1.8992356021676333e-06 1.982495506555331e-06
1.4728648572769334e-06 1.9824966390212854e-06
1.7730691430835054e-06 1.982494949096591e-06
1.7946003983860282e-06 1.9824956116659004e-06
8.507980384309558e-07 1.982489498240626e-06
1.917551921431041e-06 1.9824937911059097e-06
2.0234268457714342e-06 1.9824946225811563e-06
2.0291559956362036e-06 1.9824937481574146e-06
1.8712497004278485e-06 1.982493952945635e-06
1.9070678700759493e-06 1.9824938189213252e-06
1.886389022437521e-06 1.9824937757848748e-06
1.886389022437521e-06 1.9824937757848748e-06
1.911717974836977e-06 1.9824952228173964e-06
1.9979858447939533e-06 1.982493712699449e-06
7.317439919000202e-07 1.9825025093573265e-06
1.14697076445195e-06 1.9824922204750265e-06
1.14697076445195e-06 1.9824922204750265e-06
1.7405788360401282e-06 1.9824958908404784e-06
1.7405788360401282e-06 1.9824958908404784e-06
2.0842958695720893e-06 1.982494248843731e-06
1.0034298128525494e-06 1.982496806858697e-06
2.0593938573251245e-06 1.982495570777841e-06
1.6094163863657937e-06 1.982492833043304e-06
1.62706453998916e-06 1.982495463478282e-06
1.62706453998916e-06 1.982495463478282e-06
1.62706453998916e-06 1.982495463478282e-06
1.687738163390695e-06 1.982494743937039e-06