0.17380374930039602 0.1742614970659907
0.009989671825625027 0.014513296803266549
0.025445390499233562 0.033221332584524664
0.18949795840649925 0.21481064051990914
0.18949795840649925 0.21481064051990914
0.05941873727009234 0.07764402225654261
0.03073449283278551 0.0364986527213874
0.03073449283278551 0.0364986527213874
0.05834553032386616 0.07094321042741716
0.038879710426455515 0.0408645662839921
0.1448271617522892 0.14546185403231546
0.046609493073199254 0.06353846716044444
0.11074995624469888 0.10361447636925243
0.20250145690727916 0.23472266832327762
0.046609493073199254 0.06353846716044444
0.046609493073199254 0.06353846716044444
0.16682598083998637 0.1866995424445654
0.18949795840649925 0.21481064051990914
0.20599226444742344 0.22971629255082826
0.17110726876525426 0.17081107903457535
0.22714867378163123 0.2538711420806752
0.22714867378163123 0.2538711420806752
0.22714867378163123 0.2538711420806752
0.22714867378163123 0.2538711420806752
0.19450241086900913 0.22058826357808733
0.19450241086900913 0.22058826357808733
0.16876083063909667 0.16813960152864674
0.25554442172801706 0.24649909508267348
0.25554442172801706 0.24649909508267348
0.04376299436277857 0.068529456453378
0.04055683669367635 0.04778271213627805
0.04263016480842871 0.05659531827894533
0.20599226444742344 0.22971629255082826
0.20599226444742344 0.22971629255082826
0.20599226444742344 0.22971629255082826
0.16682598083998637 0.180791134310503
0.03618515320125323 0.04709801379782551
0.2047132633376736 0.2323281474486332
0.046884526394543956 0.06243641056512616
0.183070256588779 0.20952346149629666
0.183070256588779 0.20952346149629666
0.183070256588779 0.20952346149629666
0.017931018565710846 0.03238276945091424
0.017931018565710846 0.03238276945091424
0.011268672935374863 0.017679064963639825
0.20273610071989492 0.24414111709687905
0.10949980478404114 0.10072566484016333
0.054608539111469276 0.08052129392599489
0.17380374930039602 0.1742614970659907
0.022758526513789172 0.029182381711630446