1.3162037021014302e-06 1.1138295617689793e-05
1.3162037021014302e-06 1.1138295617689793e-05
1.3162037021014302e-06 1.1138295617689793e-05
1.3162037021014302e-06 1.1138295617689793e-05
1.3162037021014302e-06 1.1138295617689793e-05
1.3162037021014302e-06 1.1138295617689793e-05
1.3162037021014302e-06 1.1138295617689793e-05
1.3162037021014302e-06 1.1138295617689793e-05
5.634699329309487e-07 1.1139187499169134e-05
5.634699329309487e-07 1.1139187499169134e-05
2.209804821062396e-05 1.1137304401091456e-05
5.294975401927021e-08 1.1138067699941003e-05
5.294975401927021e-08 1.1138067699941003e-05
5.294975401927021e-08 1.1138067699941003e-05
5.294975401927021e-08 1.1138067699941003e-05
5.294975401927021e-08 1.1138067699941003e-05
5.294975401927021e-08 1.1138067699941003e-05
0.00016285719631243796 1.11307876347412e-05
0.00016285719631243796 1.11307876347412e-05
6.028571813251725e-06 1.1116967694388332e-05
6.028571813251725e-06 1.1116967694388332e-05
5.928336089229571e-06 1.1152108385748243e-05
5.928336089229571e-06 1.1152108385748243e-05
1.869255276173962e-07 1.1140070371064983e-05
1.869255276173962e-07 1.1140070371064983e-05
1.869255276173962e-07 1.1140070371064983e-05
1.869255276173962e-07 1.1140070371064983e-05
2.9750180075878347e-05 1.1138297047350144e-05
2.9750180075878347e-05 1.1138297047350144e-05
2.9750180075878347e-05 1.1138297047350144e-05
2.9750180075878347e-05 1.1138297047350144e-05
2.9750180075878347e-05 1.1138297047350144e-05
2.9750180075878347e-05 1.1138297047350144e-05
2.9750180075878347e-05 1.1138297047350144e-05
2.9750180075878347e-05 1.1138297047350144e-05
2.9750180075878347e-05 1.1138297047350144e-05
2.9750180075878347e-05 1.1138297047350144e-05
2.9750180075878347e-05 1.1138297047350144e-05
2.9750180075878347e-05 1.1138297047350144e-05
2.9750180075878347e-05 1.1138297047350144e-05
2.9750180075878347e-05 1.1138297047350144e-05
2.9750180075878347e-05 1.1138297047350144e-05
2.9750180075878347e-05 1.1138297047350144e-05
2.9750180075878347e-05 1.1138297047350144e-05
2.9750180075878347e-05 1.1138297047350144e-05
2.9750180075878347e-05 1.1138297047350144e-05
2.9750180075878347e-05 1.1138297047350144e-05
2.9750180075878347e-05 1.1138297047350144e-05
2.9750180075878347e-05 1.1138297047350144e-05
2.9750180075878347e-05 1.1138297047350144e-05
2.9750180075878347e-05 1.1138297047350144e-05
2.9750180075878347e-05 1.1138297047350144e-05
2.9750180075878347e-05 1.1138297047350144e-05
2.9750180075878347e-05 1.1138297047350144e-05
2.9750180075878347e-05 1.1138297047350144e-05
2.9750180075878347e-05 1.1138297047350144e-05
2.9750180075878347e-05 1.1138297047350144e-05
2.9750180075878347e-05 1.1138297047350144e-05
2.9750180075878347e-05 1.1138297047350144e-05
2.9750180075878347e-05 1.1138297047350144e-05
2.9750180075878347e-05 1.1138297047350144e-05
2.9750180075878347e-05 1.1138297047350144e-05
2.9750180075878347e-05 1.1138297047350144e-05
2.9750180075878347e-05 1.1138297047350144e-05
2.9750180075878347e-05 1.1138297047350144e-05
2.9750180075878347e-05 1.1138297047350144e-05
2.9750180075878347e-05 1.1138297047350144e-05
2.9750180075878347e-05 1.1138297047350144e-05
2.9750180075878347e-05 1.1138297047350144e-05
2.9750180075878347e-05 1.1138297047350144e-05
2.9750180075878347e-05 1.1138297047350144e-05
2.9750180075878347e-05 1.1138297047350144e-05
2.9750180075878347e-05 1.1138297047350144e-05
2.9750180075878347e-05 1.1138297047350144e-05
2.9750180075878347e-05 1.1138297047350144e-05
2.9750180075878347e-05 1.1138297047350144e-05
2.9750180075878347e-05 1.1138297047350144e-05
2.9750180075878347e-05 1.1138297047350144e-05
2.9750180075878347e-05 1.1138297047350144e-05
2.9750180075878347e-05 1.1138297047350144e-05
2.9750180075878347e-05 1.1138297047350144e-05
2.9750180075878347e-05 1.1138297047350144e-05
2.9750180075878347e-05 1.1138297047350144e-05
2.9750180075878347e-05 1.1138297047350144e-05
2.9750180075878347e-05 1.1138297047350144e-05
2.9750180075878347e-05 1.1138297047350144e-05
2.9750180075878347e-05 1.1138297047350144e-05
2.9750180075878347e-05 1.1138297047350144e-05
2.9750180075878347e-05 1.1138297047350144e-05
2.9750180075878347e-05 1.1138297047350144e-05
2.9750180075878347e-05 1.1138297047350144e-05
2.9750180075878347e-05 1.1138297047350144e-05
2.9750180075878347e-05 1.1138297047350144e-05
2.9750180075878347e-05 1.1138297047350144e-05
2.9750180075878347e-05 1.1138297047350144e-05
2.9750180075878347e-05 1.1138297047350144e-05
2.9750180075878347e-05 1.1138297047350144e-05
2.9750180075878347e-05 1.1138297047350144e-05
2.9750180075878347e-05 1.1138297047350144e-05
2.9750180075878347e-05 1.1138297047350144e-05
2.9750180075878347e-05 1.1138297047350144e-05
2.9750180075878347e-05 1.1138297047350144e-05
2.9750180075878347e-05 1.1138297047350144e-05
2.9750180075878347e-05 1.1138297047350144e-05
2.9750180075878347e-05 1.1138297047350144e-05
2.9750180075878347e-05 1.1138297047350144e-05
2.9750180075878347e-05 1.1138297047350144e-05
2.9750180075878347e-05 1.1138297047350144e-05
2.9750180075878347e-05 1.1138297047350144e-05
2.9750180075878347e-05 1.1138297047350144e-05
2.9750180075878347e-05 1.1138297047350144e-05
2.9750180075878347e-05 1.1138297047350144e-05
2.9750180075878347e-05 1.1138297047350144e-05
2.9750180075878347e-05 1.1138297047350144e-05
2.9750180075878347e-05 1.1138297047350144e-05
2.9750180075878347e-05 1.1138297047350144e-05
2.9750180075878347e-05 1.1138297047350144e-05
1.058677963666695e-05 1.1139060529147464e-05
1.058677963666695e-05 1.1139060529147464e-05
1.058677963666695e-05 1.1139060529147464e-05
1.058677963666695e-05 1.1139060529147464e-05
1.058677963666695e-05 1.1139060529147464e-05
1.058677963666695e-05 1.1139060529147464e-05
1.058677963666695e-05 1.1139060529147464e-05
1.058677963666695e-05 1.1139060529147464e-05
1.058677963666695e-05 1.1139060529147464e-05
1.058677963666695e-05 1.1139060529147464e-05
1.058677963666695e-05 1.1139060529147464e-05
1.058677963666695e-05 1.1139060529147464e-05
1.058677963666695e-05 1.1139060529147464e-05
1.058677963666695e-05 1.1139060529147464e-05
1.058677963666695e-05 1.1139060529147464e-05
1.058677963666695e-05 1.1139060529147464e-05
1.058677963666695e-05 1.1139060529147464e-05
1.058677963666695e-05 1.1139060529147464e-05
1.058677963666695e-05 1.1139060529147464e-05
1.058677963666695e-05 1.1139060529147464e-05
1.058677963666695e-05 1.1139060529147464e-05
1.058677963666695e-05 1.1139060529147464e-05
1.058677963666695e-05 1.1139060529147464e-05
1.058677963666695e-05 1.1139060529147464e-05
1.058677963666695e-05 1.1139060529147464e-05
1.058677963666695e-05 1.1139060529147464e-05
1.058677963666695e-05 1.1139060529147464e-05
1.058677963666695e-05 1.1139060529147464e-05
1.058677963666695e-05 1.1139060529147464e-05
1.058677963666695e-05 1.1139060529147464e-05
1.058677963666695e-05 1.1139060529147464e-05
1.058677963666695e-05 1.1139060529147464e-05
1.058677963666695e-05 1.1139060529147464e-05
1.058677963666695e-05 1.1139060529147464e-05
1.058677963666695e-05 1.1139060529147464e-05
1.058677963666695e-05 1.1139060529147464e-05
1.058677963666695e-05 1.1139060529147464e-05
1.058677963666695e-05 1.1139060529147464e-05
1.058677963666695e-05 1.1139060529147464e-05
1.058677963666695e-05 1.1139060529147464e-05
1.058677963666695e-05 1.1139060529147464e-05
1.058677963666695e-05 1.1139060529147464e-05
1.058677963666695e-05 1.1139060529147464e-05
1.058677963666695e-05 1.1139060529147464e-05
1.058677963666695e-05 1.1139060529147464e-05
1.058677963666695e-05 1.1139060529147464e-05
1.058677963666695e-05 1.1139060529147464e-05
1.058677963666695e-05 1.1139060529147464e-05
1.058677963666695e-05 1.1139060529147464e-05
1.058677963666695e-05 1.1139060529147464e-05
1.058677963666695e-05 1.1139060529147464e-05
1.058677963666695e-05 1.1139060529147464e-05
1.058677963666695e-05 1.1139060529147464e-05
1.058677963666695e-05 1.1139060529147464e-05
1.058677963666695e-05 1.1139060529147464e-05
1.058677963666695e-05 1.1139060529147464e-05
1.058677963666695e-05 1.1139060529147464e-05
1.058677963666695e-05 1.1139060529147464e-05
1.058677963666695e-05 1.1139060529147464e-05
1.058677963666695e-05 1.1139060529147464e-05
1.058677963666695e-05 1.1139060529147464e-05
1.058677963666695e-05 1.1139060529147464e-05
1.058677963666695e-05 1.1139060529147464e-05
1.058677963666695e-05 1.1139060529147464e-05
1.058677963666695e-05 1.1139060529147464e-05
1.058677963666695e-05 1.1139060529147464e-05
1.058677963666695e-05 1.1139060529147464e-05
1.058677963666695e-05 1.1139060529147464e-05
1.058677963666695e-05 1.1139060529147464e-05
1.058677963666695e-05 1.1139060529147464e-05
1.058677963666695e-05 1.1139060529147464e-05
1.058677963666695e-05 1.1139060529147464e-05
1.058677963666695e-05 1.1139060529147464e-05
1.058677963666695e-05 1.1139060529147464e-05
1.058677963666695e-05 1.1139060529147464e-05
1.058677963666695e-05 1.1139060529147464e-05
1.058677963666695e-05 1.1139060529147464e-05
1.058677963666695e-05 1.1139060529147464e-05
1.058677963666695e-05 1.1139060529147464e-05
1.058677963666695e-05 1.1139060529147464e-05
1.058677963666695e-05 1.1139060529147464e-05
1.058677963666695e-05 1.1139060529147464e-05
1.058677963666695e-05 1.1139060529147464e-05
1.058677963666695e-05 1.1139060529147464e-05
1.058677963666695e-05 1.1139060529147464e-05
1.058677963666695e-05 1.1139060529147464e-05
1.058677963666695e-05 1.1139060529147464e-05
1.058677963666695e-05 1.1139060529147464e-05
1.058677963666695e-05 1.1139060529147464e-05
1.058677963666695e-05 1.1139060529147464e-05
4.621394054935967e-05 1.1134121756422568e-05
7.393951216205282e-06 1.115486978064789e-05
7.393951216205282e-06 1.115486978064789e-05
3.4496903432504613e-06 1.1135080065316108e-05
2.002007031676776e-05 1.1138554055647742e-05
2.002007031676776e-05 1.1138554055647742e-05
2.002007031676776e-05 1.1138554055647742e-05
2.002007031676776e-05 1.1138554055647742e-05
2.002007031676776e-05 1.1138554055647742e-05
2.002007031676776e-05 1.1138554055647742e-05
2.002007031676776e-05 1.1138554055647742e-05
2.002007031676776e-05 1.1138554055647742e-05
2.002007031676776e-05 1.1138554055647742e-05
2.002007031676776e-05 1.1138554055647742e-05
2.002007031676776e-05 1.1138554055647742e-05
2.002007031676776e-05 1.1138554055647742e-05
2.002007031676776e-05 1.1138554055647742e-05
2.002007031676776e-05 1.1138554055647742e-05
2.002007031676776e-05 1.1138554055647742e-05
2.002007031676776e-05 1.1138554055647742e-05
2.002007031676776e-05 1.1138554055647742e-05
2.002007031676776e-05 1.1138554055647742e-05
2.002007031676776e-05 1.1138554055647742e-05
2.002007031676776e-05 1.1138554055647742e-05
2.002007031676776e-05 1.1138554055647742e-05
2.002007031676776e-05 1.1138554055647742e-05
2.002007031676776e-05 1.1138554055647742e-05
2.002007031676776e-05 1.1138554055647742e-05
2.002007031676776e-05 1.1138554055647742e-05
2.002007031676776e-05 1.1138554055647742e-05
2.002007031676776e-05 1.1138554055647742e-05
2.002007031676776e-05 1.1138554055647742e-05
2.002007031676776e-05 1.1138554055647742e-05
2.002007031676776e-05 1.1138554055647742e-05
2.002007031676776e-05 1.1138554055647742e-05
2.002007031676776e-05 1.1138554055647742e-05
2.002007031676776e-05 1.1138554055647742e-05
2.002007031676776e-05 1.1138554055647742e-05
2.002007031676776e-05 1.1138554055647742e-05
2.002007031676776e-05 1.1138554055647742e-05
2.002007031676776e-05 1.1138554055647742e-05
2.002007031676776e-05 1.1138554055647742e-05
2.002007031676776e-05 1.1138554055647742e-05
2.002007031676776e-05 1.1138554055647742e-05
2.002007031676776e-05 1.1138554055647742e-05
2.002007031676776e-05 1.1138554055647742e-05
2.002007031676776e-05 1.1138554055647742e-05
2.002007031676776e-05 1.1138554055647742e-05
2.002007031676776e-05 1.1138554055647742e-05
1.4588361803858108e-05 1.1138589870205155e-05
1.4588361803858108e-05 1.1138589870205155e-05
2.2156028449606588e-06 1.1107092782028992e-05
1.200732748205527e-05 1.1137072017695927e-05
1.200732748205527e-05 1.1137072017695927e-05
5.294975401927021e-08 1.1138067699941003e-05
5.294975401927021e-08 1.1138067699941003e-05
5.729896560133114e-07 1.1137259535426352e-05
5.729896560133114e-07 1.1137259535426352e-05
5.729896560133114e-07 1.1137259535426352e-05
5.729896560133114e-07 1.1137259535426352e-05
4.59390633637501e-06 1.1140894338977794e-05
4.59390633637501e-06 1.1140894338977794e-05
1.3312187356878256e-05 1.113847464164042e-05
1.3312187356878256e-05 1.113847464164042e-05
1.3312187356878256e-05 1.113847464164042e-05
1.3312187356878256e-05 1.113847464164042e-05
1.3312187356878256e-05 1.113847464164042e-05
1.3312187356878256e-05 1.113847464164042e-05
1.3312187356878256e-05 1.113847464164042e-05
1.3312187356878256e-05 1.113847464164042e-05
1.3312187356878256e-05 1.113847464164042e-05
1.3312187356878256e-05 1.113847464164042e-05
1.3312187356878256e-05 1.113847464164042e-05
1.3312187356878256e-05 1.113847464164042e-05
1.3312187356878256e-05 1.113847464164042e-05
1.3312187356878256e-05 1.113847464164042e-05
1.3312187356878256e-05 1.113847464164042e-05
1.3312187356878256e-05 1.113847464164042e-05
1.3312187356878256e-05 1.113847464164042e-05
1.3312187356878256e-05 1.113847464164042e-05
1.3312187356878256e-05 1.113847464164042e-05
1.3312187356878256e-05 1.113847464164042e-05
1.3312187356878256e-05 1.113847464164042e-05
1.3312187356878256e-05 1.113847464164042e-05
1.3312187356878256e-05 1.113847464164042e-05
1.3312187356878256e-05 1.113847464164042e-05
1.3312187356878256e-05 1.113847464164042e-05
1.3312187356878256e-05 1.113847464164042e-05
1.3312187356878256e-05 1.113847464164042e-05
1.3312187356878256e-05 1.113847464164042e-05
1.3312187356878256e-05 1.113847464164042e-05
1.3312187356878256e-05 1.113847464164042e-05
1.3312187356878256e-05 1.113847464164042e-05
1.3312187356878256e-05 1.113847464164042e-05
1.3312187356878256e-05 1.113847464164042e-05
1.3312187356878256e-05 1.113847464164042e-05
1.3312187356878256e-05 1.113847464164042e-05
1.3312187356878256e-05 1.113847464164042e-05
1.3312187356878256e-05 1.113847464164042e-05
1.3312187356878256e-05 1.113847464164042e-05
1.3312187356878256e-05 1.113847464164042e-05
1.3312187356878256e-05 1.113847464164042e-05
1.3312187356878256e-05 1.113847464164042e-05
1.3312187356878256e-05 1.113847464164042e-05
1.3312187356878256e-05 1.113847464164042e-05
1.3312187356878256e-05 1.113847464164042e-05
1.3312187356878256e-05 1.113847464164042e-05
3.4496903432504613e-06 1.1135080065316108e-05
3.4496903432504613e-06 1.1135080065316108e-05
9.450205181593318e-06 1.1138639546225668e-05
9.450205181593318e-06 1.1138639546225668e-05
9.450205181593318e-06 1.1138639546225668e-05
9.450205181593318e-06 1.1138639546225668e-05
9.450205181593318e-06 1.1138639546225668e-05
9.450205181593318e-06 1.1138639546225668e-05
9.450205181593318e-06 1.1138639546225668e-05
9.450205181593318e-06 1.1138639546225668e-05
9.450205181593318e-06 1.1138639546225668e-05
9.450205181593318e-06 1.1138639546225668e-05
9.450205181593318e-06 1.1138639546225668e-05
9.450205181593318e-06 1.1138639546225668e-05
9.450205181593318e-06 1.1138639546225668e-05
9.450205181593318e-06 1.1138639546225668e-05
9.450205181593318e-06 1.1138639546225668e-05
9.450205181593318e-06 1.1138639546225668e-05
9.450205181593318e-06 1.1138639546225668e-05
9.450205181593318e-06 1.1138639546225668e-05
9.450205181593318e-06 1.1138639546225668e-05
9.450205181593318e-06 1.1138639546225668e-05
9.450205181593318e-06 1.1138639546225668e-05
9.450205181593318e-06 1.1138639546225668e-05
9.450205181593318e-06 1.1138639546225668e-05
9.450205181593318e-06 1.1138639546225668e-05
9.450205181593318e-06 1.1138639546225668e-05
9.450205181593318e-06 1.1138639546225668e-05
9.450205181593318e-06 1.1138639546225668e-05
9.450205181593318e-06 1.1138639546225668e-05
9.450205181593318e-06 1.1138639546225668e-05
9.450205181593318e-06 1.1138639546225668e-05
9.450205181593318e-06 1.1138639546225668e-05
9.450205181593318e-06 1.1138639546225668e-05
9.450205181593318e-06 1.1138639546225668e-05
9.450205181593318e-06 1.1138639546225668e-05
9.450205181593318e-06 1.1138639546225668e-05
9.450205181593318e-06 1.1138639546225668e-05
9.450205181593318e-06 1.1138639546225668e-05
9.450205181593318e-06 1.1138639546225668e-05
9.450205181593318e-06 1.1138639546225668e-05
9.450205181593318e-06 1.1138639546225668e-05
9.450205181593318e-06 1.1138639546225668e-05
9.450205181593318e-06 1.1138639546225668e-05
9.450205181593318e-06 1.1138639546225668e-05
9.450205181593318e-06 1.1138639546225668e-05
9.450205181593318e-06 1.1138639546225668e-05
1.2876822459802332e-05 1.113834032643826e-05
1.2876822459802332e-05 1.113834032643826e-05
1.2876822459802332e-05 1.113834032643826e-05
1.2876822459802332e-05 1.113834032643826e-05
1.2876822459802332e-05 1.113834032643826e-05
1.2876822459802332e-05 1.113834032643826e-05
1.2876822459802332e-05 1.113834032643826e-05
1.2876822459802332e-05 1.113834032643826e-05
1.2876822459802332e-05 1.113834032643826e-05
1.2876822459802332e-05 1.113834032643826e-05
1.2876822459802332e-05 1.113834032643826e-05
1.2876822459802332e-05 1.113834032643826e-05
1.2876822459802332e-05 1.113834032643826e-05
1.2876822459802332e-05 1.113834032643826e-05
1.2876822459802332e-05 1.113834032643826e-05
1.2876822459802332e-05 1.113834032643826e-05
1.2876822459802332e-05 1.113834032643826e-05
1.2876822459802332e-05 1.113834032643826e-05
1.2876822459802332e-05 1.113834032643826e-05
1.2876822459802332e-05 1.113834032643826e-05
1.2876822459802332e-05 1.113834032643826e-05
1.2876822459802332e-05 1.113834032643826e-05
1.2876822459802332e-05 1.113834032643826e-05
1.2876822459802332e-05 1.113834032643826e-05
1.2876822459802332e-05 1.113834032643826e-05
1.2876822459802332e-05 1.113834032643826e-05
1.2876822459802332e-05 1.113834032643826e-05
1.2876822459802332e-05 1.113834032643826e-05
1.2876822459802332e-05 1.113834032643826e-05
1.2876822459802332e-05 1.113834032643826e-05
1.2876822459802332e-05 1.113834032643826e-05
1.2876822459802332e-05 1.113834032643826e-05
1.2876822459802332e-05 1.113834032643826e-05
1.2876822459802332e-05 1.113834032643826e-05
1.2876822459802332e-05 1.113834032643826e-05
1.2876822459802332e-05 1.113834032643826e-05
1.2876822459802332e-05 1.113834032643826e-05
1.2876822459802332e-05 1.113834032643826e-05
1.2876822459802332e-05 1.113834032643826e-05
1.2876822459802332e-05 1.113834032643826e-05
1.2876822459802332e-05 1.113834032643826e-05
1.2876822459802332e-05 1.113834032643826e-05
1.2876822459802332e-05 1.113834032643826e-05
1.2876822459802332e-05 1.113834032643826e-05
1.2876822459802332e-05 1.113834032643826e-05
5.928336089229571e-06 1.1152108385748243e-05
5.928336089229571e-06 1.1152108385748243e-05
5.928336089229571e-06 1.1152108385748243e-05
5.928336089229571e-06 1.1152108385748243e-05
1.7563226613340754e-05 1.1137392475531873e-05
1.7563226613340754e-05 1.1137392475531873e-05
1.7563226613340754e-05 1.1137392475531873e-05
1.7563226613340754e-05 1.1137392475531873e-05
1.7563226613340754e-05 1.1137392475531873e-05
1.7563226613340754e-05 1.1137392475531873e-05
4.4040001739171834e-05 1.1136488948339412e-05
4.4040001739171834e-05 1.1136488948339412e-05
4.4040001739171834e-05 1.1136488948339412e-05
7.28296406542265e-05 1.1166705458635428e-05
7.674481789730596e-08 1.1130955808837973e-05
7.674481789730596e-08 1.1130955808837973e-05
1.1711236398995909e-05 1.1093761700451794e-05
1.1711236398995909e-05 1.1093761700451794e-05
1.1711236398995909e-05 1.1093761700451794e-05
1.1711236398995909e-05 1.1093761700451794e-05
5.4744780443541905e-06 1.1136774281724705e-05
5.4744780443541905e-06 1.1136774281724705e-05
2.4187104272099548e-05 1.1152256072382702e-05
1.3312187356878256e-05 1.1138380004186218e-05
1.3312187356878256e-05 1.1138380004186218e-05
1.3312187356878256e-05 1.1138380004186218e-05
1.3312187356878256e-05 1.1138380004186218e-05
1.3312187356878256e-05 1.1138380004186218e-05
1.3312187356878256e-05 1.1138380004186218e-05
1.3312187356878256e-05 1.1138380004186218e-05
1.3312187356878256e-05 1.1138380004186218e-05
1.3312187356878256e-05 1.1138380004186218e-05
1.3312187356878256e-05 1.1138380004186218e-05
1.3312187356878256e-05 1.1138380004186218e-05
1.3312187356878256e-05 1.1138380004186218e-05
1.3312187356878256e-05 1.1138380004186218e-05
1.3312187356878256e-05 1.1138380004186218e-05
1.3312187356878256e-05 1.1138380004186218e-05
1.3312187356878256e-05 1.1138380004186218e-05
1.3312187356878256e-05 1.1138380004186218e-05
1.3312187356878256e-05 1.1138380004186218e-05
1.3312187356878256e-05 1.1138380004186218e-05
1.3312187356878256e-05 1.1138380004186218e-05
1.3312187356878256e-05 1.1138380004186218e-05
1.3312187356878256e-05 1.1138380004186218e-05
1.3312187356878256e-05 1.1138380004186218e-05
1.3312187356878256e-05 1.1138380004186218e-05
1.3312187356878256e-05 1.1138380004186218e-05
1.3312187356878256e-05 1.1138380004186218e-05
1.3312187356878256e-05 1.1138380004186218e-05
1.3312187356878256e-05 1.1138380004186218e-05
1.3312187356878256e-05 1.1138380004186218e-05
1.3312187356878256e-05 1.1138380004186218e-05
1.3312187356878256e-05 1.1138380004186218e-05
1.3312187356878256e-05 1.1138380004186218e-05
1.3312187356878256e-05 1.1138380004186218e-05
1.3312187356878256e-05 1.1138380004186218e-05
1.3312187356878256e-05 1.1138380004186218e-05
1.3312187356878256e-05 1.1138380004186218e-05
1.3312187356878256e-05 1.1138380004186218e-05
1.3312187356878256e-05 1.1138380004186218e-05
1.3312187356878256e-05 1.1138380004186218e-05
1.3312187356878256e-05 1.1138380004186218e-05
1.3312187356878256e-05 1.1138380004186218e-05
1.3312187356878256e-05 1.1138380004186218e-05
1.3312187356878256e-05 1.1138380004186218e-05
1.3312187356878256e-05 1.1138380004186218e-05
1.3312187356878256e-05 1.1138380004186218e-05
9.616561131027883e-08 1.1135059516893117e-05
9.616561131027883e-08 1.1135059516893117e-05
9.616561131027883e-08 1.1135059516893117e-05
1.9563837169814106e-05 1.1130254337624333e-05
1.9563837169814106e-05 1.1130254337624333e-05
1.9563837169814106e-05 1.1130254337624333e-05
1.9563837169814106e-05 1.1130254337624333e-05
1.2335204339742824e-05 1.1142962867459766e-05
1.2335204339742824e-05 1.1142962867459766e-05
5.9700041406243e-06 1.1163380952657027e-05
5.9700041406243e-06 1.1163380952657027e-05
6.901668210753373e-06 1.1125328050423788e-05
6.901668210753373e-06 1.1125328050423788e-05
4.573526620888297e-05 1.1137763432896236e-05
9.060645163238849e-06 1.1150779663524719e-05
9.060645163238849e-06 1.1150779663524719e-05
5.159551233320365e-06 1.1139298973012518e-05
5.159551233320365e-06 1.1139298973012518e-05
5.159551233320365e-06 1.1139298973012518e-05
5.159551233320365e-06 1.1139298973012518e-05
5.159551233320365e-06 1.1139298973012518e-05
5.159551233320365e-06 1.1139298973012518e-05
5.159551233320365e-06 1.1139298973012518e-05
5.159551233320365e-06 1.1139298973012518e-05
5.159551233320365e-06 1.1139298973012518e-05
5.159551233320365e-06 1.1139298973012518e-05
5.159551233320365e-06 1.1139298973012518e-05
5.159551233320365e-06 1.1139298973012518e-05
5.159551233320365e-06 1.1139298973012518e-05
5.159551233320365e-06 1.1139298973012518e-05
5.159551233320365e-06 1.1139298973012518e-05
5.159551233320365e-06 1.1139298973012518e-05
5.159551233320365e-06 1.1139298973012518e-05
5.159551233320365e-06 1.1139298973012518e-05
5.159551233320365e-06 1.1139298973012518e-05
5.159551233320365e-06 1.1139298973012518e-05
5.159551233320365e-06 1.1139298973012518e-05
5.159551233320365e-06 1.1139298973012518e-05
5.159551233320365e-06 1.1139298973012518e-05
5.159551233320365e-06 1.1139298973012518e-05
5.159551233320365e-06 1.1139298973012518e-05
5.159551233320365e-06 1.1139298973012518e-05
5.159551233320365e-06 1.1139298973012518e-05
5.159551233320365e-06 1.1139298973012518e-05
5.159551233320365e-06 1.1139298973012518e-05
5.159551233320365e-06 1.1139298973012518e-05
5.159551233320365e-06 1.1139298973012518e-05
5.159551233320365e-06 1.1139298973012518e-05
5.159551233320365e-06 1.1139298973012518e-05
5.159551233320365e-06 1.1139298973012518e-05
5.159551233320365e-06 1.1139298973012518e-05
5.159551233320365e-06 1.1139298973012518e-05
5.159551233320365e-06 1.1139298973012518e-05
5.159551233320365e-06 1.1139298973012518e-05
5.159551233320365e-06 1.1139298973012518e-05
5.159551233320365e-06 1.1139298973012518e-05
5.159551233320365e-06 1.1139298973012518e-05
5.159551233320365e-06 1.1139298973012518e-05
5.159551233320365e-06 1.1139298973012518e-05
5.159551233320365e-06 1.1139298973012518e-05
5.159551233320365e-06 1.1139298973012518e-05
4.709768376980785e-05 1.1135111783129927e-05
0.00027801312892883047 1.1136562924410305e-05
0.00027801312892883047 1.1136562924410305e-05
1.7949191213465126e-05 1.1137869432802837e-05
1.7949191213465126e-05 1.1137869432802837e-05
1.7949191213465126e-05 1.1137869432802837e-05
1.7949191213465126e-05 1.1137869432802837e-05
1.7949191213465126e-05 1.1137869432802837e-05
1.7949191213465126e-05 1.1137869432802837e-05
1.7949191213465126e-05 1.1137869432802837e-05
1.7949191213465126e-05 1.1137869432802837e-05
1.7949191213465126e-05 1.1137869432802837e-05
1.7949191213465126e-05 1.1137869432802837e-05
1.7949191213465126e-05 1.1137869432802837e-05
1.7949191213465126e-05 1.1137869432802837e-05
1.7949191213465126e-05 1.1137869432802837e-05
1.7949191213465126e-05 1.1137869432802837e-05
1.7949191213465126e-05 1.1137869432802837e-05
1.7949191213465126e-05 1.1137869432802837e-05
1.7949191213465126e-05 1.1137869432802837e-05
1.7949191213465126e-05 1.1137869432802837e-05
1.7949191213465126e-05 1.1137869432802837e-05
1.7949191213465126e-05 1.1137869432802837e-05
1.7949191213465126e-05 1.1137869432802837e-05
1.7949191213465126e-05 1.1137869432802837e-05
1.7949191213465126e-05 1.1137869432802837e-05
1.7949191213465126e-05 1.1137869432802837e-05
1.7949191213465126e-05 1.1137869432802837e-05
1.7949191213465126e-05 1.1137869432802837e-05
1.7949191213465126e-05 1.1137869432802837e-05
1.7949191213465126e-05 1.1137869432802837e-05
1.7949191213465126e-05 1.1137869432802837e-05
1.7949191213465126e-05 1.1137869432802837e-05
1.7949191213465126e-05 1.1137869432802837e-05
1.7949191213465126e-05 1.1137869432802837e-05
1.7949191213465126e-05 1.1137869432802837e-05
1.7949191213465126e-05 1.1137869432802837e-05
1.7949191213465126e-05 1.1137869432802837e-05
1.7949191213465126e-05 1.1137869432802837e-05
1.7949191213465126e-05 1.1137869432802837e-05
1.7949191213465126e-05 1.1137869432802837e-05
1.7949191213465126e-05 1.1137869432802837e-05
1.7949191213465126e-05 1.1137869432802837e-05
1.7949191213465126e-05 1.1137869432802837e-05
1.7949191213465126e-05 1.1137869432802837e-05
1.7949191213465126e-05 1.1137869432802837e-05
1.7949191213465126e-05 1.1137869432802837e-05
1.7949191213465126e-05 1.1137869432802837e-05
1.2876822459802332e-05 1.113834032643826e-05
1.2876822459802332e-05 1.113834032643826e-05
1.2876822459802332e-05 1.113834032643826e-05
1.2876822459802332e-05 1.113834032643826e-05
1.2876822459802332e-05 1.113834032643826e-05
1.2876822459802332e-05 1.113834032643826e-05
1.2876822459802332e-05 1.113834032643826e-05
1.2876822459802332e-05 1.113834032643826e-05
1.2876822459802332e-05 1.113834032643826e-05
1.2876822459802332e-05 1.113834032643826e-05
1.2876822459802332e-05 1.113834032643826e-05
1.2876822459802332e-05 1.113834032643826e-05
1.2876822459802332e-05 1.113834032643826e-05
1.2876822459802332e-05 1.113834032643826e-05
1.2876822459802332e-05 1.113834032643826e-05
1.2876822459802332e-05 1.113834032643826e-05
1.2876822459802332e-05 1.113834032643826e-05
1.2876822459802332e-05 1.113834032643826e-05
1.2876822459802332e-05 1.113834032643826e-05
1.2876822459802332e-05 1.113834032643826e-05
1.2876822459802332e-05 1.113834032643826e-05
1.2876822459802332e-05 1.113834032643826e-05
1.2876822459802332e-05 1.113834032643826e-05
1.2876822459802332e-05 1.113834032643826e-05
1.2876822459802332e-05 1.113834032643826e-05
1.2876822459802332e-05 1.113834032643826e-05
1.2876822459802332e-05 1.113834032643826e-05
1.2876822459802332e-05 1.113834032643826e-05
1.2876822459802332e-05 1.113834032643826e-05
1.2876822459802332e-05 1.113834032643826e-05
1.2876822459802332e-05 1.113834032643826e-05
1.2876822459802332e-05 1.113834032643826e-05
1.2876822459802332e-05 1.113834032643826e-05
1.2876822459802332e-05 1.113834032643826e-05
1.2876822459802332e-05 1.113834032643826e-05
1.2876822459802332e-05 1.113834032643826e-05
1.2876822459802332e-05 1.113834032643826e-05
1.2876822459802332e-05 1.113834032643826e-05
1.2876822459802332e-05 1.113834032643826e-05
1.2876822459802332e-05 1.113834032643826e-05
1.2876822459802332e-05 1.113834032643826e-05
1.2876822459802332e-05 1.113834032643826e-05
1.2876822459802332e-05 1.113834032643826e-05
1.2876822459802332e-05 1.113834032643826e-05
1.2876822459802332e-05 1.113834032643826e-05
3.116588471073164e-05 1.1138267636533592e-05
3.116588471073164e-05 1.1138267636533592e-05
1.351754191176836e-05 1.1138323966950059e-05
1.351754191176836e-05 1.1138323966950059e-05
1.351754191176836e-05 1.1138323966950059e-05
1.351754191176836e-05 1.1138323966950059e-05
1.351754191176836e-05 1.1138323966950059e-05
1.351754191176836e-05 1.1138323966950059e-05
1.351754191176836e-05 1.1138323966950059e-05
1.351754191176836e-05 1.1138323966950059e-05
1.351754191176836e-05 1.1138323966950059e-05
1.351754191176836e-05 1.1138323966950059e-05
1.351754191176836e-05 1.1138323966950059e-05
1.351754191176836e-05 1.1138323966950059e-05
1.351754191176836e-05 1.1138323966950059e-05
1.351754191176836e-05 1.1138323966950059e-05
1.351754191176836e-05 1.1138323966950059e-05
1.351754191176836e-05 1.1138323966950059e-05
1.351754191176836e-05 1.1138323966950059e-05
1.351754191176836e-05 1.1138323966950059e-05
1.351754191176836e-05 1.1138323966950059e-05
1.351754191176836e-05 1.1138323966950059e-05
1.351754191176836e-05 1.1138323966950059e-05
1.351754191176836e-05 1.1138323966950059e-05
1.351754191176836e-05 1.1138323966950059e-05
1.351754191176836e-05 1.1138323966950059e-05
1.351754191176836e-05 1.1138323966950059e-05
1.351754191176836e-05 1.1138323966950059e-05
1.351754191176836e-05 1.1138323966950059e-05
1.351754191176836e-05 1.1138323966950059e-05
1.351754191176836e-05 1.1138323966950059e-05
1.351754191176836e-05 1.1138323966950059e-05
1.351754191176836e-05 1.1138323966950059e-05
1.351754191176836e-05 1.1138323966950059e-05
1.351754191176836e-05 1.1138323966950059e-05
1.351754191176836e-05 1.1138323966950059e-05
1.351754191176836e-05 1.1138323966950059e-05
1.351754191176836e-05 1.1138323966950059e-05
1.351754191176836e-05 1.1138323966950059e-05
1.351754191176836e-05 1.1138323966950059e-05
1.351754191176836e-05 1.1138323966950059e-05
1.351754191176836e-05 1.1138323966950059e-05
1.351754191176836e-05 1.1138323966950059e-05
1.351754191176836e-05 1.1138323966950059e-05
1.351754191176836e-05 1.1138323966950059e-05
1.351754191176836e-05 1.1138323966950059e-05
1.351754191176836e-05 1.1138323966950059e-05
4.195256735246717e-06 1.113790735371684e-05
4.195256735246717e-06 1.113790735371684e-05
4.195256735246717e-06 1.113790735371684e-05
4.195256735246717e-06 1.113790735371684e-05
4.195256735246717e-06 1.113790735371684e-05
4.195256735246717e-06 1.113790735371684e-05
4.195256735246717e-06 1.113790735371684e-05
4.195256735246717e-06 1.113790735371684e-05
4.195256735246717e-06 1.113790735371684e-05
4.195256735246717e-06 1.113790735371684e-05
4.195256735246717e-06 1.113790735371684e-05
4.195256735246717e-06 1.113790735371684e-05
4.195256735246717e-06 1.113790735371684e-05
4.195256735246717e-06 1.113790735371684e-05
4.195256735246717e-06 1.113790735371684e-05
4.195256735246717e-06 1.113790735371684e-05
4.195256735246717e-06 1.113790735371684e-05
4.195256735246717e-06 1.113790735371684e-05
4.195256735246717e-06 1.113790735371684e-05
4.195256735246717e-06 1.113790735371684e-05
4.195256735246717e-06 1.113790735371684e-05
4.195256735246717e-06 1.113790735371684e-05
4.195256735246717e-06 1.113790735371684e-05
4.195256735246717e-06 1.113790735371684e-05
4.195256735246717e-06 1.113790735371684e-05
4.195256735246717e-06 1.113790735371684e-05
4.195256735246717e-06 1.113790735371684e-05
4.195256735246717e-06 1.113790735371684e-05
4.195256735246717e-06 1.113790735371684e-05
4.195256735246717e-06 1.113790735371684e-05
4.195256735246717e-06 1.113790735371684e-05
4.195256735246717e-06 1.113790735371684e-05
4.195256735246717e-06 1.113790735371684e-05
4.195256735246717e-06 1.113790735371684e-05
4.195256735246717e-06 1.113790735371684e-05
4.195256735246717e-06 1.113790735371684e-05
4.195256735246717e-06 1.113790735371684e-05
4.195256735246717e-06 1.113790735371684e-05
4.195256735246717e-06 1.113790735371684e-05
4.195256735246717e-06 1.113790735371684e-05
4.195256735246717e-06 1.113790735371684e-05
4.195256735246717e-06 1.113790735371684e-05
4.195256735246717e-06 1.113790735371684e-05
4.195256735246717e-06 1.113790735371684e-05
4.195256735246717e-06 1.113790735371684e-05
4.709768376980785e-05 1.113831253205533e-05
5.634699329309487e-07 1.1139187499169134e-05
5.634699329309487e-07 1.1139187499169134e-05
5.634699329309487e-07 1.1139187499169134e-05
5.634699329309487e-07 1.1139187499169134e-05
1.3767040435426855e-05 1.113834393883244e-05
1.3767040435426855e-05 1.113834393883244e-05
1.3767040435426855e-05 1.113834393883244e-05
1.3767040435426855e-05 1.113834393883244e-05
1.3767040435426855e-05 1.113834393883244e-05
1.3767040435426855e-05 1.113834393883244e-05
1.3767040435426855e-05 1.113834393883244e-05
1.3767040435426855e-05 1.113834393883244e-05
1.3767040435426855e-05 1.113834393883244e-05
1.3767040435426855e-05 1.113834393883244e-05
1.3767040435426855e-05 1.113834393883244e-05
1.3767040435426855e-05 1.113834393883244e-05
1.3767040435426855e-05 1.113834393883244e-05
1.3767040435426855e-05 1.113834393883244e-05
1.3767040435426855e-05 1.113834393883244e-05
1.3767040435426855e-05 1.113834393883244e-05
1.3767040435426855e-05 1.113834393883244e-05
1.3767040435426855e-05 1.113834393883244e-05
1.3767040435426855e-05 1.113834393883244e-05
1.3767040435426855e-05 1.113834393883244e-05
1.3767040435426855e-05 1.113834393883244e-05
1.3767040435426855e-05 1.113834393883244e-05
1.3767040435426855e-05 1.113834393883244e-05
1.3767040435426855e-05 1.113834393883244e-05
1.3767040435426855e-05 1.113834393883244e-05
1.3767040435426855e-05 1.113834393883244e-05
1.3767040435426855e-05 1.113834393883244e-05
1.3767040435426855e-05 1.113834393883244e-05
1.3767040435426855e-05 1.113834393883244e-05
1.3767040435426855e-05 1.113834393883244e-05
1.3767040435426855e-05 1.113834393883244e-05
1.3767040435426855e-05 1.113834393883244e-05
1.3767040435426855e-05 1.113834393883244e-05
1.3767040435426855e-05 1.113834393883244e-05
1.3767040435426855e-05 1.113834393883244e-05
1.3767040435426855e-05 1.113834393883244e-05
1.3767040435426855e-05 1.113834393883244e-05
1.3767040435426855e-05 1.113834393883244e-05
1.3767040435426855e-05 1.113834393883244e-05
1.3767040435426855e-05 1.113834393883244e-05
1.3767040435426855e-05 1.113834393883244e-05
1.3767040435426855e-05 1.113834393883244e-05
1.3767040435426855e-05 1.113834393883244e-05
1.3767040435426855e-05 1.113834393883244e-05
1.3767040435426855e-05 1.113834393883244e-05
1.3767040435426855e-05 1.113834393883244e-05
1.3767040435426855e-05 1.113834393883244e-05
1.3767040435426855e-05 1.113834393883244e-05
1.3767040435426855e-05 1.113834393883244e-05
1.3767040435426855e-05 1.113834393883244e-05
1.3767040435426855e-05 1.113834393883244e-05
1.3767040435426855e-05 1.113834393883244e-05
1.3767040435426855e-05 1.113834393883244e-05
1.3767040435426855e-05 1.113834393883244e-05
1.3767040435426855e-05 1.113834393883244e-05
1.3767040435426855e-05 1.113834393883244e-05
1.3767040435426855e-05 1.113834393883244e-05
1.3767040435426855e-05 1.113834393883244e-05
1.3767040435426855e-05 1.113834393883244e-05
1.3767040435426855e-05 1.113834393883244e-05
1.3767040435426855e-05 1.113834393883244e-05
1.3767040435426855e-05 1.113834393883244e-05
1.3767040435426855e-05 1.113834393883244e-05
1.3767040435426855e-05 1.113834393883244e-05
1.3767040435426855e-05 1.113834393883244e-05
1.3767040435426855e-05 1.113834393883244e-05
1.3767040435426855e-05 1.113834393883244e-05
1.3767040435426855e-05 1.113834393883244e-05
1.3767040435426855e-05 1.113834393883244e-05
1.3767040435426855e-05 1.113834393883244e-05
1.3767040435426855e-05 1.113834393883244e-05
1.3767040435426855e-05 1.113834393883244e-05
1.3767040435426855e-05 1.113834393883244e-05
1.3767040435426855e-05 1.113834393883244e-05
1.3767040435426855e-05 1.113834393883244e-05
1.3767040435426855e-05 1.113834393883244e-05
1.3767040435426855e-05 1.113834393883244e-05
1.3767040435426855e-05 1.113834393883244e-05
1.3767040435426855e-05 1.113834393883244e-05
1.3767040435426855e-05 1.113834393883244e-05
1.3767040435426855e-05 1.113834393883244e-05
1.3767040435426855e-05 1.113834393883244e-05
1.3767040435426855e-05 1.113834393883244e-05
1.3767040435426855e-05 1.113834393883244e-05
1.3767040435426855e-05 1.113834393883244e-05
1.3767040435426855e-05 1.113834393883244e-05
1.3767040435426855e-05 1.113834393883244e-05
1.3767040435426855e-05 1.113834393883244e-05
1.3767040435426855e-05 1.113834393883244e-05
1.3767040435426855e-05 1.113834393883244e-05
1.3767040435426855e-05 1.113834393883244e-05
1.3767040435426855e-05 1.113834393883244e-05
1.3767040435426855e-05 1.113834393883244e-05
1.3767040435426855e-05 1.113834393883244e-05
1.3767040435426855e-05 1.113834393883244e-05
1.3767040435426855e-05 1.113834393883244e-05
1.3767040435426855e-05 1.113834393883244e-05
1.3767040435426855e-05 1.113834393883244e-05
1.3767040435426855e-05 1.113834393883244e-05
1.3767040435426855e-05 1.113834393883244e-05
1.3767040435426855e-05 1.113834393883244e-05
1.3767040435426855e-05 1.113834393883244e-05
1.3767040435426855e-05 1.113834393883244e-05
1.3767040435426855e-05 1.113834393883244e-05
1.3767040435426855e-05 1.113834393883244e-05
1.3767040435426855e-05 1.113834393883244e-05
1.3767040435426855e-05 1.113834393883244e-05
1.3767040435426855e-05 1.113834393883244e-05
1.3767040435426855e-05 1.113834393883244e-05
1.3767040435426855e-05 1.113834393883244e-05
1.3767040435426855e-05 1.113834393883244e-05
1.3767040435426855e-05 1.113834393883244e-05
1.3767040435426855e-05 1.113834393883244e-05
1.3767040435426855e-05 1.113834393883244e-05
1.3767040435426855e-05 1.113834393883244e-05
1.3767040435426855e-05 1.113834393883244e-05
1.3767040435426855e-05 1.113834393883244e-05
1.3767040435426855e-05 1.113834393883244e-05
1.3767040435426855e-05 1.113834393883244e-05
1.3767040435426855e-05 1.113834393883244e-05
1.3767040435426855e-05 1.113834393883244e-05
1.3767040435426855e-05 1.113834393883244e-05
1.3767040435426855e-05 1.113834393883244e-05
1.3767040435426855e-05 1.113834393883244e-05
1.3767040435426855e-05 1.113834393883244e-05
1.3767040435426855e-05 1.113834393883244e-05
1.3767040435426855e-05 1.113834393883244e-05
1.3767040435426855e-05 1.113834393883244e-05
1.3767040435426855e-05 1.113834393883244e-05
1.3767040435426855e-05 1.113834393883244e-05
1.3767040435426855e-05 1.113834393883244e-05
1.3767040435426855e-05 1.113834393883244e-05
1.3767040435426855e-05 1.113834393883244e-05
1.3767040435426855e-05 1.113834393883244e-05
1.3767040435426855e-05 1.113834393883244e-05
3.27340814162073e-06 1.1150447155874257e-05
3.27340814162073e-06 1.1150447155874257e-05
2.3825395336812518e-05 1.1143844957720667e-05
1.834933597845392e-05 1.1139270348323216e-05
1.834933597845392e-05 1.1139270348323216e-05
1.1204215115360119e-06 1.1137029223853421e-05
1.1204215115360119e-06 1.1137029223853421e-05
1.1204215115360119e-06 1.1137029223853421e-05
1.1204215115360119e-06 1.1137029223853421e-05
1.1204215115360119e-06 1.1137029223853421e-05
1.1204215115360119e-06 1.1137029223853421e-05
1.1204215115360119e-06 1.1137029223853421e-05
1.1204215115360119e-06 1.1137029223853421e-05
3.901030365817888e-05 1.1140700926743908e-05
2.9004784894192296e-05 1.113835241502521e-05
2.9004784894192296e-05 1.113835241502521e-05
2.9004784894192296e-05 1.113835241502521e-05
2.9004784894192296e-05 1.113835241502521e-05
2.9004784894192296e-05 1.113835241502521e-05
2.9004784894192296e-05 1.113835241502521e-05
2.9004784894192296e-05 1.113835241502521e-05
2.9004784894192296e-05 1.113835241502521e-05
2.9004784894192296e-05 1.113835241502521e-05
2.9004784894192296e-05 1.113835241502521e-05
2.9004784894192296e-05 1.113835241502521e-05
2.9004784894192296e-05 1.113835241502521e-05
2.9004784894192296e-05 1.113835241502521e-05
2.9004784894192296e-05 1.113835241502521e-05
2.9004784894192296e-05 1.113835241502521e-05
2.9004784894192296e-05 1.113835241502521e-05
2.9004784894192296e-05 1.113835241502521e-05
2.9004784894192296e-05 1.113835241502521e-05
2.9004784894192296e-05 1.113835241502521e-05
2.9004784894192296e-05 1.113835241502521e-05
2.9004784894192296e-05 1.113835241502521e-05
2.9004784894192296e-05 1.113835241502521e-05
2.9004784894192296e-05 1.113835241502521e-05
2.9004784894192296e-05 1.113835241502521e-05
2.9004784894192296e-05 1.113835241502521e-05
2.9004784894192296e-05 1.113835241502521e-05
2.9004784894192296e-05 1.113835241502521e-05
2.9004784894192296e-05 1.113835241502521e-05
2.9004784894192296e-05 1.113835241502521e-05
2.9004784894192296e-05 1.113835241502521e-05
2.9004784894192296e-05 1.113835241502521e-05
2.9004784894192296e-05 1.113835241502521e-05
2.9004784894192296e-05 1.113835241502521e-05
2.9004784894192296e-05 1.113835241502521e-05
2.9004784894192296e-05 1.113835241502521e-05
2.9004784894192296e-05 1.113835241502521e-05
2.9004784894192296e-05 1.113835241502521e-05
2.9004784894192296e-05 1.113835241502521e-05
2.9004784894192296e-05 1.113835241502521e-05
2.9004784894192296e-05 1.113835241502521e-05
2.9004784894192296e-05 1.113835241502521e-05
2.9004784894192296e-05 1.113835241502521e-05
2.9004784894192296e-05 1.113835241502521e-05
2.9004784894192296e-05 1.113835241502521e-05
2.9004784894192296e-05 1.113835241502521e-05
2.9004784894192296e-05 1.113835241502521e-05
2.9004784894192296e-05 1.113835241502521e-05
2.9004784894192296e-05 1.113835241502521e-05
2.9004784894192296e-05 1.113835241502521e-05
2.9004784894192296e-05 1.113835241502521e-05
2.9004784894192296e-05 1.113835241502521e-05
2.9004784894192296e-05 1.113835241502521e-05
2.9004784894192296e-05 1.113835241502521e-05
2.9004784894192296e-05 1.113835241502521e-05
2.9004784894192296e-05 1.113835241502521e-05
2.9004784894192296e-05 1.113835241502521e-05
2.9004784894192296e-05 1.113835241502521e-05
2.9004784894192296e-05 1.113835241502521e-05
2.9004784894192296e-05 1.113835241502521e-05
2.9004784894192296e-05 1.113835241502521e-05
2.9004784894192296e-05 1.113835241502521e-05
2.9004784894192296e-05 1.113835241502521e-05
2.9004784894192296e-05 1.113835241502521e-05
2.9004784894192296e-05 1.113835241502521e-05
2.9004784894192296e-05 1.113835241502521e-05
2.9004784894192296e-05 1.113835241502521e-05
2.9004784894192296e-05 1.113835241502521e-05
2.9004784894192296e-05 1.113835241502521e-05
2.9004784894192296e-05 1.113835241502521e-05
2.9004784894192296e-05 1.113835241502521e-05
2.9004784894192296e-05 1.113835241502521e-05
2.9004784894192296e-05 1.113835241502521e-05
2.9004784894192296e-05 1.113835241502521e-05
2.9004784894192296e-05 1.113835241502521e-05
2.9004784894192296e-05 1.113835241502521e-05
2.9004784894192296e-05 1.113835241502521e-05
2.9004784894192296e-05 1.113835241502521e-05
2.9004784894192296e-05 1.113835241502521e-05
2.9004784894192296e-05 1.113835241502521e-05
2.9004784894192296e-05 1.113835241502521e-05
2.9004784894192296e-05 1.113835241502521e-05
2.9004784894192296e-05 1.113835241502521e-05
2.9004784894192296e-05 1.113835241502521e-05
2.9004784894192296e-05 1.113835241502521e-05
2.9004784894192296e-05 1.113835241502521e-05
2.9004784894192296e-05 1.113835241502521e-05
2.9004784894192296e-05 1.113835241502521e-05
2.9004784894192296e-05 1.113835241502521e-05
2.9004784894192296e-05 1.113835241502521e-05
2.9004784894192296e-05 1.113835241502521e-05
2.9004784894192296e-05 1.113835241502521e-05
2.9004784894192296e-05 1.113835241502521e-05
2.9004784894192296e-05 1.113835241502521e-05
2.9004784894192296e-05 1.113835241502521e-05
2.9004784894192296e-05 1.113835241502521e-05
2.9004784894192296e-05 1.113835241502521e-05
2.9004784894192296e-05 1.113835241502521e-05
2.9004784894192296e-05 1.113835241502521e-05
2.9004784894192296e-05 1.113835241502521e-05
2.9004784894192296e-05 1.113835241502521e-05
2.9004784894192296e-05 1.113835241502521e-05
2.9004784894192296e-05 1.113835241502521e-05
2.9004784894192296e-05 1.113835241502521e-05
2.9004784894192296e-05 1.113835241502521e-05
2.9004784894192296e-05 1.113835241502521e-05
2.9004784894192296e-05 1.113835241502521e-05
2.9004784894192296e-05 1.113835241502521e-05
2.9004784894192296e-05 1.113835241502521e-05
2.9004784894192296e-05 1.113835241502521e-05
2.9004784894192296e-05 1.113835241502521e-05
2.9004784894192296e-05 1.113835241502521e-05
2.9004784894192296e-05 1.113835241502521e-05
2.9004784894192296e-05 1.113835241502521e-05
2.9004784894192296e-05 1.113835241502521e-05
2.9004784894192296e-05 1.113835241502521e-05
2.9004784894192296e-05 1.113835241502521e-05
2.9004784894192296e-05 1.113835241502521e-05
2.9004784894192296e-05 1.113835241502521e-05
2.9004784894192296e-05 1.113835241502521e-05
2.9004784894192296e-05 1.113835241502521e-05
2.9004784894192296e-05 1.113835241502521e-05
2.9004784894192296e-05 1.113835241502521e-05
2.9004784894192296e-05 1.113835241502521e-05
2.9004784894192296e-05 1.113835241502521e-05
2.9004784894192296e-05 1.113835241502521e-05
2.9004784894192296e-05 1.113835241502521e-05
2.9004784894192296e-05 1.113835241502521e-05
2.9004784894192296e-05 1.113835241502521e-05
2.9004784894192296e-05 1.113835241502521e-05
2.9004784894192296e-05 1.113835241502521e-05
2.9004784894192296e-05 1.113835241502521e-05
2.9004784894192296e-05 1.113835241502521e-05
2.9004784894192296e-05 1.113835241502521e-05
2.9004784894192296e-05 1.113835241502521e-05
2.9004784894192296e-05 1.113835241502521e-05
2.9004784894192296e-05 1.113835241502521e-05
2.9004784894192296e-05 1.113835241502521e-05
2.9004784894192296e-05 1.113835241502521e-05
2.9004784894192296e-05 1.113835241502521e-05
2.9004784894192296e-05 1.113835241502521e-05
2.9004784894192296e-05 1.113835241502521e-05
2.9004784894192296e-05 1.113835241502521e-05
2.9004784894192296e-05 1.113835241502521e-05
2.9004784894192296e-05 1.113835241502521e-05
2.9004784894192296e-05 1.113835241502521e-05
2.9004784894192296e-05 1.113835241502521e-05
2.9004784894192296e-05 1.113835241502521e-05
2.9004784894192296e-05 1.113835241502521e-05
2.9004784894192296e-05 1.113835241502521e-05
2.9004784894192296e-05 1.113835241502521e-05
2.9004784894192296e-05 1.113835241502521e-05
2.9004784894192296e-05 1.113835241502521e-05
2.9004784894192296e-05 1.113835241502521e-05
2.9004784894192296e-05 1.113835241502521e-05
2.9004784894192296e-05 1.113835241502521e-05
2.9004784894192296e-05 1.113835241502521e-05
2.9004784894192296e-05 1.113835241502521e-05
2.9004784894192296e-05 1.113835241502521e-05
2.9004784894192296e-05 1.113835241502521e-05
2.9004784894192296e-05 1.113835241502521e-05
2.9004784894192296e-05 1.113835241502521e-05
2.9004784894192296e-05 1.113835241502521e-05
2.9004784894192296e-05 1.113835241502521e-05
2.9004784894192296e-05 1.113835241502521e-05
2.9004784894192296e-05 1.113835241502521e-05
2.9004784894192296e-05 1.113835241502521e-05
2.9004784894192296e-05 1.113835241502521e-05
2.9004784894192296e-05 1.113835241502521e-05
2.9004784894192296e-05 1.113835241502521e-05
2.9004784894192296e-05 1.113835241502521e-05
2.9004784894192296e-05 1.113835241502521e-05
2.9004784894192296e-05 1.113835241502521e-05
2.9004784894192296e-05 1.113835241502521e-05
2.9004784894192296e-05 1.113835241502521e-05
2.9004784894192296e-05 1.113835241502521e-05
2.9004784894192296e-05 1.113835241502521e-05
2.9004784894192296e-05 1.113835241502521e-05
2.9004784894192296e-05 1.113835241502521e-05
2.9004784894192296e-05 1.113835241502521e-05
2.9004784894192296e-05 1.113835241502521e-05
3.633620996275884e-05 1.113333086273463e-05
1.0088117390211845e-05 1.113838660073519e-05
1.0088117390211845e-05 1.113838660073519e-05
1.0088117390211845e-05 1.113838660073519e-05
1.0088117390211845e-05 1.113838660073519e-05
1.0088117390211845e-05 1.113838660073519e-05
1.0088117390211845e-05 1.113838660073519e-05
1.0088117390211845e-05 1.113838660073519e-05
1.0088117390211845e-05 1.113838660073519e-05
1.0088117390211845e-05 1.113838660073519e-05
1.0088117390211845e-05 1.113838660073519e-05
1.0088117390211845e-05 1.113838660073519e-05
1.0088117390211845e-05 1.113838660073519e-05
1.0088117390211845e-05 1.113838660073519e-05
1.0088117390211845e-05 1.113838660073519e-05
1.0088117390211845e-05 1.113838660073519e-05
1.0088117390211845e-05 1.113838660073519e-05
1.0088117390211845e-05 1.113838660073519e-05
1.0088117390211845e-05 1.113838660073519e-05
1.0088117390211845e-05 1.113838660073519e-05
1.0088117390211845e-05 1.113838660073519e-05
1.0088117390211845e-05 1.113838660073519e-05
1.0088117390211845e-05 1.113838660073519e-05
1.0088117390211845e-05 1.113838660073519e-05
1.0088117390211845e-05 1.113838660073519e-05
1.0088117390211845e-05 1.113838660073519e-05
1.0088117390211845e-05 1.113838660073519e-05
1.0088117390211845e-05 1.113838660073519e-05
1.0088117390211845e-05 1.113838660073519e-05
1.0088117390211845e-05 1.113838660073519e-05
1.0088117390211845e-05 1.113838660073519e-05
1.0088117390211845e-05 1.113838660073519e-05
1.0088117390211845e-05 1.113838660073519e-05
1.0088117390211845e-05 1.113838660073519e-05
1.0088117390211845e-05 1.113838660073519e-05
1.0088117390211845e-05 1.113838660073519e-05
1.0088117390211845e-05 1.113838660073519e-05
1.0088117390211845e-05 1.113838660073519e-05
1.0088117390211845e-05 1.113838660073519e-05
1.0088117390211845e-05 1.113838660073519e-05
1.0088117390211845e-05 1.113838660073519e-05
1.0088117390211845e-05 1.113838660073519e-05
1.0088117390211845e-05 1.113838660073519e-05
1.0088117390211845e-05 1.113838660073519e-05
1.0088117390211845e-05 1.113838660073519e-05
1.0088117390211845e-05 1.113838660073519e-05
2.8022236375118704e-05 1.1138361790963713e-05
2.8022236375118704e-05 1.1138361790963713e-05
2.8022236375118704e-05 1.1138361790963713e-05
2.8022236375118704e-05 1.1138361790963713e-05
2.8022236375118704e-05 1.1138361790963713e-05
2.8022236375118704e-05 1.1138361790963713e-05
2.8022236375118704e-05 1.1138361790963713e-05
2.8022236375118704e-05 1.1138361790963713e-05
2.8022236375118704e-05 1.1138361790963713e-05
2.8022236375118704e-05 1.1138361790963713e-05
2.8022236375118704e-05 1.1138361790963713e-05
2.8022236375118704e-05 1.1138361790963713e-05
2.8022236375118704e-05 1.1138361790963713e-05
2.8022236375118704e-05 1.1138361790963713e-05
2.8022236375118704e-05 1.1138361790963713e-05
2.8022236375118704e-05 1.1138361790963713e-05
2.8022236375118704e-05 1.1138361790963713e-05
2.8022236375118704e-05 1.1138361790963713e-05
2.8022236375118704e-05 1.1138361790963713e-05
2.8022236375118704e-05 1.1138361790963713e-05
2.8022236375118704e-05 1.1138361790963713e-05
2.8022236375118704e-05 1.1138361790963713e-05
2.8022236375118704e-05 1.1138361790963713e-05
2.8022236375118704e-05 1.1138361790963713e-05
2.8022236375118704e-05 1.1138361790963713e-05
2.8022236375118704e-05 1.1138361790963713e-05
2.8022236375118704e-05 1.1138361790963713e-05
2.8022236375118704e-05 1.1138361790963713e-05
2.8022236375118704e-05 1.1138361790963713e-05
2.8022236375118704e-05 1.1138361790963713e-05
2.8022236375118704e-05 1.1138361790963713e-05
2.8022236375118704e-05 1.1138361790963713e-05
2.8022236375118704e-05 1.1138361790963713e-05
2.8022236375118704e-05 1.1138361790963713e-05
2.8022236375118704e-05 1.1138361790963713e-05
2.8022236375118704e-05 1.1138361790963713e-05
2.8022236375118704e-05 1.1138361790963713e-05
2.8022236375118704e-05 1.1138361790963713e-05
2.8022236375118704e-05 1.1138361790963713e-05
2.8022236375118704e-05 1.1138361790963713e-05
2.8022236375118704e-05 1.1138361790963713e-05
2.8022236375118704e-05 1.1138361790963713e-05
2.8022236375118704e-05 1.1138361790963713e-05
2.8022236375118704e-05 1.1138361790963713e-05
2.8022236375118704e-05 1.1138361790963713e-05
4.825150022075419e-06 1.1141627080874419e-05
4.825150022075419e-06 1.1141627080874419e-05
4.825150022075419e-06 1.1141627080874419e-05
4.825150022075419e-06 1.1141627080874419e-05
1.7890215853820203e-05 1.1139002240463899e-05
1.7890215853820203e-05 1.1139002240463899e-05
7.554992149272246e-06 1.1138353469817503e-05
7.554992149272246e-06 1.1138353469817503e-05
7.554992149272246e-06 1.1138353469817503e-05
7.554992149272246e-06 1.1138353469817503e-05
7.554992149272246e-06 1.1138353469817503e-05
7.554992149272246e-06 1.1138353469817503e-05
7.554992149272246e-06 1.1138353469817503e-05
7.554992149272246e-06 1.1138353469817503e-05
7.554992149272246e-06 1.1138353469817503e-05
7.554992149272246e-06 1.1138353469817503e-05
7.554992149272246e-06 1.1138353469817503e-05
7.554992149272246e-06 1.1138353469817503e-05
7.554992149272246e-06 1.1138353469817503e-05
7.554992149272246e-06 1.1138353469817503e-05
7.554992149272246e-06 1.1138353469817503e-05
7.554992149272246e-06 1.1138353469817503e-05
7.554992149272246e-06 1.1138353469817503e-05
7.554992149272246e-06 1.1138353469817503e-05
7.554992149272246e-06 1.1138353469817503e-05
7.554992149272246e-06 1.1138353469817503e-05
7.554992149272246e-06 1.1138353469817503e-05
7.554992149272246e-06 1.1138353469817503e-05
7.554992149272246e-06 1.1138353469817503e-05
7.554992149272246e-06 1.1138353469817503e-05
7.554992149272246e-06 1.1138353469817503e-05
7.554992149272246e-06 1.1138353469817503e-05
7.554992149272246e-06 1.1138353469817503e-05
7.554992149272246e-06 1.1138353469817503e-05
7.554992149272246e-06 1.1138353469817503e-05
7.554992149272246e-06 1.1138353469817503e-05
7.554992149272246e-06 1.1138353469817503e-05
7.554992149272246e-06 1.1138353469817503e-05
7.554992149272246e-06 1.1138353469817503e-05
7.554992149272246e-06 1.1138353469817503e-05
7.554992149272246e-06 1.1138353469817503e-05
7.554992149272246e-06 1.1138353469817503e-05
7.554992149272246e-06 1.1138353469817503e-05
7.554992149272246e-06 1.1138353469817503e-05
7.554992149272246e-06 1.1138353469817503e-05
7.554992149272246e-06 1.1138353469817503e-05
7.554992149272246e-06 1.1138353469817503e-05
7.554992149272246e-06 1.1138353469817503e-05
7.554992149272246e-06 1.1138353469817503e-05
7.554992149272246e-06 1.1138353469817503e-05
7.554992149272246e-06 1.1138353469817503e-05
1.7600329249834962e-06 1.1137001306251807e-05
1.7600329249834962e-06 1.1137001306251807e-05
1.7600329249834962e-06 1.1137001306251807e-05
1.7600329249834962e-06 1.1137001306251807e-05
3.826177853402896e-05 1.1127549807153678e-05
3.826177853402896e-05 1.1127549807153678e-05
2.2418180588634725e-05 1.113325285217931e-05
7.024203227809355e-06 1.113050799492992e-05
9.616561131027883e-08 1.1135059516893117e-05
3.292537210788584e-06 1.1139175693201854e-05
3.292537210788584e-06 1.1139175693201854e-05
1.012289973012813e-05 1.1124612251947268e-05
5.392529335887404e-06 1.1135945436724886e-05
1.1757027132418383e-05 1.1145283873129085e-05
1.1757027132418383e-05 1.1145283873129085e-05
1.1757027132418383e-05 1.1145283873129085e-05
1.1757027132418383e-05 1.1145283873129085e-05
1.1757027132418383e-05 1.1145283873129085e-05
1.1757027132418383e-05 1.1145283873129085e-05
8.078901688585302e-06 1.1138231833879297e-05
8.078901688585302e-06 1.1138231833879297e-05
8.078901688585302e-06 1.1138231833879297e-05
8.078901688585302e-06 1.1138231833879297e-05
8.078901688585302e-06 1.1138231833879297e-05
8.078901688585302e-06 1.1138231833879297e-05
8.078901688585302e-06 1.1138231833879297e-05
8.078901688585302e-06 1.1138231833879297e-05
8.078901688585302e-06 1.1138231833879297e-05
8.078901688585302e-06 1.1138231833879297e-05
8.078901688585302e-06 1.1138231833879297e-05
8.078901688585302e-06 1.1138231833879297e-05
8.078901688585302e-06 1.1138231833879297e-05
8.078901688585302e-06 1.1138231833879297e-05
8.078901688585302e-06 1.1138231833879297e-05
8.078901688585302e-06 1.1138231833879297e-05
8.078901688585302e-06 1.1138231833879297e-05
8.078901688585302e-06 1.1138231833879297e-05
8.078901688585302e-06 1.1138231833879297e-05
8.078901688585302e-06 1.1138231833879297e-05
8.078901688585302e-06 1.1138231833879297e-05
8.078901688585302e-06 1.1138231833879297e-05
8.078901688585302e-06 1.1138231833879297e-05
8.078901688585302e-06 1.1138231833879297e-05
8.078901688585302e-06 1.1138231833879297e-05
8.078901688585302e-06 1.1138231833879297e-05
8.078901688585302e-06 1.1138231833879297e-05
8.078901688585302e-06 1.1138231833879297e-05
8.078901688585302e-06 1.1138231833879297e-05
8.078901688585302e-06 1.1138231833879297e-05
8.078901688585302e-06 1.1138231833879297e-05
8.078901688585302e-06 1.1138231833879297e-05
8.078901688585302e-06 1.1138231833879297e-05
8.078901688585302e-06 1.1138231833879297e-05
8.078901688585302e-06 1.1138231833879297e-05
8.078901688585302e-06 1.1138231833879297e-05
8.078901688585302e-06 1.1138231833879297e-05
8.078901688585302e-06 1.1138231833879297e-05
8.078901688585302e-06 1.1138231833879297e-05
8.078901688585302e-06 1.1138231833879297e-05
8.078901688585302e-06 1.1138231833879297e-05
8.078901688585302e-06 1.1138231833879297e-05
8.078901688585302e-06 1.1138231833879297e-05
8.078901688585302e-06 1.1138231833879297e-05
8.078901688585302e-06 1.1138231833879297e-05
5.740433946437603e-07 1.1135540058644817e-05
5.740433946437603e-07 1.1135540058644817e-05
1.368449543716135e-05 1.1142322182112377e-05
1.368449543716135e-05 1.1142322182112377e-05
3.045428676523138e-05 1.1138355459060787e-05
3.045428676523138e-05 1.1138355459060787e-05
3.045428676523138e-05 1.1138355459060787e-05
3.045428676523138e-05 1.1138355459060787e-05
3.045428676523138e-05 1.1138355459060787e-05
3.045428676523138e-05 1.1138355459060787e-05
3.045428676523138e-05 1.1138355459060787e-05
3.045428676523138e-05 1.1138355459060787e-05
3.045428676523138e-05 1.1138355459060787e-05
3.045428676523138e-05 1.1138355459060787e-05
3.045428676523138e-05 1.1138355459060787e-05
3.045428676523138e-05 1.1138355459060787e-05
3.045428676523138e-05 1.1138355459060787e-05
3.045428676523138e-05 1.1138355459060787e-05
3.045428676523138e-05 1.1138355459060787e-05
3.045428676523138e-05 1.1138355459060787e-05
3.045428676523138e-05 1.1138355459060787e-05
3.045428676523138e-05 1.1138355459060787e-05
3.045428676523138e-05 1.1138355459060787e-05
3.045428676523138e-05 1.1138355459060787e-05
3.045428676523138e-05 1.1138355459060787e-05
3.045428676523138e-05 1.1138355459060787e-05
3.045428676523138e-05 1.1138355459060787e-05
3.045428676523138e-05 1.1138355459060787e-05
3.045428676523138e-05 1.1138355459060787e-05
3.045428676523138e-05 1.1138355459060787e-05
3.045428676523138e-05 1.1138355459060787e-05
3.045428676523138e-05 1.1138355459060787e-05
3.045428676523138e-05 1.1138355459060787e-05
3.045428676523138e-05 1.1138355459060787e-05
3.045428676523138e-05 1.1138355459060787e-05
3.045428676523138e-05 1.1138355459060787e-05
3.045428676523138e-05 1.1138355459060787e-05
3.045428676523138e-05 1.1138355459060787e-05
3.045428676523138e-05 1.1138355459060787e-05
3.045428676523138e-05 1.1138355459060787e-05
3.045428676523138e-05 1.1138355459060787e-05
3.045428676523138e-05 1.1138355459060787e-05
3.045428676523138e-05 1.1138355459060787e-05
3.045428676523138e-05 1.1138355459060787e-05
3.045428676523138e-05 1.1138355459060787e-05
3.045428676523138e-05 1.1138355459060787e-05
3.045428676523138e-05 1.1138355459060787e-05
3.045428676523138e-05 1.1138355459060787e-05
3.045428676523138e-05 1.1138355459060787e-05
3.045428676523138e-05 1.1138355459060787e-05
3.045428676523138e-05 1.1138355459060787e-05
3.045428676523138e-05 1.1138355459060787e-05
3.045428676523138e-05 1.1138355459060787e-05
3.045428676523138e-05 1.1138355459060787e-05
3.045428676523138e-05 1.1138355459060787e-05
3.045428676523138e-05 1.1138355459060787e-05
3.045428676523138e-05 1.1138355459060787e-05
3.045428676523138e-05 1.1138355459060787e-05
3.045428676523138e-05 1.1138355459060787e-05
3.045428676523138e-05 1.1138355459060787e-05
3.045428676523138e-05 1.1138355459060787e-05
3.045428676523138e-05 1.1138355459060787e-05
3.045428676523138e-05 1.1138355459060787e-05
3.045428676523138e-05 1.1138355459060787e-05
3.045428676523138e-05 1.1138355459060787e-05
3.045428676523138e-05 1.1138355459060787e-05
3.045428676523138e-05 1.1138355459060787e-05
3.045428676523138e-05 1.1138355459060787e-05
3.045428676523138e-05 1.1138355459060787e-05
3.045428676523138e-05 1.1138355459060787e-05
3.045428676523138e-05 1.1138355459060787e-05
3.045428676523138e-05 1.1138355459060787e-05
3.045428676523138e-05 1.1138355459060787e-05
3.045428676523138e-05 1.1138355459060787e-05
3.045428676523138e-05 1.1138355459060787e-05
3.045428676523138e-05 1.1138355459060787e-05
3.045428676523138e-05 1.1138355459060787e-05
3.045428676523138e-05 1.1138355459060787e-05
3.045428676523138e-05 1.1138355459060787e-05
3.045428676523138e-05 1.1138355459060787e-05
3.045428676523138e-05 1.1138355459060787e-05
3.045428676523138e-05 1.1138355459060787e-05
3.045428676523138e-05 1.1138355459060787e-05
3.045428676523138e-05 1.1138355459060787e-05
3.045428676523138e-05 1.1138355459060787e-05
3.045428676523138e-05 1.1138355459060787e-05
3.045428676523138e-05 1.1138355459060787e-05
3.045428676523138e-05 1.1138355459060787e-05
3.045428676523138e-05 1.1138355459060787e-05
3.045428676523138e-05 1.1138355459060787e-05
3.045428676523138e-05 1.1138355459060787e-05
3.045428676523138e-05 1.1138355459060787e-05
3.045428676523138e-05 1.1138355459060787e-05
3.045428676523138e-05 1.1138355459060787e-05
4.573526620888297e-05 1.1137763432896236e-05
1.7720169185647913e-05 1.1140102979646974e-05
1.7720169185647913e-05 1.1140102979646974e-05
1.278025297552246e-06 1.1123972124043532e-05
1.278025297552246e-06 1.1123972124043532e-05
5.16597413913346e-06 1.114349851347848e-05
5.16597413913346e-06 1.114349851347848e-05
3.045428676523138e-05 1.1138355459060787e-05
3.045428676523138e-05 1.1138355459060787e-05
3.045428676523138e-05 1.1138355459060787e-05
3.045428676523138e-05 1.1138355459060787e-05
3.045428676523138e-05 1.1138355459060787e-05
3.045428676523138e-05 1.1138355459060787e-05
3.045428676523138e-05 1.1138355459060787e-05
3.045428676523138e-05 1.1138355459060787e-05
3.045428676523138e-05 1.1138355459060787e-05
3.045428676523138e-05 1.1138355459060787e-05
3.045428676523138e-05 1.1138355459060787e-05
3.045428676523138e-05 1.1138355459060787e-05
3.045428676523138e-05 1.1138355459060787e-05
3.045428676523138e-05 1.1138355459060787e-05
3.045428676523138e-05 1.1138355459060787e-05
3.045428676523138e-05 1.1138355459060787e-05
3.045428676523138e-05 1.1138355459060787e-05
3.045428676523138e-05 1.1138355459060787e-05
3.045428676523138e-05 1.1138355459060787e-05
3.045428676523138e-05 1.1138355459060787e-05
3.045428676523138e-05 1.1138355459060787e-05
3.045428676523138e-05 1.1138355459060787e-05
3.045428676523138e-05 1.1138355459060787e-05
3.045428676523138e-05 1.1138355459060787e-05
3.045428676523138e-05 1.1138355459060787e-05
3.045428676523138e-05 1.1138355459060787e-05
3.045428676523138e-05 1.1138355459060787e-05
3.045428676523138e-05 1.1138355459060787e-05
3.045428676523138e-05 1.1138355459060787e-05
3.045428676523138e-05 1.1138355459060787e-05
3.045428676523138e-05 1.1138355459060787e-05
3.045428676523138e-05 1.1138355459060787e-05
3.045428676523138e-05 1.1138355459060787e-05
3.045428676523138e-05 1.1138355459060787e-05
3.045428676523138e-05 1.1138355459060787e-05
3.045428676523138e-05 1.1138355459060787e-05
3.045428676523138e-05 1.1138355459060787e-05
3.045428676523138e-05 1.1138355459060787e-05
3.045428676523138e-05 1.1138355459060787e-05
3.045428676523138e-05 1.1138355459060787e-05
3.045428676523138e-05 1.1138355459060787e-05
3.045428676523138e-05 1.1138355459060787e-05
3.045428676523138e-05 1.1138355459060787e-05
3.045428676523138e-05 1.1138355459060787e-05
3.045428676523138e-05 1.1138355459060787e-05
1.7720169185647913e-05 1.1140102979646974e-05
1.7720169185647913e-05 1.1140102979646974e-05
1.2616153822696972e-05 1.1138122220942996e-05
1.2616153822696972e-05 1.1138122220942996e-05
1.2616153822696972e-05 1.1138122220942996e-05
1.2616153822696972e-05 1.1138122220942996e-05
1.2616153822696972e-05 1.1138122220942996e-05
1.2616153822696972e-05 1.1138122220942996e-05
1.2616153822696972e-05 1.1138122220942996e-05
1.2616153822696972e-05 1.1138122220942996e-05
1.2616153822696972e-05 1.1138122220942996e-05
1.2616153822696972e-05 1.1138122220942996e-05
1.2616153822696972e-05 1.1138122220942996e-05
1.2616153822696972e-05 1.1138122220942996e-05
1.2616153822696972e-05 1.1138122220942996e-05
1.2616153822696972e-05 1.1138122220942996e-05
1.2616153822696972e-05 1.1138122220942996e-05
1.2616153822696972e-05 1.1138122220942996e-05
1.2616153822696972e-05 1.1138122220942996e-05
1.2616153822696972e-05 1.1138122220942996e-05
1.2616153822696972e-05 1.1138122220942996e-05
1.2616153822696972e-05 1.1138122220942996e-05
1.2616153822696972e-05 1.1138122220942996e-05
1.2616153822696972e-05 1.1138122220942996e-05
1.2616153822696972e-05 1.1138122220942996e-05
1.2616153822696972e-05 1.1138122220942996e-05
1.2616153822696972e-05 1.1138122220942996e-05
1.2616153822696972e-05 1.1138122220942996e-05
1.2616153822696972e-05 1.1138122220942996e-05
1.2616153822696972e-05 1.1138122220942996e-05
1.2616153822696972e-05 1.1138122220942996e-05
1.2616153822696972e-05 1.1138122220942996e-05
1.2616153822696972e-05 1.1138122220942996e-05
1.2616153822696972e-05 1.1138122220942996e-05
1.2616153822696972e-05 1.1138122220942996e-05
1.2616153822696972e-05 1.1138122220942996e-05
1.2616153822696972e-05 1.1138122220942996e-05
1.2616153822696972e-05 1.1138122220942996e-05
1.2616153822696972e-05 1.1138122220942996e-05
1.2616153822696972e-05 1.1138122220942996e-05
1.2616153822696972e-05 1.1138122220942996e-05
1.2616153822696972e-05 1.1138122220942996e-05
1.2616153822696972e-05 1.1138122220942996e-05
1.2616153822696972e-05 1.1138122220942996e-05
1.2616153822696972e-05 1.1138122220942996e-05
1.2616153822696972e-05 1.1138122220942996e-05
1.2616153822696972e-05 1.1138122220942996e-05
3.776184632502567e-06 1.114060914303424e-05
3.776184632502567e-06 1.114060914303424e-05
1.2175302685355437e-05 1.1137254482034802e-05
1.2175302685355437e-05 1.1137254482034802e-05
1.2335204339742824e-05 1.1140286519674094e-05
1.2335204339742824e-05 1.1140286519674094e-05
3.116588471073164e-05 1.1138267636533592e-05
3.116588471073164e-05 1.1138267636533592e-05
3.116588471073164e-05 1.1138267636533592e-05
3.116588471073164e-05 1.1138267636533592e-05
3.116588471073164e-05 1.1138267636533592e-05
3.116588471073164e-05 1.1138267636533592e-05
1.50280398194871e-05 1.113855604816768e-05
1.50280398194871e-05 1.113855604816768e-05
1.50280398194871e-05 1.113855604816768e-05
1.50280398194871e-05 1.113855604816768e-05
1.50280398194871e-05 1.113855604816768e-05
1.50280398194871e-05 1.113855604816768e-05
1.50280398194871e-05 1.113855604816768e-05
1.50280398194871e-05 1.113855604816768e-05
1.50280398194871e-05 1.113855604816768e-05
1.50280398194871e-05 1.113855604816768e-05
1.50280398194871e-05 1.113855604816768e-05
1.50280398194871e-05 1.113855604816768e-05
1.50280398194871e-05 1.113855604816768e-05
1.50280398194871e-05 1.113855604816768e-05
1.50280398194871e-05 1.113855604816768e-05
1.50280398194871e-05 1.113855604816768e-05
1.50280398194871e-05 1.113855604816768e-05
1.50280398194871e-05 1.113855604816768e-05
1.50280398194871e-05 1.113855604816768e-05
1.50280398194871e-05 1.113855604816768e-05
1.50280398194871e-05 1.113855604816768e-05
1.50280398194871e-05 1.113855604816768e-05
1.50280398194871e-05 1.113855604816768e-05
1.50280398194871e-05 1.113855604816768e-05
1.50280398194871e-05 1.113855604816768e-05
1.50280398194871e-05 1.113855604816768e-05
1.50280398194871e-05 1.113855604816768e-05
1.50280398194871e-05 1.113855604816768e-05
1.50280398194871e-05 1.113855604816768e-05
1.50280398194871e-05 1.113855604816768e-05
1.50280398194871e-05 1.113855604816768e-05
1.50280398194871e-05 1.113855604816768e-05
1.50280398194871e-05 1.113855604816768e-05
1.50280398194871e-05 1.113855604816768e-05
1.50280398194871e-05 1.113855604816768e-05
1.50280398194871e-05 1.113855604816768e-05
1.50280398194871e-05 1.113855604816768e-05
1.50280398194871e-05 1.113855604816768e-05
1.50280398194871e-05 1.113855604816768e-05
1.50280398194871e-05 1.113855604816768e-05
1.50280398194871e-05 1.113855604816768e-05
1.50280398194871e-05 1.113855604816768e-05
1.50280398194871e-05 1.113855604816768e-05
1.50280398194871e-05 1.113855604816768e-05
1.50280398194871e-05 1.113855604816768e-05
1.012289973012813e-05 1.1124612251947268e-05
1.012289973012813e-05 1.1124612251947268e-05
0.00013496641653517097 1.113562655562783e-05
0.00013496641653517097 1.113562655562783e-05
4.825150022075419e-06 1.1141627080874419e-05
4.825150022075419e-06 1.1141627080874419e-05
3.639505522221729e-06 1.1063420819337705e-05
3.639505522221729e-06 1.1063420819337705e-05
7.674481789730596e-08 1.1130955808837973e-05
7.674481789730596e-08 1.1130955808837973e-05
7.674481789730596e-08 1.1130955808837973e-05
7.674481789730596e-08 1.1130955808837973e-05
5.5172491182921586e-06 1.110437540579018e-05
5.5172491182921586e-06 1.110437540579018e-05
1.7949191213465126e-05 1.1137869432802837e-05
1.7949191213465126e-05 1.1137869432802837e-05
1.7949191213465126e-05 1.1137869432802837e-05
1.7949191213465126e-05 1.1137869432802837e-05
1.7949191213465126e-05 1.1137869432802837e-05
1.7949191213465126e-05 1.1137869432802837e-05
1.7949191213465126e-05 1.1137869432802837e-05
1.7949191213465126e-05 1.1137869432802837e-05
1.7949191213465126e-05 1.1137869432802837e-05
1.7949191213465126e-05 1.1137869432802837e-05
1.7949191213465126e-05 1.1137869432802837e-05
1.7949191213465126e-05 1.1137869432802837e-05
1.7949191213465126e-05 1.1137869432802837e-05
1.7949191213465126e-05 1.1137869432802837e-05
1.7949191213465126e-05 1.1137869432802837e-05
1.7949191213465126e-05 1.1137869432802837e-05
1.7949191213465126e-05 1.1137869432802837e-05
1.7949191213465126e-05 1.1137869432802837e-05
1.7949191213465126e-05 1.1137869432802837e-05
1.7949191213465126e-05 1.1137869432802837e-05
1.7949191213465126e-05 1.1137869432802837e-05
1.7949191213465126e-05 1.1137869432802837e-05
1.7949191213465126e-05 1.1137869432802837e-05
1.7949191213465126e-05 1.1137869432802837e-05
1.7949191213465126e-05 1.1137869432802837e-05
1.7949191213465126e-05 1.1137869432802837e-05
1.7949191213465126e-05 1.1137869432802837e-05
1.7949191213465126e-05 1.1137869432802837e-05
1.7949191213465126e-05 1.1137869432802837e-05
1.7949191213465126e-05 1.1137869432802837e-05
1.7949191213465126e-05 1.1137869432802837e-05
1.7949191213465126e-05 1.1137869432802837e-05
1.7949191213465126e-05 1.1137869432802837e-05
1.7949191213465126e-05 1.1137869432802837e-05
1.7949191213465126e-05 1.1137869432802837e-05
1.7949191213465126e-05 1.1137869432802837e-05
1.7949191213465126e-05 1.1137869432802837e-05
1.7949191213465126e-05 1.1137869432802837e-05
1.7949191213465126e-05 1.1137869432802837e-05
1.7949191213465126e-05 1.1137869432802837e-05
1.7949191213465126e-05 1.1137869432802837e-05
1.7949191213465126e-05 1.1137869432802837e-05
1.7949191213465126e-05 1.1137869432802837e-05
1.7949191213465126e-05 1.1137869432802837e-05
1.7949191213465126e-05 1.1137869432802837e-05
1.7949191213465126e-05 1.1137869432802837e-05
1.7949191213465126e-05 1.1137869432802837e-05
1.7949191213465126e-05 1.1137869432802837e-05
1.7949191213465126e-05 1.1137869432802837e-05
1.7949191213465126e-05 1.1137869432802837e-05
1.7949191213465126e-05 1.1137869432802837e-05
1.7949191213465126e-05 1.1137869432802837e-05
1.7949191213465126e-05 1.1137869432802837e-05
1.7949191213465126e-05 1.1137869432802837e-05
1.7949191213465126e-05 1.1137869432802837e-05
1.7949191213465126e-05 1.1137869432802837e-05
1.7949191213465126e-05 1.1137869432802837e-05
1.7949191213465126e-05 1.1137869432802837e-05
1.7949191213465126e-05 1.1137869432802837e-05
1.7949191213465126e-05 1.1137869432802837e-05
1.7949191213465126e-05 1.1137869432802837e-05
1.7949191213465126e-05 1.1137869432802837e-05
1.7949191213465126e-05 1.1137869432802837e-05
1.7949191213465126e-05 1.1137869432802837e-05
1.7949191213465126e-05 1.1137869432802837e-05
1.7949191213465126e-05 1.1137869432802837e-05
1.7949191213465126e-05 1.1137869432802837e-05
1.7949191213465126e-05 1.1137869432802837e-05
1.7949191213465126e-05 1.1137869432802837e-05
1.7949191213465126e-05 1.1137869432802837e-05
1.7949191213465126e-05 1.1137869432802837e-05
1.7949191213465126e-05 1.1137869432802837e-05
1.7949191213465126e-05 1.1137869432802837e-05
1.7949191213465126e-05 1.1137869432802837e-05
1.7949191213465126e-05 1.1137869432802837e-05
1.7949191213465126e-05 1.1137869432802837e-05
1.7949191213465126e-05 1.1137869432802837e-05
1.7949191213465126e-05 1.1137869432802837e-05
1.7949191213465126e-05 1.1137869432802837e-05
1.7949191213465126e-05 1.1137869432802837e-05
1.7949191213465126e-05 1.1137869432802837e-05
1.7949191213465126e-05 1.1137869432802837e-05
1.7949191213465126e-05 1.1137869432802837e-05
1.7949191213465126e-05 1.1137869432802837e-05
1.7949191213465126e-05 1.1137869432802837e-05
1.7949191213465126e-05 1.1137869432802837e-05
1.7949191213465126e-05 1.1137869432802837e-05
1.7949191213465126e-05 1.1137869432802837e-05
1.7949191213465126e-05 1.1137869432802837e-05
1.7949191213465126e-05 1.1137869432802837e-05
1.200732748205527e-05 1.1137072017695927e-05
1.200732748205527e-05 1.1137072017695927e-05
1.6339375362019286e-06 1.113304733771728e-05
1.6339375362019286e-06 1.113304733771728e-05
1.834933597845392e-05 1.1139887826929846e-05
1.834933597845392e-05 1.1139887826929846e-05
2.8695517470998308e-05 1.1138455462618275e-05
2.8695517470998308e-05 1.1138455462618275e-05
2.8695517470998308e-05 1.1138455462618275e-05
2.8695517470998308e-05 1.1138455462618275e-05
2.8695517470998308e-05 1.1138455462618275e-05
2.8695517470998308e-05 1.1138455462618275e-05
2.8695517470998308e-05 1.1138455462618275e-05
2.8695517470998308e-05 1.1138455462618275e-05
2.8695517470998308e-05 1.1138455462618275e-05
2.8695517470998308e-05 1.1138455462618275e-05
2.8695517470998308e-05 1.1138455462618275e-05
2.8695517470998308e-05 1.1138455462618275e-05
2.8695517470998308e-05 1.1138455462618275e-05
2.8695517470998308e-05 1.1138455462618275e-05
2.8695517470998308e-05 1.1138455462618275e-05
2.8695517470998308e-05 1.1138455462618275e-05
2.8695517470998308e-05 1.1138455462618275e-05
2.8695517470998308e-05 1.1138455462618275e-05
2.8695517470998308e-05 1.1138455462618275e-05
2.8695517470998308e-05 1.1138455462618275e-05
2.8695517470998308e-05 1.1138455462618275e-05
2.8695517470998308e-05 1.1138455462618275e-05
2.8695517470998308e-05 1.1138455462618275e-05
2.8695517470998308e-05 1.1138455462618275e-05
2.8695517470998308e-05 1.1138455462618275e-05
2.8695517470998308e-05 1.1138455462618275e-05
2.8695517470998308e-05 1.1138455462618275e-05
2.8695517470998308e-05 1.1138455462618275e-05
2.8695517470998308e-05 1.1138455462618275e-05
2.8695517470998308e-05 1.1138455462618275e-05
2.8695517470998308e-05 1.1138455462618275e-05
2.8695517470998308e-05 1.1138455462618275e-05
2.8695517470998308e-05 1.1138455462618275e-05
2.8695517470998308e-05 1.1138455462618275e-05
2.8695517470998308e-05 1.1138455462618275e-05
2.8695517470998308e-05 1.1138455462618275e-05
2.8695517470998308e-05 1.1138455462618275e-05
2.8695517470998308e-05 1.1138455462618275e-05
2.8695517470998308e-05 1.1138455462618275e-05
2.8695517470998308e-05 1.1138455462618275e-05
2.8695517470998308e-05 1.1138455462618275e-05
2.8695517470998308e-05 1.1138455462618275e-05
2.8695517470998308e-05 1.1138455462618275e-05
2.8695517470998308e-05 1.1138455462618275e-05
2.8695517470998308e-05 1.1138455462618275e-05
2.8022236375118704e-05 1.1138361790963713e-05
2.8022236375118704e-05 1.1138361790963713e-05
2.8022236375118704e-05 1.1138361790963713e-05
2.8022236375118704e-05 1.1138361790963713e-05
2.8022236375118704e-05 1.1138361790963713e-05
2.8022236375118704e-05 1.1138361790963713e-05
2.8022236375118704e-05 1.1138361790963713e-05
2.8022236375118704e-05 1.1138361790963713e-05
2.8022236375118704e-05 1.1138361790963713e-05
2.8022236375118704e-05 1.1138361790963713e-05
2.8022236375118704e-05 1.1138361790963713e-05
2.8022236375118704e-05 1.1138361790963713e-05
2.8022236375118704e-05 1.1138361790963713e-05
2.8022236375118704e-05 1.1138361790963713e-05
2.8022236375118704e-05 1.1138361790963713e-05
2.8022236375118704e-05 1.1138361790963713e-05
2.8022236375118704e-05 1.1138361790963713e-05
2.8022236375118704e-05 1.1138361790963713e-05
2.8022236375118704e-05 1.1138361790963713e-05
2.8022236375118704e-05 1.1138361790963713e-05
2.8022236375118704e-05 1.1138361790963713e-05
2.8022236375118704e-05 1.1138361790963713e-05
2.8022236375118704e-05 1.1138361790963713e-05
2.8022236375118704e-05 1.1138361790963713e-05
2.8022236375118704e-05 1.1138361790963713e-05
2.8022236375118704e-05 1.1138361790963713e-05
2.8022236375118704e-05 1.1138361790963713e-05
2.8022236375118704e-05 1.1138361790963713e-05
2.8022236375118704e-05 1.1138361790963713e-05
2.8022236375118704e-05 1.1138361790963713e-05
2.8022236375118704e-05 1.1138361790963713e-05
2.8022236375118704e-05 1.1138361790963713e-05
2.8022236375118704e-05 1.1138361790963713e-05
2.8022236375118704e-05 1.1138361790963713e-05
2.8022236375118704e-05 1.1138361790963713e-05
2.8022236375118704e-05 1.1138361790963713e-05
2.8022236375118704e-05 1.1138361790963713e-05
2.8022236375118704e-05 1.1138361790963713e-05
2.8022236375118704e-05 1.1138361790963713e-05
2.8022236375118704e-05 1.1138361790963713e-05
2.8022236375118704e-05 1.1138361790963713e-05
2.8022236375118704e-05 1.1138361790963713e-05
2.8022236375118704e-05 1.1138361790963713e-05
2.8022236375118704e-05 1.1138361790963713e-05
2.8022236375118704e-05 1.1138361790963713e-05
2.8022236375118704e-05 1.1138361790963713e-05
2.8022236375118704e-05 1.1138361790963713e-05
2.8022236375118704e-05 1.1138361790963713e-05
2.8022236375118704e-05 1.1138361790963713e-05
2.8022236375118704e-05 1.1138361790963713e-05
2.8022236375118704e-05 1.1138361790963713e-05
2.8022236375118704e-05 1.1138361790963713e-05
2.8022236375118704e-05 1.1138361790963713e-05
2.8022236375118704e-05 1.1138361790963713e-05
2.8022236375118704e-05 1.1138361790963713e-05
2.8022236375118704e-05 1.1138361790963713e-05
2.8022236375118704e-05 1.1138361790963713e-05
2.8022236375118704e-05 1.1138361790963713e-05
2.8022236375118704e-05 1.1138361790963713e-05
2.8022236375118704e-05 1.1138361790963713e-05
2.8022236375118704e-05 1.1138361790963713e-05
2.8022236375118704e-05 1.1138361790963713e-05
2.8022236375118704e-05 1.1138361790963713e-05
2.8022236375118704e-05 1.1138361790963713e-05
2.8022236375118704e-05 1.1138361790963713e-05
2.8022236375118704e-05 1.1138361790963713e-05
2.8022236375118704e-05 1.1138361790963713e-05
2.8022236375118704e-05 1.1138361790963713e-05
2.8022236375118704e-05 1.1138361790963713e-05
2.8022236375118704e-05 1.1138361790963713e-05
2.8022236375118704e-05 1.1138361790963713e-05
2.8022236375118704e-05 1.1138361790963713e-05
2.8022236375118704e-05 1.1138361790963713e-05
2.8022236375118704e-05 1.1138361790963713e-05
2.8022236375118704e-05 1.1138361790963713e-05
2.8022236375118704e-05 1.1138361790963713e-05
2.8022236375118704e-05 1.1138361790963713e-05
2.8022236375118704e-05 1.1138361790963713e-05
2.8022236375118704e-05 1.1138361790963713e-05
2.8022236375118704e-05 1.1138361790963713e-05
2.8022236375118704e-05 1.1138361790963713e-05
2.8022236375118704e-05 1.1138361790963713e-05
2.8022236375118704e-05 1.1138361790963713e-05
2.8022236375118704e-05 1.1138361790963713e-05
2.8022236375118704e-05 1.1138361790963713e-05
2.8022236375118704e-05 1.1138361790963713e-05
2.8022236375118704e-05 1.1138361790963713e-05
2.8022236375118704e-05 1.1138361790963713e-05
2.8022236375118704e-05 1.1138361790963713e-05
2.8022236375118704e-05 1.1138361790963713e-05
2.8022236375118704e-05 1.1138361790963713e-05
2.8022236375118704e-05 1.1138361790963713e-05
2.8022236375118704e-05 1.1138361790963713e-05
2.8022236375118704e-05 1.1138361790963713e-05
2.8022236375118704e-05 1.1138361790963713e-05
2.8022236375118704e-05 1.1138361790963713e-05
2.8022236375118704e-05 1.1138361790963713e-05
2.8022236375118704e-05 1.1138361790963713e-05
2.8022236375118704e-05 1.1138361790963713e-05
2.8022236375118704e-05 1.1138361790963713e-05
2.8022236375118704e-05 1.1138361790963713e-05
2.8022236375118704e-05 1.1138361790963713e-05
2.8022236375118704e-05 1.1138361790963713e-05
2.8022236375118704e-05 1.1138361790963713e-05
2.8022236375118704e-05 1.1138361790963713e-05
2.8022236375118704e-05 1.1138361790963713e-05
2.8022236375118704e-05 1.1138361790963713e-05
2.8022236375118704e-05 1.1138361790963713e-05
2.8022236375118704e-05 1.1138361790963713e-05
2.8022236375118704e-05 1.1138361790963713e-05
2.8022236375118704e-05 1.1138361790963713e-05
2.8022236375118704e-05 1.1138361790963713e-05
2.8022236375118704e-05 1.1138361790963713e-05
2.8022236375118704e-05 1.1138361790963713e-05
2.8022236375118704e-05 1.1138361790963713e-05
2.8022236375118704e-05 1.1138361790963713e-05
2.8022236375118704e-05 1.1138361790963713e-05
2.8022236375118704e-05 1.1138361790963713e-05
2.8022236375118704e-05 1.1138361790963713e-05
2.8022236375118704e-05 1.1138361790963713e-05
2.8022236375118704e-05 1.1138361790963713e-05
2.8022236375118704e-05 1.1138361790963713e-05
2.8022236375118704e-05 1.1138361790963713e-05
2.8022236375118704e-05 1.1138361790963713e-05
2.8022236375118704e-05 1.1138361790963713e-05
2.8022236375118704e-05 1.1138361790963713e-05
2.8022236375118704e-05 1.1138361790963713e-05
2.8022236375118704e-05 1.1138361790963713e-05
2.8022236375118704e-05 1.1138361790963713e-05
2.8022236375118704e-05 1.1138361790963713e-05
2.8022236375118704e-05 1.1138361790963713e-05
2.8022236375118704e-05 1.1138361790963713e-05
2.8022236375118704e-05 1.1138361790963713e-05
2.8022236375118704e-05 1.1138361790963713e-05
2.8022236375118704e-05 1.1138361790963713e-05