4.7238495467100385e-07 2.856130970741794e-06
4.7238495467100385e-07 2.856130970741794e-06
4.627758003158199e-07 2.856130970741794e-06
4.627758003158199e-07 2.856130970741794e-06
4.627758003158199e-07 2.856130970741794e-06
4.627758003158199e-07 2.856130970741794e-06
4.627758003158199e-07 2.856130970741794e-06
4.627758003158199e-07 2.856130970741794e-06
4.87123982513128e-07 2.856130970741794e-06
4.87123982513128e-07 2.856130970741794e-06
4.87123982513128e-07 2.856130970741794e-06
4.87123982513128e-07 2.856130970741794e-06
4.908580711514649e-07 2.856130970741794e-06
5.079072515196783e-07 2.856130970741794e-06
5.079072515196783e-07 2.856130970741794e-06
5.079072515196783e-07 2.856130970741794e-06
4.701951274897439e-07 2.856130970741794e-06
4.701951274897439e-07 2.856130970741794e-06
4.779455321293685e-07 2.856130970741794e-06
4.779455321293685e-07 2.856130970741794e-06
4.760218284569657e-07 2.856130970741794e-06
4.967110210728354e-07 2.856130970741794e-06
4.5093945324627913e-07 2.856130970741794e-06
6.989718233352854e-07 2.856130970741794e-06
4.409574590389655e-07 2.856130970741794e-06
4.409574590389655e-07 2.856130970741794e-06
4.409574590389655e-07 2.856130970741794e-06
5.180498213466988e-07 2.856130970741794e-06
4.667421419866154e-07 2.856130970741794e-06
4.667421419866154e-07 2.856130970741794e-06
4.667421419866154e-07 2.856130970741794e-06
4.878024955211289e-07 2.856130970741794e-06
4.878024955211289e-07 2.856130970741794e-06
5.333639392048077e-07 2.856130970741794e-06
5.333639392048077e-07 2.856130970741794e-06
3.0465397021245806e-07 2.856130970741794e-06
5.712261941483588e-06 2.856130970741794e-06
5.712261941483588e-06 2.856130970741794e-06
5.048327550996686e-07 2.856130970741794e-06
5.040140817536718e-07 2.856130970741794e-06
4.09621927041554e-07 2.856130970741794e-06
6.056505584014815e-07 2.856130970741794e-06
4.926171905917685e-07 2.856130970741794e-06
4.926171905917685e-07 2.856130970741794e-06
5.155898512818528e-07 2.856130970741794e-06
5.155898512818528e-07 2.856130970741794e-06
5.155898512818528e-07 2.856130970741794e-06
4.6663671216918513e-07 2.856130970741794e-06
4.6663671216918513e-07 2.856130970741794e-06
4.085416769223074e-07 2.856130970741794e-06