4.632134800702923e-07 1.003711734254227e-06
5.294444393308438e-07 1.0037116799363445e-06
1.2390715377277427e-06 1.003711773058829e-06
8.370562204541433e-07 1.0037116143778273e-06
1.4846899102913194e-06 1.003711738862008e-06
8.745724892956829e-07 1.0037116092920511e-06
8.745724892956829e-07 1.0037116092920511e-06
1.1377495975875511e-06 1.0037117137755455e-06
8.007793119112921e-07 1.0037118066249842e-06
1.1296418886490592e-06 1.0037116969743345e-06
7.697296445687117e-07 1.0037117515197648e-06
9.466698601976915e-07 1.0037118386094753e-06
1.3067868376495361e-06 1.0037117114750756e-06
8.965457349438832e-07 1.0037117024127817e-06
6.050507124489147e-07 1.0037117313595724e-06
1.1239126810819137e-06 1.0037117665312484e-06
2.51042595410869e-06 1.003711730005506e-06
2.51042595410869e-06 1.003711730005506e-06
2.51042595410869e-06 1.003711730005506e-06
2.51042595410869e-06 1.003711730005506e-06
2.51042595410869e-06 1.003711730005506e-06
2.51042595410869e-06 1.003711730005506e-06
2.51042595410869e-06 1.003711730005506e-06
2.51042595410869e-06 1.003711730005506e-06
2.51042595410869e-06 1.003711730005506e-06
4.6984166820361374e-07 1.0037117697418334e-06
8.024455782626241e-07 1.003711724377472e-06
8.024455782626241e-07 1.003711724377472e-06
8.024455782626241e-07 1.003711724377472e-06
8.024455782626241e-07 1.003711724377472e-06
8.216120367820862e-07 1.003711738651302e-06
7.16354937531469e-07 1.003711752300861e-06
7.16354937531469e-07 1.003711752300861e-06
7.16354937531469e-07 1.003711752300861e-06
7.16354937531469e-07 1.003711752300861e-06
7.16354937531469e-07 1.003711752300861e-06
7.16354937531469e-07 1.003711752300861e-06
7.373707885440782e-07 1.003711771323112e-06
1.0705060623376067e-06 1.003711857851301e-06
1.1227206826690634e-06 1.0037117274804889e-06
1.0442388586831533e-06 1.003711600506938e-06
6.604430882958511e-07 1.0037116705682179e-06
6.604430882958511e-07 1.0037116705682179e-06
6.604430882958511e-07 1.0037116705682179e-06
6.604430882958511e-07 1.0037116705682179e-06
6.604430882958511e-07 1.0037116705682179e-06
6.604430882958511e-07 1.0037116705682179e-06
9.650410150874423e-07 1.0037117790399718e-06
1.030739056350278e-06 1.003711825769094e-06
2.8075726117204335e-07 1.0037117155511466e-06