1.0350579025328034e-06 2.151861141086615e-06
9.6648279693322e-07 2.1518611739946905e-06
9.389584625390255e-07 2.1518612433066948e-06
1.0736655075376522e-06 2.1518612104798516e-06
8.607167819789398e-07 2.1518611532431663e-06
8.177174059754934e-07 2.151861225030533e-06
1.253899308234338e-06 2.1518610679629613e-06
9.783344350777857e-07 2.1518611874593337e-06
1.3280079059922455e-06 2.151861242495291e-06
1.032538937562732e-06 2.1518611492385923e-06
8.497412073324736e-07 2.1518611582899542e-06
8.127845369375122e-07 2.1518610884698847e-06
1.032538937562732e-06 2.1518610448433787e-06
8.759332329517893e-07 2.151861117073399e-06
1.032538937562732e-06 2.1518611492385923e-06
1.0130292285488602e-06 2.1518610209452533e-06
7.923060557869104e-07 2.151861106819569e-06
9.10564031596986e-07 2.1518612044947257e-06
9.10564031596986e-07 2.1518612044947257e-06
9.10564031596986e-07 2.1518612044947257e-06
9.10564031596986e-07 2.1518612044947257e-06
9.10564031596986e-07 2.1518612044947257e-06
9.10564031596986e-07 2.1518612044947257e-06
9.10564031596986e-07 2.1518612044947257e-06
9.10564031596986e-07 2.1518612044947257e-06
7.690944628137078e-07 2.1518612709355373e-06
9.6648279693322e-07 2.1518610163507675e-06
8.849441684300122e-07 2.151861116528126e-06
9.167381535040842e-07 2.1518611651359684e-06
8.902747803191446e-07 2.15186109898602e-06
8.881579966499534e-07 2.151861331709885e-06
7.811706312951853e-07 2.151860934335337e-06
7.811706312951853e-07 2.151860934335337e-06
8.21371981978472e-07 2.1518611619665156e-06
9.324793851394195e-07 2.1518610765231813e-06
9.415606673249659e-07 2.1518612721281576e-06
9.927899402301007e-07 2.151861139887597e-06
8.88780054873786e-07 2.151861227230963e-06
9.6648279693322e-07 2.1518611739946905e-06
8.805314900146664e-07 2.15186112246613e-06
7.923060557869104e-07 2.151861106819569e-06
8.584845727800025e-07 2.1518611114645465e-06
8.759332329517893e-07 2.1518611576035547e-06
1.4374983108492941e-06 2.1518610644480096e-06
8.881579966499534e-07 2.151861331709885e-06
8.815072738663591e-07 2.151860822602202e-06
1.032538937562732e-06 2.151861077717952e-06
9.389048226963168e-07 2.151860867904932e-06
4.7566059346901765e-07 2.151861184856509e-06
4.7566059346901765e-07 2.151861184856509e-06