0.4174163783437085 0.4161559077152176
0.4174163783437085 0.4161559077152176
0.4174163783437085 0.4161559077152176
0.4174163783437085 0.4161559077152176
0.4174163783437085 0.4161559077152176
0.4174163783437085 0.4161559077152176
0.4174163783437085 0.4161559077152176
0.4174163783437085 0.4161559077152176
0.4174163783437085 0.4161559077152176
0.4174163783437085 0.4161559077152176
0.4174163783437085 0.4161559077152176
0.4174163783437085 0.4161559077152176
0.4174163783437085 0.4161559077152176
0.4174163783437085 0.4161559077152176
0.4174163783437085 0.4161559077152176
0.4174163783437085 0.4161559077152176
0.4174163783437085 0.4161559077152176
0.4174163783437085 0.4161559077152176
0.4174163783437085 0.4161559077152176
0.4174163783437085 0.4161559077152176
0.4174163783437085 0.4161559077152176
0.4174163783437085 0.4161559077152176
0.4174163783437085 0.4161559077152176
0.4174163783437085 0.4161559077152176
0.4174163783437085 0.4161559077152176
0.4174163783437085 0.4161559077152176
0.4174163783437085 0.4161559077152176
0.4174163783437085 0.4161559077152176
0.230727552860942 0.23106444620996183
0.230727552860942 0.23106444620996183
0.230727552860942 0.23106444620996183
0.230727552860942 0.23106444620996183
0.230727552860942 0.23106444620996183
0.230727552860942 0.23106444620996183
0.230727552860942 0.23106444620996183
0.230727552860942 0.23106444620996183
0.230727552860942 0.23106444620996183
0.230727552860942 0.23106444620996183
0.230727552860942 0.23106444620996183
0.230727552860942 0.23106444620996183
0.230727552860942 0.23106444620996183
0.230727552860942 0.23106444620996183
0.230727552860942 0.23106444620996183
0.230727552860942 0.23106444620996183
0.230727552860942 0.23106444620996183
0.230727552860942 0.23106444620996183
0.230727552860942 0.23106444620996183
0.230727552860942 0.23106444620996183
0.230727552860942 0.23106444620996183
0.230727552860942 0.23106444620996183