3.854538165782863e-06 2.1288607627782562e-06
3.854538165782863e-06 2.1288607627782562e-06
3.854538165782863e-06 2.1288607627782562e-06
5.626031744816593e-06 2.128862640649196e-06
5.626031744816593e-06 2.128862640649196e-06
5.626031744816593e-06 2.128862640649196e-06
5.626031744816593e-06 2.128862640649196e-06
1.94977327896586e-05 2.128890672701032e-06
4.149501744556554e-06 2.128865770485445e-06
4.149501744556554e-06 2.128865770485445e-06
1.6416728489112773e-06 2.1288552523113455e-06
4.511852394932353e-06 2.1288544135364973e-06
4.511852394932353e-06 2.1288544135364973e-06
4.511852394932353e-06 2.1288544135364973e-06
4.511852394932353e-06 2.1288544135364973e-06
4.511852394932353e-06 2.1288544135364973e-06
4.511852394932353e-06 2.1288544135364973e-06
1.6326038569359954e-06 2.1288026491892844e-06
1.6326038569359954e-06 2.1288026491892844e-06
4.149501744556554e-06 2.128865770485445e-06
4.149501744556554e-06 2.128865770485445e-06
1.6110471244540355e-05 2.128855587837293e-06
3.825626820939159e-06 2.1288570415417127e-06
5.626031744816593e-06 2.128862640649196e-06
5.626031744816593e-06 2.128862640649196e-06
5.626031744816593e-06 2.128862640649196e-06
5.377606864776856e-06 2.128855468569044e-06
1.6416728489112773e-06 2.1288552523113455e-06
1.6416728489112773e-06 2.1288552523113455e-06
1.6416728489112773e-06 2.1288552523113455e-06
1.6416728489112773e-06 2.1288552523113455e-06
1.6416728489112773e-06 2.1288552523113455e-06
3.854538165782863e-06 2.1288607627782562e-06
3.854538165782863e-06 2.1288607627782562e-06
1.8813995504976549e-06 2.1288564972612124e-06
1.8813995504976549e-06 2.1288564972612124e-06
1.8813995504976549e-06 2.1288564972612124e-06
1.8813995504976549e-06 2.1288564972612124e-06
1.8813995504976549e-06 2.1288564972612124e-06
1.6110471244540355e-05 2.128855587837293e-06
1.6110471244540355e-05 2.128855587837293e-06
4.511852394932353e-06 2.1288544135364973e-06
4.511852394932353e-06 2.1288544135364973e-06
4.511852394932353e-06 2.1288544135364973e-06
4.511852394932353e-06 2.1288544135364973e-06
4.511852394932353e-06 2.1288544135364973e-06
4.511852394932353e-06 2.1288544135364973e-06
3.958099476779348e-06 2.1288490349025175e-06
5.377606864776856e-06 2.128855468569044e-06
5.377606864776856e-06 2.128855468569044e-06