0.8095215305705942 0.8104897655036245
0.8095215305705942 0.8104897655036245
0.6917785463186505 0.6912730707286127
0.6917785463186505 0.6912730707286127
0.7527781381411788 0.7528030559519553
0.15491205199358307 0.15336912532946884
0.15491205199358307 0.15336912532946884
0.7171761238328181 0.7174094811083442
0.6211923212008644 0.6191648815494291
0.6211923212008644 0.6191648815494291
0.6211923212008644 0.6191648815494291
0.6725103547347004 0.6709484430718994
0.523219839956461 0.5241334930182667
0.523219839956461 0.5241334930182667
0.523219839956461 0.5241334930182667
0.7008913456883485 0.7004183028044008
0.9199390739750474 0.917910447761194
0.5463934039786229 0.5458467942247635
0.5463934039786229 0.5458467942247635
0.21095853676286788 0.20895126867253724
0.6619202851546803 0.6606028053499726
0.6619202851546803 0.6606028053499726
0.09162199918364505 0.0897195441068982
0.09162199918364505 0.0897195441068982
0.4006309347896937 0.40084491154572693
0.8631513832153627 0.8634757102762634
0.7701830312081737 0.7690391850372897
0.3577450093184702 0.35873025164615757
0.3577450093184702 0.35873025164615757
0.31045456415189265 0.31221542278009995
0.026635162116067954 0.02600311986811754
0.6356323903062596 0.6334443692075978
0.6356323903062596 0.6334443692075978
0.6356323903062596 0.6334443692075978
0.8149097105104117 0.8158348336755906
0.4716656805014571 0.47240649097105103
0.4716656805014571 0.47240649097105103
0.4716656805014571 0.47240649097105103
0.4716656805014571 0.47240649097105103
0.4716656805014571 0.47240649097105103
0.49847289416812485 0.4992200329706144
0.49847289416812485 0.4992200329706144
0.49847289416812485 0.4992200329706144
0.5873602624992486 0.5843392745832002
0.5873602624992486 0.5843392745832002
0.5873602624992486 0.5843392745832002
0.6057848082040508 0.6020186590895428
0.7586199804454513 0.7577818718575872
0.26186048240881665 0.26193325823711633
0.26186048240881665 0.26193325823711633