0.0001284195394241657 1.4871591995100944e-05
0.0001284195394241657 1.4871591995100944e-05
0.0001284195394241657 1.4871591995100944e-05
0.0001284195394241657 1.4871591995100944e-05
0.0001284195394241657 1.4871591995100944e-05
0.0001284195394241657 1.4871591995100944e-05
0.0001284195394241657 1.4871591995100944e-05
0.0001284195394241657 1.4871591995100944e-05
0.0001284195394241657 1.4871591995100944e-05
0.0001284195394241657 1.4871591995100944e-05
0.0001284195394241657 1.4871591995100944e-05
0.0001284195394241657 1.4871591995100944e-05
0.0001284195394241657 1.4871591995100944e-05
0.0001284195394241657 1.4871591995100944e-05
0.0001284195394241657 1.4871591995100944e-05
0.0001284195394241657 1.4871591995100944e-05
0.0001284195394241657 1.4871591995100944e-05
0.0001284195394241657 1.4871591995100944e-05
0.0001284195394241657 1.4871591995100944e-05
0.0001284195394241657 1.4871591995100944e-05
0.0001284195394241657 1.4871591995100944e-05
0.0001284195394241657 1.4871591995100944e-05
0.0001284195394241657 1.4871591995100944e-05
0.0001284195394241657 1.4871591995100944e-05
0.0001284195394241657 1.4871591995100944e-05
0.0001284195394241657 1.4871591995100944e-05
0.0001284195394241657 1.4871591995100944e-05
0.0001284195394241657 1.4871591995100944e-05
0.0001284195394241657 1.4871591995100944e-05
0.0001284195394241657 1.4871591995100944e-05
0.0001284195394241657 1.4871591995100944e-05
0.0001284195394241657 1.4871591995100944e-05
0.0001284195394241657 1.4871591995100944e-05
0.0001284195394241657 1.4871591995100944e-05
0.0001284195394241657 1.4871591995100944e-05
0.0001284195394241657 1.4871591995100944e-05
0.0001284195394241657 1.4871591995100944e-05
0.0001284195394241657 1.4871591995100944e-05
0.0001284195394241657 1.4871591995100944e-05
0.0001284195394241657 1.4871591995100944e-05
0.0001284195394241657 1.4871591995100944e-05
0.0001284195394241657 1.4871591995100944e-05
0.0001284195394241657 1.4871591995100944e-05
0.0001284195394241657 1.4871591995100944e-05
0.0001284195394241657 1.4871591995100944e-05
0.0001284195394241657 1.4871591995100944e-05
0.0001284195394241657 1.4871591995100944e-05
0.0001284195394241657 1.4871591995100944e-05
0.0001284195394241657 1.4871591995100944e-05
0.0001284195394241657 1.4871591995100944e-05