2.3811017168168572e-06 5.172367829626693e-06
2.3811017168168572e-06 5.172367829626693e-06
2.3811017168168572e-06 5.172367829626693e-06
2.3811017168168572e-06 5.172367829626693e-06
2.3811017168168572e-06 5.172367829626693e-06
2.3811017168168572e-06 5.172367829626693e-06
2.3811017168168572e-06 5.172367829626693e-06
1.2463179825040484e-06 5.172372931465357e-06
1.4425770025064596e-06 5.172370838479712e-06
1.2463179825040484e-06 5.172366785151106e-06
1.6631458497850987e-06 5.172367815597154e-06
1.9073855156884428e-06 5.172367715577946e-06
7.010526889396336e-07 5.172370859205144e-06
1.2530041691656924e-06 5.172368988154699e-06
1.3182431673253717e-06 5.172365426353068e-06
8.941041148905353e-07 5.172371113311967e-06
8.383836186872057e-07 5.172371244575681e-06
2.5423654900100733e-06 5.172372603827849e-06
2.5423654900100733e-06 5.172372603827849e-06
1.6631458497850987e-06 5.172367820433346e-06
1.2306586393564343e-06 5.17237111871797e-06
1.2306586393564343e-06 5.17237111871797e-06
9.563338453615347e-07 5.172369545087916e-06
1.2463179825040484e-06 5.172366785151106e-06
1.1808054794676342e-06 5.172368939206683e-06
1.6631458497850987e-06 5.172367810589992e-06
3.0024697276877116e-06 5.172362445897297e-06
1.3580078794390113e-06 5.172368042344669e-06
1.567282218121557e-06 5.172368043238671e-06
7.240218563625078e-07 5.172371907663937e-06
1.146554953963123e-06 5.1723686410578454e-06
6.568929910900685e-07 5.17237035376003e-06
1.4952292217492541e-06 5.172377208865095e-06
1.3580078794390113e-06 5.172368041421467e-06
1.9073855156884428e-06 5.172367561946783e-06
8.312923189936266e-07 5.1723709089664745e-06
9.378141430421183e-07 5.1723707202632455e-06
1.567282218121557e-06 5.172369133066939e-06
9.378141430421183e-07 5.1723707202632455e-06
9.61094114843667e-07 5.172368360106009e-06
1.567282218121557e-06 5.172370365558498e-06
1.6631458497850987e-06 5.172367820433346e-06
1.6631458497850987e-06 5.172367815597154e-06
1.6631458497850987e-06 5.172367815597154e-06
1.6631458497850987e-06 5.172367820433346e-06
1.2463179825040484e-06 5.172366785151106e-06
1.170649072152173e-06 5.1723700163246714e-06
1.5395576832353087e-06 5.172370449413652e-06
1.893973206036139e-06 5.1723674297170135e-06
1.1480538749410786e-06 5.172363814273313e-06