0.19128043907309616 0.17799504368048064
0.19128043907309616 0.17799504368048064
0.0990564337818329 0.09769545981628971
0.1888022793134077 0.21549814403005166
0.22410280653182707 0.2591086680474263
0.24789653206026444 0.29227657874039953
0.39773298199571355 0.413810281925121
0.15590995524897133 0.1596112956599346
0.08792061409180427 0.0813425732583455
0.13521975913728665 0.12925012878375142
0.1585025894543597 0.15409320339777113
0.15520614939763122 0.1517464772609233
0.15520614939763122 0.1517464772609233
0.21178196433909027 0.24796436876882733
0.14602487487307117 0.14611179065591737
0.05505160889593637 0.05406161693034654
0.24789653206026444 0.29227657874039953
0.0947085247423795 0.08710869348619205
0.09339630841111589 0.09290661217117746
0.22606371138872342 0.24242507753523798
0.1852705306738517 0.18972231467329206
0.1852705306738517 0.18972231467329206
0.1852705306738517 0.18972231467329206
0.1429595036048851 0.13351536183464377
0.30261743700195665 0.29749788540260025
0.1852705306738517 0.18972231467329206
0.34081162382001223 0.3686140748450885
0.18388411794259743 0.2066836117111598
0.21178196433909027 0.24796436876882733
0.3576478469264671 0.39959425168690815
0.2254553009087999 0.23332859889638155
0.06505116371753643 0.06706294610585495
0.14975589384403068 0.1493234348269422
0.05315642085046034 0.0491328560738233
0.1475109227700272 0.13597232262290634
0.19270712985005967 0.20172729219178284
0.19270712985005967 0.20172729219178284
0.08325260058381967 0.08584311489206543
0.17719372256058136 0.1934024561128294
0.19363352490137178 0.1837548042168994
0.21781095181261806 0.23792877569580323
0.33408095039228697 0.3501730896016925
0.22410280653182707 0.2591086680474263
0.10071419334733879 0.10026265525596698
0.13282215546901666 0.12676772922977778
0.13282215546901666 0.12676772922977778
0.13282215546901666 0.12676772922977778
0.13282215546901666 0.12676772922977778
0.17116473508705357 0.1918400919187401
0.30261743700195665 0.29749788540260025