0.0011800671989386606 0.010637062705975867
0.0011800671989386606 0.010637062705975867
0.0011800671989386606 0.010637062705975867
0.0011800671989386606 0.010637062705975867
0.0011800671989386606 0.010637062705975867
0.0011800671989386606 0.010637062705975867
0.0011800671989386606 0.010637062705975867
0.0011800671989386606 0.010637062705975867
0.24101826862464687 0.010638504267984765
0.24101826862464687 0.010638504267984765
0.24101826862464687 0.010638504267984765
0.24101826862464687 0.010638504267984765
0.24101826862464687 0.010638504267984765
0.24101826862464687 0.010638504267984765
0.24101826862464687 0.010638504267984765
0.24101826862464687 0.010638504267984765
0.24101826862464687 0.010638504267984765
0.24101826862464687 0.010638504267984765
0.24101826862464687 0.010638504267984765
0.24101826862464687 0.010638504267984765
0.24101826862464687 0.010638504267984765
0.24101826862464687 0.010638504267984765
0.24101826862464687 0.010638504267984765
0.24101826862464687 0.010638504267984765
0.24101826862464687 0.010638504267984765
0.24101826862464687 0.010638504267984765
0.24101826862464687 0.010638504267984765
0.24101826862464687 0.010638504267984765
0.24101826862464687 0.010638504267984765
0.24101826862464687 0.010638504267984765
0.24101826862464687 0.010638504267984765
0.24101826862464687 0.010638504267984765
0.24101826862464687 0.010638504267984765
0.24101826862464687 0.010638504267984765
0.24101826862464687 0.010638504267984765
0.24101826862464687 0.010638504267984765
0.24101826862464687 0.010638504267984765
0.24101826862464687 0.010638504267984765
0.24101826862464687 0.010638504267984765
0.24101826862464687 0.010638504267984765
0.24101826862464687 0.010638504267984765
0.24101826862464687 0.010638504267984765
0.24101826862464687 0.010638504267984765
0.24101826862464687 0.010638504267984765
0.24101826862464687 0.010638504267984765
0.24101826862464687 0.010638504267984765
0.24101826862464687 0.010638504267984765
0.24101826862464687 0.010638504267984765
0.24101826862464687 0.010638504267984765
0.24101826862464687 0.010638504267984765
0.24101826862464687 0.010638504267984765
0.24101826862464687 0.010638504267984765
0.24101826862464687 0.010638504267984765
0.24101826862464687 0.010638504267984765
0.24101826862464687 0.010638504267984765
0.24101826862464687 0.010638504267984765
0.24101826862464687 0.010638504267984765
0.24101826862464687 0.010638504267984765
0.24101826862464687 0.010638504267984765
0.24101826862464687 0.010638504267984765
0.24101826862464687 0.010638504267984765
0.24101826862464687 0.010638504267984765
0.24101826862464687 0.010638504267984765
0.24101826862464687 0.010638504267984765
0.24101826862464687 0.010638504267984765
0.24101826862464687 0.010638504267984765
0.24101826862464687 0.010638504267984765
0.24101826862464687 0.010638504267984765
0.24101826862464687 0.010638504267984765
0.24101826862464687 0.010638504267984765
0.24101826862464687 0.010638504267984765
0.24101826862464687 0.010638504267984765
0.31547930916799255 0.010637062705975867
0.31547930916799255 0.010637062705975867
0.31547930916799255 0.010637062705975867
0.31547930916799255 0.010637062705975867
0.31547930916799255 0.010637062705975867
0.31547930916799255 0.010637062705975867
0.31547930916799255 0.010637062705975867
0.31547930916799255 0.010637062705975867
0.31547930916799255 0.010637062705975867
0.31547930916799255 0.010637062705975867
0.31547930916799255 0.010637062705975867
0.31547930916799255 0.010637062705975867
0.31547930916799255 0.010637062705975867
0.31547930916799255 0.010637062705975867
0.31547930916799255 0.010637062705975867
0.31547930916799255 0.010637062705975867
0.31547930916799255 0.010637062705975867
0.31547930916799255 0.010637062705975867
0.31547930916799255 0.010637062705975867
0.31547930916799255 0.010637062705975867
0.31547930916799255 0.010637062705975867
0.31547930916799255 0.010637062705975867
0.31547930916799255 0.010637062705975867
0.31547930916799255 0.010637062705975867
0.31547930916799255 0.010637062705975867
0.31547930916799255 0.010637062705975867
0.31547930916799255 0.010637062705975867
0.31547930916799255 0.010637062705975867
0.31547930916799255 0.010637062705975867
0.31547930916799255 0.010637062705975867
0.31547930916799255 0.010637062705975867
0.31547930916799255 0.010637062705975867
0.20946914688869286 0.01063809247996911
0.20946914688869286 0.01063809247996911
0.20946914688869286 0.01063809247996911
0.20946914688869286 0.01063809247996911
0.20946914688869286 0.01063809247996911
0.20946914688869286 0.01063809247996911
0.20946914688869286 0.01063809247996911
0.20946914688869286 0.01063809247996911
0.20946914688869286 0.01063809247996911
0.20946914688869286 0.01063809247996911
0.20946914688869286 0.01063809247996911
0.20946914688869286 0.01063809247996911
0.20946914688869286 0.01063809247996911
0.20946914688869286 0.01063809247996911
0.20946914688869286 0.01063809247996911
0.20946914688869286 0.01063809247996911
0.20946914688869286 0.01063809247996911
0.20946914688869286 0.01063809247996911
0.20946914688869286 0.01063809247996911
0.20946914688869286 0.01063809247996911
0.20946914688869286 0.01063809247996911
0.20946914688869286 0.01063809247996911
0.20946914688869286 0.01063809247996911
0.20946914688869286 0.01063809247996911
0.20946914688869286 0.01063809247996911
0.20946914688869286 0.01063809247996911
0.20946914688869286 0.01063809247996911
0.20946914688869286 0.01063809247996911
0.20946914688869286 0.01063809247996911
0.20946914688869286 0.01063809247996911
0.20946914688869286 0.01063809247996911
0.20946914688869286 0.01063809247996911
0.2435976159777818 0.010638150474823414
0.2435976159777818 0.010638150474823414
0.2435976159777818 0.010638150474823414
0.2435976159777818 0.010638150474823414
0.2435976159777818 0.010638150474823414
0.2435976159777818 0.010638150474823414
0.2435976159777818 0.010638150474823414
0.2435976159777818 0.010638150474823414
0.2435976159777818 0.010638150474823414
0.2435976159777818 0.010638150474823414
0.2435976159777818 0.010638150474823414
0.2435976159777818 0.010638150474823414
0.2435976159777818 0.010638150474823414
0.2435976159777818 0.010638150474823414
0.2435976159777818 0.010638150474823414
0.2435976159777818 0.010638150474823414
0.2435976159777818 0.010638150474823414
0.2435976159777818 0.010638150474823414
0.2435976159777818 0.010638150474823414
0.2435976159777818 0.010638150474823414
0.2435976159777818 0.010638150474823414
0.2435976159777818 0.010638150474823414
0.2435976159777818 0.010638150474823414
0.2435976159777818 0.010638150474823414
0.2435976159777818 0.010638150474823414
0.2435976159777818 0.010638150474823414
0.2435976159777818 0.010638150474823414
0.2435976159777818 0.010638150474823414
0.2435976159777818 0.010638150474823414
0.2435976159777818 0.010638150474823414
0.2435976159777818 0.010638150474823414
0.2435976159777818 0.010638150474823414
0.2435976159777818 0.010638150474823414
0.2435976159777818 0.010638150474823414
0.2435976159777818 0.010638150474823414
0.2435976159777818 0.010638150474823414
0.2435976159777818 0.010638150474823414
0.2435976159777818 0.010638150474823414
0.2435976159777818 0.010638150474823414
0.2435976159777818 0.010638150474823414
0.2435976159777818 0.010638150474823414
0.2435976159777818 0.010638150474823414
0.2435976159777818 0.010638150474823414
0.2435976159777818 0.010638150474823414
0.2435976159777818 0.010638150474823414
0.2435976159777818 0.010638150474823414
0.2435976159777818 0.010638150474823414
0.2435976159777818 0.010638150474823414
0.2435976159777818 0.010638150474823414
0.2435976159777818 0.010638150474823414
0.2435976159777818 0.010638150474823414
0.2435976159777818 0.010638150474823414
0.2435976159777818 0.010638150474823414
0.2435976159777818 0.010638150474823414
0.2435976159777818 0.010638150474823414
0.2435976159777818 0.010638150474823414
0.2435976159777818 0.010638150474823414
0.2435976159777818 0.010638150474823414
0.2435976159777818 0.010638150474823414
0.2435976159777818 0.010638150474823414
0.2435976159777818 0.010638150474823414
0.2435976159777818 0.010638150474823414
0.2435976159777818 0.010638150474823414
0.2435976159777818 0.010638150474823414
0.08460818275958902 0.010638150474823414
0.08460818275958902 0.010638150474823414
0.08460818275958902 0.010638150474823414
0.08460818275958902 0.010638150474823414
0.08460818275958902 0.010638150474823414
0.08460818275958902 0.010638150474823414
0.08460818275958902 0.010638150474823414
0.08460818275958902 0.010638150474823414
0.08460818275958902 0.010638150474823414
0.08460818275958902 0.010638150474823414
0.07651414333870732 0.010638309220330232
0.07651414333870732 0.010638309220330232
0.07651414333870732 0.010638309220330232
0.07651414333870732 0.010638309220330232
0.07651414333870732 0.010638309220330232
0.07651414333870732 0.010638309220330232
0.07651414333870732 0.010638309220330232
0.07651414333870732 0.010638309220330232
0.07651414333870732 0.010638309220330232
0.07651414333870732 0.010638309220330232
0.050474980232123476 0.010638504267984765
0.050474980232123476 0.010638504267984765
0.050474980232123476 0.010638504267984765
0.050474980232123476 0.010638504267984765
0.050474980232123476 0.010638504267984765
0.050474980232123476 0.010638504267984765
0.050474980232123476 0.010638504267984765
0.050474980232123476 0.010638504267984765
0.050474980232123476 0.010638504267984765
0.050474980232123476 0.010638504267984765
0.050474980232123476 0.010638504267984765
0.050474980232123476 0.010638504267984765
0.050474980232123476 0.010638504267984765
0.050474980232123476 0.010638504267984765
0.050474980232123476 0.010638504267984765
0.050474980232123476 0.010638504267984765
0.050474980232123476 0.010638504267984765
0.050474980232123476 0.010638504267984765
0.050474980232123476 0.010638504267984765
0.050474980232123476 0.010638504267984765
0.024736914635612835 0.010638211776892946
0.024736914635612835 0.010638211776892946
0.024736914635612835 0.010638211776892946
0.024736914635612835 0.010638211776892946
0.024736914635612835 0.010638211776892946
0.024736914635612835 0.010638211776892946
0.024736914635612835 0.010638211776892946
0.024736914635612835 0.010638211776892946
0.3837332745184532 0.010638146931916176
0.3837332745184532 0.010638146931916176
0.3837332745184532 0.010638146931916176
0.3837332745184532 0.010638146931916176
0.3837332745184532 0.010638146931916176
0.3837332745184532 0.010638146931916176
0.3837332745184532 0.010638146931916176
0.3837332745184532 0.010638146931916176
0.3837332745184532 0.010638146931916176
0.3837332745184532 0.010638146931916176
0.3837332745184532 0.010638146931916176
0.3837332745184532 0.010638146931916176
0.3837332745184532 0.010638146931916176
0.3837332745184532 0.010638146931916176
0.3837332745184532 0.010638146931916176
0.3837332745184532 0.010638146931916176
0.3837332745184532 0.010638146931916176
0.3837332745184532 0.010638146931916176
0.3837332745184532 0.010638146931916176
0.3837332745184532 0.010638146931916176
0.3837332745184532 0.010638146931916176
0.3837332745184532 0.010638146931916176
0.3837332745184532 0.010638146931916176
0.3837332745184532 0.010638146931916176
0.3837332745184532 0.010638146931916176
0.3837332745184532 0.010638146931916176
0.3837332745184532 0.010638146931916176
0.3837332745184532 0.010638146931916176
0.3837332745184532 0.010638146931916176
0.3837332745184532 0.010638146931916176
0.3837332745184532 0.010638146931916176
0.3837332745184532 0.010638146931916176
0.2877480944340458 0.01063839170399491
0.2877480944340458 0.01063839170399491
0.2877480944340458 0.01063839170399491
0.2877480944340458 0.01063839170399491
0.2877480944340458 0.01063839170399491
0.2877480944340458 0.01063839170399491
0.2877480944340458 0.01063839170399491
0.2877480944340458 0.01063839170399491
0.2877480944340458 0.01063839170399491
0.2877480944340458 0.01063839170399491
0.2877480944340458 0.01063839170399491
0.2877480944340458 0.01063839170399491
0.2877480944340458 0.01063839170399491
0.2877480944340458 0.01063839170399491
0.2877480944340458 0.01063839170399491
0.2877480944340458 0.01063839170399491
0.2877480944340458 0.01063839170399491
0.2877480944340458 0.01063839170399491
0.2877480944340458 0.01063839170399491
0.2877480944340458 0.01063839170399491
0.2877480944340458 0.01063839170399491
0.2877480944340458 0.01063839170399491
0.2877480944340458 0.01063839170399491
0.2877480944340458 0.01063839170399491
0.2877480944340458 0.01063839170399491
0.2877480944340458 0.01063839170399491
0.2877480944340458 0.01063839170399491
0.2877480944340458 0.01063839170399491
0.2877480944340458 0.01063839170399491
0.2877480944340458 0.01063839170399491
0.2877480944340458 0.01063839170399491
0.2877480944340458 0.01063839170399491
0.08751851078205647 0.01063821180459396
0.08751851078205647 0.01063821180459396
0.08751851078205647 0.01063821180459396
0.08751851078205647 0.01063821180459396
0.08751851078205647 0.01063821180459396
0.08751851078205647 0.01063821180459396
0.08751851078205647 0.01063821180459396
0.08751851078205647 0.01063821180459396
0.08751851078205647 0.01063821180459396
0.08751851078205647 0.01063821180459396
0.0256957062813674 0.010638617288834883
0.0256957062813674 0.010638617288834883
0.0256957062813674 0.010638617288834883
0.0256957062813674 0.010638617288834883
0.0256957062813674 0.010638617288834883
0.0256957062813674 0.010638617288834883
0.0256957062813674 0.010638617288834883
0.0256957062813674 0.010638617288834883
0.0256957062813674 0.010638617288834883
0.0256957062813674 0.010638617288834883
0.028960675661323182 0.010638211776892946
0.028960675661323182 0.010638211776892946
0.028960675661323182 0.010638211776892946
0.028960675661323182 0.010638211776892946
0.028960675661323182 0.010638211776892946
0.028960675661323182 0.010638211776892946
0.028960675661323182 0.010638211776892946
0.028960675661323182 0.010638211776892946
0.028960675661323182 0.010638211776892946
0.028960675661323182 0.010638211776892946
0.07595711650858691 0.010638340382936299
0.07595711650858691 0.010638340382936299
0.07595711650858691 0.010638340382936299
0.07595711650858691 0.010638340382936299
0.07595711650858691 0.010638340382936299
0.07595711650858691 0.010638340382936299
0.07595711650858691 0.010638340382936299
0.07595711650858691 0.010638340382936299
0.07595711650858691 0.010638340382936299
0.07595711650858691 0.010638340382936299
0.23201921369814374 0.010637914334265091
0.23201921369814374 0.010637914334265091
0.23201921369814374 0.010637914334265091
0.23201921369814374 0.010637914334265091
0.23201921369814374 0.010637914334265091
0.23201921369814374 0.010637914334265091
0.23201921369814374 0.010637914334265091
0.23201921369814374 0.010637914334265091
0.23201921369814374 0.010637914334265091
0.23201921369814374 0.010637914334265091
0.23201921369814374 0.010637914334265091
0.23201921369814374 0.010637914334265091
0.23201921369814374 0.010637914334265091
0.23201921369814374 0.010637914334265091
0.23201921369814374 0.010637914334265091
0.23201921369814374 0.010637914334265091
0.23201921369814374 0.010637914334265091
0.23201921369814374 0.010637914334265091
0.23201921369814374 0.010637914334265091
0.23201921369814374 0.010637914334265091
0.23201921369814374 0.010637914334265091
0.23201921369814374 0.010637914334265091
0.23201921369814374 0.010637914334265091
0.23201921369814374 0.010637914334265091
0.23201921369814374 0.010637914334265091
0.23201921369814374 0.010637914334265091
0.23201921369814374 0.010637914334265091
0.23201921369814374 0.010637914334265091
0.23201921369814374 0.010637914334265091
0.23201921369814374 0.010637914334265091
0.23201921369814374 0.010637914334265091
0.23201921369814374 0.010637914334265091
0.23201921369814374 0.010637914334265091
0.23201921369814374 0.010637914334265091
0.23201921369814374 0.010637914334265091
0.23201921369814374 0.010637914334265091
0.23201921369814374 0.010637914334265091
0.23201921369814374 0.010637914334265091
0.23201921369814374 0.010637914334265091
0.23201921369814374 0.010637914334265091
0.23201921369814374 0.010637914334265091
0.23201921369814374 0.010637914334265091
0.23201921369814374 0.010637914334265091
0.23201921369814374 0.010637914334265091
0.23201921369814374 0.010637914334265091
0.23201921369814374 0.010637914334265091
0.23201921369814374 0.010637914334265091
0.23201921369814374 0.010637914334265091
0.23201921369814374 0.010637914334265091
0.23201921369814374 0.010637914334265091
0.23201921369814374 0.010637914334265091
0.23201921369814374 0.010637914334265091
0.23201921369814374 0.010637914334265091
0.23201921369814374 0.010637914334265091
0.23201921369814374 0.010637914334265091
0.23201921369814374 0.010637914334265091
0.23201921369814374 0.010637914334265091
0.23201921369814374 0.010637914334265091
0.23201921369814374 0.010637914334265091
0.23201921369814374 0.010637914334265091
0.23201921369814374 0.010637914334265091
0.23201921369814374 0.010637914334265091
0.23201921369814374 0.010637914334265091
0.23201921369814374 0.010637914334265091
0.07899853916614025 0.010638646083395936
0.07899853916614025 0.010638646083395936
0.07899853916614025 0.010638646083395936
0.07899853916614025 0.010638646083395936
0.07899853916614025 0.010638646083395936
0.07899853916614025 0.010638646083395936
0.07899853916614025 0.010638646083395936
0.07899853916614025 0.010638646083395936
0.07899853916614025 0.010638646083395936
0.07899853916614025 0.010638646083395936
0.10720248899735288 0.010638302543909456
0.10720248899735288 0.010638302543909456
0.10720248899735288 0.010638302543909456
0.10720248899735288 0.010638302543909456
0.10720248899735288 0.010638302543909456
0.10720248899735288 0.010638302543909456
0.10720248899735288 0.010638302543909456
0.10720248899735288 0.010638302543909456
0.10720248899735288 0.010638302543909456
0.10720248899735288 0.010638302543909456
0.29824694102300253 0.010638361957314024
0.29824694102300253 0.010638361957314024
0.29824694102300253 0.010638361957314024
0.29824694102300253 0.010638361957314024
0.29824694102300253 0.010638361957314024
0.29824694102300253 0.010638361957314024
0.29824694102300253 0.010638361957314024
0.29824694102300253 0.010638361957314024
0.29824694102300253 0.010638361957314024
0.29824694102300253 0.010638361957314024
0.29824694102300253 0.010638361957314024
0.29824694102300253 0.010638361957314024
0.29824694102300253 0.010638361957314024
0.29824694102300253 0.010638361957314024
0.29824694102300253 0.010638361957314024
0.29824694102300253 0.010638361957314024
0.29824694102300253 0.010638361957314024
0.29824694102300253 0.010638361957314024
0.29824694102300253 0.010638361957314024
0.29824694102300253 0.010638361957314024
0.29824694102300253 0.010638361957314024
0.29824694102300253 0.010638361957314024
0.29824694102300253 0.010638361957314024
0.29824694102300253 0.010638361957314024
0.29824694102300253 0.010638361957314024
0.29824694102300253 0.010638361957314024
0.29824694102300253 0.010638361957314024
0.29824694102300253 0.010638361957314024
0.29824694102300253 0.010638361957314024
0.29824694102300253 0.010638361957314024
0.29824694102300253 0.010638361957314024
0.29824694102300253 0.010638361957314024
0.30887971252635515 0.010638225212681568
0.30887971252635515 0.010638225212681568
0.30887971252635515 0.010638225212681568
0.30887971252635515 0.010638225212681568
0.30887971252635515 0.010638225212681568
0.30887971252635515 0.010638225212681568
0.30887971252635515 0.010638225212681568
0.30887971252635515 0.010638225212681568
0.30887971252635515 0.010638225212681568
0.30887971252635515 0.010638225212681568
0.30887971252635515 0.010638225212681568
0.30887971252635515 0.010638225212681568
0.30887971252635515 0.010638225212681568
0.30887971252635515 0.010638225212681568
0.30887971252635515 0.010638225212681568
0.30887971252635515 0.010638225212681568
0.30887971252635515 0.010638225212681568
0.30887971252635515 0.010638225212681568
0.30887971252635515 0.010638225212681568
0.30887971252635515 0.010638225212681568
0.30887971252635515 0.010638225212681568
0.30887971252635515 0.010638225212681568
0.30887971252635515 0.010638225212681568
0.30887971252635515 0.010638225212681568
0.30887971252635515 0.010638225212681568
0.30887971252635515 0.010638225212681568
0.30887971252635515 0.010638225212681568
0.30887971252635515 0.010638225212681568
0.30887971252635515 0.010638225212681568
0.30887971252635515 0.010638225212681568
0.30887971252635515 0.010638225212681568
0.30887971252635515 0.010638225212681568
0.0805001047271532 0.010638504267984765
0.0805001047271532 0.010638504267984765
0.0805001047271532 0.010638504267984765
0.0805001047271532 0.010638504267984765
0.0805001047271532 0.010638504267984765
0.0805001047271532 0.010638504267984765
0.0805001047271532 0.010638504267984765
0.0805001047271532 0.010638504267984765
0.0805001047271532 0.010638504267984765
0.0805001047271532 0.010638504267984765
0.0805001047271532 0.010638504267984765
0.0805001047271532 0.010638504267984765
0.0805001047271532 0.010638504267984765
0.0805001047271532 0.010638504267984765
0.0805001047271532 0.010638504267984765
0.0805001047271532 0.010638504267984765
0.08721164652879122 0.010638335716775879
0.08721164652879122 0.010638335716775879
0.08721164652879122 0.010638335716775879
0.08721164652879122 0.010638335716775879
0.08721164652879122 0.010638335716775879
0.08721164652879122 0.010638335716775879
0.08721164652879122 0.010638335716775879
0.08721164652879122 0.010638335716775879
0.08721164652879122 0.010638335716775879
0.08721164652879122 0.010638335716775879
0.3318026343953381 0.010638100418756524
0.3318026343953381 0.010638100418756524
0.3318026343953381 0.010638100418756524
0.3318026343953381 0.010638100418756524
0.3318026343953381 0.010638100418756524
0.3318026343953381 0.010638100418756524
0.3318026343953381 0.010638100418756524
0.3318026343953381 0.010638100418756524
0.3318026343953381 0.010638100418756524
0.3318026343953381 0.010638100418756524
0.3318026343953381 0.010638100418756524
0.3318026343953381 0.010638100418756524
0.3318026343953381 0.010638100418756524
0.3318026343953381 0.010638100418756524
0.3318026343953381 0.010638100418756524
0.3318026343953381 0.010638100418756524
0.3318026343953381 0.010638100418756524
0.3318026343953381 0.010638100418756524
0.3318026343953381 0.010638100418756524
0.3318026343953381 0.010638100418756524
0.3318026343953381 0.010638100418756524
0.3318026343953381 0.010638100418756524
0.3318026343953381 0.010638100418756524
0.3318026343953381 0.010638100418756524
0.3318026343953381 0.010638100418756524
0.3318026343953381 0.010638100418756524
0.3318026343953381 0.010638100418756524
0.3318026343953381 0.010638100418756524
0.3318026343953381 0.010638100418756524
0.3318026343953381 0.010638100418756524
0.3318026343953381 0.010638100418756524
0.3318026343953381 0.010638100418756524
0.3318026343953381 0.010638100418756524
0.3318026343953381 0.010638100418756524
0.3318026343953381 0.010638100418756524
0.3318026343953381 0.010638100418756524
0.3318026343953381 0.010638100418756524
0.3318026343953381 0.010638100418756524
0.3318026343953381 0.010638100418756524
0.3318026343953381 0.010638100418756524
0.3318026343953381 0.010638100418756524
0.3318026343953381 0.010638100418756524
0.3318026343953381 0.010638100418756524
0.3318026343953381 0.010638100418756524
0.3318026343953381 0.010638100418756524
0.3318026343953381 0.010638100418756524
0.3318026343953381 0.010638100418756524
0.3318026343953381 0.010638100418756524
0.3318026343953381 0.010638100418756524
0.3318026343953381 0.010638100418756524
0.3318026343953381 0.010638100418756524
0.3318026343953381 0.010638100418756524
0.3318026343953381 0.010638100418756524
0.3318026343953381 0.010638100418756524
0.3318026343953381 0.010638100418756524
0.3318026343953381 0.010638100418756524
0.3318026343953381 0.010638100418756524
0.3318026343953381 0.010638100418756524
0.3318026343953381 0.010638100418756524
0.3318026343953381 0.010638100418756524
0.3318026343953381 0.010638100418756524
0.3318026343953381 0.010638100418756524
0.3318026343953381 0.010638100418756524
0.3318026343953381 0.010638100418756524
0.1704419257665935 0.010638340382936299
0.1704419257665935 0.010638340382936299
0.1704419257665935 0.010638340382936299
0.1704419257665935 0.010638340382936299
0.1704419257665935 0.010638340382936299
0.1704419257665935 0.010638340382936299
0.1704419257665935 0.010638340382936299
0.1704419257665935 0.010638340382936299
0.1704419257665935 0.010638340382936299
0.1704419257665935 0.010638340382936299
0.1704419257665935 0.010638340382936299
0.1704419257665935 0.010638340382936299
0.1704419257665935 0.010638340382936299
0.1704419257665935 0.010638340382936299
0.1704419257665935 0.010638340382936299
0.1704419257665935 0.010638340382936299
0.1704419257665935 0.010638340382936299
0.1704419257665935 0.010638340382936299
0.1704419257665935 0.010638340382936299
0.1704419257665935 0.010638340382936299
0.1704419257665935 0.010638340382936299
0.1704419257665935 0.010638340382936299
0.1704419257665935 0.010638340382936299
0.1704419257665935 0.010638340382936299
0.1704419257665935 0.010638340382936299
0.1704419257665935 0.010638340382936299
0.1704419257665935 0.010638340382936299
0.1704419257665935 0.010638340382936299
0.1704419257665935 0.010638340382936299
0.1704419257665935 0.010638340382936299
0.1704419257665935 0.010638340382936299
0.1704419257665935 0.010638340382936299
0.009339000439689287 0.010638309220330232
0.009339000439689287 0.010638309220330232
0.009339000439689287 0.010638309220330232
0.009339000439689287 0.010638309220330232
0.009339000439689287 0.010638309220330232
0.009339000439689287 0.010638309220330232
0.009339000439689287 0.010638309220330232
0.009339000439689287 0.010638309220330232
0.07488422984229301 0.010638382239179036
0.07488422984229301 0.010638382239179036
0.07488422984229301 0.010638382239179036
0.07488422984229301 0.010638382239179036
0.07488422984229301 0.010638382239179036
0.07488422984229301 0.010638382239179036
0.07488422984229301 0.010638382239179036
0.07488422984229301 0.010638382239179036
0.07488422984229301 0.010638382239179036
0.07488422984229301 0.010638382239179036
0.07726555763180065 0.010638150474823414
0.07726555763180065 0.010638150474823414
0.07726555763180065 0.010638150474823414
0.07726555763180065 0.010638150474823414
0.07726555763180065 0.010638150474823414
0.07726555763180065 0.010638150474823414
0.07726555763180065 0.010638150474823414
0.07726555763180065 0.010638150474823414
0.07726555763180065 0.010638150474823414
0.07726555763180065 0.010638150474823414
0.07726555763180065 0.010638150474823414
0.07726555763180065 0.010638150474823414
0.07726555763180065 0.010638150474823414
0.07726555763180065 0.010638150474823414
0.07726555763180065 0.010638150474823414
0.07726555763180065 0.010638150474823414
0.010654510453986419 0.010639688494004778
0.010654510453986419 0.010639688494004778
0.010654510453986419 0.010639688494004778
0.010654510453986419 0.010639688494004778
0.010654510453986419 0.010639688494004778
0.010654510453986419 0.010639688494004778
0.010654510453986419 0.010639688494004778
0.010654510453986419 0.010639688494004778
0.010654510453986419 0.010639688494004778
0.010654510453986419 0.010639688494004778
0.010654510453986419 0.010639688494004778
0.010654510453986419 0.010639688494004778
0.010654510453986419 0.010639688494004778
0.010654510453986419 0.010639688494004778
0.010654510453986419 0.010639688494004778
0.010654510453986419 0.010639688494004778
0.010654510453986419 0.010639688494004778
0.010654510453986419 0.010639688494004778
0.010654510453986419 0.010639688494004778
0.010654510453986419 0.010639688494004778
0.010654510453986419 0.010639688494004778
0.010654510453986419 0.010639688494004778
0.010654510453986419 0.010639688494004778
0.010654510453986419 0.010639688494004778
0.010654510453986419 0.010639688494004778
0.010654510453986419 0.010639688494004778
0.010654510453986419 0.010639688494004778
0.010654510453986419 0.010639688494004778
0.010654510453986419 0.010639688494004778
0.010654510453986419 0.010639688494004778
0.010654510453986419 0.010639688494004778
0.010654510453986419 0.010639688494004778
0.3838331693441757 0.01063878433716132
0.3838331693441757 0.01063878433716132
0.3838331693441757 0.01063878433716132
0.3838331693441757 0.01063878433716132
0.3838331693441757 0.01063878433716132
0.3838331693441757 0.01063878433716132
0.3838331693441757 0.01063878433716132
0.3838331693441757 0.01063878433716132
0.3838331693441757 0.01063878433716132
0.3838331693441757 0.01063878433716132
0.3838331693441757 0.01063878433716132
0.3838331693441757 0.01063878433716132
0.3838331693441757 0.01063878433716132
0.3838331693441757 0.01063878433716132
0.3838331693441757 0.01063878433716132
0.3838331693441757 0.01063878433716132
0.3838331693441757 0.01063878433716132
0.3838331693441757 0.01063878433716132
0.3838331693441757 0.01063878433716132
0.3838331693441757 0.01063878433716132
0.3838331693441757 0.01063878433716132
0.3838331693441757 0.01063878433716132
0.3838331693441757 0.01063878433716132
0.3838331693441757 0.01063878433716132
0.3838331693441757 0.01063878433716132
0.3838331693441757 0.01063878433716132
0.3838331693441757 0.01063878433716132
0.3838331693441757 0.01063878433716132
0.3838331693441757 0.01063878433716132
0.3838331693441757 0.01063878433716132
0.3838331693441757 0.01063878433716132
0.3838331693441757 0.01063878433716132
0.08730133642810857 0.01063816969811147
0.08730133642810857 0.01063816969811147
0.08730133642810857 0.01063816969811147
0.08730133642810857 0.01063816969811147
0.08730133642810857 0.01063816969811147
0.08730133642810857 0.01063816969811147
0.08730133642810857 0.01063816969811147
0.08730133642810857 0.01063816969811147
0.08730133642810857 0.01063816969811147
0.08730133642810857 0.01063816969811147
0.09233462809295115 0.010638518589032453
0.09233462809295115 0.010638518589032453
0.09233462809295115 0.010638518589032453
0.09233462809295115 0.010638518589032453
0.09233462809295115 0.010638518589032453
0.09233462809295115 0.010638518589032453
0.09233462809295115 0.010638518589032453
0.09233462809295115 0.010638518589032453
0.09233462809295115 0.010638518589032453
0.09233462809295115 0.010638518589032453
0.01553863313329122 0.010638646083395936
0.01553863313329122 0.010638646083395936
0.01553863313329122 0.010638646083395936
0.01553863313329122 0.010638646083395936
0.01553863313329122 0.010638646083395936
0.01553863313329122 0.010638646083395936
0.01553863313329122 0.010638646083395936
0.01553863313329122 0.010638646083395936
0.019718119862811186 0.010638192076911046
0.019718119862811186 0.010638192076911046
0.019718119862811186 0.010638192076911046
0.019718119862811186 0.010638192076911046
0.019718119862811186 0.010638192076911046
0.019718119862811186 0.010638192076911046
0.019718119862811186 0.010638192076911046
0.019718119862811186 0.010638192076911046
0.12395543405681646 0.010638263835342072
0.12395543405681646 0.010638263835342072
0.12395543405681646 0.010638263835342072
0.12395543405681646 0.010638263835342072
0.12395543405681646 0.010638263835342072
0.12395543405681646 0.010638263835342072
0.12395543405681646 0.010638263835342072
0.12395543405681646 0.010638263835342072
0.12395543405681646 0.010638263835342072
0.12395543405681646 0.010638263835342072
0.08730128714955895 0.010638361957314024
0.08730128714955895 0.010638361957314024
0.08730128714955895 0.010638361957314024
0.08730128714955895 0.010638361957314024
0.08730128714955895 0.010638361957314024
0.08730128714955895 0.010638361957314024
0.08730128714955895 0.010638361957314024
0.08730128714955895 0.010638361957314024
0.08730128714955895 0.010638361957314024
0.08730128714955895 0.010638361957314024
0.13230173050357474 0.010638100418756524
0.13230173050357474 0.010638100418756524
0.13230173050357474 0.010638100418756524
0.13230173050357474 0.010638100418756524
0.13230173050357474 0.010638100418756524
0.13230173050357474 0.010638100418756524
0.13230173050357474 0.010638100418756524
0.13230173050357474 0.010638100418756524
0.13230173050357474 0.010638100418756524
0.13230173050357474 0.010638100418756524
0.13230173050357474 0.010638100418756524
0.13230173050357474 0.010638100418756524
0.13230173050357474 0.010638100418756524
0.13230173050357474 0.010638100418756524
0.13230173050357474 0.010638100418756524
0.13230173050357474 0.010638100418756524
0.19447496260605981 0.01063878433716132
0.19447496260605981 0.01063878433716132
0.19447496260605981 0.01063878433716132
0.19447496260605981 0.01063878433716132
0.19447496260605981 0.01063878433716132
0.19447496260605981 0.01063878433716132
0.19447496260605981 0.01063878433716132
0.19447496260605981 0.01063878433716132
0.2435976159777818 0.010638150474823414
0.2435976159777818 0.010638150474823414
0.2435976159777818 0.010638150474823414
0.2435976159777818 0.010638150474823414
0.2435976159777818 0.010638150474823414
0.2435976159777818 0.010638150474823414
0.2435976159777818 0.010638150474823414
0.2435976159777818 0.010638150474823414
0.2435976159777818 0.010638150474823414
0.2435976159777818 0.010638150474823414
0.2435976159777818 0.010638150474823414
0.2435976159777818 0.010638150474823414
0.2435976159777818 0.010638150474823414
0.2435976159777818 0.010638150474823414
0.2435976159777818 0.010638150474823414
0.2435976159777818 0.010638150474823414
0.2435976159777818 0.010638150474823414
0.2435976159777818 0.010638150474823414
0.2435976159777818 0.010638150474823414
0.2435976159777818 0.010638150474823414
0.2435976159777818 0.010638150474823414
0.2435976159777818 0.010638150474823414
0.2435976159777818 0.010638150474823414
0.2435976159777818 0.010638150474823414
0.2435976159777818 0.010638150474823414
0.2435976159777818 0.010638150474823414
0.2435976159777818 0.010638150474823414
0.2435976159777818 0.010638150474823414
0.2435976159777818 0.010638150474823414
0.2435976159777818 0.010638150474823414
0.2435976159777818 0.010638150474823414
0.2435976159777818 0.010638150474823414
0.2787121276640389 0.010638518589032453
0.2787121276640389 0.010638518589032453
0.2787121276640389 0.010638518589032453
0.2787121276640389 0.010638518589032453
0.2787121276640389 0.010638518589032453
0.2787121276640389 0.010638518589032453
0.2787121276640389 0.010638518589032453
0.2787121276640389 0.010638518589032453
0.2787121276640389 0.010638518589032453
0.2787121276640389 0.010638518589032453
0.2787121276640389 0.010638518589032453
0.2787121276640389 0.010638518589032453
0.2787121276640389 0.010638518589032453
0.2787121276640389 0.010638518589032453
0.2787121276640389 0.010638518589032453
0.2787121276640389 0.010638518589032453
0.2787121276640389 0.010638518589032453
0.2787121276640389 0.010638518589032453
0.2787121276640389 0.010638518589032453
0.2787121276640389 0.010638518589032453
0.2787121276640389 0.010638518589032453
0.2787121276640389 0.010638518589032453
0.2787121276640389 0.010638518589032453
0.2787121276640389 0.010638518589032453
0.2787121276640389 0.010638518589032453
0.2787121276640389 0.010638518589032453
0.2787121276640389 0.010638518589032453
0.2787121276640389 0.010638518589032453
0.2787121276640389 0.010638518589032453
0.2787121276640389 0.010638518589032453
0.2787121276640389 0.010638518589032453
0.2787121276640389 0.010638518589032453
3.342067269129993e-06 0.010639688494004778
3.342067269129993e-06 0.010639688494004778
3.342067269129993e-06 0.010639688494004778
3.342067269129993e-06 0.010639688494004778
3.342067269129993e-06 0.010639688494004778
3.342067269129993e-06 0.010639688494004778
3.342067269129993e-06 0.010639688494004778
3.342067269129993e-06 0.010639688494004778
3.342067269129993e-06 0.010639688494004778
3.342067269129993e-06 0.010639688494004778
0.01553863313329122 0.010638646083395936
0.01553863313329122 0.010638646083395936
0.01553863313329122 0.010638646083395936
0.01553863313329122 0.010638646083395936
0.01553863313329122 0.010638646083395936
0.01553863313329122 0.010638646083395936
0.01553863313329122 0.010638646083395936
0.01553863313329122 0.010638646083395936
0.02340522592521244 0.010638128275149457
0.02340522592521244 0.010638128275149457
0.02340522592521244 0.010638128275149457
0.02340522592521244 0.010638128275149457
0.02340522592521244 0.010638128275149457
0.02340522592521244 0.010638128275149457
0.02340522592521244 0.010638128275149457
0.02340522592521244 0.010638128275149457
0.02340522592521244 0.010638128275149457
0.02340522592521244 0.010638128275149457
0.02340522592521244 0.010638128275149457
0.02340522592521244 0.010638128275149457
0.02340522592521244 0.010638128275149457
0.02340522592521244 0.010638128275149457
0.02340522592521244 0.010638128275149457
0.02340522592521244 0.010638128275149457
0.05126785959114621 0.010638369671956886
0.05126785959114621 0.010638369671956886
0.05126785959114621 0.010638369671956886
0.05126785959114621 0.010638369671956886
0.05126785959114621 0.010638369671956886
0.05126785959114621 0.010638369671956886
0.05126785959114621 0.010638369671956886
0.05126785959114621 0.010638369671956886
0.05126785959114621 0.010638369671956886
0.05126785959114621 0.010638369671956886
0.02427821784419385 0.010638111714755349
0.02427821784419385 0.010638111714755349
0.02427821784419385 0.010638111714755349
0.02427821784419385 0.010638111714755349
0.02427821784419385 0.010638111714755349
0.02427821784419385 0.010638111714755349
0.02427821784419385 0.010638111714755349
0.02427821784419385 0.010638111714755349
0.17383251460861748 0.010638128275149457
0.17383251460861748 0.010638128275149457
0.17383251460861748 0.010638128275149457
0.17383251460861748 0.010638128275149457
0.17383251460861748 0.010638128275149457
0.17383251460861748 0.010638128275149457
0.17383251460861748 0.010638128275149457
0.17383251460861748 0.010638128275149457
0.17383251460861748 0.010638128275149457
0.17383251460861748 0.010638128275149457
0.17383251460861748 0.010638128275149457
0.17383251460861748 0.010638128275149457
0.17383251460861748 0.010638128275149457
0.17383251460861748 0.010638128275149457
0.17383251460861748 0.010638128275149457
0.17383251460861748 0.010638128275149457
0.17383251460861748 0.010638128275149457
0.17383251460861748 0.010638128275149457
0.17383251460861748 0.010638128275149457
0.17383251460861748 0.010638128275149457
0.17383251460861748 0.010638128275149457
0.17383251460861748 0.010638128275149457
0.17383251460861748 0.010638128275149457
0.17383251460861748 0.010638128275149457
0.17383251460861748 0.010638128275149457
0.17383251460861748 0.010638128275149457
0.17383251460861748 0.010638128275149457
0.17383251460861748 0.010638128275149457
0.17383251460861748 0.010638128275149457
0.17383251460861748 0.010638128275149457
0.17383251460861748 0.010638128275149457
0.17383251460861748 0.010638128275149457
0.17383251460861748 0.010638128275149457
0.17383251460861748 0.010638128275149457
0.17383251460861748 0.010638128275149457
0.17383251460861748 0.010638128275149457
0.17383251460861748 0.010638128275149457
0.17383251460861748 0.010638128275149457
0.17383251460861748 0.010638128275149457
0.17383251460861748 0.010638128275149457
0.17383251460861748 0.010638128275149457
0.17383251460861748 0.010638128275149457
0.17383251460861748 0.010638128275149457
0.17383251460861748 0.010638128275149457
0.17383251460861748 0.010638128275149457
0.17383251460861748 0.010638128275149457
0.17383251460861748 0.010638128275149457
0.17383251460861748 0.010638128275149457
0.17383251460861748 0.010638128275149457
0.17383251460861748 0.010638128275149457
0.17383251460861748 0.010638128275149457
0.17383251460861748 0.010638128275149457
0.17383251460861748 0.010638128275149457
0.17383251460861748 0.010638128275149457
0.17383251460861748 0.010638128275149457
0.17383251460861748 0.010638128275149457
0.17383251460861748 0.010638128275149457
0.17383251460861748 0.010638128275149457
0.17383251460861748 0.010638128275149457
0.17383251460861748 0.010638128275149457
0.17383251460861748 0.010638128275149457
0.17383251460861748 0.010638128275149457
0.17383251460861748 0.010638128275149457
0.17383251460861748 0.010638128275149457
0.16718995290423863 0.010638111714755349
0.16718995290423863 0.010638111714755349
0.16718995290423863 0.010638111714755349
0.16718995290423863 0.010638111714755349
0.16718995290423863 0.010638111714755349
0.16718995290423863 0.010638111714755349
0.16718995290423863 0.010638111714755349
0.16718995290423863 0.010638111714755349
0.16718995290423863 0.010638111714755349
0.16718995290423863 0.010638111714755349
0.16718995290423863 0.010638111714755349
0.16718995290423863 0.010638111714755349
0.16718995290423863 0.010638111714755349
0.16718995290423863 0.010638111714755349
0.16718995290423863 0.010638111714755349
0.16718995290423863 0.010638111714755349
0.16718995290423863 0.010638111714755349
0.16718995290423863 0.010638111714755349
0.16718995290423863 0.010638111714755349
0.16718995290423863 0.010638111714755349
0.16718995290423863 0.010638111714755349
0.16718995290423863 0.010638111714755349
0.16718995290423863 0.010638111714755349
0.16718995290423863 0.010638111714755349
0.16718995290423863 0.010638111714755349
0.16718995290423863 0.010638111714755349
0.16718995290423863 0.010638111714755349
0.16718995290423863 0.010638111714755349
0.16718995290423863 0.010638111714755349
0.16718995290423863 0.010638111714755349
0.16718995290423863 0.010638111714755349
0.16718995290423863 0.010638111714755349
0.1944243493603882 0.010638146931916176
0.1944243493603882 0.010638146931916176
0.1944243493603882 0.010638146931916176
0.1944243493603882 0.010638146931916176
0.1944243493603882 0.010638146931916176
0.1944243493603882 0.010638146931916176
0.1944243493603882 0.010638146931916176
0.1944243493603882 0.010638146931916176
0.10694415946064781 0.010638309220330232
0.10694415946064781 0.010638309220330232
0.10694415946064781 0.010638309220330232
0.10694415946064781 0.010638309220330232
0.10694415946064781 0.010638309220330232
0.10694415946064781 0.010638309220330232
0.10694415946064781 0.010638309220330232
0.10694415946064781 0.010638309220330232
0.10694415946064781 0.010638309220330232
0.10694415946064781 0.010638309220330232
0.10694415946064781 0.010638309220330232
0.10694415946064781 0.010638309220330232
0.10694415946064781 0.010638309220330232
0.10694415946064781 0.010638309220330232
0.10694415946064781 0.010638309220330232
0.10694415946064781 0.010638309220330232
0.10694415946064781 0.010638309220330232
0.10694415946064781 0.010638309220330232
0.10694415946064781 0.010638309220330232
0.10694415946064781 0.010638309220330232
0.10694415946064781 0.010638309220330232
0.10694415946064781 0.010638309220330232
0.10694415946064781 0.010638309220330232
0.10694415946064781 0.010638309220330232
0.10694415946064781 0.010638309220330232
0.10694415946064781 0.010638309220330232
0.10694415946064781 0.010638309220330232
0.10694415946064781 0.010638309220330232
0.10694415946064781 0.010638309220330232
0.10694415946064781 0.010638309220330232
0.10694415946064781 0.010638309220330232
0.10694415946064781 0.010638309220330232
0.06464179455895888 0.010638128275149457
0.06464179455895888 0.010638128275149457
0.06464179455895888 0.010638128275149457
0.06464179455895888 0.010638128275149457
0.06464179455895888 0.010638128275149457
0.06464179455895888 0.010638128275149457
0.06464179455895888 0.010638128275149457
0.06464179455895888 0.010638128275149457
0.06464179455895888 0.010638128275149457
0.06464179455895888 0.010638128275149457
0.06464179455895888 0.010638128275149457
0.06464179455895888 0.010638128275149457
0.06464179455895888 0.010638128275149457
0.06464179455895888 0.010638128275149457
0.06464179455895888 0.010638128275149457
0.06464179455895888 0.010638128275149457
0.06464179455895888 0.010638128275149457
0.06464179455895888 0.010638128275149457
0.06464179455895888 0.010638128275149457
0.06464179455895888 0.010638128275149457
0.07921871427438208 0.010638080026211246
0.07921871427438208 0.010638080026211246
0.07921871427438208 0.010638080026211246
0.07921871427438208 0.010638080026211246
0.07921871427438208 0.010638080026211246
0.07921871427438208 0.010638080026211246
0.07921871427438208 0.010638080026211246
0.07921871427438208 0.010638080026211246
0.07921871427438208 0.010638080026211246
0.07921871427438208 0.010638080026211246
0.22415579747774914 0.01063821180459396
0.22415579747774914 0.01063821180459396
0.22415579747774914 0.01063821180459396
0.22415579747774914 0.01063821180459396
0.22415579747774914 0.01063821180459396
0.22415579747774914 0.01063821180459396
0.22415579747774914 0.01063821180459396
0.22415579747774914 0.01063821180459396
0.22415579747774914 0.01063821180459396
0.22415579747774914 0.01063821180459396
0.22415579747774914 0.01063821180459396
0.22415579747774914 0.01063821180459396
0.22415579747774914 0.01063821180459396
0.22415579747774914 0.01063821180459396
0.22415579747774914 0.01063821180459396
0.22415579747774914 0.01063821180459396
0.22415579747774914 0.01063821180459396
0.22415579747774914 0.01063821180459396
0.22415579747774914 0.01063821180459396
0.22415579747774914 0.01063821180459396
0.22415579747774914 0.01063821180459396
0.22415579747774914 0.01063821180459396
0.22415579747774914 0.01063821180459396
0.22415579747774914 0.01063821180459396
0.22415579747774914 0.01063821180459396
0.22415579747774914 0.01063821180459396
0.22415579747774914 0.01063821180459396
0.22415579747774914 0.01063821180459396
0.22415579747774914 0.01063821180459396
0.22415579747774914 0.01063821180459396
0.22415579747774914 0.01063821180459396
0.22415579747774914 0.01063821180459396
0.1415171884210014 0.010638382239179036
0.1415171884210014 0.010638382239179036
0.1415171884210014 0.010638382239179036
0.1415171884210014 0.010638382239179036
0.1415171884210014 0.010638382239179036
0.1415171884210014 0.010638382239179036
0.1415171884210014 0.010638382239179036
0.1415171884210014 0.010638382239179036
0.1415171884210014 0.010638382239179036
0.1415171884210014 0.010638382239179036
0.1415171884210014 0.010638382239179036
0.1415171884210014 0.010638382239179036
0.1415171884210014 0.010638382239179036
0.1415171884210014 0.010638382239179036
0.1415171884210014 0.010638382239179036
0.1415171884210014 0.010638382239179036
0.1415171884210014 0.010638382239179036
0.1415171884210014 0.010638382239179036
0.1415171884210014 0.010638382239179036
0.1415171884210014 0.010638382239179036
0.1415171884210014 0.010638382239179036
0.1415171884210014 0.010638382239179036
0.1415171884210014 0.010638382239179036
0.1415171884210014 0.010638382239179036
0.1415171884210014 0.010638382239179036
0.1415171884210014 0.010638382239179036
0.1415171884210014 0.010638382239179036
0.1415171884210014 0.010638382239179036
0.1415171884210014 0.010638382239179036
0.1415171884210014 0.010638382239179036
0.1415171884210014 0.010638382239179036
0.1415171884210014 0.010638382239179036
0.07726555763180065 0.010638150474823414
0.07726555763180065 0.010638150474823414
0.07726555763180065 0.010638150474823414
0.07726555763180065 0.010638150474823414
0.07726555763180065 0.010638150474823414
0.07726555763180065 0.010638150474823414
0.07726555763180065 0.010638150474823414
0.07726555763180065 0.010638150474823414
0.2473042711829323 0.010638617288834883
0.2473042711829323 0.010638617288834883
0.2473042711829323 0.010638617288834883
0.2473042711829323 0.010638617288834883
0.2473042711829323 0.010638617288834883
0.2473042711829323 0.010638617288834883
0.2473042711829323 0.010638617288834883
0.2473042711829323 0.010638617288834883
0.2473042711829323 0.010638617288834883
0.2473042711829323 0.010638617288834883
0.2473042711829323 0.010638617288834883
0.2473042711829323 0.010638617288834883
0.2473042711829323 0.010638617288834883
0.2473042711829323 0.010638617288834883
0.2473042711829323 0.010638617288834883
0.2473042711829323 0.010638617288834883
0.2473042711829323 0.010638617288834883
0.2473042711829323 0.010638617288834883
0.2473042711829323 0.010638617288834883
0.2473042711829323 0.010638617288834883
0.2473042711829323 0.010638617288834883
0.2473042711829323 0.010638617288834883
0.2473042711829323 0.010638617288834883
0.2473042711829323 0.010638617288834883
0.2473042711829323 0.010638617288834883
0.2473042711829323 0.010638617288834883
0.2473042711829323 0.010638617288834883
0.2473042711829323 0.010638617288834883
0.2473042711829323 0.010638617288834883
0.2473042711829323 0.010638617288834883
0.2473042711829323 0.010638617288834883
0.2473042711829323 0.010638617288834883
0.0633315593400745 0.010638192076911046
0.0633315593400745 0.010638192076911046
0.0633315593400745 0.010638192076911046
0.0633315593400745 0.010638192076911046
0.0633315593400745 0.010638192076911046
0.0633315593400745 0.010638192076911046
0.0633315593400745 0.010638192076911046
0.0633315593400745 0.010638192076911046
0.0633315593400745 0.010638192076911046
0.0633315593400745 0.010638192076911046
0.29824710937305965 0.01063816969811147
0.29824710937305965 0.01063816969811147
0.29824710937305965 0.01063816969811147
0.29824710937305965 0.01063816969811147
0.29824710937305965 0.01063816969811147
0.29824710937305965 0.01063816969811147
0.29824710937305965 0.01063816969811147
0.29824710937305965 0.01063816969811147
0.29824710937305965 0.01063816969811147
0.29824710937305965 0.01063816969811147
0.29824710937305965 0.01063816969811147
0.29824710937305965 0.01063816969811147
0.29824710937305965 0.01063816969811147
0.29824710937305965 0.01063816969811147
0.29824710937305965 0.01063816969811147
0.29824710937305965 0.01063816969811147
0.29824710937305965 0.01063816969811147
0.29824710937305965 0.01063816969811147
0.29824710937305965 0.01063816969811147
0.29824710937305965 0.01063816969811147
0.29824710937305965 0.01063816969811147
0.29824710937305965 0.01063816969811147
0.29824710937305965 0.01063816969811147
0.29824710937305965 0.01063816969811147
0.29824710937305965 0.01063816969811147
0.29824710937305965 0.01063816969811147
0.29824710937305965 0.01063816969811147
0.29824710937305965 0.01063816969811147
0.29824710937305965 0.01063816969811147
0.29824710937305965 0.01063816969811147
0.29824710937305965 0.01063816969811147
0.29824710937305965 0.01063816969811147
0.33600239603480525 0.010638369671956886
0.33600239603480525 0.010638369671956886
0.33600239603480525 0.010638369671956886
0.33600239603480525 0.010638369671956886
0.33600239603480525 0.010638369671956886
0.33600239603480525 0.010638369671956886
0.33600239603480525 0.010638369671956886
0.33600239603480525 0.010638369671956886
0.33600239603480525 0.010638369671956886
0.33600239603480525 0.010638369671956886
0.33600239603480525 0.010638369671956886
0.33600239603480525 0.010638369671956886
0.33600239603480525 0.010638369671956886
0.33600239603480525 0.010638369671956886
0.33600239603480525 0.010638369671956886
0.33600239603480525 0.010638369671956886
0.33600239603480525 0.010638369671956886
0.33600239603480525 0.010638369671956886
0.33600239603480525 0.010638369671956886
0.33600239603480525 0.010638369671956886
0.33600239603480525 0.010638369671956886
0.33600239603480525 0.010638369671956886
0.33600239603480525 0.010638369671956886
0.33600239603480525 0.010638369671956886
0.33600239603480525 0.010638369671956886
0.33600239603480525 0.010638369671956886
0.33600239603480525 0.010638369671956886
0.33600239603480525 0.010638369671956886
0.33600239603480525 0.010638369671956886
0.33600239603480525 0.010638369671956886
0.33600239603480525 0.010638369671956886
0.33600239603480525 0.010638369671956886
0.11489121533193652 0.010638211776892946
0.11489121533193652 0.010638211776892946
0.11489121533193652 0.010638211776892946
0.11489121533193652 0.010638211776892946
0.11489121533193652 0.010638211776892946
0.11489121533193652 0.010638211776892946
0.11489121533193652 0.010638211776892946
0.11489121533193652 0.010638211776892946
0.11489121533193652 0.010638211776892946
0.11489121533193652 0.010638211776892946
0.11489121533193652 0.010638211776892946
0.11489121533193652 0.010638211776892946
0.11489121533193652 0.010638211776892946
0.11489121533193652 0.010638211776892946
0.11489121533193652 0.010638211776892946
0.11489121533193652 0.010638211776892946
0.11489121533193652 0.010638211776892946
0.11489121533193652 0.010638211776892946
0.11489121533193652 0.010638211776892946
0.11489121533193652 0.010638211776892946
0.11489121533193652 0.010638211776892946
0.11489121533193652 0.010638211776892946
0.11489121533193652 0.010638211776892946
0.11489121533193652 0.010638211776892946
0.11489121533193652 0.010638211776892946
0.11489121533193652 0.010638211776892946
0.11489121533193652 0.010638211776892946
0.11489121533193652 0.010638211776892946
0.11489121533193652 0.010638211776892946
0.11489121533193652 0.010638211776892946
0.11489121533193652 0.010638211776892946
0.11489121533193652 0.010638211776892946
0.09238704858917667 0.010638646083395936
0.09238704858917667 0.010638646083395936
0.09238704858917667 0.010638646083395936
0.09238704858917667 0.010638646083395936
0.09238704858917667 0.010638646083395936
0.09238704858917667 0.010638646083395936
0.09238704858917667 0.010638646083395936
0.09238704858917667 0.010638646083395936
0.09238704858917667 0.010638646083395936
0.09238704858917667 0.010638646083395936
0.09238704858917667 0.010638646083395936
0.09238704858917667 0.010638646083395936
0.09238704858917667 0.010638646083395936
0.09238704858917667 0.010638646083395936
0.09238704858917667 0.010638646083395936
0.09238704858917667 0.010638646083395936
0.09238704858917667 0.010638646083395936
0.09238704858917667 0.010638646083395936
0.09238704858917667 0.010638646083395936
0.09238704858917667 0.010638646083395936
0.09238704858917667 0.010638646083395936
0.09238704858917667 0.010638646083395936
0.09238704858917667 0.010638646083395936
0.09238704858917667 0.010638646083395936
0.09238704858917667 0.010638646083395936
0.09238704858917667 0.010638646083395936
0.09238704858917667 0.010638646083395936
0.09238704858917667 0.010638646083395936
0.09238704858917667 0.010638646083395936
0.09238704858917667 0.010638646083395936
0.09238704858917667 0.010638646083395936
0.09238704858917667 0.010638646083395936
0.2645744043079586 0.010638335716775879
0.2645744043079586 0.010638335716775879
0.2645744043079586 0.010638335716775879
0.2645744043079586 0.010638335716775879
0.2645744043079586 0.010638335716775879
0.2645744043079586 0.010638335716775879
0.2645744043079586 0.010638335716775879
0.2645744043079586 0.010638335716775879
0.2645744043079586 0.010638335716775879
0.2645744043079586 0.010638335716775879
0.2645744043079586 0.010638335716775879
0.2645744043079586 0.010638335716775879
0.2645744043079586 0.010638335716775879
0.2645744043079586 0.010638335716775879
0.2645744043079586 0.010638335716775879
0.2645744043079586 0.010638335716775879
0.2645744043079586 0.010638335716775879
0.2645744043079586 0.010638335716775879
0.2645744043079586 0.010638335716775879
0.2645744043079586 0.010638335716775879
0.2645744043079586 0.010638335716775879
0.2645744043079586 0.010638335716775879
0.2645744043079586 0.010638335716775879
0.2645744043079586 0.010638335716775879
0.2645744043079586 0.010638335716775879
0.2645744043079586 0.010638335716775879
0.2645744043079586 0.010638335716775879
0.2645744043079586 0.010638335716775879
0.2645744043079586 0.010638335716775879
0.2645744043079586 0.010638335716775879
0.2645744043079586 0.010638335716775879
0.2645744043079586 0.010638335716775879
0.13230173050357474 0.010638100418756524
0.13230173050357474 0.010638100418756524
0.13230173050357474 0.010638100418756524
0.13230173050357474 0.010638100418756524
0.13230173050357474 0.010638100418756524
0.13230173050357474 0.010638100418756524
0.13230173050357474 0.010638100418756524
0.13230173050357474 0.010638100418756524
0.13230173050357474 0.010638100418756524
0.13230173050357474 0.010638100418756524
0.13230173050357474 0.010638100418756524
0.13230173050357474 0.010638100418756524
0.13230173050357474 0.010638100418756524
0.13230173050357474 0.010638100418756524
0.13230173050357474 0.010638100418756524
0.13230173050357474 0.010638100418756524
0.09238704858917667 0.010638646083395936
0.09238704858917667 0.010638646083395936
0.09238704858917667 0.010638646083395936
0.09238704858917667 0.010638646083395936
0.09238704858917667 0.010638646083395936
0.09238704858917667 0.010638646083395936
0.09238704858917667 0.010638646083395936
0.09238704858917667 0.010638646083395936
0.09238704858917667 0.010638646083395936
0.09238704858917667 0.010638646083395936
0.09238704858917667 0.010638646083395936
0.09238704858917667 0.010638646083395936
0.09238704858917667 0.010638646083395936
0.09238704858917667 0.010638646083395936
0.09238704858917667 0.010638646083395936
0.09238704858917667 0.010638646083395936
0.09238704858917667 0.010638646083395936
0.09238704858917667 0.010638646083395936
0.09238704858917667 0.010638646083395936
0.09238704858917667 0.010638646083395936
0.09238704858917667 0.010638646083395936
0.09238704858917667 0.010638646083395936
0.09238704858917667 0.010638646083395936
0.09238704858917667 0.010638646083395936
0.09238704858917667 0.010638646083395936
0.09238704858917667 0.010638646083395936
0.09238704858917667 0.010638646083395936
0.09238704858917667 0.010638646083395936
0.09238704858917667 0.010638646083395936
0.09238704858917667 0.010638646083395936
0.09238704858917667 0.010638646083395936
0.09238704858917667 0.010638646083395936
0.08460818275958902 0.010638150474823414
0.08460818275958902 0.010638150474823414
0.08460818275958902 0.010638150474823414
0.08460818275958902 0.010638150474823414
0.08460818275958902 0.010638150474823414
0.08460818275958902 0.010638150474823414
0.08460818275958902 0.010638150474823414
0.08460818275958902 0.010638150474823414
0.08460818275958902 0.010638150474823414
0.08460818275958902 0.010638150474823414
0.08460818275958902 0.010638150474823414
0.08460818275958902 0.010638150474823414
0.08460818275958902 0.010638150474823414
0.08460818275958902 0.010638150474823414
0.08460818275958902 0.010638150474823414
0.08460818275958902 0.010638150474823414
0.08460818275958902 0.010638150474823414
0.08460818275958902 0.010638150474823414
0.08460818275958902 0.010638150474823414
0.08460818275958902 0.010638150474823414
0.0580902207227409 0.010638225212681568
0.0580902207227409 0.010638225212681568
0.0580902207227409 0.010638225212681568
0.0580902207227409 0.010638225212681568
0.0580902207227409 0.010638225212681568
0.0580902207227409 0.010638225212681568
0.0580902207227409 0.010638225212681568
0.0580902207227409 0.010638225212681568
0.0580902207227409 0.010638225212681568
0.0580902207227409 0.010638225212681568
0.04597422580181541 0.010637914334265091
0.04597422580181541 0.010637914334265091
0.04597422580181541 0.010637914334265091
0.04597422580181541 0.010637914334265091
0.04597422580181541 0.010637914334265091
0.04597422580181541 0.010637914334265091
0.04597422580181541 0.010637914334265091
0.04597422580181541 0.010637914334265091
0.04597422580181541 0.010637914334265091
0.04597422580181541 0.010637914334265091
0.04597422580181541 0.010637914334265091
0.04597422580181541 0.010637914334265091
0.04597422580181541 0.010637914334265091
0.04597422580181541 0.010637914334265091
0.04597422580181541 0.010637914334265091
0.04597422580181541 0.010637914334265091
0.04597422580181541 0.010637914334265091
0.04597422580181541 0.010637914334265091
0.04597422580181541 0.010637914334265091
0.04597422580181541 0.010637914334265091
0.281367420653006 0.010638302543909456
0.281367420653006 0.010638302543909456
0.281367420653006 0.010638302543909456
0.281367420653006 0.010638302543909456
0.281367420653006 0.010638302543909456
0.281367420653006 0.010638302543909456
0.281367420653006 0.010638302543909456
0.281367420653006 0.010638302543909456
0.281367420653006 0.010638302543909456
0.281367420653006 0.010638302543909456
0.281367420653006 0.010638302543909456
0.281367420653006 0.010638302543909456
0.281367420653006 0.010638302543909456
0.281367420653006 0.010638302543909456
0.281367420653006 0.010638302543909456
0.281367420653006 0.010638302543909456
0.281367420653006 0.010638302543909456
0.281367420653006 0.010638302543909456
0.281367420653006 0.010638302543909456
0.281367420653006 0.010638302543909456
0.281367420653006 0.010638302543909456
0.281367420653006 0.010638302543909456
0.281367420653006 0.010638302543909456
0.281367420653006 0.010638302543909456
0.281367420653006 0.010638302543909456
0.281367420653006 0.010638302543909456
0.281367420653006 0.010638302543909456
0.281367420653006 0.010638302543909456
0.281367420653006 0.010638302543909456
0.281367420653006 0.010638302543909456
0.281367420653006 0.010638302543909456
0.281367420653006 0.010638302543909456
0.01869218004058651 0.010638340382936299
0.01869218004058651 0.010638340382936299
0.01869218004058651 0.010638340382936299
0.01869218004058651 0.010638340382936299
0.01869218004058651 0.010638340382936299
0.01869218004058651 0.010638340382936299
0.01869218004058651 0.010638340382936299
0.01869218004058651 0.010638340382936299
0.0016409550291428265 0.010639688494004778
0.0016409550291428265 0.010639688494004778
0.0016409550291428265 0.010639688494004778
0.0016409550291428265 0.010639688494004778
0.0016409550291428265 0.010639688494004778
0.0016409550291428265 0.010639688494004778
0.0016409550291428265 0.010639688494004778
0.0016409550291428265 0.010639688494004778
0.03743760177784169 0.010638111714755349
0.03743760177784169 0.010638111714755349
0.03743760177784169 0.010638111714755349
0.03743760177784169 0.010638111714755349
0.03743760177784169 0.010638111714755349
0.03743760177784169 0.010638111714755349
0.03743760177784169 0.010638111714755349
0.03743760177784169 0.010638111714755349
0.03743760177784169 0.010638111714755349
0.03743760177784169 0.010638111714755349
0.0846256358431756 0.01063821180459396
0.0846256358431756 0.01063821180459396
0.0846256358431756 0.01063821180459396
0.0846256358431756 0.01063821180459396
0.0846256358431756 0.01063821180459396
0.0846256358431756 0.01063821180459396
0.0846256358431756 0.01063821180459396
0.0846256358431756 0.01063821180459396
0.05366787500762914 0.010638100418756524
0.05366787500762914 0.010638100418756524
0.05366787500762914 0.010638100418756524
0.05366787500762914 0.010638100418756524
0.05366787500762914 0.010638100418756524
0.05366787500762914 0.010638100418756524
0.05366787500762914 0.010638100418756524
0.05366787500762914 0.010638100418756524
0.05366787500762914 0.010638100418756524
0.05366787500762914 0.010638100418756524
0.05366787500762914 0.010638100418756524
0.05366787500762914 0.010638100418756524
0.05366787500762914 0.010638100418756524
0.05366787500762914 0.010638100418756524
0.05366787500762914 0.010638100418756524
0.05366787500762914 0.010638100418756524
0.05366787500762914 0.010638100418756524
0.05366787500762914 0.010638100418756524
0.05366787500762914 0.010638100418756524
0.05366787500762914 0.010638100418756524
0.05041241399276787 0.01063804015571318
0.05041241399276787 0.01063804015571318
0.05041241399276787 0.01063804015571318
0.05041241399276787 0.01063804015571318
0.05041241399276787 0.01063804015571318
0.05041241399276787 0.01063804015571318
0.05041241399276787 0.01063804015571318
0.05041241399276787 0.01063804015571318
0.05041241399276787 0.01063804015571318
0.05041241399276787 0.01063804015571318
0.02101629932593564 0.010637912142819873
0.02101629932593564 0.010637912142819873
0.02101629932593564 0.010637912142819873
0.02101629932593564 0.010637912142819873
0.02101629932593564 0.010637912142819873
0.02101629932593564 0.010637912142819873
0.02101629932593564 0.010637912142819873
0.02101629932593564 0.010637912142819873
0.27600300036863007 0.010638080026211246
0.27600300036863007 0.010638080026211246
0.27600300036863007 0.010638080026211246
0.27600300036863007 0.010638080026211246
0.27600300036863007 0.010638080026211246
0.27600300036863007 0.010638080026211246
0.27600300036863007 0.010638080026211246
0.27600300036863007 0.010638080026211246
0.27600300036863007 0.010638080026211246
0.27600300036863007 0.010638080026211246
0.27600300036863007 0.010638080026211246
0.27600300036863007 0.010638080026211246
0.27600300036863007 0.010638080026211246
0.27600300036863007 0.010638080026211246
0.27600300036863007 0.010638080026211246
0.27600300036863007 0.010638080026211246
0.27600300036863007 0.010638080026211246
0.27600300036863007 0.010638080026211246
0.27600300036863007 0.010638080026211246
0.27600300036863007 0.010638080026211246
0.27600300036863007 0.010638080026211246
0.27600300036863007 0.010638080026211246
0.27600300036863007 0.010638080026211246
0.27600300036863007 0.010638080026211246
0.27600300036863007 0.010638080026211246
0.27600300036863007 0.010638080026211246
0.27600300036863007 0.010638080026211246
0.27600300036863007 0.010638080026211246
0.27600300036863007 0.010638080026211246
0.27600300036863007 0.010638080026211246
0.27600300036863007 0.010638080026211246
0.27600300036863007 0.010638080026211246
0.1913747006757056 0.010637912142819873
0.1913747006757056 0.010637912142819873
0.1913747006757056 0.010637912142819873
0.1913747006757056 0.010637912142819873
0.1913747006757056 0.010637912142819873
0.1913747006757056 0.010637912142819873
0.1913747006757056 0.010637912142819873
0.1913747006757056 0.010637912142819873
0.1913747006757056 0.010637912142819873
0.1913747006757056 0.010637912142819873
0.1913747006757056 0.010637912142819873
0.1913747006757056 0.010637912142819873
0.1913747006757056 0.010637912142819873
0.1913747006757056 0.010637912142819873
0.1913747006757056 0.010637912142819873
0.1913747006757056 0.010637912142819873
0.1913747006757056 0.010637912142819873
0.1913747006757056 0.010637912142819873
0.1913747006757056 0.010637912142819873
0.1913747006757056 0.010637912142819873
0.1913747006757056 0.010637912142819873
0.1913747006757056 0.010637912142819873
0.1913747006757056 0.010637912142819873
0.1913747006757056 0.010637912142819873
0.1913747006757056 0.010637912142819873
0.1913747006757056 0.010637912142819873
0.1913747006757056 0.010637912142819873
0.1913747006757056 0.010637912142819873
0.1913747006757056 0.010637912142819873
0.1913747006757056 0.010637912142819873
0.1913747006757056 0.010637912142819873
0.1913747006757056 0.010637912142819873
0.11778400726092216 0.010637912142819873
0.11778400726092216 0.010637912142819873
0.11778400726092216 0.010637912142819873
0.11778400726092216 0.010637912142819873
0.11778400726092216 0.010637912142819873
0.11778400726092216 0.010637912142819873
0.11778400726092216 0.010637912142819873
0.11778400726092216 0.010637912142819873
0.11778400726092216 0.010637912142819873
0.11778400726092216 0.010637912142819873
0.03464293052334967 0.01063816969811147
0.03464293052334967 0.01063816969811147
0.03464293052334967 0.01063816969811147
0.03464293052334967 0.01063816969811147
0.03464293052334967 0.01063816969811147
0.03464293052334967 0.01063816969811147
0.03464293052334967 0.01063816969811147
0.03464293052334967 0.01063816969811147
1.090764713325218e-06 0.01063839170399491
1.090764713325218e-06 0.01063839170399491
1.090764713325218e-06 0.01063839170399491
1.090764713325218e-06 0.01063839170399491
1.090764713325218e-06 0.01063839170399491
1.090764713325218e-06 0.01063839170399491
1.090764713325218e-06 0.01063839170399491
1.090764713325218e-06 0.01063839170399491
1.090764713325218e-06 0.01063839170399491
1.090764713325218e-06 0.01063839170399491
0.12339629838930405 0.010638369671956886
0.12339629838930405 0.010638369671956886
0.12339629838930405 0.010638369671956886
0.12339629838930405 0.010638369671956886
0.12339629838930405 0.010638369671956886
0.12339629838930405 0.010638369671956886
0.12339629838930405 0.010638369671956886
0.12339629838930405 0.010638369671956886
0.031885694971237624 0.01063804015571318
0.031885694971237624 0.01063804015571318
0.031885694971237624 0.01063804015571318
0.031885694971237624 0.01063804015571318
0.031885694971237624 0.01063804015571318
0.031885694971237624 0.01063804015571318
0.031885694971237624 0.01063804015571318
0.031885694971237624 0.01063804015571318
0.09842652268135077 0.010637914334265091
0.09842652268135077 0.010637914334265091
0.09842652268135077 0.010637914334265091
0.09842652268135077 0.010637914334265091
0.09842652268135077 0.010637914334265091
0.09842652268135077 0.010637914334265091
0.09842652268135077 0.010637914334265091
0.09842652268135077 0.010637914334265091
0.09842652268135077 0.010637914334265091
0.09842652268135077 0.010637914334265091
0.09842652268135077 0.010637914334265091
0.09842652268135077 0.010637914334265091
0.09842652268135077 0.010637914334265091
0.09842652268135077 0.010637914334265091
0.09842652268135077 0.010637914334265091
0.09842652268135077 0.010637914334265091
0.14473356981112317 0.01063839170399491
0.14473356981112317 0.01063839170399491
0.14473356981112317 0.01063839170399491
0.14473356981112317 0.01063839170399491
0.14473356981112317 0.01063839170399491
0.14473356981112317 0.01063839170399491
0.14473356981112317 0.01063839170399491
0.14473356981112317 0.01063839170399491
0.01773640275216624 0.010638382239179036
0.01773640275216624 0.010638382239179036
0.01773640275216624 0.010638382239179036
0.01773640275216624 0.010638382239179036
0.01773640275216624 0.010638382239179036
0.01773640275216624 0.010638382239179036
0.01773640275216624 0.010638382239179036
0.01773640275216624 0.010638382239179036
0.26888471261309205 0.010638192076911046
0.26888471261309205 0.010638192076911046
0.26888471261309205 0.010638192076911046
0.26888471261309205 0.010638192076911046
0.26888471261309205 0.010638192076911046
0.26888471261309205 0.010638192076911046
0.26888471261309205 0.010638192076911046
0.26888471261309205 0.010638192076911046
0.26888471261309205 0.010638192076911046
0.26888471261309205 0.010638192076911046
0.26888471261309205 0.010638192076911046
0.26888471261309205 0.010638192076911046
0.26888471261309205 0.010638192076911046
0.26888471261309205 0.010638192076911046
0.26888471261309205 0.010638192076911046
0.26888471261309205 0.010638192076911046
0.26888471261309205 0.010638192076911046
0.26888471261309205 0.010638192076911046
0.26888471261309205 0.010638192076911046
0.26888471261309205 0.010638192076911046
0.26888471261309205 0.010638192076911046
0.26888471261309205 0.010638192076911046
0.26888471261309205 0.010638192076911046
0.26888471261309205 0.010638192076911046
0.26888471261309205 0.010638192076911046
0.26888471261309205 0.010638192076911046
0.26888471261309205 0.010638192076911046
0.26888471261309205 0.010638192076911046
0.26888471261309205 0.010638192076911046
0.26888471261309205 0.010638192076911046
0.26888471261309205 0.010638192076911046
0.26888471261309205 0.010638192076911046
0.0443385006287662 0.010638335716775879
0.0443385006287662 0.010638335716775879
0.0443385006287662 0.010638335716775879
0.0443385006287662 0.010638335716775879
0.0443385006287662 0.010638335716775879
0.0443385006287662 0.010638335716775879
0.0443385006287662 0.010638335716775879
0.0443385006287662 0.010638335716775879
0.09388673507045887 0.010638518589032453
0.09388673507045887 0.010638518589032453
0.09388673507045887 0.010638518589032453
0.09388673507045887 0.010638518589032453
0.09388673507045887 0.010638518589032453
0.09388673507045887 0.010638518589032453
0.09388673507045887 0.010638518589032453
0.09388673507045887 0.010638518589032453
0.07899853916614025 0.010638646083395936
0.07899853916614025 0.010638646083395936
0.07899853916614025 0.010638646083395936
0.07899853916614025 0.010638646083395936
0.07899853916614025 0.010638646083395936
0.07899853916614025 0.010638646083395936
0.07899853916614025 0.010638646083395936
0.07899853916614025 0.010638646083395936
0.07899853916614025 0.010638646083395936
0.07899853916614025 0.010638646083395936
0.1439906055176882 0.010638263835342072
0.1439906055176882 0.010638263835342072
0.1439906055176882 0.010638263835342072
0.1439906055176882 0.010638263835342072
0.1439906055176882 0.010638263835342072
0.1439906055176882 0.010638263835342072
0.1439906055176882 0.010638263835342072
0.1439906055176882 0.010638263835342072
0.1439906055176882 0.010638263835342072
0.1439906055176882 0.010638263835342072
0.1439906055176882 0.010638263835342072
0.1439906055176882 0.010638263835342072
0.1439906055176882 0.010638263835342072
0.1439906055176882 0.010638263835342072
0.1439906055176882 0.010638263835342072
0.1439906055176882 0.010638263835342072
0.1439906055176882 0.010638263835342072
0.1439906055176882 0.010638263835342072
0.1439906055176882 0.010638263835342072
0.1439906055176882 0.010638263835342072
0.1439906055176882 0.010638263835342072
0.1439906055176882 0.010638263835342072
0.1439906055176882 0.010638263835342072
0.1439906055176882 0.010638263835342072
0.1439906055176882 0.010638263835342072
0.1439906055176882 0.010638263835342072
0.1439906055176882 0.010638263835342072
0.1439906055176882 0.010638263835342072
0.1439906055176882 0.010638263835342072
0.1439906055176882 0.010638263835342072
0.1439906055176882 0.010638263835342072
0.1439906055176882 0.010638263835342072
0.3318026343953381 0.010638100418756524
0.3318026343953381 0.010638100418756524
0.3318026343953381 0.010638100418756524
0.3318026343953381 0.010638100418756524
0.3318026343953381 0.010638100418756524
0.3318026343953381 0.010638100418756524
0.3318026343953381 0.010638100418756524
0.3318026343953381 0.010638100418756524
0.3318026343953381 0.010638100418756524
0.3318026343953381 0.010638100418756524
0.3318026343953381 0.010638100418756524
0.3318026343953381 0.010638100418756524
0.3318026343953381 0.010638100418756524
0.3318026343953381 0.010638100418756524
0.3318026343953381 0.010638100418756524
0.3318026343953381 0.010638100418756524
0.3318026343953381 0.010638100418756524
0.3318026343953381 0.010638100418756524
0.3318026343953381 0.010638100418756524
0.3318026343953381 0.010638100418756524
0.3318026343953381 0.010638100418756524
0.3318026343953381 0.010638100418756524
0.3318026343953381 0.010638100418756524
0.3318026343953381 0.010638100418756524
0.3318026343953381 0.010638100418756524
0.3318026343953381 0.010638100418756524
0.3318026343953381 0.010638100418756524
0.3318026343953381 0.010638100418756524
0.3318026343953381 0.010638100418756524
0.3318026343953381 0.010638100418756524
0.3318026343953381 0.010638100418756524
0.3318026343953381 0.010638100418756524
0.3318026343953381 0.010638100418756524
0.3318026343953381 0.010638100418756524
0.3318026343953381 0.010638100418756524
0.3318026343953381 0.010638100418756524
0.3318026343953381 0.010638100418756524
0.3318026343953381 0.010638100418756524
0.3318026343953381 0.010638100418756524
0.3318026343953381 0.010638100418756524
0.3318026343953381 0.010638100418756524
0.3318026343953381 0.010638100418756524
0.3318026343953381 0.010638100418756524
0.3318026343953381 0.010638100418756524
0.3318026343953381 0.010638100418756524
0.3318026343953381 0.010638100418756524
0.3318026343953381 0.010638100418756524
0.3318026343953381 0.010638100418756524
0.3318026343953381 0.010638100418756524
0.3318026343953381 0.010638100418756524
0.3318026343953381 0.010638100418756524
0.3318026343953381 0.010638100418756524
0.3318026343953381 0.010638100418756524
0.3318026343953381 0.010638100418756524
0.3318026343953381 0.010638100418756524
0.3318026343953381 0.010638100418756524
0.3318026343953381 0.010638100418756524
0.3318026343953381 0.010638100418756524
0.3318026343953381 0.010638100418756524
0.3318026343953381 0.010638100418756524
0.3318026343953381 0.010638100418756524
0.3318026343953381 0.010638100418756524
0.3318026343953381 0.010638100418756524
0.3318026343953381 0.010638100418756524
0.120062303324891 0.010638225212681568
0.120062303324891 0.010638225212681568
0.120062303324891 0.010638225212681568
0.120062303324891 0.010638225212681568
0.120062303324891 0.010638225212681568
0.120062303324891 0.010638225212681568
0.120062303324891 0.010638225212681568
0.120062303324891 0.010638225212681568
0.05366787500762914 0.010638100418756524
0.05366787500762914 0.010638100418756524
0.05366787500762914 0.010638100418756524
0.05366787500762914 0.010638100418756524
0.05366787500762914 0.010638100418756524
0.05366787500762914 0.010638100418756524
0.05366787500762914 0.010638100418756524
0.05366787500762914 0.010638100418756524
0.05366787500762914 0.010638100418756524
0.05366787500762914 0.010638100418756524
0.05366787500762914 0.010638100418756524
0.05366787500762914 0.010638100418756524
0.05366787500762914 0.010638100418756524
0.05366787500762914 0.010638100418756524
0.05366787500762914 0.010638100418756524
0.05366787500762914 0.010638100418756524
0.05366787500762914 0.010638100418756524
0.05366787500762914 0.010638100418756524
0.05366787500762914 0.010638100418756524
0.05366787500762914 0.010638100418756524
0.010586973337123742 0.010638263835342072
0.010586973337123742 0.010638263835342072
0.010586973337123742 0.010638263835342072
0.010586973337123742 0.010638263835342072
0.010586973337123742 0.010638263835342072
0.010586973337123742 0.010638263835342072
0.010586973337123742 0.010638263835342072
0.010586973337123742 0.010638263835342072
0.03588817302424585 0.010638302543909456
0.03588817302424585 0.010638302543909456
0.03588817302424585 0.010638302543909456
0.03588817302424585 0.010638302543909456
0.03588817302424585 0.010638302543909456
0.03588817302424585 0.010638302543909456
0.03588817302424585 0.010638302543909456
0.03588817302424585 0.010638302543909456
0.16419261056239048 0.01063804015571318
0.16419261056239048 0.01063804015571318
0.16419261056239048 0.01063804015571318
0.16419261056239048 0.01063804015571318
0.16419261056239048 0.01063804015571318
0.16419261056239048 0.01063804015571318
0.16419261056239048 0.01063804015571318
0.16419261056239048 0.01063804015571318
0.16419261056239048 0.01063804015571318
0.16419261056239048 0.01063804015571318
0.16419261056239048 0.01063804015571318
0.16419261056239048 0.01063804015571318
0.16419261056239048 0.01063804015571318
0.16419261056239048 0.01063804015571318
0.16419261056239048 0.01063804015571318
0.16419261056239048 0.01063804015571318
0.16419261056239048 0.01063804015571318
0.16419261056239048 0.01063804015571318
0.16419261056239048 0.01063804015571318
0.16419261056239048 0.01063804015571318
0.16419261056239048 0.01063804015571318
0.16419261056239048 0.01063804015571318
0.16419261056239048 0.01063804015571318
0.16419261056239048 0.01063804015571318
0.16419261056239048 0.01063804015571318
0.16419261056239048 0.01063804015571318
0.16419261056239048 0.01063804015571318
0.16419261056239048 0.01063804015571318
0.16419261056239048 0.01063804015571318
0.16419261056239048 0.01063804015571318
0.16419261056239048 0.01063804015571318
0.16419261056239048 0.01063804015571318
0.12181213739432217 0.010638617288834883
0.12181213739432217 0.010638617288834883
0.12181213739432217 0.010638617288834883
0.12181213739432217 0.010638617288834883
0.12181213739432217 0.010638617288834883
0.12181213739432217 0.010638617288834883
0.12181213739432217 0.010638617288834883
0.12181213739432217 0.010638617288834883
2.4033955171866813e-06 0.010637062705975867
2.4033955171866813e-06 0.010637062705975867
2.4033955171866813e-06 0.010637062705975867
2.4033955171866813e-06 0.010637062705975867
2.4033955171866813e-06 0.010637062705975867
2.4033955171866813e-06 0.010637062705975867
2.4033955171866813e-06 0.010637062705975867
2.4033955171866813e-06 0.010637062705975867
2.4033955171866813e-06 0.010637062705975867
2.4033955171866813e-06 0.010637062705975867
0.0346429109686276 0.010638361957314024
0.0346429109686276 0.010638361957314024
0.0346429109686276 0.010638361957314024
0.0346429109686276 0.010638361957314024
0.0346429109686276 0.010638361957314024
0.0346429109686276 0.010638361957314024
0.0346429109686276 0.010638361957314024
0.0346429109686276 0.010638361957314024
0.05312822259655541 0.010638080026211246
0.05312822259655541 0.010638080026211246
0.05312822259655541 0.010638080026211246
0.05312822259655541 0.010638080026211246
0.05312822259655541 0.010638080026211246
0.05312822259655541 0.010638080026211246
0.05312822259655541 0.010638080026211246
0.05312822259655541 0.010638080026211246