1.9650504893905977e-06 1.977601288160355e-06
1.967382232767827e-06 1.9776011387797027e-06
1.9527062900145615e-06 1.977600914870988e-06
1.9522269965725437e-06 1.977601555644397e-06
1.954543159559708e-06 1.9776019249168426e-06
1.9676718262873185e-06 1.9776013905031533e-06
2.0282888309338967e-06 1.97760531190849e-06
2.0282888309338967e-06 1.97760531190849e-06
2.0282888309338967e-06 1.97760531190849e-06
2.0282888309338967e-06 1.97760531190849e-06
2.0282888309338967e-06 1.97760531190849e-06
2.0282888309338967e-06 1.97760531190849e-06
1.964335649987738e-06 1.97760164517944e-06
1.4996887323555059e-06 1.9776197175550647e-06
1.4996887323555059e-06 1.9776197175550647e-06
1.4996887323555059e-06 1.9776197175550647e-06
1.9677693455908564e-06 1.9776024997122605e-06
1.9677693455908564e-06 1.9776024997122605e-06
1.964278936739801e-06 1.977602413883101e-06
2.1034913288061633e-06 1.977601389814889e-06
1.961718644852444e-06 1.977601306244753e-06
1.9670882082274993e-06 1.9776012986616875e-06
1.969236564462947e-06 1.9776015106309605e-06
1.969236564462947e-06 1.9776015106309605e-06
1.969488263229236e-06 1.977602068817779e-06
1.9653925529606336e-06 1.9776021872363907e-06
1.9607269757375415e-06 1.9776015113411366e-06
1.9649654526384247e-06 1.9776013681777272e-06
1.9649654526384247e-06 1.9776013681777272e-06
1.96821547967991e-06 1.9776010928662895e-06
1.9677693455908564e-06 1.9776024997122605e-06
1.9677693455908564e-06 1.9776024997122605e-06
1.9648507465650564e-06 1.9776019615220744e-06
1.9658685154573486e-06 1.977602117955853e-06
2.0282888309338967e-06 1.97760531190849e-06
2.0282888309338967e-06 1.97760531190849e-06
2.0282888309338967e-06 1.97760531190849e-06
1.9640372680501793e-06 1.977601104915622e-06
1.9651656785029746e-06 1.9776008320518164e-06
2.0465271357248896e-06 1.977603678930255e-06
2.0465271357248896e-06 1.977603678930255e-06
2.0465271357248896e-06 1.977603678930255e-06
1.95949962900051e-06 1.9776023511853563e-06
1.95949962900051e-06 1.9776023511853563e-06
1.9629519145601975e-06 1.977601477874603e-06
1.9700048221573246e-06 1.977602068565337e-06
1.969236564462947e-06 1.9776015106309605e-06
1.9653925529606336e-06 1.9776021872363907e-06
1.963887304550013e-06 1.977601455510178e-06
2.03999845334961e-06 1.97759799919644e-06
2.03999845334961e-06 1.97759799919644e-06
2.03999845334961e-06 1.97759799919644e-06
1.9643203778564804e-06 1.9776019955184994e-06
1.96909991894402e-06 1.977602033401042e-06
1.957241158687618e-06 1.977601856685175e-06
1.958298144878878e-06 1.9776016931126e-06
1.965265132575628e-06 1.977602094425977e-06
1.9522770055090755e-06 1.977600914870988e-06
2.0551842282488725e-06 1.9775912691852147e-06
2.0551842282488725e-06 1.9775912691852147e-06
2.0551842282488725e-06 1.9775912691852147e-06
1.9736978587371308e-06 1.977602087929131e-06
2.031620832306136e-06 1.9776013623539408e-06
2.031620832306136e-06 1.9776013623539408e-06
2.031620832306136e-06 1.9776013623539408e-06
2.031620832306136e-06 1.9776013623539408e-06
2.031620832306136e-06 1.9776013623539408e-06
2.031620832306136e-06 1.9776013623539408e-06
1.9650502595573288e-06 1.9776011747474263e-06
1.9657163770554337e-06 1.9776013779640787e-06
2.0619672028493934e-06 1.977605367189958e-06
2.0619672028493934e-06 1.977605367189958e-06
2.0619672028493934e-06 1.977605367189958e-06
1.958298144878878e-06 1.9776016931126e-06
2.072291766417178e-06 1.9775807746690034e-06
2.072291766417178e-06 1.9775807746690034e-06
2.072291766417178e-06 1.9775807746690034e-06
2.0385201190843694e-06 1.97760061305582e-06
2.0385201190843694e-06 1.97760061305582e-06
2.0385201190843694e-06 1.97760061305582e-06
1.966721871633136e-06 1.9776016519776417e-06
2.0062987374902827e-06 1.9776011637862304e-06
2.0062987374902827e-06 1.9776011637862304e-06
2.0062987374902827e-06 1.9776011637862304e-06
2.0062987374902827e-06 1.9776011637862304e-06
2.0062987374902827e-06 1.9776011637862304e-06
2.0062987374902827e-06 1.9776011637862304e-06
1.9675123521765146e-06 1.977602094371337e-06
1.9675123521765146e-06 1.977602094371337e-06
1.962208107686151e-06 1.9776012236067685e-06
1.9645148118328105e-06 1.977601897406166e-06
1.9658111377898527e-06 1.9776008580525184e-06
2.0559241829772456e-06 1.9775994850252234e-06
2.0559241829772456e-06 1.9775994850252234e-06
2.0559241829772456e-06 1.9775994850252234e-06