4.080030935812151e-07 1.1237444964613286e-06
5.685540575255773e-07 1.1237444964613286e-06
3.0979051078855445e-07 1.1237444964613286e-06
4.2354662818620495e-07 1.1237444964613286e-06
1.018868133701733e-06 1.1237444964613286e-06
3.36752329446241e-07 1.1237444964613286e-06
2.9895806767754997e-07 1.1237444964613286e-06
2.2727442364667403e-07 1.1237444964613286e-06
2.7579596656032013e-07 1.1237444964613286e-06
5.100618449012132e-07 1.1237444964613286e-06
5.668892534646088e-07 1.1237444964613286e-06
4.306046521037386e-07 1.1237444964613286e-06
3.3689153226484327e-07 1.1237444964613286e-06
3.36752329446241e-07 1.1237444964613286e-06
1.0135150040443791e-06 1.1237444964613286e-06
1.0135150040443791e-06 1.1237444964613286e-06
1.0135150040443791e-06 1.1237444964613286e-06
1.0135150040443791e-06 1.1237444964613286e-06
1.0135150040443791e-06 1.1237444964613286e-06
4.0805665887991436e-07 1.1237444964613286e-06
1.1018837763492162e-06 1.1237444964613286e-06
1.9157022282860257e-07 1.1237444964613286e-06
8.310717308835117e-07 1.1237444964613286e-06
2.8644257018560813e-07 1.1237444964613286e-06
1.0239827082668095e-06 1.1237444964613286e-06
1.0239827082668095e-06 1.1237444964613286e-06
1.0239827082668095e-06 1.1237444964613286e-06
5.90657415872607e-07 1.1237444964613286e-06
1.018868133701733e-06 1.1237444964613286e-06
2.9377578221142146e-07 1.1237444964613286e-06
5.092086812427596e-07 1.1237444964613286e-06
1.8336155836097353e-07 1.1237444964613286e-06
2.2555581463640515e-07 1.1237444964613286e-06
1.018868133701733e-06 1.1237444964613286e-06
8.884062809985064e-07 1.1237444964613286e-06
2.353487807226863e-07 1.1237444964613286e-06
9.145191533801516e-07 1.1237444964613286e-06
7.356717580586292e-07 1.1237444964613286e-06
2.2555581463640515e-07 1.1237444964613286e-06
3.739334515170878e-07 1.1237444964613286e-06
5.668892534646088e-07 1.1237444964613286e-06
3.7639484035588627e-07 1.1237444964613286e-06
1.018868133701733e-06 1.1237444964613286e-06
3.469194390909171e-07 1.1237444964613286e-06
3.36752329446241e-07 1.1237444964613286e-06
4.2354662818620495e-07 1.1237444964613286e-06
4.0800426704247846e-07 1.1237444964613286e-06
3.0979051078855445e-07 1.1237444964613286e-06
1.018868133701733e-06 1.1237444964613286e-06
4.2354662818620495e-07 1.1237444964613286e-06