0.044893900607188945 0.05601447867722436
0.17244781579306723 0.17521353548603003
0.18984800081548342 0.21196606511942792
0.18984800081548342 0.21196606511942792
0.20764438768543111 0.2323281474486332
0.1045799779588681 0.11272711886247756
0.24220819060770823 0.28465179435200805
0.02911698917368835 0.03015172992112506
0.1690185541709861 0.17725224402187187
0.1994203143842427 0.22150760572915565
0.2547116285242251 0.2887734475522996
0.010162769720177637 0.0072066423432069655
0.038735462180995 0.052446738739501134
0.1683088528033204 0.17521353548603003
0.04078571057647369 0.04426305494704166
0.2517689643168307 0.2421101018007951
0.16491805738002874 0.1694532222173071
0.08758753464362029 0.08276771993529985
0.026191634755749253 0.024360643693370543
0.012264947484022102 0.015442255504032219
0.19058462852230174 0.21549341554842222
0.14623117800810484 0.1425114965851632
0.14623117800810484 0.1425114965851632
0.27422360786018307 0.3420722125949875
0.10327405050996563 0.10544739074157061
0.03780842679016881 0.0397855894079475
0.19951840319115585 0.18071420191292406
0.026137782077443997 0.027747592496783265
0.24220819060770823 0.28465179435200805
0.09502689748950353 0.09551349490419031
0.15879039191286637 0.16510269513421819
0.1749635051938985 0.18667646272529173
0.08327547375932084 0.07894225646568719
0.028511146542754218 0.029355479606183055
0.20905225056112567 0.23312247445363574
0.06843136764646486 0.09222078828781179
0.23542852307106438 0.25560981426595913
0.10207198179779474 0.10660522332513363
0.0930093453629959 0.09223617476732758
0.23542852307106438 0.25560981426595913
0.20505753581683936 0.24414111709687905
0.032984765461969434 0.034079128817529815
0.19047692316569123 0.21199299145858055
0.1900864912479781 0.21199299145858055
0.0604496313976501 0.055418252595987594
0.19040191407805176 0.2131489007322041
0.032984765461969434 0.034079128817529815
0.1738845283178539 0.18367032928989474
0.20146094623002403 0.22087868337894784
0.20585955606159978 0.22959512402464144