9.614474655178973e-06 7.825310472044318e-06
2.027105717727335e-05 7.825315474482365e-06
1.6094368244018217e-05 7.825311680196697e-06
1.8485155041177027e-05 7.825304394795987e-06
1.1298764687029185e-05 7.8253125539583e-06
2.164424164007877e-05 7.825303007946329e-06
1.4490571741691875e-05 7.825310071561985e-06
2.5017499651223656e-05 7.825295500058278e-06
1.2460434656812158e-05 7.825311335431416e-06
1.2743558511239523e-05 7.825312834344352e-06
1.2234584768065378e-05 7.825312607995907e-06
1.8055632725004476e-05 7.825333551760238e-06
1.2405292380139453e-05 7.825310974203921e-06
9.81596908328242e-06 7.82531302957874e-06
2.1411667880880567e-05 7.825307573779878e-06
1.312727199769434e-05 7.825313706463959e-06
1.4549793048854938e-05 7.825311586536961e-06
1.4490571741691875e-05 7.825310071561985e-06
1.7915557461736675e-05 7.825315328192642e-06
1.6629696204311262e-05 7.825311235327756e-06
1.2419014908350119e-05 7.825313346776134e-06
1.1624376649030603e-05 7.825311769738973e-06
9.837108899540182e-06 7.825307022704207e-06
1.6028831178070178e-05 7.825315909033315e-06
7.517564497673475e-06 7.825308314307521e-06
1.1885481310112863e-05 7.825309975606803e-06
1.0156351399173854e-05 7.825310938910935e-06
2.3944560286093833e-05 7.825305807414157e-06
2.3944560286093833e-05 7.825305807414157e-06
2.1848580246117977e-05 7.825307186234273e-06
1.898748378869192e-05 7.825338318625667e-06
1.1288747422150072e-05 7.825313630320677e-06
1.727511307307343e-05 7.82530927794414e-06
1.2417583887709534e-05 7.825308966461204e-06
1.2417583887709534e-05 7.825308966461204e-06
2.4418971375990914e-05 7.825317675590857e-06
1.1301733987085834e-05 7.825310840389575e-06
1.1301733987085834e-05 7.825310840389575e-06
1.2181582286739358e-05 7.825287670472526e-06
2.4502933540504455e-05 7.82529719051659e-06
2.0351939411031338e-05 7.825328639298992e-06
7.124179021525205e-06 7.825311005812824e-06
1.5782524856645337e-05 7.8253204845796e-06
1.619472191084921e-05 7.825314366327433e-06
8.34185722483025e-06 7.825317325235574e-06
2.2329237814581215e-05 7.825314093608284e-06
1.1356999001873614e-05 7.825313630320677e-06
1.9081414089782438e-05 7.82534173785553e-06
1.2414682737794214e-05 7.825315047508596e-06
2.3121734343474234e-05 7.82532386436941e-06
1.4718865649663235e-05 7.825308573588873e-06
2.2781221947739133e-05 7.825312556697613e-06
2.2058608644613904e-05 7.825310377278846e-06
1.619472191084921e-05 7.825314366327433e-06
8.180407794804551e-06 7.825307590370387e-06
2.549518633649626e-05 7.825199740805691e-06
8.239549115333933e-06 7.825308897144344e-06
2.4574491838444645e-05 7.825312807478252e-06
1.7492288187200623e-05 7.825324615553436e-06
1.129367287803747e-05 7.825310555929404e-06
1.7513949227206958e-05 7.825316578622851e-06
1.2524442259871646e-05 7.825310344095061e-06
1.2464619632821511e-05 7.825310974203921e-06
2.4428697943394587e-05 7.825314821257892e-06
1.5819277300911256e-05 7.825309523372838e-06
8.539667063815429e-06 7.825308772542105e-06
1.2015001817306265e-05 7.825313889593066e-06
7.08036772086361e-06 7.82530738647544e-06
1.7915557461736675e-05 7.825315328192642e-06
7.623190576145488e-06 7.825308314307521e-06
2.8869597879347824e-05 7.82529545972511e-06
1.748533379997684e-05 7.825331989843825e-06
1.8020366587837377e-05 7.825312718802829e-06
1.0055405875229821e-05 7.825305347685696e-06
8.595760422830693e-06 7.825308833219183e-06
2.4560841437607493e-05 7.825312869027544e-06
2.0024390716822564e-05 7.825312676800237e-06
1.3247580519025678e-05 7.825311232250906e-06
2.9651729084836728e-05 7.825324569317166e-06
1.1752328543191783e-05 7.825309725742855e-06
1.1097164171250034e-05 7.825310742121139e-06
2.1217647092772697e-05 7.825307101725894e-06
2.1217647092772697e-05 7.825307101725894e-06
2.4226492951157085e-05 7.825304026112202e-06
2.4141666024822622e-05 7.825307751676204e-06
6.915911203867643e-06 7.82534023284465e-06
2.8774158094275575e-05 7.825381037258405e-06
1.1466783579518884e-05 7.82531247293785e-06
2.6082080716521342e-05 7.825295971553994e-06
1.4549793048854938e-05 7.825311586536961e-06
1.6094368244018217e-05 7.825311680196697e-06
1.898748378869192e-05 7.825338318625667e-06
8.702554774305092e-06 7.825313667042019e-06
1.1463422478551512e-05 7.825327001154392e-06
9.000441055838394e-06 7.825319666801991e-06
2.1486645200943115e-05 7.825308921843181e-06
1.3185811401653181e-05 7.825308782491552e-06
2.1712112895661327e-05 7.825317595173088e-06
1.1884032556380423e-05 7.825313517608846e-06
8.751675085969502e-06 7.825313667042019e-06
7.792884659245759e-06 7.825370602811237e-06
1.327207582255424e-05 7.825311699412265e-06
1.809577760344033e-05 7.825328640483947e-06
1.4333533039566201e-05 7.825314920851194e-06