0.005183877711896357 9.99645839759628e-05
0.005183877711896357 9.99645839759628e-05
0.0005940752419142932 9.99645839759628e-05
0.003244564782762678 0.010099279112542985
0.003244564782762678 0.010099279112542985
0.000805428933749186 9.99645839759628e-05
0.02599079183375033 0.030297837337628954
0.02599079183375033 0.030297837337628954
0.02599079183375033 0.030297837337628954
0.02599079183375033 0.030297837337628954
0.02599079183375033 0.030297837337628954
0.01790794118655105 0.02019855822508597
0.01790794118655105 0.02019855822508597
0.0007511624453050919 9.99645839759628e-05
0.02247775073973792 0.02019855822508597
0.0056151534884783675 9.99645839759628e-05
0.0016279946533228227 9.99645839759628e-05
0.016277090402257485 0.010099279112542985
0.016277090402257485 0.010099279112542985
0.016277090402257485 0.010099279112542985
0.032825513246735445 0.02019855822508597
0.0006597662542413545 9.99645839759628e-05
0.001679405010796175 9.99645839759628e-05
0.00778295689527139 9.99645839759628e-05
0.003490192046246473 9.99645839759628e-05
0.00407569889524854 0.010099279112542985
0.0003313111926060481 9.99645839759628e-05
0.0007682992311295427 9.99645839759628e-05
0.0013366692943071598 9.99645839759628e-05
0.0013366692943071598 9.99645839759628e-05
0.0005769384560898425 9.99645839759628e-05
0.0018307799522454902 9.99645839759628e-05
0.0009853651849059191 9.99645839759628e-05
0.016528429927682765 0.02019855822508597
0.011661582753538745 0.030297837337628954
0.0010539123282037222 9.99645839759628e-05
0.025885114987832882 0.02019855822508597
0.03387656944396842 0.04039711645017194
0.03387656944396842 0.04039711645017194
0.0009453793513155339 9.99645839759628e-05
0.01989580834218734 0.030297837337628954
0.21026550593504015 0.18178702402577374
0.15940638173904104 0.18178702402577374
0.15940638173904104 0.18178702402577374
0.15940638173904104 0.18178702402577374
0.015385977539386047 0.030297837337628954
0.07709268716226252 0.16158846580068775
0.01136740126355234 0.010099279112542985
0.005655139322068753 0.010099279112542985
0.0020735510847585425 9.99645839759628e-05