1.977601683334553e-06 1.977601683334553e-06
1.977601683334553e-06 1.977601683334553e-06
1.977601683334553e-06 1.977601683334553e-06
1.977601683334553e-06 1.977601683334553e-06
1.977601683334553e-06 1.977601683334553e-06
1.977601683334553e-06 1.977601683334553e-06
1.977601683334553e-06 1.977601683334553e-06
1.8627785715550294e-06 1.9775882178776094e-06
1.8627785715550294e-06 1.9775882178776094e-06
1.8627785715550294e-06 1.9775882178776094e-06
1.8627785715550294e-06 1.9775882178776094e-06
1.8627785715550294e-06 1.9775882178776094e-06
1.8627785715550294e-06 1.9775882178776094e-06
1.8627785715550294e-06 1.9775882178776094e-06
1.8627785715550294e-06 1.9775882178776094e-06
1.8627785715550294e-06 1.9775882178776094e-06
1.8627785715550294e-06 1.9775882178776094e-06
1.8627785715550294e-06 1.9775882178776094e-06
1.8627785715550294e-06 1.9775882178776094e-06
1.8627785715550294e-06 1.9775882178776094e-06
1.8627785715550294e-06 1.9775882178776094e-06
1.8627785715550294e-06 1.9775882178776094e-06
1.8627785715550294e-06 1.9775882178776094e-06
1.8627785715550294e-06 1.9775882178776094e-06
1.8627785715550294e-06 1.9775882178776094e-06
1.8627785715550294e-06 1.9775882178776094e-06
1.8627785715550294e-06 1.9775882178776094e-06
1.8627785715550294e-06 1.9775882178776094e-06
1.8627785715550294e-06 1.9775882178776094e-06
1.8627785715550294e-06 1.9775882178776094e-06
1.8627785715550294e-06 1.9775882178776094e-06
1.977601683334553e-06 1.977601683334553e-06
1.977601683334553e-06 1.977601683334553e-06
1.977601683334553e-06 1.977601683334553e-06
1.977601683334553e-06 1.977601683334553e-06
1.977601683334553e-06 1.977601683334553e-06
1.977601683334553e-06 1.977601683334553e-06
1.977601683334553e-06 1.977601683334553e-06
1.4824011655459535e-06 1.977705676686643e-06
1.4824011655459535e-06 1.977705676686643e-06
1.4824011655459535e-06 1.977705676686643e-06
1.4824011655459535e-06 1.977705676686643e-06
1.4824011655459535e-06 1.977705676686643e-06
1.4824011655459535e-06 1.977705676686643e-06
1.4824011655459535e-06 1.977705676686643e-06
1.4824011655459535e-06 1.977705676686643e-06
1.4824011655459535e-06 1.977705676686643e-06
1.4824011655459535e-06 1.977705676686643e-06
1.4824011655459535e-06 1.977705676686643e-06
1.4824011655459535e-06 1.977705676686643e-06