1.977601683334553e-06 1.977601683334553e-06
1.977601683334553e-06 1.977601683334553e-06
1.977601683334553e-06 1.977601683334553e-06
1.977601683334553e-06 1.977601683334553e-06
1.977601683334553e-06 1.977601683334553e-06
1.977601683334553e-06 1.977601683334553e-06
1.977601683334553e-06 1.977601683334553e-06
1.8735550064572853e-06 1.9776008338206033e-06
1.8735550064572853e-06 1.9776008338206033e-06
1.8735550064572853e-06 1.9776008338206033e-06
1.8735550064572853e-06 1.9776008338206033e-06
1.8735550064572853e-06 1.9776008338206033e-06
1.8735550064572853e-06 1.9776008338206033e-06
1.8735550064572853e-06 1.9776008338206033e-06
1.8735550064572853e-06 1.9776008338206033e-06
1.8735550064572853e-06 1.9776008338206033e-06
1.8735550064572853e-06 1.9776008338206033e-06
1.8735550064572853e-06 1.9776008338206033e-06
1.8735550064572853e-06 1.9776008338206033e-06
1.8735550064572853e-06 1.9776008338206033e-06
1.8735550064572853e-06 1.9776008338206033e-06
1.8735550064572853e-06 1.9776008338206033e-06
1.8735550064572853e-06 1.9776008338206033e-06
1.8735550064572853e-06 1.9776008338206033e-06
1.8735550064572853e-06 1.9776008338206033e-06
1.8735550064572853e-06 1.9776008338206033e-06
1.8735550064572853e-06 1.9776008338206033e-06
1.8735550064572853e-06 1.9776008338206033e-06
1.8735550064572853e-06 1.9776008338206033e-06
1.8735550064572853e-06 1.9776008338206033e-06
1.8735550064572853e-06 1.9776008338206033e-06
1.5188216929250374e-06 1.9776081621387877e-06
1.5188216929250374e-06 1.9776081621387877e-06
1.5188216929250374e-06 1.9776081621387877e-06
1.5188216929250374e-06 1.9776081621387877e-06
1.5188216929250374e-06 1.9776081621387877e-06
1.5188216929250374e-06 1.9776081621387877e-06
1.5188216929250374e-06 1.9776081621387877e-06
1.5188216929250374e-06 1.9776081621387877e-06
1.5188216929250374e-06 1.9776081621387877e-06
1.5188216929250374e-06 1.9776081621387877e-06
1.5188216929250374e-06 1.9776081621387877e-06
1.5188216929250374e-06 1.9776081621387877e-06
1.977601683334553e-06 1.977601683334553e-06
1.977601683334553e-06 1.977601683334553e-06
1.977601683334553e-06 1.977601683334553e-06
1.977601683334553e-06 1.977601683334553e-06
1.977601683334553e-06 1.977601683334553e-06
1.977601683334553e-06 1.977601683334553e-06
1.977601683334553e-06 1.977601683334553e-06