0.27265100257120156 0.24999876621806355
0.27265100257120156 0.24999876621806355
0.27265100257120156 0.24999876621806355
0.27265100257120156 0.24999876621806355
0.27265100257120156 0.24999876621806355
0.27265100257120156 0.24999876621806355
0.27265100257120156 0.24999876621806355
0.27265100257120156 0.24999876621806355
0.27265100257120156 0.24999876621806355
0.27265100257120156 0.24999876621806355
0.27265100257120156 0.24999876621806355
0.27265100257120156 0.24999876621806355
0.27265100257120156 0.24999876621806355
0.27265100257120156 0.24999876621806355
0.27265100257120156 0.24999876621806355
0.27265100257120156 0.24999876621806355
0.27265100257120156 0.24999876621806355
0.27265100257120156 0.24999876621806355
0.27265100257120156 0.24999876621806355
0.27265100257120156 0.24999876621806355
0.27265100257120156 0.24999876621806355
0.27265100257120156 0.24999876621806355
0.27265100257120156 0.24999876621806355
0.27265100257120156 0.24999876621806355
0.27265100257120156 0.24999876621806355
0.27265100257120156 0.24999876621806355
0.27265100257120156 0.24999876621806355
0.27265100257120156 0.24999876621806355
0.27265100257120156 0.24999876621806355
0.27265100257120156 0.24999876621806355
0.27265100257120156 0.24999876621806355
0.06068233076213178 0.24999876621806355
0.06068233076213178 0.24999876621806355
0.06068233076213178 0.24999876621806355
0.06068233076213178 0.24999876621806355
0.06068233076213178 0.24999876621806355
0.06068233076213178 0.24999876621806355
0.06068233076213178 0.24999876621806355
0.06068233076213178 0.24999876621806355
0.06068233076213178 0.24999876621806355
0.06068233076213178 0.24999876621806355
0.06068233076213178 0.24999876621806355
0.06068233076213178 0.24999876621806355
0.06068233076213178 0.24999876621806355
0.06068233076213178 0.24999876621806355
0.06068233076213178 0.24999876621806355
0.06068233076213178 0.24999876621806355
0.06068233076213178 0.24999876621806355
0.06068233076213178 0.24999876621806355
0.06068233076213178 0.24999876621806355