9.557757223220718e-07 2.1517714838289203e-06
1.8971682128119854e-06 2.1518324568184908e-06
2.358922131171665e-06 2.15201925906779e-06
3.291487132023985e-06 2.1518531448894968e-06
9.675380339842195e-07 2.1517885988552032e-06
8.839881799176567e-07 2.151900416779338e-06
9.63107474929825e-07 2.151842427822552e-06
2.54971923477651e-06 2.152044769082201e-06
2.595873893894804e-06 2.151851520774715e-06
2.816553246136427e-06 2.151899625793579e-06
3.03503420707495e-06 2.1518619566754378e-06
5.157623388238999e-06 2.151721727559777e-06
1.5252683751553367e-06 2.1518516017959215e-06
3.3496016212315737e-06 2.151876190461065e-06
8.334981746388928e-07 2.151801286245294e-06
1.4716513203271788e-06 2.1518734388568053e-06
2.1949236452811163e-06 2.151812702128797e-06
2.5996111835244045e-06 2.1518588667685797e-06
3.131428031656829e-06 2.1520335647305232e-06
3.403905349446512e-06 2.1518659717855316e-06
2.2655459035788898e-06 2.151721016619453e-06
1.5179701649407075e-06 2.1518783574472976e-06
1.5276563463253899e-06 2.1518628643338293e-06
1.5180542140659325e-06 2.1518736524130813e-06
1.467864872418368e-06 2.151880403855723e-06
1.467864872418368e-06 2.151880403855723e-06
2.090645519992072e-06 2.151804142243359e-06
1.9918991249510623e-06 2.151749384039632e-06
3.902956925207318e-06 2.1518322749815874e-06
3.890218689063627e-06 2.1518204213570178e-06
8.342676234101985e-07 2.151950600755474e-06
8.351588913528869e-07 2.1518709404619253e-06
3.311678012042886e-06 2.151843708048658e-06
1.3249739900413618e-06 2.151730302181432e-06
2.6264935963378487e-06 2.1518734353865905e-06
2.1095971904281026e-06 2.151732970696802e-06
1.5420374543569417e-06 2.1518847579963807e-06
1.5420374543569417e-06 2.1518847579963807e-06
1.5420374543569417e-06 2.1518847579963807e-06
3.3512911973338836e-06 2.151876122734883e-06
3.6123098710407372e-06 2.151851611151151e-06
3.5327442820596358e-06 2.1511828449031576e-06
3.1793139255637676e-06 2.151787406334086e-06
2.307345876787431e-06 2.1520762544390516e-06
8.91928609327136e-07 2.1519136286170406e-06
5.725718074493666e-06 2.151930230522467e-06
3.353094369920867e-06 2.151854711334937e-06
3.201881984667677e-06 2.1518687913732113e-06
3.3461512514073027e-06 2.1518482009133864e-06
2.2507181638366884e-06 2.151917634789208e-06