0.7205288271674269 0.7175187585822099
0.5457078987127139 0.5432050636396903
0.913550018658947 0.913718130337274
0.5583554040296079 0.5555047516910803
0.8783501867706254 0.877415427869583
0.6250029890546255 0.6235878075556055
0.943528968468191 0.9463173035466492
0.943528968468191 0.9463173035466492
0.943528968468191 0.9463173035466492
0.7766237812809096 0.775259323133109
0.7766237812809096 0.775259323133109
0.831112254399345 0.8305608191096603
0.831112254399345 0.8305608191096603
0.7666334549486064 0.7649965399428276
0.9044183662008572 0.9042589499541678
0.9044183662008572 0.9042589499541678
0.9044183662008572 0.9042589499541678
0.9044183662008572 0.9042589499541678
0.9044183662008572 0.9042589499541678
0.7384428655794961 0.7353429442006906
0.7384428655794961 0.7353429442006906
0.9746962939345741 0.9750825160231443
0.676048795863873 0.6742669569974674
0.9802193422630585 0.9814555427942045
0.9802193422630585 0.9814555427942045
0.9802193422630585 0.9814555427942045
0.8695779454868898 0.8681236345455007
0.7475614748901296 0.7450057426079774
0.7569264547638285 0.7550011412754024
0.7569264547638285 0.7550011412754024
0.9222925505512541 0.9231765861010771
0.6994692163604547 0.6989083610198292
0.6994692163604547 0.6989083610198292
0.6994692163604547 0.6989083610198292
0.9288199212338818 0.9297358400330427
0.9769418891549853 0.9776679576967251
0.3816671316307195 0.381751187469883
0.3816671316307195 0.381751187469883
0.7870836609216433 0.7861213664870819
0.6417387964797995 0.6406424474741582
0.860305716883992 0.8589977790418359
0.860305716883992 0.8589977790418359
0.6478176278137874 0.6465611379421536
0.7979819352407729 0.7973507918277435
0.7979819352407729 0.7973507918277435
0.7979819352407729 0.7973507918277435
0.8499494578036064 0.8483719615806845
0.8499494578036064 0.8483719615806845
0.599739861670175 0.6007514302173496
0.599739861670175 0.6007514302173496