1.4533970495411765e-06 2.660121163650364e-06
1.1080338181309791e-06 2.6601210502790542e-06
1.0594778131656592e-06 2.6601210914908434e-06
9.853601680855023e-07 2.6601211007313584e-06
1.1733044331132078e-06 2.6601211502287485e-06
1.007469175930623e-06 2.660121056400011e-06
9.567188291333997e-07 2.660121096194323e-06
1.071585057718146e-06 2.660121110683039e-06
1.1656731947033767e-06 2.6601211076612644e-06
1.1671930606531853e-06 2.6601210900048093e-06
2.39186420137063e-06 2.6601211979614335e-06
1.062532951364175e-06 2.6601211028311746e-06
2.4734751993811183e-06 2.6601208131776653e-06
8.395541563677294e-07 2.6601211642796245e-06
2.39186420137063e-06 2.6601209989280558e-06
9.999365889206557e-07 2.660121106654871e-06
8.395541563677294e-07 2.6601211642796245e-06
1.3791619444602244e-06 2.6601211339016404e-06
1.3791619444602244e-06 2.6601211339016404e-06
1.3791619444602244e-06 2.6601211339016404e-06
1.3791619444602244e-06 2.6601211339016404e-06
1.3791619444602244e-06 2.6601211339016404e-06
1.3791619444602244e-06 2.6601211339016404e-06
1.3791619444602244e-06 2.6601211339016404e-06
1.3791619444602244e-06 2.6601211339016404e-06
1.3791619444602244e-06 2.6601211339016404e-06
1.3791619444602244e-06 2.6601211339016404e-06
1.148014771778054e-06 2.660121057247771e-06
3.436820828355852e-06 2.6601208695162572e-06
1.174603133626583e-06 2.660121083504364e-06
1.2704669225928627e-06 2.6601211067536847e-06
2.8658509808955967e-06 2.6601214926990696e-06
9.064218740015029e-07 2.6601210946834576e-06
2.4316174032394938e-06 2.6601212582835993e-06
1.1971958173721017e-06 2.6601210872326652e-06
1.1971958173721017e-06 2.6601210872326652e-06
1.2333856782712196e-06 2.660121068958404e-06
3.436820828355852e-06 2.6601208695162572e-06
1.8075670571319416e-06 2.6601211091694963e-06
8.395541563677294e-07 2.6601210894006503e-06
1.1971958173721017e-06 2.6601210807982265e-06
2.700882675318815e-07 2.660121035727323e-06
1.062532951364175e-06 2.660121072124776e-06
9.111236706539902e-07 2.6601210807959746e-06
8.310669392333521e-07 2.6601211705232335e-06
1.964687494179684e-06 2.660120639345781e-06
1.2646820267976987e-06 2.6601210875001248e-06
7.094174056252225e-07 2.660121026986664e-06
2.3845417590457855e-05 2.660110025462816e-06
7.706162938598817e-07 2.6601209848942098e-06