0.0056321942043266 0.005900927128588704
0.0056321942043266 0.005900927128588704
0.0056321942043266 0.005900927128588704
0.0056321942043266 0.005900927128588704
0.0056321942043266 0.005900927128588704
0.0056321942043266 0.005900927128588704
0.3510323823173736 0.35059569131544766
0.3510323823173736 0.35059569131544766
0.3510323823173736 0.35059569131544766
0.3510323823173736 0.35059569131544766
0.07163971872620593 0.07066556187575582
0.07163971872620593 0.07066556187575582
0.07163971872620593 0.07066556187575582
0.07163971872620593 0.07066556187575582
0.047789671697944194 0.04706185336140099
0.047789671697944194 0.04706185336140099
0.047789671697944194 0.04706185336140099
0.047789671697944194 0.04706185336140099
0.047789671697944194 0.04706185336140099
0.047789671697944194 0.04706185336140099
0.047789671697944194 0.04706185336140099
0.047789671697944194 0.04706185336140099
0.00655036502888879 0.006628745465131903
0.00655036502888879 0.006628745465131903
0.00655036502888879 0.006628745465131903
0.00655036502888879 0.006628745465131903
0.00655036502888879 0.006628745465131903
0.00655036502888879 0.006628745465131903
0.00655036502888879 0.006628745465131903
0.014422000268732924 0.013929323240919066
0.028899986563353786 0.027903435302548484
0.019281587315805974 0.021061942939042413
0.019281587315805974 0.021061942939042413
0.019281587315805974 0.021061942939042413
0.019281587315805974 0.021061942939042413
0.019281587315805974 0.021061942939042413
0.05268285036055001 0.05309714695212075
0.05268285036055001 0.05309714695212075
0.05268285036055001 0.05309714695212075
0.05268285036055001 0.05309714695212075
0.05268285036055001 0.05309714695212075
0.05268285036055001 0.05309714695212075
0.05268285036055001 0.05309714695212075
0.05268285036055001 0.05309714695212075
0.006214448873561159 0.006035293590719757
0.006214448873561159 0.006035293590719757
0.006214448873561159 0.006035293590719757
0.006214448873561159 0.006035293590719757
0.028373717920007167 0.028765620101222734
0.028373717920007167 0.028765620101222734