1.0225554953648927e-05 8.292010338110825e-06
1.1309113260045697e-05 8.292052174231979e-06
1.0219877919379058e-05 8.292010338110825e-06
2.5309129345698875e-06 8.292040995987442e-06
3.6295835500502676e-05 8.292013133678742e-06
4.893285610430698e-06 8.292011008892514e-06
7.082384704202704e-06 8.29201497475153e-06
1.2074258502177504e-06 8.292015853436971e-06
7.139753148510761e-06 8.292014370331105e-06
5.79036742170242e-06 8.292009589670523e-06
2.3215642341646718e-05 8.291996147573687e-06
1.4757049074853957e-05 8.292040616921733e-06
3.2467177551188933e-05 8.29199938389533e-06
5.776898506464266e-06 8.292009589670523e-06
6.353616014696409e-06 8.292011615732769e-06
7.106191590604907e-05 8.292028902288065e-06
4.891048427951517e-06 8.292011008892514e-06
1.4445993287762098e-05 8.291686268454962e-06
5.777812455533153e-06 8.292009589670523e-06
2.0213973270910924e-05 8.291686268454962e-06
7.650147835198726e-06 8.292002432631815e-06
1.0853285574100245e-05 8.291686268454962e-06
5.776603690678869e-06 8.292009589670523e-06
1.1299798537617547e-05 8.292052174231979e-06
7.102231737177767e-05 8.292028902288065e-06
4.938753923101556e-06 8.29200343900219e-06
7.085595740639829e-06 8.29201497475153e-06
1.271707863812178e-05 8.292048341405417e-06
7.210145716971487e-05 8.292040616921733e-06
2.9514511511427335e-06 8.291990072650875e-06
1.8330631334007292e-05 8.292015488658466e-06
2.633141671473916e-05 8.291686268454962e-06
3.63974572738265e-05 8.292013133678742e-06
7.103989196020767e-05 8.292028902288065e-06
7.531573342367988e-05 8.291686268454962e-06
3.126138402046133e-05 8.291686268454962e-06
1.5174361594841684e-05 8.291686268454962e-06
2.3215845335913733e-05 8.291996147573687e-06
6.083569724500307e-05 8.292079519568833e-06
4.34945923793975e-05 8.291686268454962e-06
1.5277421058073857e-05 8.291686268454962e-06
4.891110030817577e-06 8.292011008892514e-06
7.708522387073163e-05 8.29194130916498e-06
5.93244710748627e-06 8.29201361503493e-06
5.776319615519382e-06 8.292009589670523e-06
1.201672549395663e-05 8.2920193585555e-06
6.583096370712728e-05 8.291686268454962e-06
7.102545468715624e-05 8.292028902288065e-06
5.775767951140631e-06 8.292009589670523e-06
1.8304718055360058e-06 8.29201497475153e-06