1.460472316747236e-05 1.460472316747236e-05
1.460472316747236e-05 1.460472316747236e-05
1.460472316747236e-05 1.460472316747236e-05
1.460472316747236e-05 1.460472316747236e-05
1.460472316747236e-05 1.460472316747236e-05
1.460472316747236e-05 1.460472316747236e-05
1.460472316747236e-05 1.460472316747236e-05
1.460472316747236e-05 1.460472316747236e-05
1.460472316747236e-05 1.460472316747236e-05
1.460472316747236e-05 1.460472316747236e-05
1.460472316747236e-05 1.460472316747236e-05
1.460472316747236e-05 1.460472316747236e-05
1.460472316747236e-05 1.460472316747236e-05
1.460472316747236e-05 1.460472316747236e-05
1.460472316747236e-05 1.460472316747236e-05
1.460472316747236e-05 1.460472316747236e-05
1.460472316747236e-05 1.460472316747236e-05
1.460472316747236e-05 1.460472316747236e-05
1.460472316747236e-05 1.460472316747236e-05
1.460472316747236e-05 1.460472316747236e-05
1.460472316747236e-05 1.460472316747236e-05
1.460472316747236e-05 1.460472316747236e-05
1.460472316747236e-05 1.460472316747236e-05
1.460472316747236e-05 1.460472316747236e-05
1.460472316747236e-05 1.460472316747236e-05
1.460472316747236e-05 1.460472316747236e-05
1.460472316747236e-05 1.460472316747236e-05
1.460472316747236e-05 1.460472316747236e-05
1.460472316747236e-05 1.460472316747236e-05
1.460472316747236e-05 1.460472316747236e-05
1.460472316747236e-05 1.460472316747236e-05
1.460472316747236e-05 1.460472316747236e-05
1.460472316747236e-05 1.460472316747236e-05
1.460472316747236e-05 1.460472316747236e-05
1.460472316747236e-05 1.460472316747236e-05
1.460472316747236e-05 1.460472316747236e-05
1.460472316747236e-05 1.460472316747236e-05
1.460472316747236e-05 1.460472316747236e-05
1.460472316747236e-05 1.460472316747236e-05
1.460472316747236e-05 1.460472316747236e-05
1.460472316747236e-05 1.460472316747236e-05
1.460472316747236e-05 1.460472316747236e-05
1.460472316747236e-05 1.460472316747236e-05
1.460472316747236e-05 1.460472316747236e-05
1.460472316747236e-05 1.460472316747236e-05
1.460472316747236e-05 1.460472316747236e-05
1.460472316747236e-05 1.460472316747236e-05
1.460472316747236e-05 1.460472316747236e-05
1.460472316747236e-05 1.460472316747236e-05
1.460472316747236e-05 1.460472316747236e-05