0.2003876386346506 0.18182226050751948
0.2003876386346506 0.18182226050751948
0.363859875812067 0.3636355478984961
0.363859875812067 0.3636355478984961
0.667806252467607 0.6969688812318294
0.667806252467607 0.6969688812318294
0.667806252467607 0.6969688812318294
0.667806252467607 0.6969688812318294
0.31599727217257095 0.3333333333333333
0.31599727217257095 0.3333333333333333
0.31599727217257095 0.3333333333333333
0.31599727217257095 0.3333333333333333
0.719545242453609 0.6868651520045942
0.719545242453609 0.6868651520045942
0.719545242453609 0.6868651520045942
0.4792092889702452 0.5252503499515452
0.4792092889702452 0.5252503499515452
0.24634794156706508 0.282832633430243
0.6336366246724813 0.5858547790818707
0.11883098237679911 0.12120885826065109
0.7663579914575931 0.7878755249273177
0.7663579914575931 0.7878755249273177
0.7663579914575931 0.7878755249273177
0.7663579914575931 0.7878755249273177
0.7663579914575931 0.7878755249273177
0.7663579914575931 0.7878755249273177
0.7663579914575931 0.7878755249273177
0.34218082624457125 0.32322960410609813
0.34218082624457125 0.32322960410609813
0.34218082624457125 0.32322960410609813
0.6188309823767991 0.6161659667635764
0.6188309823767991 0.6161659667635764
0.45216431571013244 0.4949481353863824
0.45216431571013244 0.4949481353863824
0.45216431571013244 0.4949481353863824
0.32875704389648613 0.2626251749757726
0.6655181077491834 0.6767703958939019
0.6655181077491834 0.6767703958939019
0.6655181077491834 0.6767703958939019
0.5359911704533219 0.5454578084060155
0.5359911704533219 0.5454578084060155
0.2256738810523671 0.19191701661821184
0.8107210796453824 0.8181777394924805
0.8107210796453824 0.8181777394924805
0.2818814830767022 0.25252144574853735
0.6779010085782994 0.6666666666666666
0.6779010085782994 0.6666666666666666
0.6779010085782994 0.6666666666666666
0.34215390689494274 0.3636355478984961
0.34215390689494274 0.3636355478984961