2.1684006443041116e-06 0.00014227117560684197
7.228002147680372e-07 0.00014227117560684197
1.9274672393814325e-06 0.00014227117560684197
9.637336196907163e-07 0.00014227117560684197
0.00047379554078044836 0.00014227117560684197
0.0234165585578401 0.02360798014805117
1.2046670246133953e-06 0.00014227117560684197
6.143801825528316e-06 0.00014227117560684197
0.0003200800284397791 0.00014227117560684197
0.04983611107463647 0.050343998692213475
0.0006132959822306795 0.00014227117560684197
1.4456004295360744e-06 0.00014227117560684197
1.6744871642126194e-05 0.00014227117560684197
0.00028731308537029474 0.00014227117560684197
0.0008061631728712841 0.00014227117560684197
7.1075354452190316e-06 0.00014227117560684197
9.637336196907163e-07 0.00014227117560684197
2.8912008590721488e-06 0.00014227117560684197
5.999241782574708e-05 0.00014227117560684197
1.2046670246133953e-06 0.00014227117560684197
2.1684006443041116e-06 0.00014227117560684197
7.1075354452190316e-06 0.00014227117560684197
1.2046670246133953e-06 0.00014227117560684197
3.6140010738401855e-06 0.00014227117560684197
0.00039874478514703384 0.00014227117560684197
2.52980075168813e-06 0.00014227117560684197
1.4456004295360744e-06 0.00014227117560684197
6.023335123066977e-07 0.00014227117560684197
0.0011209426664027643 0.0016511166239351195
4.939134800914921e-06 0.00014227117560684197
1.4456004295360744e-06 0.00014227117560684197
2.288867346765451e-06 0.00014227117560684197
0.0002804464833299984 0.00014227117560684197
4.818668098453581e-07 0.00014227117560684197
1.1203403328904576e-05 0.00014227117560684197
3.3730676689175065e-06 0.00014227117560684197
8.432669172293766e-07 0.00014227117560684197
3.3730676689175065e-06 0.00014227117560684197
3.493534371378846e-06 0.00014227117560684197
1.0842003221520558e-06 0.00014227117560684197
6.023335123066977e-07 0.00014227117560684197
6.023335123066977e-07 0.00014227117560684197
0.00019913145916859422 0.00014227117560684197
2.9152941995644165e-05 0.00014227117560684197
1.6865338344587532e-06 0.00014227117560684197
1.0842003221520558e-06 0.00014227117560684197
7.228002147680372e-07 0.00014227117560684197
1.0721536519059218e-05 0.00014227117560684197
8.914535982139125e-06 0.00014227117560684197
2.52980075168813e-06 0.00014227117560684197