7.723587020166434e-06 8.973122141635936e-06
7.817219726413942e-06 8.973116542837659e-06
7.817219726413942e-06 8.973116542837659e-06
7.817219726413942e-06 8.973116542837659e-06
7.571551499411324e-06 8.97311708713973e-06
7.571551499411324e-06 8.97311708713973e-06
6.949731306379456e-06 8.973120409123084e-06
6.949731306379456e-06 8.973120409123084e-06
7.039820508136893e-06 8.973114715468251e-06
6.962973301211378e-06 8.973115669073524e-06
5.243657467417185e-06 8.973115683639563e-06
5.243657467417185e-06 8.973115683639563e-06
6.704933593186461e-06 8.973113975943982e-06
6.704933593186461e-06 8.973113975943982e-06
6.704933593186461e-06 8.973113975943982e-06
7.553655437352153e-06 8.973114449021368e-06
7.553655437352153e-06 8.973114449021368e-06
7.553655437352153e-06 8.973114449021368e-06
7.5127232452366614e-06 8.973118125102036e-06
7.5127232452366614e-06 8.973118125102036e-06
7.5127232452366614e-06 8.973118125102036e-06
7.5127232452366614e-06 8.973118125102036e-06
6.517791113929094e-06 8.973117728628731e-06
8.128389555937976e-06 8.973118196265301e-06
8.128389555937976e-06 8.973118196265301e-06
8.128389555937976e-06 8.973118196265301e-06
8.128389555937976e-06 8.973118196265301e-06
8.128389555937976e-06 8.973118196265301e-06
8.128389555937976e-06 8.973118196265301e-06
8.128389555937976e-06 8.973118196265301e-06
6.4036290100092995e-06 8.973119575514302e-06
6.4036290100092995e-06 8.973119575514302e-06
7.5466568473429085e-06 8.973112303304272e-06
7.186272908458217e-06 8.973116542837659e-06
7.186272908458217e-06 8.973116542837659e-06
7.186272908458217e-06 8.973116542837659e-06
7.186272908458217e-06 8.973116542837659e-06
7.436987771410792e-06 8.973114154577464e-06
7.436987771410792e-06 8.973114154577464e-06
6.906275366827815e-06 8.973118298563235e-06
6.906275366827815e-06 8.973118298563235e-06
6.906275366827815e-06 8.973118298563235e-06
6.899428812987486e-06 8.97312729036214e-06
7.771728269665553e-06 8.973116223579984e-06
7.771728269665553e-06 8.973116223579984e-06
7.699632918323198e-06 8.973119575514302e-06
7.699632918323198e-06 8.973119575514302e-06
7.435012114685605e-06 8.973115704292583e-06
7.435012114685605e-06 8.973115704292583e-06
7.435012114685605e-06 8.973115704292583e-06