1.4898073558001152e-06 1.5086933441957998e-06
1.3314555228999627e-06 1.5086944722364979e-06
1.6144280818647404e-06 1.5086939669438755e-06
1.5029448944681888e-06 1.5086938719849438e-06
1.5702386347680084e-06 1.5086933739724263e-06
1.556837560361282e-06 1.5086937600896837e-06
1.556837560361282e-06 1.5086937600896837e-06
1.556837560361282e-06 1.5086937600896837e-06
1.2499159329091936e-06 1.5086936964529945e-06
1.4767270596978556e-06 1.5086934915825908e-06
1.691210092368604e-06 1.5086937728619034e-06
1.02253970906074e-06 1.5086943311422631e-06
1.02253970906074e-06 1.5086943311422631e-06
1.02253970906074e-06 1.5086943311422631e-06
1.02253970906074e-06 1.5086943311422631e-06
1.02253970906074e-06 1.5086943311422631e-06
1.6316431861489153e-06 1.5086936709610588e-06
1.7411798103959858e-06 1.508693947125467e-06
1.6380878442541717e-06 1.5086935875854677e-06
1.6380878442541717e-06 1.5086935875854677e-06
1.6260998505601336e-06 1.508694111435495e-06
1.601638281539716e-06 1.5086937553193725e-06
1.4392333941851166e-06 1.5086936541775414e-06
1.4392333941851166e-06 1.5086936541775414e-06
1.6351556407533905e-06 1.5086936729014842e-06
1.5631812182014454e-06 1.508694129665446e-06
1.7159002515257717e-06 1.5086935288415377e-06
1.3649177975573686e-06 1.5086940258780374e-06
1.5852543124457515e-06 1.5086938855931615e-06
1.7498294370899756e-06 1.5086941008062151e-06
1.596331964434291e-06 1.5086942315663417e-06
1.2940823394119028e-06 1.5086934404282122e-06
1.2940823394119028e-06 1.5086934404282122e-06
1.6975147175506082e-06 1.508693869046698e-06
1.4592899142901903e-06 1.5086934763697946e-06
1.1502504584863141e-06 1.5086939307536635e-06
1.1502504584863141e-06 1.5086939307536635e-06
1.639273828749999e-06 1.5086936757671244e-06
4.856373517572474e-07 1.5086965359357743e-06
1.5745748536248484e-06 1.5086941911773796e-06
1.5370211045209888e-06 1.5086936005047085e-06
1.7726066369527114e-06 1.50869378005508e-06
5.750990500933833e-07 1.5086952582156565e-06
5.750990500933833e-07 1.5086952582156565e-06
8.206165137917421e-07 1.5086938774627601e-06
8.206165137917421e-07 1.5086938774627601e-06
8.206165137917421e-07 1.5086938774627601e-06
9.313282550500389e-07 1.5086935917525687e-06
9.313282550500389e-07 1.5086935917525687e-06
9.313282550500389e-07 1.5086935917525687e-06