0.01969487984111397 0.019166659493133606
0.01969487984111397 0.019166659493133606
0.01969487984111397 0.019166659493133606
0.01969487984111397 0.019166659493133606
0.01969487984111397 0.019166659493133606
0.00026078551732099223 3.4819225863213305e-05
6.122334563428711e-05 3.4819225863213305e-05
0.0028732758965095352 0.0025999918773533326
6.62172282660158e-05 3.4819225863213305e-05
0.018533153752210277 0.017366654504769076
0.018533153752210277 0.017366654504769076
0.018533153752210277 0.017366654504769076
0.018533153752210277 0.017366654504769076
0.018533153752210277 0.017366654504769076
0.018533153752210277 0.017366654504769076
0.018533153752210277 0.017366654504769076
0.018533153752210277 0.017366654504769076
0.018533153752210277 0.017366654504769076
0.018533153752210277 0.017366654504769076
0.018533153752210277 0.017366654504769076
0.018533153752210277 0.017366654504769076
0.018533153752210277 0.017366654504769076
0.018533153752210277 0.017366654504769076
0.018533153752210277 0.017366654504769076
0.018533153752210277 0.017366654504769076
0.018533153752210277 0.017366654504769076
0.037781205255087526 0.03686666256119851
0.014644022802564726 0.015166669867166032
0.014644022802564726 0.015166669867166032
2.47210985526459e-05 3.4819225863213305e-05
3.1177278308582434e-05 3.4819225863213305e-05
0.0004184652921294423 0.00043333657797751837
0.0007606980002176339 0.0006666695360798916
2.2072409422005266e-07 3.4819225863213305e-05
0.027864099292292336 0.028433346731285853
0.0005760347048907824 0.0007333282125343474
0.0005760347048907824 0.0007333282125343474
0.0005760347048907824 0.0007333282125343474
4.552434443288586e-06 3.4819225863213305e-05
0.002449844312260142 0.00220001222811482
0.002948956670315236 0.002700007482546794
0.0051432576624921116 0.005566661656229728
9.902234676947112e-05 3.4819225863213305e-05
0.01985289070206375 0.019433321789463207
8.746192233469586e-05 3.4819225863213305e-05
0.007101301102318199 0.006766655784968822
0.004436250798193505 0.004666659162047463
0.003595733447403545 0.0034000063568539137
0.0004082292122599874 0.00043333657797751837
0.00041650636579323937 0.00043333657797751837