6.2031614627430685e-06 3.971895363822242e-06
6.2031614627430685e-06 3.971895363822242e-06
6.2031614627430685e-06 3.971895363822242e-06
6.2031614627430685e-06 3.971895363822242e-06
6.921828950891414e-06 3.971898568360945e-06
6.602015191012459e-06 3.971895327386187e-06
6.602015191012459e-06 3.971895327386187e-06
8.496135033388843e-06 3.971895155974771e-06
8.496135033388843e-06 3.971895155974771e-06
8.496135033388843e-06 3.971895155974771e-06
8.496135033388843e-06 3.971895155974771e-06
6.702671725827883e-06 3.971895293609103e-06
6.702671725827883e-06 3.971895293609103e-06
4.270150536095857e-06 3.9718968715789184e-06
4.270150536095857e-06 3.9718968715789184e-06
8.163566139254827e-06 3.971894725228395e-06
5.095424920976808e-06 3.971894497241984e-06
4.795918264544326e-06 3.971895985520401e-06
6.222987457456313e-06 3.971895071402472e-06
6.222987457456313e-06 3.971895071402472e-06
6.222987457456313e-06 3.971895071402472e-06
6.222987457456313e-06 3.971895071402472e-06
4.270150536095857e-06 3.9718968715789184e-06
4.270150536095857e-06 3.9718968715789184e-06
4.270150536095857e-06 3.9718968715789184e-06
4.270150536095857e-06 3.9718968715789184e-06
5.939555906009931e-06 3.971894419172661e-06
5.939555906009931e-06 3.971894419172661e-06
5.939555906009931e-06 3.971894419172661e-06
5.939555906009931e-06 3.971894419172661e-06
6.702671725827883e-06 3.97189485078503e-06
6.702671725827883e-06 3.97189485078503e-06
5.7018990776730485e-06 3.971897375905843e-06
5.7018990776730485e-06 3.971897375905843e-06
5.7018990776730485e-06 3.971897375905843e-06
5.7018990776730485e-06 3.971897375905843e-06
5.7018990776730485e-06 3.971897375905843e-06
5.7018990776730485e-06 3.971897375905843e-06
4.795918264544326e-06 3.971896734706889e-06
6.222987457456313e-06 3.971895019337993e-06
6.222987457456313e-06 3.971895019337993e-06
1.176180051198957e-05 3.971895142569436e-06
1.176180051198957e-05 3.971895142569436e-06
1.176180051198957e-05 3.971895142569436e-06
1.176180051198957e-05 3.971895142569436e-06
1.176180051198957e-05 3.971895142569436e-06
1.176180051198957e-05 3.971895142569436e-06
1.176180051198957e-05 3.971895142569436e-06
1.176180051198957e-05 3.971895142569436e-06
1.176180051198957e-05 3.971895142569436e-06
1.176180051198957e-05 3.971895142569436e-06
1.176180051198957e-05 3.971895142569436e-06
1.176180051198957e-05 3.971895142569436e-06
1.176180051198957e-05 3.971895142569436e-06
1.176180051198957e-05 3.971895142569436e-06
1.176180051198957e-05 3.971895142569436e-06
1.176180051198957e-05 3.971895142569436e-06
1.176180051198957e-05 3.971895142569436e-06
1.176180051198957e-05 3.971895142569436e-06
1.176180051198957e-05 3.971895142569436e-06
1.176180051198957e-05 3.971895142569436e-06
1.176180051198957e-05 3.971895142569436e-06
6.702671725827883e-06 3.97189485078503e-06
6.702671725827883e-06 3.97189485078503e-06
6.702671725827883e-06 3.97189485078503e-06
6.702671725827883e-06 3.97189485078503e-06
6.2031614627430685e-06 3.971894866782407e-06
6.2031614627430685e-06 3.971894866782407e-06
1.1662298975049148e-05 3.971895156128852e-06
6.054124179739138e-06 3.9718956223632455e-06
6.60528692875137e-06 3.971893854134445e-06
5.1851048234100325e-06 3.971896505079045e-06
6.702671725827883e-06 3.971895293609103e-06
6.702671725827883e-06 3.971895293609103e-06
6.2031614627430685e-06 3.971894866782407e-06
6.2031614627430685e-06 3.971894866782407e-06
6.2031614627430685e-06 3.971894866782407e-06
6.2031614627430685e-06 3.971894866782407e-06
5.861517433782384e-06 3.971886726347592e-06
3.6793393276459436e-06 3.971891617179291e-06
5.095424920976808e-06 3.9718963574660564e-06
1.1751124730761288e-05 3.971894306936464e-06
1.1751124730761288e-05 3.971894306936464e-06
7.972042111690927e-06 3.971894826126783e-06
7.972042111690927e-06 3.971894826126783e-06
7.105391391001899e-06 3.971896353293358e-06
1.055841168958804e-05 3.971894520502651e-06
1.055841168958804e-05 3.971894520502651e-06
4.270150536095857e-06 3.9718968715789184e-06
4.270150536095857e-06 3.9718968715789184e-06
4.270150536095857e-06 3.9718968715789184e-06
4.270150536095857e-06 3.9718968715789184e-06
4.795918264544326e-06 3.971896734706889e-06
1.1875887405682238e-05 3.971894569830527e-06
1.1875887405682238e-05 3.971894569830527e-06
1.1875887405682238e-05 3.971894569830527e-06
1.1875887405682238e-05 3.971894569830527e-06
1.1875887405682238e-05 3.971894569830527e-06
1.1875887405682238e-05 3.971894569830527e-06
1.1875887405682238e-05 3.971894569830527e-06
1.1875887405682238e-05 3.971894569830527e-06
1.1875887405682238e-05 3.971894569830527e-06
1.1875887405682238e-05 3.971894569830527e-06
1.1875887405682238e-05 3.971894569830527e-06
1.1875887405682238e-05 3.971894569830527e-06
1.1875887405682238e-05 3.971894569830527e-06
1.1875887405682238e-05 3.971894569830527e-06
1.1875887405682238e-05 3.971894569830527e-06
1.1875887405682238e-05 3.971894569830527e-06
1.1875887405682238e-05 3.971894569830527e-06
1.1875887405682238e-05 3.971894569830527e-06
1.1875887405682238e-05 3.971894569830527e-06
1.1875887405682238e-05 3.971894569830527e-06
1.1875887405682238e-05 3.971894569830527e-06
1.1875887405682238e-05 3.971894569830527e-06
1.1875887405682238e-05 3.971894569830527e-06
1.1875887405682238e-05 3.971894569830527e-06
1.1875887405682238e-05 3.971894569830527e-06
1.1875887405682238e-05 3.971894569830527e-06
1.1875887405682238e-05 3.971894569830527e-06
1.1875887405682238e-05 3.971894569830527e-06
1.1875887405682238e-05 3.971894569830527e-06
1.1875887405682238e-05 3.971894569830527e-06
1.1875887405682238e-05 3.971894569830527e-06
1.1875887405682238e-05 3.971894569830527e-06
1.1875887405682238e-05 3.971894569830527e-06
1.1875887405682238e-05 3.971894569830527e-06
1.1875887405682238e-05 3.971894569830527e-06
1.1875887405682238e-05 3.971894569830527e-06
1.1875887405682238e-05 3.971894569830527e-06
1.1875887405682238e-05 3.971894569830527e-06
1.1875887405682238e-05 3.971894569830527e-06
1.1875887405682238e-05 3.971894569830527e-06
1.1875887405682238e-05 3.971894569830527e-06
1.1875887405682238e-05 3.971894569830527e-06
1.1875887405682238e-05 3.971894569830527e-06
1.1875887405682238e-05 3.971894569830527e-06
1.1875887405682238e-05 3.971894569830527e-06
1.1875887405682238e-05 3.971894569830527e-06
1.1875887405682238e-05 3.971894569830527e-06
1.1875887405682238e-05 3.971894569830527e-06
1.1875887405682238e-05 3.971894569830527e-06
1.1875887405682238e-05 3.971894569830527e-06
1.1875887405682238e-05 3.971894569830527e-06
1.1875887405682238e-05 3.971894569830527e-06
1.1875887405682238e-05 3.971894569830527e-06
1.1875887405682238e-05 3.971894569830527e-06
1.1875887405682238e-05 3.971894569830527e-06
1.1875887405682238e-05 3.971894569830527e-06
1.1875887405682238e-05 3.971894569830527e-06
1.1875887405682238e-05 3.971894569830527e-06
1.1875887405682238e-05 3.971894569830527e-06
1.1875887405682238e-05 3.971894569830527e-06
1.1875887405682238e-05 3.971894569830527e-06
1.1875887405682238e-05 3.971894569830527e-06
1.1875887405682238e-05 3.971894569830527e-06
1.1875887405682238e-05 3.971894569830527e-06
1.1875887405682238e-05 3.971894569830527e-06
1.1875887405682238e-05 3.971894569830527e-06
1.1875887405682238e-05 3.971894569830527e-06
1.1875887405682238e-05 3.971894569830527e-06
1.1875887405682238e-05 3.971894569830527e-06
1.1875887405682238e-05 3.971894569830527e-06
1.1875887405682238e-05 3.971894569830527e-06
1.1875887405682238e-05 3.971894569830527e-06
1.1875887405682238e-05 3.971894569830527e-06
1.1875887405682238e-05 3.971894569830527e-06
1.1875887405682238e-05 3.971894569830527e-06
1.1875887405682238e-05 3.971894569830527e-06
1.1875887405682238e-05 3.971894569830527e-06
1.1875887405682238e-05 3.971894569830527e-06
1.1875887405682238e-05 3.971894569830527e-06
1.1875887405682238e-05 3.971894569830527e-06
1.1875887405682238e-05 3.971894569830527e-06
1.1875887405682238e-05 3.971894569830527e-06
1.1875887405682238e-05 3.971894569830527e-06
1.1875887405682238e-05 3.971894569830527e-06
1.0189979628321808e-05 3.971894331450087e-06
6.602015191012459e-06 3.9718945653528855e-06
6.602015191012459e-06 3.9718945653528855e-06
2.1867752644364524e-06 3.971895354623974e-06
2.1867752644364524e-06 3.971895354623974e-06
5.62653061615503e-06 3.971892311179155e-06
5.62653061615503e-06 3.971892311179155e-06
5.62653061615503e-06 3.971892311179155e-06
5.62653061615503e-06 3.971892311179155e-06
5.62653061615503e-06 3.971892311179155e-06
5.62653061615503e-06 3.971892311179155e-06
5.62653061615503e-06 3.971892311179155e-06
5.62653061615503e-06 3.971892311179155e-06
5.62653061615503e-06 3.971892311179155e-06
5.62653061615503e-06 3.971892311179155e-06
5.62653061615503e-06 3.971892311179155e-06
5.62653061615503e-06 3.971892311179155e-06
5.62653061615503e-06 3.971892311179155e-06
5.62653061615503e-06 3.971892311179155e-06
5.62653061615503e-06 3.971892311179155e-06
5.62653061615503e-06 3.971892311179155e-06
5.62653061615503e-06 3.971892311179155e-06
5.62653061615503e-06 3.971892311179155e-06
5.62653061615503e-06 3.971892311179155e-06
5.62653061615503e-06 3.971892311179155e-06
5.62653061615503e-06 3.971892311179155e-06
5.62653061615503e-06 3.971892311179155e-06
5.62653061615503e-06 3.971892311179155e-06
5.62653061615503e-06 3.971892311179155e-06
5.861517433782384e-06 3.971886726347592e-06
6.048935531101702e-06 3.971894553761824e-06
6.048935531101702e-06 3.971894553761824e-06
7.105391391001899e-06 3.9718970971964794e-06
6.602015191012459e-06 3.971895327386187e-06
6.222987457456313e-06 3.971895019337993e-06
6.222987457456313e-06 3.971895019337993e-06
6.222987457456313e-06 3.971895019337993e-06
6.222987457456313e-06 3.971895019337993e-06
6.2031614627430685e-06 3.971895363822242e-06
6.2031614627430685e-06 3.971895363822242e-06
6.702671725827883e-06 3.971895293609103e-06
6.702671725827883e-06 3.971895293609103e-06
1.0484778287194723e-05 3.971894621421338e-06
1.0484778287194723e-05 3.971894621421338e-06
1.0484778287194723e-05 3.971894621421338e-06
1.0484778287194723e-05 3.971894621421338e-06
1.0484778287194723e-05 3.971894621421338e-06
1.0484778287194723e-05 3.971894621421338e-06
1.0484778287194723e-05 3.971894621421338e-06
1.0484778287194723e-05 3.971894621421338e-06
1.0484778287194723e-05 3.971894621421338e-06
1.0484778287194723e-05 3.971894621421338e-06
1.0484778287194723e-05 3.971894621421338e-06
1.0484778287194723e-05 3.971894621421338e-06
1.0484778287194723e-05 3.971894621421338e-06
1.0484778287194723e-05 3.971894621421338e-06
1.0484778287194723e-05 3.971894621421338e-06
1.0484778287194723e-05 3.971894621421338e-06
1.0484778287194723e-05 3.971894621421338e-06
1.0484778287194723e-05 3.971894621421338e-06
1.0484778287194723e-05 3.971894621421338e-06
1.0484778287194723e-05 3.971894621421338e-06
1.0484778287194723e-05 3.971894621421338e-06
1.0484778287194723e-05 3.971894621421338e-06
1.0484778287194723e-05 3.971894621421338e-06
1.0484778287194723e-05 3.971894621421338e-06
1.0484778287194723e-05 3.971894621421338e-06
1.0484778287194723e-05 3.971894621421338e-06
1.0484778287194723e-05 3.971894621421338e-06
1.0484778287194723e-05 3.971894621421338e-06
1.0484778287194723e-05 3.971894621421338e-06
1.0484778287194723e-05 3.971894621421338e-06
1.0484778287194723e-05 3.971894621421338e-06
1.0484778287194723e-05 3.971894621421338e-06
1.0484778287194723e-05 3.971894621421338e-06
1.0484778287194723e-05 3.971894621421338e-06
1.0484778287194723e-05 3.971894621421338e-06
1.0484778287194723e-05 3.971894621421338e-06
1.0484778287194723e-05 3.971894621421338e-06
1.0484778287194723e-05 3.971894621421338e-06
1.0484778287194723e-05 3.971894621421338e-06
1.0484778287194723e-05 3.971894621421338e-06
1.0484778287194723e-05 3.971894621421338e-06
1.0484778287194723e-05 3.971894621421338e-06
6.686044880507535e-06 3.971895875864268e-06
6.686044880507535e-06 3.971895875864268e-06
6.686044880507535e-06 3.971895875864268e-06
6.686044880507535e-06 3.971895875864268e-06
6.686044880507535e-06 3.971895875864268e-06
6.686044880507535e-06 3.971895875864268e-06
6.686044880507535e-06 3.971895875864268e-06
6.686044880507535e-06 3.971895875864268e-06
6.686044880507535e-06 3.971895875864268e-06
6.686044880507535e-06 3.971895875864268e-06
6.686044880507535e-06 3.971895875864268e-06
6.686044880507535e-06 3.971895875864268e-06
6.686044880507535e-06 3.971895875864268e-06
6.686044880507535e-06 3.971895875864268e-06
6.686044880507535e-06 3.971895875864268e-06
6.686044880507535e-06 3.971895875864268e-06
6.686044880507535e-06 3.971895875864268e-06
6.686044880507535e-06 3.971895875864268e-06
6.686044880507535e-06 3.971895875864268e-06
6.686044880507535e-06 3.971895875864268e-06
6.686044880507535e-06 3.971895875864268e-06
6.702671725827883e-06 3.97189485078503e-06
6.702671725827883e-06 3.97189485078503e-06
6.702671725827883e-06 3.97189485078503e-06
6.702671725827883e-06 3.97189485078503e-06
5.959126334797119e-06 3.97189559601297e-06
2.1867752644364524e-06 3.971895354623974e-06
2.1867752644364524e-06 3.971895354623974e-06
2.1867752644364524e-06 3.971895354623974e-06
2.1867752644364524e-06 3.971895354623974e-06
3.1240911816167213e-06 3.971897642802036e-06
4.795918264544326e-06 3.971896734706889e-06
6.2031614627430685e-06 3.971894866782407e-06
6.2031614627430685e-06 3.971894866782407e-06
8.496135033388843e-06 3.971895155974771e-06
8.496135033388843e-06 3.971895155974771e-06
6.054124179739138e-06 3.9718956223632455e-06
5.862813829990083e-06 3.971895212831734e-06
6.702671725827883e-06 3.971895293609103e-06
6.702671725827883e-06 3.971895293609103e-06
4.2866326773652775e-06 3.971895986083795e-06
4.2866326773652775e-06 3.971895986083795e-06
4.2866326773652775e-06 3.971895986083795e-06
4.2866326773652775e-06 3.971895986083795e-06
4.2866326773652775e-06 3.971895986083795e-06
4.2866326773652775e-06 3.971895986083795e-06
1.1875887405682238e-05 3.971894569830527e-06
1.1875887405682238e-05 3.971894569830527e-06
1.1875887405682238e-05 3.971894569830527e-06
1.1875887405682238e-05 3.971894569830527e-06
1.1875887405682238e-05 3.971894569830527e-06
1.1875887405682238e-05 3.971894569830527e-06
1.1875887405682238e-05 3.971894569830527e-06
1.1875887405682238e-05 3.971894569830527e-06
1.1875887405682238e-05 3.971894569830527e-06
1.1875887405682238e-05 3.971894569830527e-06
1.1875887405682238e-05 3.971894569830527e-06
1.1875887405682238e-05 3.971894569830527e-06
1.1875887405682238e-05 3.971894569830527e-06
1.1875887405682238e-05 3.971894569830527e-06
1.1875887405682238e-05 3.971894569830527e-06
1.1875887405682238e-05 3.971894569830527e-06
1.1875887405682238e-05 3.971894569830527e-06
1.1875887405682238e-05 3.971894569830527e-06
1.1875887405682238e-05 3.971894569830527e-06
1.1875887405682238e-05 3.971894569830527e-06
1.1875887405682238e-05 3.971894569830527e-06
1.1875887405682238e-05 3.971894569830527e-06
1.1875887405682238e-05 3.971894569830527e-06
1.1875887405682238e-05 3.971894569830527e-06
1.1875887405682238e-05 3.971894569830527e-06
1.1875887405682238e-05 3.971894569830527e-06
1.1875887405682238e-05 3.971894569830527e-06
1.1875887405682238e-05 3.971894569830527e-06
1.1875887405682238e-05 3.971894569830527e-06
1.1875887405682238e-05 3.971894569830527e-06
1.1875887405682238e-05 3.971894569830527e-06
1.1875887405682238e-05 3.971894569830527e-06
1.1875887405682238e-05 3.971894569830527e-06
1.1875887405682238e-05 3.971894569830527e-06
1.1875887405682238e-05 3.971894569830527e-06
1.1875887405682238e-05 3.971894569830527e-06
1.1875887405682238e-05 3.971894569830527e-06
1.1875887405682238e-05 3.971894569830527e-06
1.1875887405682238e-05 3.971894569830527e-06
1.1875887405682238e-05 3.971894569830527e-06
1.1875887405682238e-05 3.971894569830527e-06
1.1875887405682238e-05 3.971894569830527e-06
5.469200646149924e-06 3.971893364625311e-06
6.702671725827883e-06 3.971895293609103e-06
6.702671725827883e-06 3.971895293609103e-06
6.702671725827883e-06 3.971895293609103e-06
6.702671725827883e-06 3.971895293609103e-06
5.62653061615503e-06 3.971892311179155e-06
5.62653061615503e-06 3.971892311179155e-06
5.62653061615503e-06 3.971892311179155e-06
5.62653061615503e-06 3.971892311179155e-06
5.62653061615503e-06 3.971892311179155e-06
5.62653061615503e-06 3.971892311179155e-06
5.62653061615503e-06 3.971892311179155e-06
5.62653061615503e-06 3.971892311179155e-06
5.62653061615503e-06 3.971892311179155e-06
5.62653061615503e-06 3.971892311179155e-06
5.62653061615503e-06 3.971892311179155e-06
5.62653061615503e-06 3.971892311179155e-06
5.939555906009931e-06 3.971894419172661e-06
5.939555906009931e-06 3.971894419172661e-06
6.702671725827883e-06 3.971895293609103e-06
6.702671725827883e-06 3.971895293609103e-06
6.702671725827883e-06 3.971895293609103e-06
6.702671725827883e-06 3.971895293609103e-06
1.055841168958804e-05 3.971894520502651e-06
1.055841168958804e-05 3.971894520502651e-06
1.055841168958804e-05 3.971894520502651e-06
1.055841168958804e-05 3.971894520502651e-06
4.795918264544326e-06 3.971896734706889e-06
3.6793393276459436e-06 3.971891617179291e-06
6.09149240728828e-06 3.97189518317348e-06
6.09149240728828e-06 3.97189518317348e-06
1.1751124730761288e-05 3.971894306936464e-06
1.1751124730761288e-05 3.971894306936464e-06
1.1751124730761288e-05 3.971894306936464e-06
1.1751124730761288e-05 3.971894306936464e-06
6.054124179739138e-06 3.971894786917693e-06
5.469200646149924e-06 3.9718922219830305e-06
3.8753750082247875e-06 3.971894085719009e-06
3.8753750082247875e-06 3.971894085719009e-06
6.702671725827883e-06 3.971894651814071e-06
6.702671725827883e-06 3.971894651814071e-06
6.702671725827883e-06 3.97189485078503e-06
6.702671725827883e-06 3.97189485078503e-06
6.702671725827883e-06 3.97189485078503e-06
6.702671725827883e-06 3.97189485078503e-06
6.702671725827883e-06 3.97189485078503e-06
6.702671725827883e-06 3.97189485078503e-06
6.702671725827883e-06 3.97189485078503e-06
6.702671725827883e-06 3.97189485078503e-06
6.702671725827883e-06 3.971895293609103e-06
6.702671725827883e-06 3.971895293609103e-06
6.702671725827883e-06 3.971895293609103e-06
6.702671725827883e-06 3.971895293609103e-06
6.702671725827883e-06 3.971894651814071e-06
6.702671725827883e-06 3.971894651814071e-06
6.702671725827883e-06 3.971894651814071e-06
6.702671725827883e-06 3.971894651814071e-06
1.055841168958804e-05 3.971894435110176e-06
1.055841168958804e-05 3.971894435110176e-06
1.055841168958804e-05 3.971894435110176e-06
1.055841168958804e-05 3.971894435110176e-06
4.795918264544326e-06 3.97189510204383e-06
1.0189979628321808e-05 3.971893991554435e-06
4.270150536095857e-06 3.9718968715789184e-06
4.270150536095857e-06 3.9718968715789184e-06
7.972042111690927e-06 3.971894826126783e-06
7.972042111690927e-06 3.971894826126783e-06
7.972042111690927e-06 3.971894826126783e-06
7.972042111690927e-06 3.971894826126783e-06
5.095424920976808e-06 3.971894497241984e-06
6.09149240728828e-06 3.971895389389634e-06
6.09149240728828e-06 3.971895389389634e-06
6.09149240728828e-06 3.971895389389634e-06
6.09149240728828e-06 3.971895389389634e-06
5.873254068925301e-06 3.971894242121966e-06
6.048935531101702e-06 3.971894553761824e-06
6.048935531101702e-06 3.971894553761824e-06
6.048935531101702e-06 3.971894553761824e-06
6.048935531101702e-06 3.971894553761824e-06
6.602015191012459e-06 3.971895327386187e-06
1.055841168958804e-05 3.971894435110176e-06
1.055841168958804e-05 3.971894435110176e-06
6.602015191012459e-06 3.971894784846466e-06
6.222987457456313e-06 3.971895071402472e-06
6.222987457456313e-06 3.971895071402472e-06
4.512129877933273e-06 3.971894662199101e-06
6.2031614627430685e-06 3.971894866782407e-06
6.2031614627430685e-06 3.971894866782407e-06
6.2031614627430685e-06 3.971894866782407e-06
6.2031614627430685e-06 3.971894866782407e-06
5.843581807201918e-06 3.971891748037106e-06
6.702671725827883e-06 3.971895293609103e-06
6.702671725827883e-06 3.971895293609103e-06
6.702671725827883e-06 3.971895293609103e-06
6.702671725827883e-06 3.971895293609103e-06
5.959126334797119e-06 3.971894204297377e-06
7.695568184850213e-06 3.9718947155197585e-06
6.602015191012459e-06 3.9718945653528855e-06
2.123773481871362e-06 3.971895325884751e-06
4.795918264544326e-06 3.97189510204383e-06
4.795918264544326e-06 3.97189510204383e-06