3.684887213831966e-07 1.5700509638542866e-06
3.684887213831966e-07 1.5700509638542866e-06
2.8150440150296753e-07 1.5700509638542866e-06
3.062443492937286e-07 1.5700509638542866e-06
8.64858581784141e-07 1.5700509638542866e-06
7.447677649052385e-07 1.5700509638542866e-06
3.4728715988461596e-07 1.5700509638542866e-06
3.4728715988461596e-07 1.5700509638542866e-06
3.4728715988461596e-07 1.5700509638542866e-06
4.1235136942157544e-07 1.5700509638542866e-06
4.1235136942157544e-07 1.5700509638542866e-06
3.0330529983548723e-07 1.5700509638542866e-06
3.0330529983548723e-07 1.5700509638542866e-06
3.0330529983548723e-07 1.5700509638542866e-06
2.69151593803592e-07 1.5700509638542866e-06
4.29188881769313e-07 1.5700509638542866e-06
4.29188881769313e-07 1.5700509638542866e-06
2.4304194486908465e-07 1.5700509638542866e-06
4.555228864201686e-07 1.5700509638542866e-06
2.3694366680118047e-07 1.5700509638542866e-06
2.3694366680118047e-07 1.5700509638542866e-06
2.3694366680118047e-07 1.5700509638542866e-06
2.3694366680118047e-07 1.5700509638542866e-06
2.9281607324130586e-07 1.5700509638542866e-06
4.584234017268782e-07 1.5700509638542866e-06
3.176806061486707e-07 1.5700509638542866e-06
3.242508674640839e-07 1.5700509638542866e-06
3.0320295860283546e-07 1.5700509638542866e-06
3.1134908944229077e-07 1.5700509638542866e-06
3.1134908944229077e-07 1.5700509638542866e-06
3.2437361599056535e-07 1.5700509638542866e-06
3.2349021035303964e-07 1.5700509638542866e-06
3.887135855492528e-07 1.5700509638542866e-06
2.8860166642864413e-07 1.5700509638542866e-06
2.8860166642864413e-07 1.5700509638542866e-06
2.724289343674105e-07 1.5700509638542866e-06
3.373253255674297e-07 1.5700509638542866e-06
2.2567965941027613e-07 1.5700509638542866e-06
2.83445436286615e-07 1.5700509638542866e-06
2.391468355539642e-07 1.5700509638542866e-06
2.9975945096404244e-07 1.5700509638542866e-06
3.447849425234376e-07 1.5700509638542866e-06
3.186858931334328e-07 1.5700509638542866e-06
3.3405339656474184e-07 1.5700509638542866e-06
3.1561016631689474e-07 1.5700509638542866e-06
3.868241505148243e-07 1.5700509638542866e-06
3.0250841781606606e-07 1.5700509638542866e-06
2.3741141536170385e-07 1.5700509638542866e-06
3.0449707927259934e-07 1.5700509638542866e-06