2.540618057159251e-05 1.4051596231805992e-05
2.540618057159251e-05 1.4051596231805992e-05
2.540618057159251e-05 1.4051596231805992e-05
2.540618057159251e-05 1.4051596231805992e-05
2.540618057159251e-05 1.4051596231805992e-05
2.540618057159251e-05 1.4051596231805992e-05
2.540618057159251e-05 1.4051596231805992e-05
2.540618057159251e-05 1.4051596231805992e-05
2.540618057159251e-05 1.4051596231805992e-05
2.540618057159251e-05 1.4051596231805992e-05
2.540618057159251e-05 1.4051596231805992e-05
2.540618057159251e-05 1.4051596231805992e-05
2.540618057159251e-05 1.4051596231805992e-05
2.540618057159251e-05 1.4051596231805992e-05
2.540618057159251e-05 1.4051596231805992e-05
2.540618057159251e-05 1.4051596231805992e-05
2.540618057159251e-05 1.4051596231805992e-05
2.540618057159251e-05 1.4051596231805992e-05
2.542684630497232e-05 1.405160905759933e-05
2.542684630497232e-05 1.405160905759933e-05
2.542684630497232e-05 1.405160905759933e-05
2.542684630497232e-05 1.405160905759933e-05
2.542684630497232e-05 1.405160905759933e-05
2.542684630497232e-05 1.405160905759933e-05
2.542684630497232e-05 1.405160905759933e-05
1.0815809587611132e-05 1.4051638781820353e-05
1.0815809587611132e-05 1.4051638781820353e-05
1.0815809587611132e-05 1.4051638781820353e-05
1.0815809587611132e-05 1.4051638781820353e-05
1.0815809587611132e-05 1.4051638781820353e-05
1.0815809587611132e-05 1.4051638781820353e-05
1.0815809587611132e-05 1.4051638781820353e-05
1.0815809587611132e-05 1.4051638781820353e-05
1.0815809587611132e-05 1.4051638781820353e-05
1.0815809587611132e-05 1.4051638781820353e-05
1.0815809587611132e-05 1.4051638781820353e-05
1.0815809587611132e-05 1.4051638781820353e-05
1.0815809587611132e-05 1.4051638781820353e-05
1.0815809587611132e-05 1.4051638781820353e-05
1.0815809587611132e-05 1.4051638781820353e-05
1.0815809587611132e-05 1.4051638781820353e-05
1.0815809587611132e-05 1.4051638781820353e-05
1.0815809587611132e-05 1.4051638781820353e-05
1.0815809587611132e-05 1.4051638781820353e-05
1.0815809587611132e-05 1.4051638781820353e-05
1.0815809587611132e-05 1.4051638781820353e-05
1.0815809587611132e-05 1.4051638781820353e-05
1.0815809587611132e-05 1.4051638781820353e-05
9.381642671039813e-06 1.4051566291402549e-05
9.381642671039813e-06 1.4051566291402549e-05