4.8405208651267215e-06 8.458690332710539e-06
4.8405208651267215e-06 8.458690332710539e-06
4.8405208651267215e-06 8.458690332710539e-06
4.8405208651267215e-06 8.458690332710539e-06
4.8405208651267215e-06 8.458690332710539e-06
4.8405208651267215e-06 8.458690332710539e-06
1.6634539988186542e-06 8.450945035078569e-06
1.6634539988186542e-06 8.450945035078569e-06
1.6634539988186542e-06 8.450945035078569e-06
1.6634539988186542e-06 8.450945035078569e-06
8.47762890365567e-06 8.459080077588144e-06
8.47762890365567e-06 8.459080077588144e-06
8.47762890365567e-06 8.459080077588144e-06
8.47762890365567e-06 8.459080077588144e-06
8.47762890365567e-06 8.459080077588144e-06
8.47762890365567e-06 8.459080077588144e-06
7.82184007190684e-06 8.45669308529427e-06
7.82184007190684e-06 8.45669308529427e-06
7.82184007190684e-06 8.45669308529427e-06
7.82184007190684e-06 8.45669308529427e-06
7.82184007190684e-06 8.45669308529427e-06
7.82184007190684e-06 8.45669308529427e-06
7.82184007190684e-06 8.45669308529427e-06
7.82184007190684e-06 8.45669308529427e-06
7.82184007190684e-06 8.45669308529427e-06
7.82184007190684e-06 8.45669308529427e-06
7.82184007190684e-06 8.45669308529427e-06
7.82184007190684e-06 8.45669308529427e-06
7.82184007190684e-06 8.45669308529427e-06
7.82184007190684e-06 8.45669308529427e-06
6.013436474749933e-06 8.457092733247539e-06
6.013436474749933e-06 8.457092733247539e-06
6.013436474749933e-06 8.457092733247539e-06
6.013436474749933e-06 8.457092733247539e-06
6.013436474749933e-06 8.457092733247539e-06
6.013436474749933e-06 8.457092733247539e-06
6.013436474749933e-06 8.457092733247539e-06
6.013436474749933e-06 8.457092733247539e-06
6.013436474749933e-06 8.457092733247539e-06
6.013436474749933e-06 8.457092733247539e-06
6.013436474749933e-06 8.457092733247539e-06
6.013436474749933e-06 8.457092733247539e-06
6.013436474749933e-06 8.457092733247539e-06
6.013436474749933e-06 8.457092733247539e-06
6.013436474749933e-06 8.457092733247539e-06
6.013436474749933e-06 8.457092733247539e-06
6.013436474749933e-06 8.457092733247539e-06
6.013436474749933e-06 8.457092733247539e-06
6.013436474749933e-06 8.457092733247539e-06
6.013436474749933e-06 8.457092733247539e-06