0.4006309347896937 0.40084491154572693
0.4006309347896937 0.40084491154572693
0.4006309347896937 0.40084491154572693
0.4006309347896937 0.40084491154572693
0.4006309347896937 0.40084491154572693
0.4006309347896937 0.40084491154572693
0.4006309347896937 0.40084491154572693
0.4006309347896937 0.40084491154572693
0.4006309347896937 0.40084491154572693
0.4006309347896937 0.40084491154572693
0.4006309347896937 0.40084491154572693
0.4006309347896937 0.40084491154572693
0.4006309347896937 0.40084491154572693
0.4006309347896937 0.40084491154572693
0.4006309347896937 0.40084491154572693
0.4006309347896937 0.40084491154572693
0.15491205199358307 0.15336912532946884
0.15491205199358307 0.15336912532946884
0.15491205199358307 0.15336912532946884
0.15491205199358307 0.15336912532946884
0.15491205199358307 0.15336912532946884
0.15491205199358307 0.15336912532946884
0.15491205199358307 0.15336912532946884
0.15491205199358307 0.15336912532946884
0.15491205199358307 0.15336912532946884
0.15491205199358307 0.15336912532946884
0.15491205199358307 0.15336912532946884
0.15491205199358307 0.15336912532946884
0.15491205199358307 0.15336912532946884
0.5463934039786229 0.5458467942247635
0.5463934039786229 0.5458467942247635
0.5463934039786229 0.5458467942247635
0.5463934039786229 0.5458467942247635
0.5463934039786229 0.5458467942247635
0.5463934039786229 0.5458467942247635
0.5463934039786229 0.5458467942247635
0.5463934039786229 0.5458467942247635
0.5463934039786229 0.5458467942247635
0.5463934039786229 0.5458467942247635
0.5463934039786229 0.5458467942247635
0.5463934039786229 0.5458467942247635
0.5463934039786229 0.5458467942247635
0.5463934039786229 0.5458467942247635
0.5463934039786229 0.5458467942247635
0.6917785463186505 0.6912730707286127
0.6917785463186505 0.6912730707286127
0.6917785463186505 0.6912730707286127
0.6917785463186505 0.6912730707286127
0.6917785463186505 0.6912730707286127
0.6917785463186505 0.6912730707286127