4.72179610956764e-06 2.152083356044869e-06
3.572589663069069e-06 2.151261290948667e-06
4.018049486215887e-06 2.152503583012544e-06
1.3369386636920569e-06 2.1520997370571153e-06
5.422056627211544e-06 2.1518635199664316e-06
8.334848760380675e-06 2.1520779060766232e-06
3.3409253920469115e-06 2.1520997370571153e-06
8.885474436490046e-06 2.151180620314016e-06
8.885474436490046e-06 2.151180620314016e-06
5.07874767562648e-06 2.1525341015215034e-06
3.4586647482167003e-06 2.151180620314016e-06
2.122655526970461e-06 2.3386659594540804e-06
1.2854345367629896e-06 2.1520702975107726e-06
1.2854345367629896e-06 2.1520702975107726e-06
3.582073946591923e-06 2.151505097391307e-06
2.201966673322478e-06 2.1556536590335756e-06
3.3898547129907384e-06 2.1532463331517314e-06
4.734149121910021e-07 2.1526515932388216e-06
7.543724080748023e-06 2.1514336416153332e-06
5.985109048686867e-06 2.1591904111147015e-06
1.199721664573819e-05 2.152083356044869e-06
3.7084011182582955e-06 2.1519094036788368e-06
3.452682475741551e-06 2.1516768719214297e-06
4.8938263972180225e-06 2.1555370897878195e-06
2.144207640229668e-06 2.1552237322113655e-06
2.116104742106083e-06 2.152503583012544e-06
4.734149121910021e-07 2.1526515932388216e-06
5.873557116642618e-06 2.152068189399331e-06
3.4586647482167003e-06 2.151180620314016e-06
5.63762964560559e-06 2.149671470404706e-06
3.2104003654624653e-06 2.152068189399331e-06
7.514518048870418e-06 2.1515195838679695e-06
7.456320872329892e-06 2.151432304680157e-06
1.0697586781320074e-05 2.155791524629278e-06
4.056402930615904e-06 2.1505579924191423e-06
3.7414619837530753e-06 2.1532463331517314e-06
3.5820835411587207e-06 2.1512108031985595e-06
7.543733977765008e-06 2.1514336416153332e-06
3.730374476170858e-06 2.1514336416153332e-06
2.8747122378827117e-06 2.1526515932388216e-06
1.1598431376592046e-05 2.1492044133717246e-06
8.885474436490046e-06 2.151180620314016e-06
8.552033780533433e-06 2.15195753119066e-06
3.70839669409371e-06 2.151432304680157e-06
7.747868851823945e-06 2.1545348625162987e-06
9.635025243766138e-06 2.156694113087749e-06
9.635025243766138e-06 2.156694113087749e-06
5.35698980029142e-06 2.1512108031985595e-06
3.730369582098551e-06 2.1514336416153332e-06
3.4429421993805215e-06 2.1525341015215034e-06
4.589128009396456e-06 2.1520702975107726e-06
4.589128009396456e-06 2.1520702975107726e-06
1.0779308744488833e-06 2.1512108031985595e-06
4.562584388979775e-06 2.151261290948667e-06
4.637098711889104e-06 2.1524482896455967e-06
5.422068792217349e-06 2.1518635199664316e-06
5.422068792217349e-06 2.1518635199664316e-06
2.480176103228415e-06 2.151372018319101e-06
1.7062683423846805e-05 2.152068189399331e-06
2.3380655780633335e-06 2.1505579924191423e-06
5.3825948413211044e-06 2.151410896230506e-06
3.36512155347856e-06 2.1591904111147015e-06
8.060953707555048e-07 2.1520997370571153e-06
8.693184821282029e-06 2.151372018319101e-06
4.749377447413566e-06 2.1527297886564364e-06
8.828067278021644e-06 2.1516768719214297e-06
5.33558646135135e-06 2.156825983433494e-06
7.543733977765008e-06 2.1514336416153332e-06
5.515589660965897e-06 2.1519938778265958e-06
2.2816568479366977e-06 2.1552237322113655e-06
2.2439133849433412e-05 2.1599470453850156e-06
9.420180635586834e-06 2.1527297886564364e-06
1.4802135813633036e-05 2.151410896230506e-06
8.733320799095558e-06 2.1497985289572513e-06
3.4586647482167003e-06 2.151180620314016e-06
3.4586647482167003e-06 2.151180620314016e-06
4.6108856828779654e-06 2.15195753119066e-06
3.528973101331212e-06 2.156694113087749e-06
3.528973101331212e-06 2.156694113087749e-06
1.8533545864331908e-06 2.149671470404706e-06
2.8747122378827117e-06 2.1526515932388216e-06
1.8379592141096453e-06 2.151410896230506e-06
8.885474436490046e-06 2.151180620314016e-06
3.404167212500334e-06 2.1515195838679695e-06
8.063111587013876e-06 2.1524482896455967e-06
5.3569754516599925e-06 2.151505097391307e-06
7.456329767815856e-06 2.1519094036788368e-06
3.651631439378171e-06 2.1520779060766232e-06
4.504032193981992e-06 2.1545348625162987e-06
5.503896896600215e-07 2.1555370897878195e-06
3.730374476170858e-06 2.1514336416153332e-06
1.4835914782505489e-05 2.1519938778265958e-06
7.785643273803107e-06 2.1520702975107726e-06
7.785643273803107e-06 2.1520702975107726e-06
5.677371214916887e-06 2.1599470453850156e-06
3.5820835411587207e-06 2.1512108031985595e-06
1.3997704376482256e-05 2.149671470404706e-06
3.3789301789851755e-06 2.1518635199664316e-06
3.3789377600025027e-06 2.1518635199664316e-06
3.3789377600025027e-06 2.1518635199664316e-06
5.35698980029142e-06 2.1512108031985595e-06
1.3941813319293928e-06 2.151261290948667e-06
5.641494319015221e-06 2.1555370897878195e-06
1.3649599611744722e-05 2.156825983433494e-06