0.04154610051947323 0.03663499213315637
0.04154610051947323 0.03663499213315637
0.02003747578579054 0.01697880091402717
0.001297903222826396 2.2555537612438755e-05
0.001297903222826396 2.2555537612438755e-05
0.001297903222826396 2.2555537612438755e-05
0.028956751196343316 0.02546832134730465
0.0016239987080955904 2.2555537612438755e-05
0.0016239987080955904 2.2555537612438755e-05
0.0016239987080955904 2.2555537612438755e-05
0.0032508768465246835 0.0022896270201903253
0.0065243092306618055 0.011448375053479419
0.011609143247099994 0.011448375053479419
0.06596031041218806 0.06367092334452552
0.02175481602719718 0.02122356113066591
0.003657356428604165 0.00424476021663874
0.05434372863672651 0.06367092334452552
0.05434372863672651 0.06367092334452552
0.0018893862038334337 0.0022896270201903253
0.003325262130140173 4.199169236358279e-05
0.011452694198979674 0.011448375053479419
0.0019198601748630052 0.0022896270201903253
0.0019198601748630052 0.0022896270201903253
0.010303561543384257 0.013738242026197537
9.790063133909588e-05 2.2555537612438755e-05
0.0005307749914756864 2.2555537612438755e-05
0.0005307749914756864 2.2555537612438755e-05
0.0005307749914756864 2.2555537612438755e-05
0.01050584152431283 0.009158748033289093
0.01050584152431283 0.009158748033289093
0.021262433440168198 0.025186617079676957
0.051279534856823926 0.05518140291124804
0.016138247209172136 0.013738242026197537
0.001017398717837663 0.0022896270201903253
0.03309113325019778 0.03434536511296605
0.013966436880127636 0.009158748033289093
0.0018214796384683255 2.2555537612438755e-05
0.030329279655312992 0.020607123086768514
0.030329279655312992 0.020607123086768514
0.01807322439328603 0.013738242026197537
0.02155541547660211 0.02289699005948663
0.022262795528532636 0.02289699005948663
0.022262795528532636 0.02289699005948663
0.011445255670618125 0.011448375053479419
0.005660960035666544 0.006869121013098768
0.003810926046390982 0.004579493992908443
0.0054200476977634745 0.004579493992908443
0.012919763953899361 0.011448375053479419
0.012919763953899361 0.011448375053479419
0.012919763953899361 0.011448375053479419