0.007090074338020261 7.471379972722832e-06
0.0023001682165727584 7.471379972722832e-06
0.004426461063721145 7.471379972722832e-06
0.007090074338020261 7.471379972722832e-06
0.007090074338020261 7.471379972722832e-06
0.0022692216723070426 7.471379972722832e-06
0.0020643113399190526 7.471379972722832e-06
0.007090074338020261 7.471379972722832e-06
0.004426461063721145 7.471379972722832e-06
0.002174038944015491 7.471379972722832e-06
0.004426461063721145 7.471379972722832e-06
0.009248595800553943 7.471379972722832e-06
0.009248595800553943 7.471379972722832e-06
0.009248595800553943 7.471379972722832e-06
0.009248595800553943 7.471379972722832e-06
0.009248595800553943 7.471379972722832e-06
0.009248595800553943 7.471379972722832e-06
0.009248595800553943 7.471379972722832e-06
0.009248595800553943 7.471379972722832e-06
0.009248595800553943 7.471379972722832e-06
0.009248595800553943 7.471379972722832e-06
0.009248595800553943 7.471379972722832e-06
0.009248595800553943 7.471379972722832e-06
0.0020290985934795632 7.471379972722832e-06
0.004426461063721145 7.471379972722832e-06
0.007090074338020261 7.471379972722832e-06
0.007090074338020261 7.471379972722832e-06
0.002166092313541545 7.471379972722832e-06
0.007090074338020261 7.471379972722832e-06
0.0018926574902794694 7.471379972722832e-06
0.004426461063721145 7.471379972722832e-06
0.004426461063721145 7.471379972722832e-06
0.004426461063721145 7.471379972722832e-06
0.0020728437442666 7.471379972722832e-06
0.0160250048077667 7.471379972722832e-06
0.0160250048077667 7.471379972722832e-06
0.0160250048077667 7.471379972722832e-06
0.0160250048077667 7.471379972722832e-06
0.0160250048077667 7.471379972722832e-06
0.0160250048077667 7.471379972722832e-06
0.0160250048077667 7.471379972722832e-06
0.0160250048077667 7.471379972722832e-06
0.0160250048077667 7.471379972722832e-06
0.0160250048077667 7.471379972722832e-06
0.0160250048077667 7.471379972722832e-06
0.007090074338020261 7.471379972722832e-06
0.004426461063721145 7.471379972722832e-06
0.004426461063721145 7.471379972722832e-06
0.007090074338020261 7.471379972722832e-06
0.004426461063721145 7.471379972722832e-06