0.967449613295062 0.9675118095054468
0.967449613295062 0.9675118095054468
0.967449613295062 0.9675118095054468
0.967449613295062 0.9675118095054468
0.967449613295062 0.9675118095054468
0.967449613295062 0.9675118095054468
0.967449613295062 0.9675118095054468
0.967449613295062 0.9675118095054468
0.967449613295062 0.9675118095054468
0.967449613295062 0.9675118095054468
0.967449613295062 0.9675118095054468
0.967449613295062 0.9675118095054468
0.967449613295062 0.9675118095054468
0.967449613295062 0.9675118095054468
0.967449613295062 0.9675118095054468
0.967449613295062 0.9675118095054468
0.967449613295062 0.9675118095054468
0.967449613295062 0.9675118095054468
0.967449613295062 0.9675118095054468
0.967449613295062 0.9675118095054468
0.967449613295062 0.9675118095054468
0.967449613295062 0.9675118095054468
0.967449613295062 0.9675118095054468
0.967449613295062 0.9675118095054468
0.967449613295062 0.9675118095054468
0.967449613295062 0.9675118095054468
0.967449613295062 0.9675118095054468
0.4993018475384295 0.49670515575485985
0.4993018475384295 0.49670515575485985
0.4993018475384295 0.49670515575485985
0.4993018475384295 0.49670515575485985
0.4993018475384295 0.49670515575485985
0.48869739366780385 0.4878764036907231
0.48869739366780385 0.4878764036907231
0.48869739366780385 0.4878764036907231
0.48869739366780385 0.4878764036907231
0.48869739366780385 0.4878764036907231
0.48869739366780385 0.4878764036907231
0.48869739366780385 0.4878764036907231
0.48869739366780385 0.4878764036907231
0.48869739366780385 0.4878764036907231
0.8499454228253872 0.8457689472980411
0.8499454228253872 0.8457689472980411
0.8499454228253872 0.8457689472980411
0.8499454228253872 0.8457689472980411
0.8499454228253872 0.8457689472980411
0.8499454228253872 0.8457689472980411
0.8499454228253872 0.8457689472980411
0.8499454228253872 0.8457689472980411
0.8499454228253872 0.8457689472980411