1.0723807457019798e-05 1.1198021400798865e-05
1.0723807457019798e-05 1.1198021400798865e-05
1.0723807457019798e-05 1.1198021400798865e-05
1.0723807457019798e-05 1.1198021400798865e-05
1.0723807457019798e-05 1.1198021400798865e-05
1.0723807457019798e-05 1.1198021400798865e-05
1.0723807457019798e-05 1.1198021400798865e-05
1.0723807457019798e-05 1.1198021400798865e-05
1.0723807457019798e-05 1.1198021400798865e-05
1.0723807457019798e-05 1.1198021400798865e-05
1.0723807457019798e-05 1.1198021400798865e-05
1.0723807457019798e-05 1.1198021400798865e-05
1.0723807457019798e-05 1.1198021400798865e-05
1.0723807457019798e-05 1.1198021400798865e-05
1.0723807457019798e-05 1.1198021400798865e-05
1.0723807457019798e-05 1.1198021400798865e-05
1.0723807457019798e-05 1.1198021400798865e-05
1.0723807457019798e-05 1.1198021400798865e-05
1.0723807457019798e-05 1.1198021400798865e-05
1.0723807457019798e-05 1.1198021400798865e-05
1.0723807457019798e-05 1.1198021400798865e-05
1.0723807457019798e-05 1.1198021400798865e-05
1.0723807457019798e-05 1.1198021400798865e-05
1.0723807457019798e-05 1.1198021400798865e-05
1.0723807457019798e-05 1.1198021400798865e-05
1.0723807457019798e-05 1.1198021400798865e-05
1.0723807457019798e-05 1.1198021400798865e-05
1.0723807457019798e-05 1.1198021400798865e-05
1.0723807457019798e-05 1.1198021400798865e-05
1.0723807457019798e-05 1.1198021400798865e-05
1.0723807457019798e-05 1.1198021400798865e-05
1.0723807457019798e-05 1.1198021400798865e-05
1.0723807457019798e-05 1.1198021400798865e-05
1.0723807457019798e-05 1.1198021400798865e-05
1.0723807457019798e-05 1.1198021400798865e-05
1.0723807457019798e-05 1.1198021400798865e-05
1.0723807457019798e-05 1.1198021400798865e-05
1.0723807457019798e-05 1.1198021400798865e-05
1.0723807457019798e-05 1.1198021400798865e-05
1.0723807457019798e-05 1.1198021400798865e-05
1.0723807457019798e-05 1.1198021400798865e-05
1.0723807457019798e-05 1.1198021400798865e-05
1.0723807457019798e-05 1.1198021400798865e-05
1.0723807457019798e-05 1.1198021400798865e-05
1.0723807457019798e-05 1.1198021400798865e-05
1.0723807457019798e-05 1.1198021400798865e-05
2.5001994644425677e-05 1.119223677574043e-05
2.5001994644425677e-05 1.119223677574043e-05
2.5001994644425677e-05 1.119223677574043e-05
2.5001994644425677e-05 1.119223677574043e-05
1.6894071667523006e-06 1.1197105408588028e-05
1.6894071667523006e-06 1.1197105408588028e-05
1.3028084263574803e-05 1.1197746146553031e-05
1.3028084263574803e-05 1.1197746146553031e-05
1.3028084263574803e-05 1.1197746146553031e-05
1.3028084263574803e-05 1.1197746146553031e-05
1.3028084263574803e-05 1.1197746146553031e-05
1.3028084263574803e-05 1.1197746146553031e-05
1.3028084263574803e-05 1.1197746146553031e-05
1.3028084263574803e-05 1.1197746146553031e-05
1.3028084263574803e-05 1.1197746146553031e-05
1.3028084263574803e-05 1.1197746146553031e-05
1.3028084263574803e-05 1.1197746146553031e-05
1.3028084263574803e-05 1.1197746146553031e-05
1.3028084263574803e-05 1.1197746146553031e-05
1.3028084263574803e-05 1.1197746146553031e-05
1.3028084263574803e-05 1.1197746146553031e-05
1.3028084263574803e-05 1.1197746146553031e-05
1.3028084263574803e-05 1.1197746146553031e-05
1.3028084263574803e-05 1.1197746146553031e-05
1.3028084263574803e-05 1.1197746146553031e-05
1.3028084263574803e-05 1.1197746146553031e-05
1.3028084263574803e-05 1.1197746146553031e-05
1.3028084263574803e-05 1.1197746146553031e-05
1.3028084263574803e-05 1.1197746146553031e-05
1.3028084263574803e-05 1.1197746146553031e-05
1.3028084263574803e-05 1.1197746146553031e-05
1.3028084263574803e-05 1.1197746146553031e-05
1.3028084263574803e-05 1.1197746146553031e-05
1.3028084263574803e-05 1.1197746146553031e-05
1.3028084263574803e-05 1.1197746146553031e-05
1.3028084263574803e-05 1.1197746146553031e-05
1.3028084263574803e-05 1.1197746146553031e-05
1.3028084263574803e-05 1.1197746146553031e-05
1.3028084263574803e-05 1.1197746146553031e-05
1.3028084263574803e-05 1.1197746146553031e-05
1.3028084263574803e-05 1.1197746146553031e-05
1.3028084263574803e-05 1.1197746146553031e-05
1.3028084263574803e-05 1.1197746146553031e-05
1.3028084263574803e-05 1.1197746146553031e-05
1.3028084263574803e-05 1.1197746146553031e-05
1.3028084263574803e-05 1.1197746146553031e-05
1.3028084263574803e-05 1.1197746146553031e-05
1.3028084263574803e-05 1.1197746146553031e-05
1.3028084263574803e-05 1.1197746146553031e-05
1.3028084263574803e-05 1.1197746146553031e-05
1.3028084263574803e-05 1.1197746146553031e-05
1.3028084263574803e-05 1.1197746146553031e-05
1.1685210713216633e-05 1.119719699141982e-05
1.1685210713216633e-05 1.119719699141982e-05
1.1685210713216633e-05 1.119719699141982e-05
1.1685210713216633e-05 1.119719699141982e-05
1.1685210713216633e-05 1.119719699141982e-05
1.1685210713216633e-05 1.119719699141982e-05
1.1685210713216633e-05 1.119719699141982e-05
1.1685210713216633e-05 1.119719699141982e-05
1.1685210713216633e-05 1.119719699141982e-05
1.1685210713216633e-05 1.119719699141982e-05
1.1685210713216633e-05 1.119719699141982e-05
1.1685210713216633e-05 1.119719699141982e-05
1.1685210713216633e-05 1.119719699141982e-05
1.1685210713216633e-05 1.119719699141982e-05
1.1685210713216633e-05 1.119719699141982e-05
1.1685210713216633e-05 1.119719699141982e-05
1.1685210713216633e-05 1.119719699141982e-05
1.1685210713216633e-05 1.119719699141982e-05
1.1685210713216633e-05 1.119719699141982e-05
1.1685210713216633e-05 1.119719699141982e-05
1.1685210713216633e-05 1.119719699141982e-05
1.1685210713216633e-05 1.119719699141982e-05
1.1685210713216633e-05 1.119719699141982e-05
1.1685210713216633e-05 1.119719699141982e-05
1.1685210713216633e-05 1.119719699141982e-05
1.1685210713216633e-05 1.119719699141982e-05
1.1685210713216633e-05 1.119719699141982e-05
1.1685210713216633e-05 1.119719699141982e-05
1.1685210713216633e-05 1.119719699141982e-05
1.1685210713216633e-05 1.119719699141982e-05
1.1685210713216633e-05 1.119719699141982e-05
1.1685210713216633e-05 1.119719699141982e-05
1.1685210713216633e-05 1.119719699141982e-05
1.1685210713216633e-05 1.119719699141982e-05
1.1685210713216633e-05 1.119719699141982e-05
1.1685210713216633e-05 1.119719699141982e-05
1.1685210713216633e-05 1.119719699141982e-05
1.1685210713216633e-05 1.119719699141982e-05
1.1685210713216633e-05 1.119719699141982e-05
1.1685210713216633e-05 1.119719699141982e-05
1.1685210713216633e-05 1.119719699141982e-05
1.1685210713216633e-05 1.119719699141982e-05
1.1685210713216633e-05 1.119719699141982e-05
1.1685210713216633e-05 1.119719699141982e-05
1.1685210713216633e-05 1.119719699141982e-05
1.1685210713216633e-05 1.119719699141982e-05
1.1685210713216633e-05 1.119719699141982e-05
1.1685210713216633e-05 1.119719699141982e-05
1.1685210713216633e-05 1.119719699141982e-05
1.1685210713216633e-05 1.119719699141982e-05
1.1685210713216633e-05 1.119719699141982e-05
1.1685210713216633e-05 1.119719699141982e-05
1.1685210713216633e-05 1.119719699141982e-05
1.1685210713216633e-05 1.119719699141982e-05
1.1685210713216633e-05 1.119719699141982e-05
1.1685210713216633e-05 1.119719699141982e-05
1.1685210713216633e-05 1.119719699141982e-05
1.1685210713216633e-05 1.119719699141982e-05
1.1685210713216633e-05 1.119719699141982e-05
1.1685210713216633e-05 1.119719699141982e-05
1.1685210713216633e-05 1.119719699141982e-05
1.1685210713216633e-05 1.119719699141982e-05
1.1685210713216633e-05 1.119719699141982e-05
1.1685210713216633e-05 1.119719699141982e-05
1.1685210713216633e-05 1.119719699141982e-05
1.1685210713216633e-05 1.119719699141982e-05
1.1685210713216633e-05 1.119719699141982e-05
1.1685210713216633e-05 1.119719699141982e-05
1.1685210713216633e-05 1.119719699141982e-05
1.1685210713216633e-05 1.119719699141982e-05
1.1685210713216633e-05 1.119719699141982e-05
1.1685210713216633e-05 1.119719699141982e-05
1.1685210713216633e-05 1.119719699141982e-05
1.1685210713216633e-05 1.119719699141982e-05
1.1685210713216633e-05 1.119719699141982e-05
1.1685210713216633e-05 1.119719699141982e-05
1.1685210713216633e-05 1.119719699141982e-05
1.1685210713216633e-05 1.119719699141982e-05
1.1685210713216633e-05 1.119719699141982e-05
1.1685210713216633e-05 1.119719699141982e-05
1.1685210713216633e-05 1.119719699141982e-05
1.1685210713216633e-05 1.119719699141982e-05
1.1685210713216633e-05 1.119719699141982e-05
1.1685210713216633e-05 1.119719699141982e-05
1.1685210713216633e-05 1.119719699141982e-05
1.1685210713216633e-05 1.119719699141982e-05
1.1685210713216633e-05 1.119719699141982e-05
1.1685210713216633e-05 1.119719699141982e-05
1.1685210713216633e-05 1.119719699141982e-05
1.1685210713216633e-05 1.119719699141982e-05
1.1685210713216633e-05 1.119719699141982e-05
1.1685210713216633e-05 1.119719699141982e-05
1.6882608860613926e-05 1.1198260281270666e-05
1.230417433311375e-05 1.1259554143625773e-05
2.994140915240078e-05 1.1197191127412379e-05
2.994140915240078e-05 1.1197191127412379e-05
2.994140915240078e-05 1.1197191127412379e-05
2.994140915240078e-05 1.1197191127412379e-05
2.994140915240078e-05 1.1197191127412379e-05
2.994140915240078e-05 1.1197191127412379e-05
2.994140915240078e-05 1.1197191127412379e-05
2.994140915240078e-05 1.1197191127412379e-05
2.994140915240078e-05 1.1197191127412379e-05
2.994140915240078e-05 1.1197191127412379e-05
2.994140915240078e-05 1.1197191127412379e-05
2.994140915240078e-05 1.1197191127412379e-05
2.994140915240078e-05 1.1197191127412379e-05
2.994140915240078e-05 1.1197191127412379e-05
2.994140915240078e-05 1.1197191127412379e-05
2.994140915240078e-05 1.1197191127412379e-05
2.994140915240078e-05 1.1197191127412379e-05
2.994140915240078e-05 1.1197191127412379e-05
2.994140915240078e-05 1.1197191127412379e-05
2.994140915240078e-05 1.1197191127412379e-05
2.994140915240078e-05 1.1197191127412379e-05
2.994140915240078e-05 1.1197191127412379e-05
2.994140915240078e-05 1.1197191127412379e-05
2.994140915240078e-05 1.1197191127412379e-05
2.994140915240078e-05 1.1197191127412379e-05
2.994140915240078e-05 1.1197191127412379e-05
2.994140915240078e-05 1.1197191127412379e-05
2.994140915240078e-05 1.1197191127412379e-05
2.994140915240078e-05 1.1197191127412379e-05
2.994140915240078e-05 1.1197191127412379e-05
2.994140915240078e-05 1.1197191127412379e-05
2.994140915240078e-05 1.1197191127412379e-05
2.994140915240078e-05 1.1197191127412379e-05
2.994140915240078e-05 1.1197191127412379e-05
2.994140915240078e-05 1.1197191127412379e-05
2.994140915240078e-05 1.1197191127412379e-05
2.994140915240078e-05 1.1197191127412379e-05
2.994140915240078e-05 1.1197191127412379e-05
2.994140915240078e-05 1.1197191127412379e-05
2.994140915240078e-05 1.1197191127412379e-05
2.994140915240078e-05 1.1197191127412379e-05
2.994140915240078e-05 1.1197191127412379e-05
2.994140915240078e-05 1.1197191127412379e-05
2.994140915240078e-05 1.1197191127412379e-05
2.994140915240078e-05 1.1197191127412379e-05
2.994140915240078e-05 1.1197191127412379e-05
2.994140915240078e-05 1.1197191127412379e-05
2.994140915240078e-05 1.1197191127412379e-05
2.994140915240078e-05 1.1197191127412379e-05
2.994140915240078e-05 1.1197191127412379e-05
2.994140915240078e-05 1.1197191127412379e-05
2.994140915240078e-05 1.1197191127412379e-05
2.994140915240078e-05 1.1197191127412379e-05
2.994140915240078e-05 1.1197191127412379e-05
2.994140915240078e-05 1.1197191127412379e-05
2.994140915240078e-05 1.1197191127412379e-05
2.994140915240078e-05 1.1197191127412379e-05
2.994140915240078e-05 1.1197191127412379e-05
2.994140915240078e-05 1.1197191127412379e-05
2.994140915240078e-05 1.1197191127412379e-05
2.994140915240078e-05 1.1197191127412379e-05
2.994140915240078e-05 1.1197191127412379e-05
2.994140915240078e-05 1.1197191127412379e-05
2.994140915240078e-05 1.1197191127412379e-05
2.994140915240078e-05 1.1197191127412379e-05
2.994140915240078e-05 1.1197191127412379e-05
2.994140915240078e-05 1.1197191127412379e-05
2.994140915240078e-05 1.1197191127412379e-05
2.994140915240078e-05 1.1197191127412379e-05
2.994140915240078e-05 1.1197191127412379e-05
2.994140915240078e-05 1.1197191127412379e-05
2.994140915240078e-05 1.1197191127412379e-05
2.994140915240078e-05 1.1197191127412379e-05
2.994140915240078e-05 1.1197191127412379e-05
2.994140915240078e-05 1.1197191127412379e-05
2.994140915240078e-05 1.1197191127412379e-05
2.994140915240078e-05 1.1197191127412379e-05
2.994140915240078e-05 1.1197191127412379e-05
2.994140915240078e-05 1.1197191127412379e-05
2.994140915240078e-05 1.1197191127412379e-05
2.994140915240078e-05 1.1197191127412379e-05
2.994140915240078e-05 1.1197191127412379e-05
2.994140915240078e-05 1.1197191127412379e-05
2.994140915240078e-05 1.1197191127412379e-05
2.994140915240078e-05 1.1197191127412379e-05
2.994140915240078e-05 1.1197191127412379e-05
2.994140915240078e-05 1.1197191127412379e-05
2.994140915240078e-05 1.1197191127412379e-05
2.994140915240078e-05 1.1197191127412379e-05
2.994140915240078e-05 1.1197191127412379e-05
2.994140915240078e-05 1.1197191127412379e-05
2.994140915240078e-05 1.1197191127412379e-05
1.084271396937756e-05 1.1196875587111752e-05
1.084271396937756e-05 1.1196875587111752e-05
1.084271396937756e-05 1.1196875587111752e-05
1.084271396937756e-05 1.1196875587111752e-05
1.084271396937756e-05 1.1196875587111752e-05
1.084271396937756e-05 1.1196875587111752e-05
1.084271396937756e-05 1.1196875587111752e-05
1.084271396937756e-05 1.1196875587111752e-05
1.084271396937756e-05 1.1196875587111752e-05
1.084271396937756e-05 1.1196875587111752e-05
1.084271396937756e-05 1.1196875587111752e-05
1.084271396937756e-05 1.1196875587111752e-05
1.084271396937756e-05 1.1196875587111752e-05
1.084271396937756e-05 1.1196875587111752e-05
1.084271396937756e-05 1.1196875587111752e-05
1.084271396937756e-05 1.1196875587111752e-05
1.084271396937756e-05 1.1196875587111752e-05
1.084271396937756e-05 1.1196875587111752e-05
1.084271396937756e-05 1.1196875587111752e-05
1.084271396937756e-05 1.1196875587111752e-05
1.084271396937756e-05 1.1196875587111752e-05
1.084271396937756e-05 1.1196875587111752e-05
1.084271396937756e-05 1.1196875587111752e-05
1.084271396937756e-05 1.1196875587111752e-05
1.084271396937756e-05 1.1196875587111752e-05
1.084271396937756e-05 1.1196875587111752e-05
1.084271396937756e-05 1.1196875587111752e-05
1.084271396937756e-05 1.1196875587111752e-05
1.084271396937756e-05 1.1196875587111752e-05
1.084271396937756e-05 1.1196875587111752e-05
1.084271396937756e-05 1.1196875587111752e-05
1.084271396937756e-05 1.1196875587111752e-05
1.084271396937756e-05 1.1196875587111752e-05
1.084271396937756e-05 1.1196875587111752e-05
1.084271396937756e-05 1.1196875587111752e-05
1.084271396937756e-05 1.1196875587111752e-05
1.084271396937756e-05 1.1196875587111752e-05
1.084271396937756e-05 1.1196875587111752e-05
1.084271396937756e-05 1.1196875587111752e-05
1.084271396937756e-05 1.1196875587111752e-05
1.084271396937756e-05 1.1196875587111752e-05
1.084271396937756e-05 1.1196875587111752e-05
1.084271396937756e-05 1.1196875587111752e-05
1.084271396937756e-05 1.1196875587111752e-05
1.084271396937756e-05 1.1196875587111752e-05
1.084271396937756e-05 1.1196875587111752e-05
8.308726655606383e-06 1.1201817192489548e-05
1.2310121789583088e-05 1.1196505197511016e-05
5.294805925110212e-08 1.1197844779147255e-05
5.294805925110212e-08 1.1197844779147255e-05
7.079646518913028e-08 1.1205607207956384e-05
1.9346819915607685e-05 1.1193748879171917e-05
1.9346819915607685e-05 1.1193748879171917e-05
0.0003043399407480658 1.1201815891315023e-05
6.846602602681231e-06 1.1197813656177024e-05
6.846602602681231e-06 1.1197813656177024e-05
6.846602602681231e-06 1.1197813656177024e-05
1.321589986446642e-06 1.1196551883735511e-05
1.1568382665153327e-05 1.1190478943845351e-05
4.804104106575037e-07 1.1199073691072268e-05
4.804104106575037e-07 1.1199073691072268e-05
8.82260947166347e-06 1.1192742298301325e-05
1.6831117909386646e-07 1.1155174048603093e-05
3.077860468320294e-05 1.119703757207044e-05
3.077860468320294e-05 1.119703757207044e-05
3.077860468320294e-05 1.119703757207044e-05
3.077860468320294e-05 1.119703757207044e-05
3.077860468320294e-05 1.119703757207044e-05
3.077860468320294e-05 1.119703757207044e-05
3.077860468320294e-05 1.119703757207044e-05
3.077860468320294e-05 1.119703757207044e-05
3.077860468320294e-05 1.119703757207044e-05
3.077860468320294e-05 1.119703757207044e-05
3.077860468320294e-05 1.119703757207044e-05
3.077860468320294e-05 1.119703757207044e-05
3.077860468320294e-05 1.119703757207044e-05
3.077860468320294e-05 1.119703757207044e-05
3.077860468320294e-05 1.119703757207044e-05
3.077860468320294e-05 1.119703757207044e-05
3.077860468320294e-05 1.119703757207044e-05
3.077860468320294e-05 1.119703757207044e-05
3.077860468320294e-05 1.119703757207044e-05
3.077860468320294e-05 1.119703757207044e-05
3.077860468320294e-05 1.119703757207044e-05
3.077860468320294e-05 1.119703757207044e-05
3.077860468320294e-05 1.119703757207044e-05
3.077860468320294e-05 1.119703757207044e-05
3.077860468320294e-05 1.119703757207044e-05
3.077860468320294e-05 1.119703757207044e-05
3.077860468320294e-05 1.119703757207044e-05
3.077860468320294e-05 1.119703757207044e-05
3.077860468320294e-05 1.119703757207044e-05
3.077860468320294e-05 1.119703757207044e-05
3.077860468320294e-05 1.119703757207044e-05
3.077860468320294e-05 1.119703757207044e-05
3.077860468320294e-05 1.119703757207044e-05
3.077860468320294e-05 1.119703757207044e-05
3.077860468320294e-05 1.119703757207044e-05
3.077860468320294e-05 1.119703757207044e-05
3.077860468320294e-05 1.119703757207044e-05
3.077860468320294e-05 1.119703757207044e-05
3.077860468320294e-05 1.119703757207044e-05
3.077860468320294e-05 1.119703757207044e-05
3.077860468320294e-05 1.119703757207044e-05
3.077860468320294e-05 1.119703757207044e-05
3.077860468320294e-05 1.119703757207044e-05
3.077860468320294e-05 1.119703757207044e-05
3.077860468320294e-05 1.119703757207044e-05
3.077860468320294e-05 1.119703757207044e-05
3.077860468320294e-05 1.119703757207044e-05
3.077860468320294e-05 1.119703757207044e-05
3.077860468320294e-05 1.119703757207044e-05
3.077860468320294e-05 1.119703757207044e-05
3.077860468320294e-05 1.119703757207044e-05
3.077860468320294e-05 1.119703757207044e-05
3.077860468320294e-05 1.119703757207044e-05
3.077860468320294e-05 1.119703757207044e-05
3.077860468320294e-05 1.119703757207044e-05
3.077860468320294e-05 1.119703757207044e-05
3.077860468320294e-05 1.119703757207044e-05
3.077860468320294e-05 1.119703757207044e-05
3.077860468320294e-05 1.119703757207044e-05
3.077860468320294e-05 1.119703757207044e-05
3.077860468320294e-05 1.119703757207044e-05
3.077860468320294e-05 1.119703757207044e-05
3.077860468320294e-05 1.119703757207044e-05
3.077860468320294e-05 1.119703757207044e-05
3.077860468320294e-05 1.119703757207044e-05
3.077860468320294e-05 1.119703757207044e-05
3.077860468320294e-05 1.119703757207044e-05
3.077860468320294e-05 1.119703757207044e-05
3.077860468320294e-05 1.119703757207044e-05
3.077860468320294e-05 1.119703757207044e-05
3.077860468320294e-05 1.119703757207044e-05
3.077860468320294e-05 1.119703757207044e-05
3.077860468320294e-05 1.119703757207044e-05
3.077860468320294e-05 1.119703757207044e-05
3.077860468320294e-05 1.119703757207044e-05
3.077860468320294e-05 1.119703757207044e-05
3.077860468320294e-05 1.119703757207044e-05
3.077860468320294e-05 1.119703757207044e-05
3.077860468320294e-05 1.119703757207044e-05
3.077860468320294e-05 1.119703757207044e-05
3.077860468320294e-05 1.119703757207044e-05
3.077860468320294e-05 1.119703757207044e-05
3.077860468320294e-05 1.119703757207044e-05
3.077860468320294e-05 1.119703757207044e-05
3.077860468320294e-05 1.119703757207044e-05
3.077860468320294e-05 1.119703757207044e-05
3.077860468320294e-05 1.119703757207044e-05
3.077860468320294e-05 1.119703757207044e-05
3.077860468320294e-05 1.119703757207044e-05
3.077860468320294e-05 1.119703757207044e-05
3.077860468320294e-05 1.119703757207044e-05
3.077860468320294e-05 1.119703757207044e-05
2.8880493891165522e-05 1.1197204001439544e-05
2.8880493891165522e-05 1.1197204001439544e-05
2.8880493891165522e-05 1.1197204001439544e-05
2.8880493891165522e-05 1.1197204001439544e-05
2.8880493891165522e-05 1.1197204001439544e-05
2.8880493891165522e-05 1.1197204001439544e-05
2.8880493891165522e-05 1.1197204001439544e-05
2.8880493891165522e-05 1.1197204001439544e-05
2.8880493891165522e-05 1.1197204001439544e-05
2.8880493891165522e-05 1.1197204001439544e-05
2.8880493891165522e-05 1.1197204001439544e-05
2.8880493891165522e-05 1.1197204001439544e-05
2.8880493891165522e-05 1.1197204001439544e-05
2.8880493891165522e-05 1.1197204001439544e-05
2.8880493891165522e-05 1.1197204001439544e-05
2.8880493891165522e-05 1.1197204001439544e-05
2.8880493891165522e-05 1.1197204001439544e-05
2.8880493891165522e-05 1.1197204001439544e-05
2.8880493891165522e-05 1.1197204001439544e-05
2.8880493891165522e-05 1.1197204001439544e-05
2.8880493891165522e-05 1.1197204001439544e-05
2.8880493891165522e-05 1.1197204001439544e-05
2.8880493891165522e-05 1.1197204001439544e-05
2.8880493891165522e-05 1.1197204001439544e-05
2.8880493891165522e-05 1.1197204001439544e-05
2.8880493891165522e-05 1.1197204001439544e-05
2.8880493891165522e-05 1.1197204001439544e-05
2.8880493891165522e-05 1.1197204001439544e-05
2.8880493891165522e-05 1.1197204001439544e-05
2.8880493891165522e-05 1.1197204001439544e-05
2.8880493891165522e-05 1.1197204001439544e-05
2.8880493891165522e-05 1.1197204001439544e-05
2.8880493891165522e-05 1.1197204001439544e-05
2.8880493891165522e-05 1.1197204001439544e-05
2.8880493891165522e-05 1.1197204001439544e-05
2.8880493891165522e-05 1.1197204001439544e-05
2.8880493891165522e-05 1.1197204001439544e-05
2.8880493891165522e-05 1.1197204001439544e-05
2.8880493891165522e-05 1.1197204001439544e-05
2.8880493891165522e-05 1.1197204001439544e-05
2.8880493891165522e-05 1.1197204001439544e-05
2.8880493891165522e-05 1.1197204001439544e-05
2.8880493891165522e-05 1.1197204001439544e-05
2.8880493891165522e-05 1.1197204001439544e-05
2.8880493891165522e-05 1.1197204001439544e-05
2.8880493891165522e-05 1.1197204001439544e-05
7.202671730240928e-08 1.1205742578641317e-05
1.2195262048533114e-05 1.1205715811521141e-05
9.075948133216043e-06 1.1195361318627565e-05
9.075948133216043e-06 1.1195361318627565e-05
6.284617976433275e-08 1.1197670001980996e-05
6.284617976433275e-08 1.1197670001980996e-05
1.762969056468026e-05 1.1197380689159595e-05
1.762969056468026e-05 1.1197380689159595e-05
1.762969056468026e-05 1.1197380689159595e-05
1.762969056468026e-05 1.1197380689159595e-05
1.762969056468026e-05 1.1197380689159595e-05
1.762969056468026e-05 1.1197380689159595e-05
1.762969056468026e-05 1.1197380689159595e-05
1.762969056468026e-05 1.1197380689159595e-05
1.762969056468026e-05 1.1197380689159595e-05
1.762969056468026e-05 1.1197380689159595e-05
1.762969056468026e-05 1.1197380689159595e-05
1.762969056468026e-05 1.1197380689159595e-05
1.762969056468026e-05 1.1197380689159595e-05
1.762969056468026e-05 1.1197380689159595e-05
1.762969056468026e-05 1.1197380689159595e-05
1.762969056468026e-05 1.1197380689159595e-05
1.762969056468026e-05 1.1197380689159595e-05
1.762969056468026e-05 1.1197380689159595e-05
1.762969056468026e-05 1.1197380689159595e-05
1.762969056468026e-05 1.1197380689159595e-05
1.762969056468026e-05 1.1197380689159595e-05
1.762969056468026e-05 1.1197380689159595e-05
1.762969056468026e-05 1.1197380689159595e-05
1.762969056468026e-05 1.1197380689159595e-05
1.762969056468026e-05 1.1197380689159595e-05
1.762969056468026e-05 1.1197380689159595e-05
1.762969056468026e-05 1.1197380689159595e-05
1.762969056468026e-05 1.1197380689159595e-05
1.762969056468026e-05 1.1197380689159595e-05
1.762969056468026e-05 1.1197380689159595e-05
1.762969056468026e-05 1.1197380689159595e-05
1.762969056468026e-05 1.1197380689159595e-05
1.762969056468026e-05 1.1197380689159595e-05
1.762969056468026e-05 1.1197380689159595e-05
1.762969056468026e-05 1.1197380689159595e-05
1.762969056468026e-05 1.1197380689159595e-05
1.762969056468026e-05 1.1197380689159595e-05
1.762969056468026e-05 1.1197380689159595e-05
1.762969056468026e-05 1.1197380689159595e-05
1.762969056468026e-05 1.1197380689159595e-05
1.762969056468026e-05 1.1197380689159595e-05
1.762969056468026e-05 1.1197380689159595e-05
1.762969056468026e-05 1.1197380689159595e-05
1.762969056468026e-05 1.1197380689159595e-05
1.762969056468026e-05 1.1197380689159595e-05
1.762969056468026e-05 1.1197380689159595e-05
1.7888767163024976e-05 1.1198523880117235e-05
2.956152350387804e-06 1.1198094287953904e-05
1.28280403096936e-07 1.1195983952710078e-05
1.28280403096936e-07 1.1195983952710078e-05
1.28280403096936e-07 1.1195983952710078e-05
1.28280403096936e-07 1.1195983952710078e-05
2.0963897119865465e-07 1.1191592485093697e-05
2.0963897119865465e-07 1.1191592485093697e-05
1.762969056468026e-05 1.1197380689159595e-05
1.762969056468026e-05 1.1197380689159595e-05
1.762969056468026e-05 1.1197380689159595e-05
1.762969056468026e-05 1.1197380689159595e-05
1.762969056468026e-05 1.1197380689159595e-05
1.762969056468026e-05 1.1197380689159595e-05
1.762969056468026e-05 1.1197380689159595e-05
1.762969056468026e-05 1.1197380689159595e-05
1.762969056468026e-05 1.1197380689159595e-05
1.762969056468026e-05 1.1197380689159595e-05
1.762969056468026e-05 1.1197380689159595e-05
1.762969056468026e-05 1.1197380689159595e-05
1.762969056468026e-05 1.1197380689159595e-05
1.762969056468026e-05 1.1197380689159595e-05
1.762969056468026e-05 1.1197380689159595e-05
1.762969056468026e-05 1.1197380689159595e-05
1.762969056468026e-05 1.1197380689159595e-05
1.762969056468026e-05 1.1197380689159595e-05
1.762969056468026e-05 1.1197380689159595e-05
1.762969056468026e-05 1.1197380689159595e-05
1.762969056468026e-05 1.1197380689159595e-05
1.762969056468026e-05 1.1197380689159595e-05
1.762969056468026e-05 1.1197380689159595e-05
1.762969056468026e-05 1.1197380689159595e-05
1.762969056468026e-05 1.1197380689159595e-05
1.762969056468026e-05 1.1197380689159595e-05
1.762969056468026e-05 1.1197380689159595e-05
1.762969056468026e-05 1.1197380689159595e-05
1.762969056468026e-05 1.1197380689159595e-05
1.762969056468026e-05 1.1197380689159595e-05
1.762969056468026e-05 1.1197380689159595e-05
1.762969056468026e-05 1.1197380689159595e-05
1.762969056468026e-05 1.1197380689159595e-05
1.762969056468026e-05 1.1197380689159595e-05
1.762969056468026e-05 1.1197380689159595e-05
1.762969056468026e-05 1.1197380689159595e-05
1.762969056468026e-05 1.1197380689159595e-05
1.762969056468026e-05 1.1197380689159595e-05
1.762969056468026e-05 1.1197380689159595e-05
1.762969056468026e-05 1.1197380689159595e-05
1.762969056468026e-05 1.1197380689159595e-05
1.762969056468026e-05 1.1197380689159595e-05
1.762969056468026e-05 1.1197380689159595e-05
1.762969056468026e-05 1.1197380689159595e-05
1.762969056468026e-05 1.1197380689159595e-05
1.762969056468026e-05 1.1197380689159595e-05
9.944480287345437e-07 1.1196908228588461e-05
1.741327457253483e-05 1.1198022141714108e-05
1.741327457253483e-05 1.1198022141714108e-05
1.999370456002996e-06 1.1196104373736685e-05
1.999370456002996e-06 1.1196104373736685e-05
1.2310121789583088e-05 1.1191874228073608e-05
1.6752953884393355e-06 1.118930768011445e-05
8.88861307253173e-06 1.1190430475908478e-05
8.88861307253173e-06 1.1190430475908478e-05
1.892579723086315e-05 1.1198576281287816e-05
1.2496195401870112e-05 1.1201510833031283e-05
1.2496195401870112e-05 1.1201510833031283e-05
1.3361447171612784e-05 1.1197045382701362e-05
1.3361447171612784e-05 1.1197045382701362e-05
1.3361447171612784e-05 1.1197045382701362e-05
1.3361447171612784e-05 1.1197045382701362e-05
1.3361447171612784e-05 1.1197045382701362e-05
1.3361447171612784e-05 1.1197045382701362e-05
1.3361447171612784e-05 1.1197045382701362e-05
1.3361447171612784e-05 1.1197045382701362e-05
1.3361447171612784e-05 1.1197045382701362e-05
1.3361447171612784e-05 1.1197045382701362e-05
1.3361447171612784e-05 1.1197045382701362e-05
1.3361447171612784e-05 1.1197045382701362e-05
1.3361447171612784e-05 1.1197045382701362e-05
1.3361447171612784e-05 1.1197045382701362e-05
1.3361447171612784e-05 1.1197045382701362e-05
1.3361447171612784e-05 1.1197045382701362e-05
1.3361447171612784e-05 1.1197045382701362e-05
1.3361447171612784e-05 1.1197045382701362e-05
1.3361447171612784e-05 1.1197045382701362e-05
1.3361447171612784e-05 1.1197045382701362e-05
1.3361447171612784e-05 1.1197045382701362e-05
1.3361447171612784e-05 1.1197045382701362e-05
1.3361447171612784e-05 1.1197045382701362e-05
1.3361447171612784e-05 1.1197045382701362e-05
1.3361447171612784e-05 1.1197045382701362e-05
1.3361447171612784e-05 1.1197045382701362e-05
1.3361447171612784e-05 1.1197045382701362e-05
1.3361447171612784e-05 1.1197045382701362e-05
1.3361447171612784e-05 1.1197045382701362e-05
1.3361447171612784e-05 1.1197045382701362e-05
1.3361447171612784e-05 1.1197045382701362e-05
1.3361447171612784e-05 1.1197045382701362e-05
1.3361447171612784e-05 1.1197045382701362e-05
1.3361447171612784e-05 1.1197045382701362e-05
1.3361447171612784e-05 1.1197045382701362e-05
1.3361447171612784e-05 1.1197045382701362e-05
1.3361447171612784e-05 1.1197045382701362e-05
1.3361447171612784e-05 1.1197045382701362e-05
1.3361447171612784e-05 1.1197045382701362e-05
1.3361447171612784e-05 1.1197045382701362e-05
1.3361447171612784e-05 1.1197045382701362e-05
1.3361447171612784e-05 1.1197045382701362e-05
1.3361447171612784e-05 1.1197045382701362e-05
1.3361447171612784e-05 1.1197045382701362e-05
1.3361447171612784e-05 1.1197045382701362e-05
1.3361447171612784e-05 1.1197045382701362e-05
1.333717554556304e-05 1.1197262072719008e-05
1.333717554556304e-05 1.1197262072719008e-05
1.333717554556304e-05 1.1197262072719008e-05
1.333717554556304e-05 1.1197262072719008e-05
1.333717554556304e-05 1.1197262072719008e-05
1.333717554556304e-05 1.1197262072719008e-05
1.333717554556304e-05 1.1197262072719008e-05
1.333717554556304e-05 1.1197262072719008e-05
1.333717554556304e-05 1.1197262072719008e-05
1.333717554556304e-05 1.1197262072719008e-05
1.333717554556304e-05 1.1197262072719008e-05
1.333717554556304e-05 1.1197262072719008e-05
1.333717554556304e-05 1.1197262072719008e-05
1.333717554556304e-05 1.1197262072719008e-05
1.333717554556304e-05 1.1197262072719008e-05
1.333717554556304e-05 1.1197262072719008e-05
1.333717554556304e-05 1.1197262072719008e-05
1.333717554556304e-05 1.1197262072719008e-05
1.333717554556304e-05 1.1197262072719008e-05
1.333717554556304e-05 1.1197262072719008e-05
1.333717554556304e-05 1.1197262072719008e-05
1.333717554556304e-05 1.1197262072719008e-05
1.333717554556304e-05 1.1197262072719008e-05
1.333717554556304e-05 1.1197262072719008e-05
1.333717554556304e-05 1.1197262072719008e-05
1.333717554556304e-05 1.1197262072719008e-05
1.333717554556304e-05 1.1197262072719008e-05
1.333717554556304e-05 1.1197262072719008e-05
1.333717554556304e-05 1.1197262072719008e-05
1.333717554556304e-05 1.1197262072719008e-05
1.333717554556304e-05 1.1197262072719008e-05
1.333717554556304e-05 1.1197262072719008e-05
1.333717554556304e-05 1.1197262072719008e-05
1.333717554556304e-05 1.1197262072719008e-05
1.333717554556304e-05 1.1197262072719008e-05
1.333717554556304e-05 1.1197262072719008e-05
1.333717554556304e-05 1.1197262072719008e-05
1.333717554556304e-05 1.1197262072719008e-05
1.333717554556304e-05 1.1197262072719008e-05
1.333717554556304e-05 1.1197262072719008e-05
1.333717554556304e-05 1.1197262072719008e-05
1.333717554556304e-05 1.1197262072719008e-05
1.333717554556304e-05 1.1197262072719008e-05
1.333717554556304e-05 1.1197262072719008e-05
1.333717554556304e-05 1.1197262072719008e-05
1.333717554556304e-05 1.1197262072719008e-05
1.3361447171612784e-05 1.1197339574528493e-05
1.3361447171612784e-05 1.1197339574528493e-05
1.3361447171612784e-05 1.1197339574528493e-05
1.3361447171612784e-05 1.1197339574528493e-05
1.3361447171612784e-05 1.1197339574528493e-05
1.3361447171612784e-05 1.1197339574528493e-05
1.3361447171612784e-05 1.1197339574528493e-05
1.3361447171612784e-05 1.1197339574528493e-05
1.3361447171612784e-05 1.1197339574528493e-05
1.3361447171612784e-05 1.1197339574528493e-05
1.3361447171612784e-05 1.1197339574528493e-05
1.3361447171612784e-05 1.1197339574528493e-05
1.3361447171612784e-05 1.1197339574528493e-05
1.3361447171612784e-05 1.1197339574528493e-05
1.3361447171612784e-05 1.1197339574528493e-05
1.3361447171612784e-05 1.1197339574528493e-05
1.3361447171612784e-05 1.1197339574528493e-05
1.3361447171612784e-05 1.1197339574528493e-05
1.3361447171612784e-05 1.1197339574528493e-05
1.3361447171612784e-05 1.1197339574528493e-05
1.3361447171612784e-05 1.1197339574528493e-05
1.3361447171612784e-05 1.1197339574528493e-05
1.3361447171612784e-05 1.1197339574528493e-05
1.3361447171612784e-05 1.1197339574528493e-05
1.3361447171612784e-05 1.1197339574528493e-05
1.3361447171612784e-05 1.1197339574528493e-05
1.3361447171612784e-05 1.1197339574528493e-05
1.3361447171612784e-05 1.1197339574528493e-05
1.3361447171612784e-05 1.1197339574528493e-05
1.3361447171612784e-05 1.1197339574528493e-05
1.3361447171612784e-05 1.1197339574528493e-05
1.3361447171612784e-05 1.1197339574528493e-05
1.3361447171612784e-05 1.1197339574528493e-05
1.3361447171612784e-05 1.1197339574528493e-05
1.3361447171612784e-05 1.1197339574528493e-05
1.3361447171612784e-05 1.1197339574528493e-05
1.3361447171612784e-05 1.1197339574528493e-05
1.3361447171612784e-05 1.1197339574528493e-05
1.3361447171612784e-05 1.1197339574528493e-05
1.3361447171612784e-05 1.1197339574528493e-05
1.3361447171612784e-05 1.1197339574528493e-05
1.3361447171612784e-05 1.1197339574528493e-05
1.3361447171612784e-05 1.1197339574528493e-05
1.3361447171612784e-05 1.1197339574528493e-05
1.3361447171612784e-05 1.1197339574528493e-05
1.3361447171612784e-05 1.1197339574528493e-05
1.634067757029476e-05 1.1196610035545442e-05
1.634067757029476e-05 1.1196610035545442e-05
1.3832761083684633e-05 1.1197177172183284e-05
1.3832761083684633e-05 1.1197177172183284e-05
1.3832761083684633e-05 1.1197177172183284e-05
1.3832761083684633e-05 1.1197177172183284e-05
1.3832761083684633e-05 1.1197177172183284e-05
1.3832761083684633e-05 1.1197177172183284e-05
1.3832761083684633e-05 1.1197177172183284e-05
1.3832761083684633e-05 1.1197177172183284e-05
1.3832761083684633e-05 1.1197177172183284e-05
1.3832761083684633e-05 1.1197177172183284e-05
1.3832761083684633e-05 1.1197177172183284e-05
1.3832761083684633e-05 1.1197177172183284e-05
1.3832761083684633e-05 1.1197177172183284e-05
1.3832761083684633e-05 1.1197177172183284e-05
1.3832761083684633e-05 1.1197177172183284e-05
1.3832761083684633e-05 1.1197177172183284e-05
1.3832761083684633e-05 1.1197177172183284e-05
1.3832761083684633e-05 1.1197177172183284e-05
1.3832761083684633e-05 1.1197177172183284e-05
1.3832761083684633e-05 1.1197177172183284e-05
1.3832761083684633e-05 1.1197177172183284e-05
1.3832761083684633e-05 1.1197177172183284e-05
1.3832761083684633e-05 1.1197177172183284e-05
1.3832761083684633e-05 1.1197177172183284e-05
1.3832761083684633e-05 1.1197177172183284e-05
1.3832761083684633e-05 1.1197177172183284e-05
1.3832761083684633e-05 1.1197177172183284e-05
1.3832761083684633e-05 1.1197177172183284e-05
1.3832761083684633e-05 1.1197177172183284e-05
1.3832761083684633e-05 1.1197177172183284e-05
1.3832761083684633e-05 1.1197177172183284e-05
1.3832761083684633e-05 1.1197177172183284e-05
1.3832761083684633e-05 1.1197177172183284e-05
1.3832761083684633e-05 1.1197177172183284e-05
1.3832761083684633e-05 1.1197177172183284e-05
1.3832761083684633e-05 1.1197177172183284e-05
1.3832761083684633e-05 1.1197177172183284e-05
1.3832761083684633e-05 1.1197177172183284e-05
1.3832761083684633e-05 1.1197177172183284e-05
1.3832761083684633e-05 1.1197177172183284e-05
1.3832761083684633e-05 1.1197177172183284e-05
1.3832761083684633e-05 1.1197177172183284e-05
1.3832761083684633e-05 1.1197177172183284e-05
1.3832761083684633e-05 1.1197177172183284e-05
1.3832761083684633e-05 1.1197177172183284e-05
1.3832761083684633e-05 1.1197177172183284e-05
1.3832761083684633e-05 1.1197177172183284e-05
1.3832761083684633e-05 1.1197177172183284e-05
1.3832761083684633e-05 1.1197177172183284e-05
1.3832761083684633e-05 1.1197177172183284e-05
1.3832761083684633e-05 1.1197177172183284e-05
1.3832761083684633e-05 1.1197177172183284e-05
1.3832761083684633e-05 1.1197177172183284e-05
1.3832761083684633e-05 1.1197177172183284e-05
1.3832761083684633e-05 1.1197177172183284e-05
1.3832761083684633e-05 1.1197177172183284e-05
1.3832761083684633e-05 1.1197177172183284e-05
1.3832761083684633e-05 1.1197177172183284e-05
1.3832761083684633e-05 1.1197177172183284e-05
1.3832761083684633e-05 1.1197177172183284e-05
1.3832761083684633e-05 1.1197177172183284e-05
1.3832761083684633e-05 1.1197177172183284e-05
1.3832761083684633e-05 1.1197177172183284e-05
1.3832761083684633e-05 1.1197177172183284e-05
1.3832761083684633e-05 1.1197177172183284e-05
1.3832761083684633e-05 1.1197177172183284e-05
1.3832761083684633e-05 1.1197177172183284e-05
1.3832761083684633e-05 1.1197177172183284e-05
1.3832761083684633e-05 1.1197177172183284e-05
1.3832761083684633e-05 1.1197177172183284e-05
1.3832761083684633e-05 1.1197177172183284e-05
1.3832761083684633e-05 1.1197177172183284e-05
1.3832761083684633e-05 1.1197177172183284e-05
1.3832761083684633e-05 1.1197177172183284e-05
1.3832761083684633e-05 1.1197177172183284e-05
1.3832761083684633e-05 1.1197177172183284e-05
1.3832761083684633e-05 1.1197177172183284e-05
1.3832761083684633e-05 1.1197177172183284e-05
1.3832761083684633e-05 1.1197177172183284e-05
1.3832761083684633e-05 1.1197177172183284e-05
1.3832761083684633e-05 1.1197177172183284e-05
1.3832761083684633e-05 1.1197177172183284e-05
1.3832761083684633e-05 1.1197177172183284e-05
1.3832761083684633e-05 1.1197177172183284e-05
1.3832761083684633e-05 1.1197177172183284e-05
1.3832761083684633e-05 1.1197177172183284e-05
1.3832761083684633e-05 1.1197177172183284e-05
1.3832761083684633e-05 1.1197177172183284e-05
1.3832761083684633e-05 1.1197177172183284e-05
1.3832761083684633e-05 1.1197177172183284e-05
1.3832761083684633e-05 1.1197177172183284e-05
1.3832761083684633e-05 1.1197177172183284e-05
1.3832761083684633e-05 1.1197177172183284e-05
1.3832761083684633e-05 1.1197177172183284e-05
1.3832761083684633e-05 1.1197177172183284e-05
1.3832761083684633e-05 1.1197177172183284e-05
1.3832761083684633e-05 1.1197177172183284e-05
1.3832761083684633e-05 1.1197177172183284e-05
1.3832761083684633e-05 1.1197177172183284e-05
1.3832761083684633e-05 1.1197177172183284e-05
1.3832761083684633e-05 1.1197177172183284e-05
1.3832761083684633e-05 1.1197177172183284e-05
1.3832761083684633e-05 1.1197177172183284e-05
1.3832761083684633e-05 1.1197177172183284e-05
1.3832761083684633e-05 1.1197177172183284e-05
1.3832761083684633e-05 1.1197177172183284e-05
1.3832761083684633e-05 1.1197177172183284e-05
1.3832761083684633e-05 1.1197177172183284e-05
1.3832761083684633e-05 1.1197177172183284e-05
1.3832761083684633e-05 1.1197177172183284e-05
1.3832761083684633e-05 1.1197177172183284e-05
1.3832761083684633e-05 1.1197177172183284e-05
1.3832761083684633e-05 1.1197177172183284e-05
1.3832761083684633e-05 1.1197177172183284e-05
1.3832761083684633e-05 1.1197177172183284e-05
1.3832761083684633e-05 1.1197177172183284e-05
1.3832761083684633e-05 1.1197177172183284e-05
1.3832761083684633e-05 1.1197177172183284e-05
1.3832761083684633e-05 1.1197177172183284e-05
1.3832761083684633e-05 1.1197177172183284e-05
1.3832761083684633e-05 1.1197177172183284e-05
1.3832761083684633e-05 1.1197177172183284e-05
1.3832761083684633e-05 1.1197177172183284e-05
1.3832761083684633e-05 1.1197177172183284e-05
1.3832761083684633e-05 1.1197177172183284e-05
1.3832761083684633e-05 1.1197177172183284e-05
1.3832761083684633e-05 1.1197177172183284e-05
1.3832761083684633e-05 1.1197177172183284e-05
1.3832761083684633e-05 1.1197177172183284e-05
1.3832761083684633e-05 1.1197177172183284e-05
1.3832761083684633e-05 1.1197177172183284e-05
1.3832761083684633e-05 1.1197177172183284e-05
1.3832761083684633e-05 1.1197177172183284e-05
1.3832761083684633e-05 1.1197177172183284e-05
1.3832761083684633e-05 1.1197177172183284e-05
1.3832761083684633e-05 1.1197177172183284e-05
1.3832761083684633e-05 1.1197177172183284e-05
1.3832761083684633e-05 1.1197177172183284e-05
2.119626781026786e-05 1.1197182769428948e-05
2.119626781026786e-05 1.1197182769428948e-05
2.119626781026786e-05 1.1197182769428948e-05
2.119626781026786e-05 1.1197182769428948e-05
2.119626781026786e-05 1.1197182769428948e-05
2.119626781026786e-05 1.1197182769428948e-05
2.119626781026786e-05 1.1197182769428948e-05
2.119626781026786e-05 1.1197182769428948e-05
2.119626781026786e-05 1.1197182769428948e-05
2.119626781026786e-05 1.1197182769428948e-05
2.119626781026786e-05 1.1197182769428948e-05
2.119626781026786e-05 1.1197182769428948e-05
2.119626781026786e-05 1.1197182769428948e-05
2.119626781026786e-05 1.1197182769428948e-05
2.119626781026786e-05 1.1197182769428948e-05
2.119626781026786e-05 1.1197182769428948e-05
2.119626781026786e-05 1.1197182769428948e-05
2.119626781026786e-05 1.1197182769428948e-05
2.119626781026786e-05 1.1197182769428948e-05
2.119626781026786e-05 1.1197182769428948e-05
2.119626781026786e-05 1.1197182769428948e-05
2.119626781026786e-05 1.1197182769428948e-05
2.119626781026786e-05 1.1197182769428948e-05
2.119626781026786e-05 1.1197182769428948e-05
2.119626781026786e-05 1.1197182769428948e-05
2.119626781026786e-05 1.1197182769428948e-05
2.119626781026786e-05 1.1197182769428948e-05
2.119626781026786e-05 1.1197182769428948e-05
2.119626781026786e-05 1.1197182769428948e-05
2.119626781026786e-05 1.1197182769428948e-05
2.119626781026786e-05 1.1197182769428948e-05
2.119626781026786e-05 1.1197182769428948e-05
2.119626781026786e-05 1.1197182769428948e-05
2.119626781026786e-05 1.1197182769428948e-05
2.119626781026786e-05 1.1197182769428948e-05
2.119626781026786e-05 1.1197182769428948e-05
2.119626781026786e-05 1.1197182769428948e-05
2.119626781026786e-05 1.1197182769428948e-05
2.119626781026786e-05 1.1197182769428948e-05
2.119626781026786e-05 1.1197182769428948e-05
2.119626781026786e-05 1.1197182769428948e-05
2.119626781026786e-05 1.1197182769428948e-05
2.119626781026786e-05 1.1197182769428948e-05
2.119626781026786e-05 1.1197182769428948e-05
2.119626781026786e-05 1.1197182769428948e-05
2.119626781026786e-05 1.1197182769428948e-05
2.119626781026786e-05 1.1197182769428948e-05
2.119626781026786e-05 1.1197182769428948e-05
2.119626781026786e-05 1.1197182769428948e-05
2.119626781026786e-05 1.1197182769428948e-05
2.119626781026786e-05 1.1197182769428948e-05
2.119626781026786e-05 1.1197182769428948e-05
2.119626781026786e-05 1.1197182769428948e-05
2.119626781026786e-05 1.1197182769428948e-05
2.119626781026786e-05 1.1197182769428948e-05
2.119626781026786e-05 1.1197182769428948e-05
2.119626781026786e-05 1.1197182769428948e-05
2.119626781026786e-05 1.1197182769428948e-05
2.119626781026786e-05 1.1197182769428948e-05
2.119626781026786e-05 1.1197182769428948e-05
2.119626781026786e-05 1.1197182769428948e-05
2.119626781026786e-05 1.1197182769428948e-05
2.119626781026786e-05 1.1197182769428948e-05
2.119626781026786e-05 1.1197182769428948e-05
2.119626781026786e-05 1.1197182769428948e-05
2.119626781026786e-05 1.1197182769428948e-05
2.119626781026786e-05 1.1197182769428948e-05
2.119626781026786e-05 1.1197182769428948e-05
2.119626781026786e-05 1.1197182769428948e-05
2.119626781026786e-05 1.1197182769428948e-05
2.119626781026786e-05 1.1197182769428948e-05
2.119626781026786e-05 1.1197182769428948e-05
2.119626781026786e-05 1.1197182769428948e-05
2.119626781026786e-05 1.1197182769428948e-05
2.119626781026786e-05 1.1197182769428948e-05
2.119626781026786e-05 1.1197182769428948e-05
2.119626781026786e-05 1.1197182769428948e-05
2.119626781026786e-05 1.1197182769428948e-05
2.119626781026786e-05 1.1197182769428948e-05
2.119626781026786e-05 1.1197182769428948e-05
2.119626781026786e-05 1.1197182769428948e-05
2.119626781026786e-05 1.1197182769428948e-05
2.119626781026786e-05 1.1197182769428948e-05
2.119626781026786e-05 1.1197182769428948e-05
2.119626781026786e-05 1.1197182769428948e-05
2.119626781026786e-05 1.1197182769428948e-05
2.119626781026786e-05 1.1197182769428948e-05
2.119626781026786e-05 1.1197182769428948e-05
2.119626781026786e-05 1.1197182769428948e-05
2.119626781026786e-05 1.1197182769428948e-05
2.119626781026786e-05 1.1197182769428948e-05
2.119626781026786e-05 1.1197182769428948e-05
2.119626781026786e-05 1.1197182769428948e-05
2.119626781026786e-05 1.1197182769428948e-05
2.119626781026786e-05 1.1197182769428948e-05
2.119626781026786e-05 1.1197182769428948e-05
2.119626781026786e-05 1.1197182769428948e-05
2.119626781026786e-05 1.1197182769428948e-05
2.119626781026786e-05 1.1197182769428948e-05
2.119626781026786e-05 1.1197182769428948e-05
2.119626781026786e-05 1.1197182769428948e-05
2.119626781026786e-05 1.1197182769428948e-05
2.119626781026786e-05 1.1197182769428948e-05
2.119626781026786e-05 1.1197182769428948e-05
2.119626781026786e-05 1.1197182769428948e-05
2.119626781026786e-05 1.1197182769428948e-05
2.119626781026786e-05 1.1197182769428948e-05
2.119626781026786e-05 1.1197182769428948e-05
2.119626781026786e-05 1.1197182769428948e-05
2.119626781026786e-05 1.1197182769428948e-05
2.119626781026786e-05 1.1197182769428948e-05
2.119626781026786e-05 1.1197182769428948e-05
2.119626781026786e-05 1.1197182769428948e-05
2.119626781026786e-05 1.1197182769428948e-05
2.119626781026786e-05 1.1197182769428948e-05
2.119626781026786e-05 1.1197182769428948e-05
2.119626781026786e-05 1.1197182769428948e-05
2.119626781026786e-05 1.1197182769428948e-05
2.119626781026786e-05 1.1197182769428948e-05
2.119626781026786e-05 1.1197182769428948e-05
2.119626781026786e-05 1.1197182769428948e-05
2.119626781026786e-05 1.1197182769428948e-05
2.119626781026786e-05 1.1197182769428948e-05
2.119626781026786e-05 1.1197182769428948e-05
2.119626781026786e-05 1.1197182769428948e-05
2.119626781026786e-05 1.1197182769428948e-05
2.119626781026786e-05 1.1197182769428948e-05
2.119626781026786e-05 1.1197182769428948e-05
2.119626781026786e-05 1.1197182769428948e-05
2.119626781026786e-05 1.1197182769428948e-05
2.119626781026786e-05 1.1197182769428948e-05
2.119626781026786e-05 1.1197182769428948e-05
2.119626781026786e-05 1.1197182769428948e-05
2.119626781026786e-05 1.1197182769428948e-05
2.119626781026786e-05 1.1197182769428948e-05
2.119626781026786e-05 1.1197182769428948e-05
2.119626781026786e-05 1.1197182769428948e-05
2.119626781026786e-05 1.1197182769428948e-05
1.5022121200126275e-07 1.1187467911686714e-05
1.5022121200126275e-07 1.1187467911686714e-05
1.149844403529477e-05 1.1198765647164223e-05
1.149844403529477e-05 1.1198765647164223e-05
1.149844403529477e-05 1.1198765647164223e-05
1.0954040674562557e-06 1.1197172033303291e-05
1.0954040674562557e-06 1.1197172033303291e-05
1.0954040674562557e-06 1.1197172033303291e-05
1.0954040674562557e-06 1.1197172033303291e-05
4.7427674360837e-06 1.1195142529430504e-05
4.7427674360837e-06 1.1195142529430504e-05
4.7427674360837e-06 1.1195142529430504e-05
4.7427674360837e-06 1.1195142529430504e-05
4.7427674360837e-06 1.1195142529430504e-05
4.7427674360837e-06 1.1195142529430504e-05
4.7427674360837e-06 1.1195142529430504e-05
4.7427674360837e-06 1.1195142529430504e-05
4.7427674360837e-06 1.1195142529430504e-05
4.7427674360837e-06 1.1195142529430504e-05
4.7427674360837e-06 1.1195142529430504e-05
4.7427674360837e-06 1.1195142529430504e-05
4.7427674360837e-06 1.1195142529430504e-05
4.7427674360837e-06 1.1195142529430504e-05
4.7427674360837e-06 1.1195142529430504e-05
4.7427674360837e-06 1.1195142529430504e-05
4.7427674360837e-06 1.1195142529430504e-05
4.7427674360837e-06 1.1195142529430504e-05
4.7427674360837e-06 1.1195142529430504e-05
4.7427674360837e-06 1.1195142529430504e-05
4.7427674360837e-06 1.1195142529430504e-05
4.7427674360837e-06 1.1195142529430504e-05
4.7427674360837e-06 1.1195142529430504e-05
4.7427674360837e-06 1.1195142529430504e-05
4.7427674360837e-06 1.1195142529430504e-05
4.7427674360837e-06 1.1195142529430504e-05
4.7427674360837e-06 1.1195142529430504e-05
4.7427674360837e-06 1.1195142529430504e-05
4.7427674360837e-06 1.1195142529430504e-05
4.7427674360837e-06 1.1195142529430504e-05
4.7427674360837e-06 1.1195142529430504e-05
4.7427674360837e-06 1.1195142529430504e-05
4.7427674360837e-06 1.1195142529430504e-05
4.7427674360837e-06 1.1195142529430504e-05
4.7427674360837e-06 1.1195142529430504e-05
4.7427674360837e-06 1.1195142529430504e-05
4.7427674360837e-06 1.1195142529430504e-05
4.7427674360837e-06 1.1195142529430504e-05
4.7427674360837e-06 1.1195142529430504e-05
4.7427674360837e-06 1.1195142529430504e-05
4.7427674360837e-06 1.1195142529430504e-05
4.7427674360837e-06 1.1195142529430504e-05
4.7427674360837e-06 1.1195142529430504e-05
4.7427674360837e-06 1.1195142529430504e-05
4.7427674360837e-06 1.1195142529430504e-05
4.7427674360837e-06 1.1195142529430504e-05
4.7427674360837e-06 1.1195142529430504e-05
4.7427674360837e-06 1.1195142529430504e-05
4.7427674360837e-06 1.1195142529430504e-05
4.7427674360837e-06 1.1195142529430504e-05
4.7427674360837e-06 1.1195142529430504e-05
4.7427674360837e-06 1.1195142529430504e-05
4.7427674360837e-06 1.1195142529430504e-05
4.7427674360837e-06 1.1195142529430504e-05
4.7427674360837e-06 1.1195142529430504e-05
4.7427674360837e-06 1.1195142529430504e-05
4.7427674360837e-06 1.1195142529430504e-05
4.7427674360837e-06 1.1195142529430504e-05
4.7427674360837e-06 1.1195142529430504e-05
4.7427674360837e-06 1.1195142529430504e-05
4.7427674360837e-06 1.1195142529430504e-05
4.7427674360837e-06 1.1195142529430504e-05
4.7427674360837e-06 1.1195142529430504e-05
4.7427674360837e-06 1.1195142529430504e-05
4.7427674360837e-06 1.1195142529430504e-05
4.7427674360837e-06 1.1195142529430504e-05
4.7427674360837e-06 1.1195142529430504e-05
4.7427674360837e-06 1.1195142529430504e-05
4.7427674360837e-06 1.1195142529430504e-05
4.7427674360837e-06 1.1195142529430504e-05
4.7427674360837e-06 1.1195142529430504e-05
4.7427674360837e-06 1.1195142529430504e-05
4.7427674360837e-06 1.1195142529430504e-05
4.7427674360837e-06 1.1195142529430504e-05
4.7427674360837e-06 1.1195142529430504e-05
4.7427674360837e-06 1.1195142529430504e-05
4.7427674360837e-06 1.1195142529430504e-05
4.7427674360837e-06 1.1195142529430504e-05
4.7427674360837e-06 1.1195142529430504e-05
4.7427674360837e-06 1.1195142529430504e-05
4.7427674360837e-06 1.1195142529430504e-05
4.7427674360837e-06 1.1195142529430504e-05
4.7427674360837e-06 1.1195142529430504e-05
4.7427674360837e-06 1.1195142529430504e-05
4.7427674360837e-06 1.1195142529430504e-05
4.7427674360837e-06 1.1195142529430504e-05
4.7427674360837e-06 1.1195142529430504e-05
4.7427674360837e-06 1.1195142529430504e-05
4.7427674360837e-06 1.1195142529430504e-05
4.7427674360837e-06 1.1195142529430504e-05
4.7427674360837e-06 1.1195142529430504e-05
4.7427674360837e-06 1.1195142529430504e-05
1.2796148323168642e-05 1.1197595333940438e-05
1.2796148323168642e-05 1.1197595333940438e-05
3.238640376484835e-05 1.1198316540915523e-05
1.5894907495612101e-06 1.1194534817423722e-05
1.0978050905455624e-05 1.1227080890629684e-05
9.440809779930471e-06 1.120338606114494e-05
1.4300274565271654e-05 1.1203025176252941e-05
2.864240631781172e-05 1.1197120346868796e-05
2.864240631781172e-05 1.1197120346868796e-05
2.864240631781172e-05 1.1197120346868796e-05
2.864240631781172e-05 1.1197120346868796e-05
2.864240631781172e-05 1.1197120346868796e-05
2.864240631781172e-05 1.1197120346868796e-05
2.864240631781172e-05 1.1197120346868796e-05
2.864240631781172e-05 1.1197120346868796e-05
2.864240631781172e-05 1.1197120346868796e-05
2.864240631781172e-05 1.1197120346868796e-05
2.864240631781172e-05 1.1197120346868796e-05
2.864240631781172e-05 1.1197120346868796e-05
2.864240631781172e-05 1.1197120346868796e-05
2.864240631781172e-05 1.1197120346868796e-05
2.864240631781172e-05 1.1197120346868796e-05
2.864240631781172e-05 1.1197120346868796e-05
2.864240631781172e-05 1.1197120346868796e-05
2.864240631781172e-05 1.1197120346868796e-05
2.864240631781172e-05 1.1197120346868796e-05
2.864240631781172e-05 1.1197120346868796e-05
2.864240631781172e-05 1.1197120346868796e-05
2.864240631781172e-05 1.1197120346868796e-05
2.864240631781172e-05 1.1197120346868796e-05
2.864240631781172e-05 1.1197120346868796e-05
2.864240631781172e-05 1.1197120346868796e-05
2.864240631781172e-05 1.1197120346868796e-05
2.864240631781172e-05 1.1197120346868796e-05
2.864240631781172e-05 1.1197120346868796e-05
2.864240631781172e-05 1.1197120346868796e-05
2.864240631781172e-05 1.1197120346868796e-05
2.864240631781172e-05 1.1197120346868796e-05
2.864240631781172e-05 1.1197120346868796e-05
2.864240631781172e-05 1.1197120346868796e-05
2.864240631781172e-05 1.1197120346868796e-05
2.864240631781172e-05 1.1197120346868796e-05
2.864240631781172e-05 1.1197120346868796e-05
2.864240631781172e-05 1.1197120346868796e-05
2.864240631781172e-05 1.1197120346868796e-05
2.864240631781172e-05 1.1197120346868796e-05
2.864240631781172e-05 1.1197120346868796e-05
2.864240631781172e-05 1.1197120346868796e-05
2.864240631781172e-05 1.1197120346868796e-05
2.864240631781172e-05 1.1197120346868796e-05
2.864240631781172e-05 1.1197120346868796e-05
2.864240631781172e-05 1.1197120346868796e-05
2.864240631781172e-05 1.1197120346868796e-05
1.5966100455619382e-06 1.1196501383713372e-05
1.5966100455619382e-06 1.1196501383713372e-05
1.5966100455619382e-06 1.1196501383713372e-05
1.5966100455619382e-06 1.1196501383713372e-05
1.5966100455619382e-06 1.1196501383713372e-05
1.5966100455619382e-06 1.1196501383713372e-05
1.5966100455619382e-06 1.1196501383713372e-05
1.5966100455619382e-06 1.1196501383713372e-05
1.5966100455619382e-06 1.1196501383713372e-05
1.5966100455619382e-06 1.1196501383713372e-05
1.5966100455619382e-06 1.1196501383713372e-05
1.5966100455619382e-06 1.1196501383713372e-05
1.5966100455619382e-06 1.1196501383713372e-05
1.5966100455619382e-06 1.1196501383713372e-05
1.5966100455619382e-06 1.1196501383713372e-05
1.5966100455619382e-06 1.1196501383713372e-05
1.5966100455619382e-06 1.1196501383713372e-05
1.5966100455619382e-06 1.1196501383713372e-05
1.5966100455619382e-06 1.1196501383713372e-05
1.5966100455619382e-06 1.1196501383713372e-05
1.5966100455619382e-06 1.1196501383713372e-05
1.5966100455619382e-06 1.1196501383713372e-05
1.5966100455619382e-06 1.1196501383713372e-05
1.5966100455619382e-06 1.1196501383713372e-05
1.5966100455619382e-06 1.1196501383713372e-05
1.5966100455619382e-06 1.1196501383713372e-05
1.5966100455619382e-06 1.1196501383713372e-05
1.5966100455619382e-06 1.1196501383713372e-05
1.5966100455619382e-06 1.1196501383713372e-05
1.5966100455619382e-06 1.1196501383713372e-05
1.5966100455619382e-06 1.1196501383713372e-05
1.5966100455619382e-06 1.1196501383713372e-05
1.5966100455619382e-06 1.1196501383713372e-05
1.5966100455619382e-06 1.1196501383713372e-05
1.5966100455619382e-06 1.1196501383713372e-05
1.5966100455619382e-06 1.1196501383713372e-05
1.5966100455619382e-06 1.1196501383713372e-05
1.5966100455619382e-06 1.1196501383713372e-05
1.5966100455619382e-06 1.1196501383713372e-05
1.5966100455619382e-06 1.1196501383713372e-05
1.5966100455619382e-06 1.1196501383713372e-05
1.5966100455619382e-06 1.1196501383713372e-05
1.5966100455619382e-06 1.1196501383713372e-05
1.5966100455619382e-06 1.1196501383713372e-05
1.5966100455619382e-06 1.1196501383713372e-05
1.5966100455619382e-06 1.1196501383713372e-05
1.4164278898152787e-05 1.1194549573763784e-05
9.684581591758491e-06 1.1197174553444628e-05
9.684581591758491e-06 1.1197174553444628e-05
9.684581591758491e-06 1.1197174553444628e-05
9.684581591758491e-06 1.1197174553444628e-05
9.684581591758491e-06 1.1197174553444628e-05
9.684581591758491e-06 1.1197174553444628e-05
1.8598334161515564e-05 1.1187629470558561e-05
1.3517583232009793e-05 1.1197164515951285e-05
1.3517583232009793e-05 1.1197164515951285e-05
1.3517583232009793e-05 1.1197164515951285e-05
1.3517583232009793e-05 1.1197164515951285e-05
1.3517583232009793e-05 1.1197164515951285e-05
1.3517583232009793e-05 1.1197164515951285e-05
1.3517583232009793e-05 1.1197164515951285e-05
1.3517583232009793e-05 1.1197164515951285e-05
1.3517583232009793e-05 1.1197164515951285e-05
1.3517583232009793e-05 1.1197164515951285e-05
1.3517583232009793e-05 1.1197164515951285e-05
1.3517583232009793e-05 1.1197164515951285e-05
1.3517583232009793e-05 1.1197164515951285e-05
1.3517583232009793e-05 1.1197164515951285e-05
1.3517583232009793e-05 1.1197164515951285e-05
1.3517583232009793e-05 1.1197164515951285e-05
1.3517583232009793e-05 1.1197164515951285e-05
1.3517583232009793e-05 1.1197164515951285e-05
1.3517583232009793e-05 1.1197164515951285e-05
1.3517583232009793e-05 1.1197164515951285e-05
1.3517583232009793e-05 1.1197164515951285e-05
1.3517583232009793e-05 1.1197164515951285e-05
1.3517583232009793e-05 1.1197164515951285e-05
1.3517583232009793e-05 1.1197164515951285e-05
1.3517583232009793e-05 1.1197164515951285e-05
1.3517583232009793e-05 1.1197164515951285e-05
1.3517583232009793e-05 1.1197164515951285e-05
1.3517583232009793e-05 1.1197164515951285e-05
1.3517583232009793e-05 1.1197164515951285e-05
1.3517583232009793e-05 1.1197164515951285e-05
1.3517583232009793e-05 1.1197164515951285e-05
1.3517583232009793e-05 1.1197164515951285e-05
1.3517583232009793e-05 1.1197164515951285e-05
1.3517583232009793e-05 1.1197164515951285e-05
1.3517583232009793e-05 1.1197164515951285e-05
1.3517583232009793e-05 1.1197164515951285e-05
1.3517583232009793e-05 1.1197164515951285e-05
1.3517583232009793e-05 1.1197164515951285e-05
1.3517583232009793e-05 1.1197164515951285e-05
1.3517583232009793e-05 1.1197164515951285e-05
1.3517583232009793e-05 1.1197164515951285e-05
1.3517583232009793e-05 1.1197164515951285e-05
1.3517583232009793e-05 1.1197164515951285e-05
1.3517583232009793e-05 1.1197164515951285e-05
1.3517583232009793e-05 1.1197164515951285e-05
1.3517583232009793e-05 1.1197164515951285e-05
2.9215269414887854e-05 1.1197362694161576e-05
2.9215269414887854e-05 1.1197362694161576e-05
2.9215269414887854e-05 1.1197362694161576e-05
2.9215269414887854e-05 1.1197362694161576e-05
2.9215269414887854e-05 1.1197362694161576e-05
2.9215269414887854e-05 1.1197362694161576e-05
2.9215269414887854e-05 1.1197362694161576e-05
2.9215269414887854e-05 1.1197362694161576e-05
2.9215269414887854e-05 1.1197362694161576e-05
2.9215269414887854e-05 1.1197362694161576e-05
2.9215269414887854e-05 1.1197362694161576e-05
2.9215269414887854e-05 1.1197362694161576e-05
2.9215269414887854e-05 1.1197362694161576e-05
2.9215269414887854e-05 1.1197362694161576e-05
2.9215269414887854e-05 1.1197362694161576e-05
2.9215269414887854e-05 1.1197362694161576e-05
2.9215269414887854e-05 1.1197362694161576e-05
2.9215269414887854e-05 1.1197362694161576e-05
2.9215269414887854e-05 1.1197362694161576e-05
2.9215269414887854e-05 1.1197362694161576e-05
2.9215269414887854e-05 1.1197362694161576e-05
2.9215269414887854e-05 1.1197362694161576e-05
2.9215269414887854e-05 1.1197362694161576e-05
2.9215269414887854e-05 1.1197362694161576e-05
2.9215269414887854e-05 1.1197362694161576e-05
2.9215269414887854e-05 1.1197362694161576e-05
2.9215269414887854e-05 1.1197362694161576e-05
2.9215269414887854e-05 1.1197362694161576e-05
2.9215269414887854e-05 1.1197362694161576e-05
2.9215269414887854e-05 1.1197362694161576e-05
2.9215269414887854e-05 1.1197362694161576e-05
2.9215269414887854e-05 1.1197362694161576e-05
2.9215269414887854e-05 1.1197362694161576e-05
2.9215269414887854e-05 1.1197362694161576e-05
2.9215269414887854e-05 1.1197362694161576e-05
2.9215269414887854e-05 1.1197362694161576e-05
2.9215269414887854e-05 1.1197362694161576e-05
2.9215269414887854e-05 1.1197362694161576e-05
2.9215269414887854e-05 1.1197362694161576e-05
2.9215269414887854e-05 1.1197362694161576e-05
2.9215269414887854e-05 1.1197362694161576e-05
2.9215269414887854e-05 1.1197362694161576e-05
2.9215269414887854e-05 1.1197362694161576e-05
2.9215269414887854e-05 1.1197362694161576e-05
2.9215269414887854e-05 1.1197362694161576e-05
2.9215269414887854e-05 1.1197362694161576e-05
8.180132187400999e-06 1.1196850762442387e-05
8.180132187400999e-06 1.1196850762442387e-05
8.180132187400999e-06 1.1196850762442387e-05
8.180132187400999e-06 1.1196850762442387e-05
8.180132187400999e-06 1.1196850762442387e-05
8.180132187400999e-06 1.1196850762442387e-05
8.180132187400999e-06 1.1196850762442387e-05
8.180132187400999e-06 1.1196850762442387e-05
8.180132187400999e-06 1.1196850762442387e-05
8.180132187400999e-06 1.1196850762442387e-05
8.180132187400999e-06 1.1196850762442387e-05
8.180132187400999e-06 1.1196850762442387e-05
8.180132187400999e-06 1.1196850762442387e-05
8.180132187400999e-06 1.1196850762442387e-05
8.180132187400999e-06 1.1196850762442387e-05
8.180132187400999e-06 1.1196850762442387e-05
8.180132187400999e-06 1.1196850762442387e-05
8.180132187400999e-06 1.1196850762442387e-05
8.180132187400999e-06 1.1196850762442387e-05
8.180132187400999e-06 1.1196850762442387e-05
8.180132187400999e-06 1.1196850762442387e-05
8.180132187400999e-06 1.1196850762442387e-05
8.180132187400999e-06 1.1196850762442387e-05
8.180132187400999e-06 1.1196850762442387e-05
8.180132187400999e-06 1.1196850762442387e-05
8.180132187400999e-06 1.1196850762442387e-05
8.180132187400999e-06 1.1196850762442387e-05
8.180132187400999e-06 1.1196850762442387e-05
8.180132187400999e-06 1.1196850762442387e-05
8.180132187400999e-06 1.1196850762442387e-05
8.180132187400999e-06 1.1196850762442387e-05
8.180132187400999e-06 1.1196850762442387e-05
8.180132187400999e-06 1.1196850762442387e-05
8.180132187400999e-06 1.1196850762442387e-05
8.180132187400999e-06 1.1196850762442387e-05
8.180132187400999e-06 1.1196850762442387e-05
8.180132187400999e-06 1.1196850762442387e-05
8.180132187400999e-06 1.1196850762442387e-05
8.180132187400999e-06 1.1196850762442387e-05
8.180132187400999e-06 1.1196850762442387e-05
8.180132187400999e-06 1.1196850762442387e-05
8.180132187400999e-06 1.1196850762442387e-05
8.180132187400999e-06 1.1196850762442387e-05
8.180132187400999e-06 1.1196850762442387e-05
8.180132187400999e-06 1.1196850762442387e-05
8.180132187400999e-06 1.1196850762442387e-05
1.6728283034515765e-06 1.1197367657995567e-05
1.6728283034515765e-06 1.1197367657995567e-05
1.4550443584835287e-05 1.1197543571296022e-05
1.4550443584835287e-05 1.1197543571296022e-05
8.82260947166347e-06 1.1192742298301325e-05
1.079725754547669e-05 1.1196249903999096e-05
1.079725754547669e-05 1.1196249903999096e-05
1.079725754547669e-05 1.1196249903999096e-05
1.821887789730333e-05 1.1198716097844398e-05
1.821887789730333e-05 1.1198716097844398e-05
1.821887789730333e-05 1.1198716097844398e-05
2.0959358617262338e-05 1.1187962141881845e-05
2.4469121799657615e-05 1.1192955608026526e-05
1.638223671407457e-05 1.1195948996780741e-05
1.638223671407457e-05 1.1195948996780741e-05
4.2305182126677203e-07 1.1195417134975196e-05
4.2305182126677203e-07 1.1195417134975196e-05
1.6662313680314122e-05 1.1198334256851178e-05
1.6662313680314122e-05 1.1198334256851178e-05
1.6662313680314122e-05 1.1198334256851178e-05
1.6662313680314122e-05 1.1198334256851178e-05
1.6662313680314122e-05 1.1198334256851178e-05
1.6662313680314122e-05 1.1198334256851178e-05
3.5102855658546136e-06 1.1197613911438224e-05
1.2622493530017132e-05 1.119708978950997e-05
1.2622493530017132e-05 1.119708978950997e-05
1.2622493530017132e-05 1.119708978950997e-05
1.2622493530017132e-05 1.119708978950997e-05
1.2622493530017132e-05 1.119708978950997e-05
1.2622493530017132e-05 1.119708978950997e-05
1.2622493530017132e-05 1.119708978950997e-05
1.2622493530017132e-05 1.119708978950997e-05
1.2622493530017132e-05 1.119708978950997e-05
1.2622493530017132e-05 1.119708978950997e-05
1.2622493530017132e-05 1.119708978950997e-05
1.2622493530017132e-05 1.119708978950997e-05
1.2622493530017132e-05 1.119708978950997e-05
1.2622493530017132e-05 1.119708978950997e-05
1.2622493530017132e-05 1.119708978950997e-05
1.2622493530017132e-05 1.119708978950997e-05
1.2622493530017132e-05 1.119708978950997e-05
1.2622493530017132e-05 1.119708978950997e-05
1.2622493530017132e-05 1.119708978950997e-05
1.2622493530017132e-05 1.119708978950997e-05
1.2622493530017132e-05 1.119708978950997e-05
1.2622493530017132e-05 1.119708978950997e-05
1.2622493530017132e-05 1.119708978950997e-05
1.2622493530017132e-05 1.119708978950997e-05
1.2622493530017132e-05 1.119708978950997e-05
1.2622493530017132e-05 1.119708978950997e-05
1.2622493530017132e-05 1.119708978950997e-05
1.2622493530017132e-05 1.119708978950997e-05
1.2622493530017132e-05 1.119708978950997e-05
1.2622493530017132e-05 1.119708978950997e-05
1.2622493530017132e-05 1.119708978950997e-05
1.2622493530017132e-05 1.119708978950997e-05
1.2622493530017132e-05 1.119708978950997e-05
1.2622493530017132e-05 1.119708978950997e-05
1.2622493530017132e-05 1.119708978950997e-05
1.2622493530017132e-05 1.119708978950997e-05
1.2622493530017132e-05 1.119708978950997e-05
1.2622493530017132e-05 1.119708978950997e-05
1.2622493530017132e-05 1.119708978950997e-05
1.2622493530017132e-05 1.119708978950997e-05
1.2622493530017132e-05 1.119708978950997e-05
1.2622493530017132e-05 1.119708978950997e-05
1.2622493530017132e-05 1.119708978950997e-05
1.2622493530017132e-05 1.119708978950997e-05
1.2622493530017132e-05 1.119708978950997e-05
1.2622493530017132e-05 1.119708978950997e-05
1.6432472750409648e-05 1.1193626263244638e-05
1.6432472750409648e-05 1.1193626263244638e-05
3.895504388756542e-07 1.1197770730868358e-05
2.9110187555682943e-05 1.119708639086596e-05
2.9110187555682943e-05 1.119708639086596e-05
2.9110187555682943e-05 1.119708639086596e-05
2.9110187555682943e-05 1.119708639086596e-05
2.9110187555682943e-05 1.119708639086596e-05
2.9110187555682943e-05 1.119708639086596e-05
2.9110187555682943e-05 1.119708639086596e-05
2.9110187555682943e-05 1.119708639086596e-05
2.9110187555682943e-05 1.119708639086596e-05
2.9110187555682943e-05 1.119708639086596e-05
2.9110187555682943e-05 1.119708639086596e-05
2.9110187555682943e-05 1.119708639086596e-05
2.9110187555682943e-05 1.119708639086596e-05
2.9110187555682943e-05 1.119708639086596e-05
2.9110187555682943e-05 1.119708639086596e-05
2.9110187555682943e-05 1.119708639086596e-05
2.9110187555682943e-05 1.119708639086596e-05
2.9110187555682943e-05 1.119708639086596e-05
2.9110187555682943e-05 1.119708639086596e-05
2.9110187555682943e-05 1.119708639086596e-05
2.9110187555682943e-05 1.119708639086596e-05
2.9110187555682943e-05 1.119708639086596e-05
2.9110187555682943e-05 1.119708639086596e-05
2.9110187555682943e-05 1.119708639086596e-05
2.9110187555682943e-05 1.119708639086596e-05
2.9110187555682943e-05 1.119708639086596e-05
2.9110187555682943e-05 1.119708639086596e-05
2.9110187555682943e-05 1.119708639086596e-05
2.9110187555682943e-05 1.119708639086596e-05
2.9110187555682943e-05 1.119708639086596e-05
2.9110187555682943e-05 1.119708639086596e-05
2.9110187555682943e-05 1.119708639086596e-05
2.9110187555682943e-05 1.119708639086596e-05
2.9110187555682943e-05 1.119708639086596e-05
2.9110187555682943e-05 1.119708639086596e-05
2.9110187555682943e-05 1.119708639086596e-05
2.9110187555682943e-05 1.119708639086596e-05
2.9110187555682943e-05 1.119708639086596e-05
2.9110187555682943e-05 1.119708639086596e-05
2.9110187555682943e-05 1.119708639086596e-05
2.9110187555682943e-05 1.119708639086596e-05
2.9110187555682943e-05 1.119708639086596e-05
2.9110187555682943e-05 1.119708639086596e-05
2.9110187555682943e-05 1.119708639086596e-05
2.9110187555682943e-05 1.119708639086596e-05
2.9110187555682943e-05 1.119708639086596e-05
2.8162190248007034e-05 1.1197163368377331e-05
2.8162190248007034e-05 1.1197163368377331e-05
2.8162190248007034e-05 1.1197163368377331e-05
2.8162190248007034e-05 1.1197163368377331e-05
2.8162190248007034e-05 1.1197163368377331e-05
2.8162190248007034e-05 1.1197163368377331e-05
2.8162190248007034e-05 1.1197163368377331e-05
2.8162190248007034e-05 1.1197163368377331e-05
2.8162190248007034e-05 1.1197163368377331e-05
2.8162190248007034e-05 1.1197163368377331e-05
2.8162190248007034e-05 1.1197163368377331e-05
2.8162190248007034e-05 1.1197163368377331e-05
2.8162190248007034e-05 1.1197163368377331e-05
2.8162190248007034e-05 1.1197163368377331e-05
2.8162190248007034e-05 1.1197163368377331e-05
2.8162190248007034e-05 1.1197163368377331e-05
2.8162190248007034e-05 1.1197163368377331e-05
2.8162190248007034e-05 1.1197163368377331e-05
2.8162190248007034e-05 1.1197163368377331e-05
2.8162190248007034e-05 1.1197163368377331e-05
2.8162190248007034e-05 1.1197163368377331e-05
2.8162190248007034e-05 1.1197163368377331e-05
2.8162190248007034e-05 1.1197163368377331e-05
2.8162190248007034e-05 1.1197163368377331e-05
2.8162190248007034e-05 1.1197163368377331e-05
2.8162190248007034e-05 1.1197163368377331e-05
2.8162190248007034e-05 1.1197163368377331e-05
2.8162190248007034e-05 1.1197163368377331e-05
2.8162190248007034e-05 1.1197163368377331e-05
2.8162190248007034e-05 1.1197163368377331e-05
2.8162190248007034e-05 1.1197163368377331e-05
2.8162190248007034e-05 1.1197163368377331e-05
2.8162190248007034e-05 1.1197163368377331e-05
2.8162190248007034e-05 1.1197163368377331e-05
2.8162190248007034e-05 1.1197163368377331e-05
2.8162190248007034e-05 1.1197163368377331e-05
2.8162190248007034e-05 1.1197163368377331e-05
2.8162190248007034e-05 1.1197163368377331e-05
2.8162190248007034e-05 1.1197163368377331e-05
2.8162190248007034e-05 1.1197163368377331e-05
2.8162190248007034e-05 1.1197163368377331e-05
2.8162190248007034e-05 1.1197163368377331e-05
2.8162190248007034e-05 1.1197163368377331e-05
2.8162190248007034e-05 1.1197163368377331e-05
2.8162190248007034e-05 1.1197163368377331e-05
2.8162190248007034e-05 1.1197163368377331e-05
3.745131617605994e-05 1.1197061162701693e-05
1.645945841795981e-05 1.119677004515723e-05
1.645945841795981e-05 1.119677004515723e-05
1.8469236792362806e-05 1.1197133225007963e-05
1.8469236792362806e-05 1.1197133225007963e-05
3.4680932645189644e-06 1.1169388737026326e-05
3.4680932645189644e-06 1.1169388737026326e-05
1.7424525088760532e-05 1.1196283203197482e-05
1.7424525088760532e-05 1.1196283203197482e-05
1.1407480265059141e-05 1.1247011942502843e-05
1.9035755370166387e-05 1.1196902669639496e-05
1.1622913083446705e-05 1.11898105977322e-05
1.2558780394049232e-05 1.1197383816888092e-05
1.2558780394049232e-05 1.1197383816888092e-05
1.2558780394049232e-05 1.1197383816888092e-05
1.2558780394049232e-05 1.1197383816888092e-05
1.2558780394049232e-05 1.1197383816888092e-05
1.2558780394049232e-05 1.1197383816888092e-05
1.2558780394049232e-05 1.1197383816888092e-05
1.2558780394049232e-05 1.1197383816888092e-05
1.2558780394049232e-05 1.1197383816888092e-05
1.2558780394049232e-05 1.1197383816888092e-05
1.2558780394049232e-05 1.1197383816888092e-05
1.2558780394049232e-05 1.1197383816888092e-05
1.2558780394049232e-05 1.1197383816888092e-05
1.2558780394049232e-05 1.1197383816888092e-05
1.2558780394049232e-05 1.1197383816888092e-05
1.2558780394049232e-05 1.1197383816888092e-05
1.2558780394049232e-05 1.1197383816888092e-05
1.2558780394049232e-05 1.1197383816888092e-05
1.2558780394049232e-05 1.1197383816888092e-05
1.2558780394049232e-05 1.1197383816888092e-05
1.2558780394049232e-05 1.1197383816888092e-05
1.2558780394049232e-05 1.1197383816888092e-05
1.2558780394049232e-05 1.1197383816888092e-05
1.2558780394049232e-05 1.1197383816888092e-05
1.2558780394049232e-05 1.1197383816888092e-05
1.2558780394049232e-05 1.1197383816888092e-05
1.2558780394049232e-05 1.1197383816888092e-05
1.2558780394049232e-05 1.1197383816888092e-05
1.2558780394049232e-05 1.1197383816888092e-05
1.2558780394049232e-05 1.1197383816888092e-05
1.2558780394049232e-05 1.1197383816888092e-05
1.2558780394049232e-05 1.1197383816888092e-05
1.2558780394049232e-05 1.1197383816888092e-05
1.2558780394049232e-05 1.1197383816888092e-05
1.2558780394049232e-05 1.1197383816888092e-05
1.2558780394049232e-05 1.1197383816888092e-05
1.2558780394049232e-05 1.1197383816888092e-05
1.2558780394049232e-05 1.1197383816888092e-05
1.2558780394049232e-05 1.1197383816888092e-05
1.2558780394049232e-05 1.1197383816888092e-05
1.2558780394049232e-05 1.1197383816888092e-05
1.2558780394049232e-05 1.1197383816888092e-05
1.2558780394049232e-05 1.1197383816888092e-05
1.2558780394049232e-05 1.1197383816888092e-05
1.2558780394049232e-05 1.1197383816888092e-05
1.2558780394049232e-05 1.1197383816888092e-05
1.4729895051196513e-05 1.1197172647082147e-05
1.4729895051196513e-05 1.1197172647082147e-05
1.4729895051196513e-05 1.1197172647082147e-05
1.4729895051196513e-05 1.1197172647082147e-05
1.4729895051196513e-05 1.1197172647082147e-05
1.4729895051196513e-05 1.1197172647082147e-05
1.4729895051196513e-05 1.1197172647082147e-05
1.4729895051196513e-05 1.1197172647082147e-05
1.4729895051196513e-05 1.1197172647082147e-05
1.4729895051196513e-05 1.1197172647082147e-05
1.4729895051196513e-05 1.1197172647082147e-05
1.4729895051196513e-05 1.1197172647082147e-05
1.4729895051196513e-05 1.1197172647082147e-05
1.4729895051196513e-05 1.1197172647082147e-05
1.4729895051196513e-05 1.1197172647082147e-05
1.4729895051196513e-05 1.1197172647082147e-05
1.4729895051196513e-05 1.1197172647082147e-05
1.4729895051196513e-05 1.1197172647082147e-05
1.4729895051196513e-05 1.1197172647082147e-05
1.4729895051196513e-05 1.1197172647082147e-05
1.4729895051196513e-05 1.1197172647082147e-05
1.4729895051196513e-05 1.1197172647082147e-05
1.4729895051196513e-05 1.1197172647082147e-05
1.4729895051196513e-05 1.1197172647082147e-05
1.4729895051196513e-05 1.1197172647082147e-05
1.4729895051196513e-05 1.1197172647082147e-05
1.4729895051196513e-05 1.1197172647082147e-05
1.4729895051196513e-05 1.1197172647082147e-05
1.4729895051196513e-05 1.1197172647082147e-05
1.4729895051196513e-05 1.1197172647082147e-05
1.4729895051196513e-05 1.1197172647082147e-05
1.4729895051196513e-05 1.1197172647082147e-05
1.4729895051196513e-05 1.1197172647082147e-05
1.4729895051196513e-05 1.1197172647082147e-05
1.4729895051196513e-05 1.1197172647082147e-05
1.4729895051196513e-05 1.1197172647082147e-05
1.4729895051196513e-05 1.1197172647082147e-05
1.4729895051196513e-05 1.1197172647082147e-05
1.4729895051196513e-05 1.1197172647082147e-05
1.4729895051196513e-05 1.1197172647082147e-05
1.4729895051196513e-05 1.1197172647082147e-05
1.4729895051196513e-05 1.1197172647082147e-05
1.4729895051196513e-05 1.1197172647082147e-05
1.4729895051196513e-05 1.1197172647082147e-05
1.4729895051196513e-05 1.1197172647082147e-05
1.4729895051196513e-05 1.1197172647082147e-05
1.9035755370166387e-05 1.1196830299287948e-05
1.7424525088760532e-05 1.1198075818849524e-05
1.7424525088760532e-05 1.1198075818849524e-05
1.4164278898152787e-05 1.1194549573763784e-05
2.0979743973274827e-06 1.1196312568173246e-05
2.0979743973274827e-06 1.1196312568173246e-05
1.843565366928502e-06 1.1274764689028725e-05
1.843565366928502e-06 1.1274764689028725e-05
1.2744325959614789e-05 1.1197361472906953e-05
1.3605659245156252e-05 1.1195789847823046e-05
1.3605659245156252e-05 1.1195789847823046e-05
1.3605659245156252e-05 1.1195789847823046e-05
1.3605659245156252e-05 1.1195789847823046e-05
1.2496195401870112e-05 1.1201510833031283e-05
1.2496195401870112e-05 1.1201510833031283e-05
8.613285130986032e-06 1.122215702683378e-05