1.1981044450488718e-07 1.982400616558388e-06
4.756175844101947e-06 1.982440353285912e-06
4.756175844101947e-06 1.982440353285912e-06
4.756175844101947e-06 1.982440353285912e-06
4.756175844101947e-06 1.982440353285912e-06
6.009732055448293e-07 1.9824626519602294e-06
6.009732055448293e-07 1.9824626519602294e-06
6.009732055448293e-07 1.9824626519602294e-06
6.009732055448293e-07 1.9824626519602294e-06
6.009732055448293e-07 1.9824626519602294e-06
6.009732055448293e-07 1.9824626519602294e-06
6.009732055448293e-07 1.9824626519602294e-06
4.75463577372867e-06 1.982405958276564e-06
4.75463577372867e-06 1.982405958276564e-06
6.27407234189198e-08 1.9826135395456446e-06
6.079491187502935e-06 1.982440353285912e-06
6.079491187502935e-06 1.982440353285912e-06
6.079491187502935e-06 1.982440353285912e-06
6.079491187502935e-06 1.982440353285912e-06
1.1983331949696546e-07 1.9823821625653493e-06
1.1983331949696546e-07 1.9823821625653493e-06
7.046778227651616e-08 1.9825308568701203e-06
7.046778227651616e-08 1.9825308568701203e-06
2.672733942248209e-07 1.9825671413639806e-06
5.87216008758163e-06 1.981907193227064e-06
4.117664515695188e-06 1.981907193227064e-06
4.518212238583685e-06 1.982405958276564e-06
3.546568185256054e-06 1.982535543231645e-06
3.546568185256054e-06 1.982535543231645e-06
3.546568185256054e-06 1.982535543231645e-06
3.546568185256054e-06 1.982535543231645e-06
5.5155322441820965e-06 1.9825085773866127e-06
5.5155322441820965e-06 1.9825085773866127e-06
5.5155322441820965e-06 1.9825085773866127e-06
5.5155322441820965e-06 1.9825085773866127e-06
5.5155322441820965e-06 1.9825085773866127e-06
5.5155322441820965e-06 1.9825085773866127e-06
5.5155322441820965e-06 1.9825085773866127e-06
8.789165766145825e-06 1.9825671413639806e-06
8.789165766145825e-06 1.9825671413639806e-06
6.91997541138977e-08 1.9575355483867613e-06
6.91997541138977e-08 1.9575355483867613e-06
3.9401989672583485e-08 1.982512867867087e-06
3.455972272561394e-06 1.982535543231645e-06
3.455972272561394e-06 1.982535543231645e-06
3.455972272561394e-06 1.982535543231645e-06
3.455972272561394e-06 1.982535543231645e-06
3.455972272561394e-06 1.982535543231645e-06
3.455972272561394e-06 1.982535543231645e-06
3.455972272561394e-06 1.982535543231645e-06
3.455972272561394e-06 1.982535543231645e-06
1.1185017007747728e-06 1.982571419597122e-06
5.829531067472224e-07 1.9825735705706198e-06
5.829531067472224e-07 1.9825735705706198e-06
5.829531067472224e-07 1.9825735705706198e-06
5.829531067472224e-07 1.9825735705706198e-06
1.1424316412169824e-07 1.982400616558388e-06
1.1424316412169824e-07 1.982400616558388e-06
1.255974295898501e-07 1.9823821625653493e-06
1.255974295898501e-07 1.9823821625653493e-06
1.8533475032870044e-08 1.981907193227064e-06
1.8533475032870044e-08 1.981907193227064e-06
4.107181295477896e-06 1.982708473405541e-06
4.107181295477896e-06 1.982708473405541e-06
4.107181295477896e-06 1.982708473405541e-06
4.107181295477896e-06 1.982708473405541e-06
4.107181295477896e-06 1.982708473405541e-06
4.107181295477896e-06 1.982708473405541e-06
4.107181295477896e-06 1.982708473405541e-06
4.107181295477896e-06 1.982708473405541e-06
5.643232782415021e-06 1.982440353285912e-06
5.643232782415021e-06 1.982440353285912e-06
5.643232782415021e-06 1.982440353285912e-06
5.643232782415021e-06 1.982440353285912e-06
1.0517521309898917e-08 1.9826135395456446e-06
3.875010982137692e-06 1.982405958276564e-06
1.1868424917561613e-07 1.9823821625653493e-06
8.380597195368793e-07 1.984272266748795e-06
8.380597195368793e-07 1.984272266748795e-06
8.380597195368793e-07 1.984272266748795e-06
8.380597195368793e-07 1.984272266748795e-06
8.380597195368793e-07 1.984272266748795e-06
8.380597195368793e-07 1.984272266748795e-06
8.380597195368793e-07 1.984272266748795e-06
8.380597195368793e-07 1.984272266748795e-06
8.380597195368793e-07 1.984272266748795e-06
8.380597195368793e-07 1.984272266748795e-06
8.380597195368793e-07 1.984272266748795e-06
8.380597195368793e-07 1.984272266748795e-06
8.380597195368793e-07 1.984272266748795e-06
8.380597195368793e-07 1.984272266748795e-06
2.1205320788419776e-08 1.982571419597122e-06
1.4994253946171867e-07 1.982400616558388e-06
1.4994253946171867e-07 1.982400616558388e-06
1.4994253946171867e-07 1.982400616558388e-06
3.875010982137692e-06 1.982405958276564e-06
3.875010982137692e-06 1.982405958276564e-06
3.875010982137692e-06 1.982405958276564e-06
5.8364340407536446e-06 1.982478406560533e-06
5.8364340407536446e-06 1.982478406560533e-06
5.8364340407536446e-06 1.982478406560533e-06
5.8364340407536446e-06 1.982478406560533e-06
5.8364340407536446e-06 1.982478406560533e-06
5.8364340407536446e-06 1.982478406560533e-06
5.8364340407536446e-06 1.982478406560533e-06
5.8364340407536446e-06 1.982478406560533e-06
5.8364340407536446e-06 1.982478406560533e-06
5.8364340407536446e-06 1.982478406560533e-06
5.8364340407536446e-06 1.982478406560533e-06
5.8364340407536446e-06 1.982478406560533e-06
8.789165766145825e-06 1.9825671413639806e-06
8.789165766145825e-06 1.9825671413639806e-06
9.741048369332792e-08 1.981907193227064e-06
1.3115481509568809e-05 1.975050948518218e-06
1.3115481509568809e-05 1.975050948518218e-06
1.1587669168716097e-06 1.9825435974620075e-06
1.1587669168716097e-06 1.9825435974620075e-06
1.1587669168716097e-06 1.9825435974620075e-06
1.1587669168716097e-06 1.9825435974620075e-06
5.0267148849192085e-06 1.9825954191817007e-06
4.518212238583685e-06 1.982405958276564e-06
4.518212238583685e-06 1.982405958276564e-06
5.5155322441820965e-06 1.9825085773866127e-06
5.5155322441820965e-06 1.9825085773866127e-06
5.5155322441820965e-06 1.9825085773866127e-06
5.5155322441820965e-06 1.9825085773866127e-06
5.5155322441820965e-06 1.9825085773866127e-06
5.5155322441820965e-06 1.9825085773866127e-06
5.5155322441820965e-06 1.9825085773866127e-06
5.5155322441820965e-06 1.9825085773866127e-06
5.5155322441820965e-06 1.9825085773866127e-06
5.5155322441820965e-06 1.9825085773866127e-06
5.5155322441820965e-06 1.9825085773866127e-06
5.5155322441820965e-06 1.9825085773866127e-06
5.5155322441820965e-06 1.9825085773866127e-06
5.5155322441820965e-06 1.9825085773866127e-06
5.5155322441820965e-06 1.9825085773866127e-06
5.5155322441820965e-06 1.9825085773866127e-06
5.5155322441820965e-06 1.9825085773866127e-06
5.5155322441820965e-06 1.9825085773866127e-06
5.5155322441820965e-06 1.9825085773866127e-06
5.5155322441820965e-06 1.9825085773866127e-06
5.5155322441820965e-06 1.9825085773866127e-06
5.052111371258451e-06 1.982708473405541e-06
5.052111371258451e-06 1.982708473405541e-06
5.052111371258451e-06 1.982708473405541e-06
5.052111371258451e-06 1.982708473405541e-06
1.4147510225429077e-07 1.982400616558388e-06
5.76472347777996e-06 1.982478406560533e-06
5.76472347777996e-06 1.982478406560533e-06
5.76472347777996e-06 1.982478406560533e-06
5.76472347777996e-06 1.982478406560533e-06
8.409809911395824e-09 1.9826593745022616e-06
4.067836621698687e-06 1.982405958276564e-06
3.455972272561394e-06 1.982535543231645e-06
3.455972272561394e-06 1.982535543231645e-06
3.455972272561394e-06 1.982535543231645e-06
3.455972272561394e-06 1.982535543231645e-06
3.455972272561394e-06 1.982535543231645e-06
3.455972272561394e-06 1.982535543231645e-06
3.455972272561394e-06 1.982535543231645e-06
3.455972272561394e-06 1.982535543231645e-06
3.455972272561394e-06 1.982535543231645e-06
3.455972272561394e-06 1.982535543231645e-06
3.455972272561394e-06 1.982535543231645e-06
3.455972272561394e-06 1.982535543231645e-06
3.455972272561394e-06 1.982535543231645e-06
3.455972272561394e-06 1.982535543231645e-06
3.455972272561394e-06 1.982535543231645e-06
3.455972272561394e-06 1.982535543231645e-06
3.455972272561394e-06 1.982535543231645e-06
3.455972272561394e-06 1.982535543231645e-06
3.455972272561394e-06 1.982535543231645e-06
3.455972272561394e-06 1.982535543231645e-06
5.009657762970516e-06 1.9825008985940904e-06
5.009657762970516e-06 1.9825008985940904e-06
5.009657762970516e-06 1.9825008985940904e-06
5.8364340407536446e-06 1.982478406560533e-06
5.8364340407536446e-06 1.982478406560533e-06
5.8364340407536446e-06 1.982478406560533e-06
5.8364340407536446e-06 1.982478406560533e-06
2.0411289031183137e-06 1.9825435974620075e-06
2.0411289031183137e-06 1.9825435974620075e-06
2.0411289031183137e-06 1.9825435974620075e-06
2.0411289031183137e-06 1.9825435974620075e-06
5.131578256458252e-06 1.9825954191817007e-06
2.8335285506464023e-06 1.9823821625653493e-06
2.936745068185306e-06 1.9825235121075688e-06
2.7308197817065918e-06 1.9825235121075688e-06
2.7308197817065918e-06 1.9825235121075688e-06
1.4994253946171867e-07 1.982400616558388e-06
4.6793749542771365e-06 1.982405958276564e-06
5.498977661682353e-06 1.9825343171555203e-06
5.498977661682353e-06 1.9825343171555203e-06
5.498977661682353e-06 1.9825343171555203e-06
5.498977661682353e-06 1.9825343171555203e-06
5.498977661682353e-06 1.9825343171555203e-06
5.498977661682353e-06 1.9825343171555203e-06
5.498977661682353e-06 1.9825343171555203e-06
5.498977661682353e-06 1.9825343171555203e-06
5.498977661682353e-06 1.9825343171555203e-06
5.498977661682353e-06 1.9825343171555203e-06
5.498977661682353e-06 1.9825343171555203e-06
5.498977661682353e-06 1.9825343171555203e-06
5.498977661682353e-06 1.9825343171555203e-06
5.498977661682353e-06 1.9825343171555203e-06
5.76472347777996e-06 1.982478406560533e-06
5.76472347777996e-06 1.982478406560533e-06
5.76472347777996e-06 1.982478406560533e-06
5.76472347777996e-06 1.982478406560533e-06
7.046778227651616e-08 1.9825308568701203e-06
7.046778227651616e-08 1.9825308568701203e-06
7.046778227651616e-08 1.9825308568701203e-06
7.046778227651616e-08 1.9825308568701203e-06
7.046778227651616e-08 1.9825308568701203e-06
5.131578256458252e-06 1.9825954191817007e-06
1.1981044450488718e-07 1.982400616558388e-06
1.1981044450488718e-07 1.982400616558388e-06
1.1981044450488718e-07 1.982400616558388e-06
5.009657762970516e-06 1.9825954191817007e-06
5.009657762970516e-06 1.9825954191817007e-06
1.5091639494686594e-07 1.975050948518218e-06
1.1983331949696546e-07 1.9823821625653493e-06
5.347457377889439e-06 1.9825085773866127e-06
5.347457377889439e-06 1.9825085773866127e-06
5.347457377889439e-06 1.9825085773866127e-06
5.347457377889439e-06 1.9825085773866127e-06
5.347457377889439e-06 1.9825085773866127e-06
5.347457377889439e-06 1.9825085773866127e-06
5.347457377889439e-06 1.9825085773866127e-06
5.347457377889439e-06 1.9825085773866127e-06
5.347457377889439e-06 1.9825085773866127e-06
5.347457377889439e-06 1.9825085773866127e-06
5.347457377889439e-06 1.9825085773866127e-06
5.347457377889439e-06 1.9825085773866127e-06
5.347457377889439e-06 1.9825085773866127e-06
5.347457377889439e-06 1.9825085773866127e-06
5.347457377889439e-06 1.9825085773866127e-06
5.347457377889439e-06 1.9825085773866127e-06
5.347457377889439e-06 1.9825085773866127e-06
5.347457377889439e-06 1.9825085773866127e-06
5.347457377889439e-06 1.9825085773866127e-06
5.347457377889439e-06 1.9825085773866127e-06
5.347457377889439e-06 1.9825085773866127e-06
3.964235096127378e-06 1.982708473405541e-06
3.964235096127378e-06 1.982708473405541e-06
3.964235096127378e-06 1.982708473405541e-06
3.964235096127378e-06 1.982708473405541e-06
6.935528206443665e-08 1.9825308568701203e-06
3.0797975033706566e-06 1.9823821625653493e-06
3.0797975033706566e-06 1.9823821625653493e-06
3.0797975033706566e-06 1.9823821625653493e-06
6.079491187502935e-06 1.982440353285912e-06
6.079491187502935e-06 1.982440353285912e-06
6.079491187502935e-06 1.982440353285912e-06
6.079491187502935e-06 1.982440353285912e-06
6.079491187502935e-06 1.982440353285912e-06
6.079491187502935e-06 1.982440353285912e-06
6.079491187502935e-06 1.982440353285912e-06
6.079491187502935e-06 1.982440353285912e-06
6.0397023238349534e-06 1.982478406560533e-06
6.0397023238349534e-06 1.982478406560533e-06
6.0397023238349534e-06 1.982478406560533e-06
6.0397023238349534e-06 1.982478406560533e-06
6.0397023238349534e-06 1.982478406560533e-06
6.0397023238349534e-06 1.982478406560533e-06
6.0397023238349534e-06 1.982478406560533e-06
6.0397023238349534e-06 1.982478406560533e-06
6.0397023238349534e-06 1.982478406560533e-06
6.0397023238349534e-06 1.982478406560533e-06
6.0397023238349534e-06 1.982478406560533e-06
6.0397023238349534e-06 1.982478406560533e-06
2.7308197817065918e-06 1.9825235121075688e-06
2.7308197817065918e-06 1.9825235121075688e-06
2.7308197817065918e-06 1.9825235121075688e-06
2.7308197817065918e-06 1.9825235121075688e-06
2.7308197817065918e-06 1.9825235121075688e-06
3.0797975033706566e-06 1.9823821625653493e-06
5.643232782415021e-06 1.982440353285912e-06
5.643232782415021e-06 1.982440353285912e-06
5.643232782415021e-06 1.982440353285912e-06
5.643232782415021e-06 1.982440353285912e-06
5.643232782415021e-06 1.982440353285912e-06
5.643232782415021e-06 1.982440353285912e-06
5.643232782415021e-06 1.982440353285912e-06
5.643232782415021e-06 1.982440353285912e-06
3.068901037060575e-07 1.9825671413639806e-06
5.0267148849192085e-06 1.9825954191817007e-06
5.0267148849192085e-06 1.9825954191817007e-06
5.0267148849192085e-06 1.9825954191817007e-06
9.61029809773749e-07 1.975647084030061e-06
9.61029809773749e-07 1.975647084030061e-06
9.61029809773749e-07 1.975647084030061e-06
9.61029809773749e-07 1.975647084030061e-06
9.61029809773749e-07 1.975647084030061e-06
9.61029809773749e-07 1.975647084030061e-06
9.61029809773749e-07 1.975647084030061e-06
9.61029809773749e-07 1.975647084030061e-06
4.7762095335488145e-06 1.982440353285912e-06
4.7762095335488145e-06 1.982440353285912e-06
4.7762095335488145e-06 1.982440353285912e-06
4.7762095335488145e-06 1.982440353285912e-06
2.475586120064499e-06 1.984272266748795e-06
2.475586120064499e-06 1.984272266748795e-06
2.475586120064499e-06 1.984272266748795e-06
2.475586120064499e-06 1.984272266748795e-06
2.475586120064499e-06 1.984272266748795e-06
2.475586120064499e-06 1.984272266748795e-06
2.475586120064499e-06 1.984272266748795e-06
5.58347484009938e-06 1.982440353285912e-06
5.58347484009938e-06 1.982440353285912e-06
5.58347484009938e-06 1.982440353285912e-06
5.58347484009938e-06 1.982440353285912e-06
2.734895635783749e-07 1.9824626519602294e-06
2.734895635783749e-07 1.9824626519602294e-06
2.734895635783749e-07 1.9824626519602294e-06
2.734895635783749e-07 1.9824626519602294e-06
2.734895635783749e-07 1.9824626519602294e-06
2.734895635783749e-07 1.9824626519602294e-06
2.734895635783749e-07 1.9824626519602294e-06
2.734895635783749e-07 1.9824626519602294e-06
2.734895635783749e-07 1.9824626519602294e-06
2.734895635783749e-07 1.9824626519602294e-06
2.734895635783749e-07 1.9824626519602294e-06
2.734895635783749e-07 1.9824626519602294e-06
2.734895635783749e-07 1.9824626519602294e-06
2.734895635783749e-07 1.9824626519602294e-06
7.463463023724505e-06 1.982708473405541e-06
7.463463023724505e-06 1.982708473405541e-06
7.463463023724505e-06 1.982708473405541e-06
7.463463023724505e-06 1.982708473405541e-06
4.75463577372867e-06 1.982405958276564e-06
1.1424316412169824e-07 1.982441784874669e-06
1.1424316412169824e-07 1.982441784874669e-06
1.1424316412169824e-07 1.982441784874669e-06
1.8533475032870044e-08 1.981907193227064e-06
1.8533475032870044e-08 1.981907193227064e-06
2.734895635783749e-07 1.9824626519602294e-06
2.734895635783749e-07 1.9824626519602294e-06
2.734895635783749e-07 1.9824626519602294e-06
2.734895635783749e-07 1.9824626519602294e-06
2.734895635783749e-07 1.9824626519602294e-06
2.734895635783749e-07 1.9824626519602294e-06
2.734895635783749e-07 1.9824626519602294e-06
2.734895635783749e-07 1.9824626519602294e-06
2.734895635783749e-07 1.9824626519602294e-06
2.734895635783749e-07 1.9824626519602294e-06
2.734895635783749e-07 1.9824626519602294e-06
2.734895635783749e-07 1.9824626519602294e-06
2.734895635783749e-07 1.9824626519602294e-06
2.734895635783749e-07 1.9824626519602294e-06
4.756175844101947e-06 1.982440353285912e-06
4.756175844101947e-06 1.982440353285912e-06
4.756175844101947e-06 1.982440353285912e-06
4.756175844101947e-06 1.982440353285912e-06
4.756175844101947e-06 1.982440353285912e-06
4.756175844101947e-06 1.982440353285912e-06
4.756175844101947e-06 1.982440353285912e-06
4.756175844101947e-06 1.982440353285912e-06
4.756175844101947e-06 1.982440353285912e-06
4.756175844101947e-06 1.982440353285912e-06
4.756175844101947e-06 1.982440353285912e-06
4.756175844101947e-06 1.982440353285912e-06
7.909492279871875e-08 1.9825671413639806e-06
3.590855949412037e-06 1.9826593745022616e-06
3.590855949412037e-06 1.9826593745022616e-06
4.107181295477896e-06 1.982708473405541e-06
4.107181295477896e-06 1.982708473405541e-06
4.107181295477896e-06 1.982708473405541e-06
4.107181295477896e-06 1.982708473405541e-06
4.107181295477896e-06 1.982708473405541e-06
4.107181295477896e-06 1.982708473405541e-06
4.107181295477896e-06 1.982708473405541e-06
4.107181295477896e-06 1.982708473405541e-06
1.9270663513901873e-07 1.9825735705706198e-06
1.9270663513901873e-07 1.9825735705706198e-06
1.9270663513901873e-07 1.9825735705706198e-06
1.9270663513901873e-07 1.9825735705706198e-06
1.9270663513901873e-07 1.9825735705706198e-06
1.9270663513901873e-07 1.9825735705706198e-06
1.9270663513901873e-07 1.9825735705706198e-06
1.9270663513901873e-07 1.9825735705706198e-06
3.2868966293875423e-07 1.9575355483867613e-06
5.882039371906943e-06 1.9825109027264184e-06
5.882039371906943e-06 1.9825109027264184e-06
5.882039371906943e-06 1.9825109027264184e-06
5.882039371906943e-06 1.9825109027264184e-06
5.882039371906943e-06 1.9825109027264184e-06
5.882039371906943e-06 1.9825109027264184e-06
5.882039371906943e-06 1.9825109027264184e-06
5.882039371906943e-06 1.9825109027264184e-06
5.882039371906943e-06 1.9825109027264184e-06
5.882039371906943e-06 1.9825109027264184e-06
5.882039371906943e-06 1.9825109027264184e-06
5.882039371906943e-06 1.9825109027264184e-06
3.040670601553243e-06 1.9825339682916445e-06
3.040670601553243e-06 1.9825339682916445e-06
3.040670601553243e-06 1.9825339682916445e-06
3.040670601553243e-06 1.9825339682916445e-06
3.040670601553243e-06 1.9825339682916445e-06
3.040670601553243e-06 1.9825339682916445e-06
3.040670601553243e-06 1.9825339682916445e-06
3.040670601553243e-06 1.9825339682916445e-06
3.040670601553243e-06 1.9825339682916445e-06
3.040670601553243e-06 1.9825339682916445e-06
3.040670601553243e-06 1.9825339682916445e-06
3.040670601553243e-06 1.9825339682916445e-06
3.040670601553243e-06 1.9825339682916445e-06
3.040670601553243e-06 1.9825339682916445e-06
3.040670601553243e-06 1.9825339682916445e-06
3.040670601553243e-06 1.9825339682916445e-06
3.040670601553243e-06 1.9825339682916445e-06
3.040670601553243e-06 1.9825339682916445e-06
3.040670601553243e-06 1.9825339682916445e-06
3.040670601553243e-06 1.9825339682916445e-06
3.040670601553243e-06 1.9825339682916445e-06
3.040670601553243e-06 1.9825339682916445e-06
3.040670601553243e-06 1.9825339682916445e-06
3.040670601553243e-06 1.9825339682916445e-06
3.040670601553243e-06 1.9825339682916445e-06
3.040670601553243e-06 1.9825339682916445e-06
3.040670601553243e-06 1.9825339682916445e-06
3.040670601553243e-06 1.9825339682916445e-06
3.040670601553243e-06 1.9825339682916445e-06
3.040670601553243e-06 1.9825339682916445e-06
3.040670601553243e-06 1.9825339682916445e-06
3.040670601553243e-06 1.9825339682916445e-06
3.040670601553243e-06 1.9825339682916445e-06
3.040670601553243e-06 1.9825339682916445e-06
3.040670601553243e-06 1.9825339682916445e-06
1.1864154222494139e-08 1.982512867867087e-06
1.1864154222494139e-08 1.982512867867087e-06
5.882039371906943e-06 1.982478406560533e-06
5.882039371906943e-06 1.982478406560533e-06
5.882039371906943e-06 1.982478406560533e-06
5.882039371906943e-06 1.982478406560533e-06
5.882039371906943e-06 1.982478406560533e-06
5.882039371906943e-06 1.982478406560533e-06
5.882039371906943e-06 1.982478406560533e-06
5.882039371906943e-06 1.982478406560533e-06
1.255974295898501e-07 1.9823821625653493e-06
3.6176241805186988e-06 1.975647084030061e-06
3.6176241805186988e-06 1.975647084030061e-06
3.6176241805186988e-06 1.975647084030061e-06
3.6176241805186988e-06 1.975647084030061e-06
1.4147510225429077e-07 1.982400616558388e-06
6.0397023238349534e-06 1.982478406560533e-06
6.0397023238349534e-06 1.982478406560533e-06
6.0397023238349534e-06 1.982478406560533e-06
6.0397023238349534e-06 1.982478406560533e-06
4.806209787645431e-06 1.9825954191817007e-06
4.806209787645431e-06 1.9825954191817007e-06
4.806209787645431e-06 1.9825954191817007e-06
4.806209787645431e-06 1.9825954191817007e-06