0.8760066004512101 0.8711464407873711
0.4716656805014571 0.4714283680178712
0.4716656805014571 0.4714283680178712
0.4716656805014571 0.4714283680178712
0.4716656805014571 0.4714283680178712
0.4716656805014571 0.4714283680178712
0.4716656805014571 0.4714283680178712
0.4716656805014571 0.4714283680178712
0.4716656805014571 0.4714283680178712
0.7760865747581785 0.7688263948436743
0.523219839956461 0.5229101471653815
0.523219839956461 0.5229101471653815
0.523219839956461 0.5229101471653815
0.5873602624992486 0.5842332750071985
0.5873602624992486 0.5842332750071985
0.7527781381411788 0.7457940317492462
0.9147941393309054 0.9105438727498821
0.9065471350054898 0.9022612715519287
0.8943631165773844 0.8895203598290085
0.8943631165773844 0.8895203598290085
0.7701830312081737 0.7631182385718218
0.9100981208015466 0.9055773179892355
0.7008913456883485 0.6945376994611424
0.6211923212008644 0.6167490404665247
0.5463934039786229 0.5444177775527704
0.5463934039786229 0.5444177775527704
0.5463934039786229 0.5444177775527704
0.5463934039786229 0.5444177775527704
0.5463934039786229 0.5444177775527704
0.49847289416812485 0.49833604396925696
0.9156650761456656 0.9106573872211974
0.9156650761456656 0.9106573872211974
0.4382073889614889 0.43825445593740014
0.4382073889614889 0.43825445593740014
0.4382073889614889 0.43825445593740014
0.8038719113780262 0.7972330946497109
0.9115595701796297 0.9069940735162433
0.6057848082040508 0.6018078464999573
0.6057848082040508 0.6018078464999573
0.6917785463186505 0.6857298466328523
0.7400977411015729 0.7330444185685944
0.4006309347896937 0.401113865693791
0.7586199804454513 0.7514353450048886
0.3577450093184702 0.35747328652476434
0.3577450093184702 0.35747328652476434
0.6725103547347004 0.6670138020940454
0.8322299621249276 0.8259403902682897
0.31045456415189265 0.3101662294843358
0.31045456415189265 0.3101662294843358
0.6823655466572164 0.6765217267489139