3.0968878511900273e-07 3.9549185829607933e-07
3.0968878511900273e-07 3.9549185829607933e-07
3.5448842520177786e-07 3.9549182122891345e-07
3.2483980537473e-07 3.954917623260459e-07
3.2483980537473e-07 3.954917623260459e-07
3.2601451213106554e-07 3.9549190403919574e-07
3.7419323234870596e-07 3.954918838421189e-07
3.4453776562343677e-07 3.9549195742623726e-07
3.190989184997462e-07 3.9549177321503676e-07
3.190989184997462e-07 3.9549177321503676e-07
3.190989184997462e-07 3.9549177321503676e-07
3.190989184997462e-07 3.9549177321503676e-07
3.190989184997462e-07 3.9549177321503676e-07
3.190989184997462e-07 3.9549177321503676e-07
3.190989184997462e-07 3.9549177321503676e-07
3.190989184997462e-07 3.9549177321503676e-07
3.4338666138500164e-07 3.9549194011713793e-07
3.30479563184325e-07 3.9549194360383535e-07
3.315305795212116e-07 3.954918680692428e-07
3.4007118256377327e-07 3.9549195291891893e-07
3.2869386836249703e-07 3.954918771113816e-07
3.6478797409293527e-07 3.9549184327695613e-07
3.703733798979329e-07 3.95491795091383e-07
3.703733798979329e-07 3.95491795091383e-07
3.077867441067681e-07 3.9549200711325554e-07
3.077867441067681e-07 3.9549200711325554e-07
3.2950075056219276e-07 3.954917920104793e-07
3.246558494621513e-07 3.9549172886711956e-07
3.246558494621513e-07 3.9549172886711956e-07
3.246558494621513e-07 3.9549172886711956e-07
3.246558494621513e-07 3.9549172886711956e-07
3.246558494621513e-07 3.9549172886711956e-07
3.218811962586969e-07 3.954918173395464e-07
3.375994478091323e-07 3.95491824724525e-07
3.7597991815773244e-07 3.9549188769704837e-07
3.80453939932327e-07 3.9549178643752547e-07
3.80453939932327e-07 3.9549178643752547e-07
3.248610649376944e-07 3.95491868063969e-07
3.248610649376944e-07 3.95491868063969e-07
3.7709034056719064e-07 3.9549190260141475e-07
3.139196208086055e-07 3.9549203290191106e-07
3.499671052409617e-07 3.954918642880395e-07
3.1726775294719166e-07 3.954920142346588e-07
3.1726775294719166e-07 3.954920142346588e-07
3.1726775294719166e-07 3.954920142346588e-07
3.413460117491128e-07 3.954918678347288e-07
3.237385065034014e-07 3.954919136732161e-07
3.237385065034014e-07 3.954919136732161e-07
3.237385065034014e-07 3.954919136732161e-07
3.797585887013971e-07 3.9549193755657036e-07