0.40045769667667597 0.4005644872942896
0.40045769667667597 0.4005644872942896
0.40045769667667597 0.4005644872942896
0.3813239821667579 0.3750308506228662
0.3813239821667579 0.3750308506228662
0.3813239821667579 0.3750308506228662
0.5469182600881537 0.5424136736288876
0.04173456440502596 0.041365939013855886
0.04173456440502596 0.041365939013855886
0.335434867215755 0.3328995788494458
0.335434867215755 0.3328995788494458
0.335434867215755 0.3328995788494458
0.335434867215755 0.3328995788494458
0.335434867215755 0.3328995788494458
0.335434867215755 0.3328995788494458
0.335434867215755 0.3328995788494458
0.335434867215755 0.3328995788494458
0.335434867215755 0.3328995788494458
0.335434867215755 0.3328995788494458
0.335434867215755 0.3328995788494458
0.335434867215755 0.3328995788494458
0.335434867215755 0.3328995788494458
0.335434867215755 0.3328995788494458
0.335434867215755 0.3328995788494458
0.1896723980268258 0.1895952714696604
0.1896723980268258 0.1895952714696604
0.1896723980268258 0.1895952714696604
0.04288592547122349 0.04310781264337629
0.10818601501713396 0.10563095061052592
0.10818601501713396 0.10563095061052592
0.10818601501713396 0.10563095061052592
0.12441739785279665 0.12060497280398938
0.2535711573571616 0.24694262416980184
0.4808200095557827 0.4742116479295277
0.4808200095557827 0.4742116479295277
0.4808200095557827 0.4742116479295277
0.4808200095557827 0.4742116479295277
0.4808200095557827 0.4742116479295277
0.4808200095557827 0.4742116479295277
0.4808200095557827 0.4742116479295277
0.1886483946601527 0.1864121200231617
0.1886483946601527 0.1864121200231617
0.09017637063780103 0.09041486968380484
0.9032730137736166 0.8985955847221387
0.2546192874929993 0.2560554235394999
0.2546192874929993 0.2560554235394999
0.23593883982673025 0.23371878154278428
0.23593883982673025 0.23371878154278428
0.23593883982673025 0.23371878154278428
0.23593883982673025 0.23371878154278428