4.420934895102267e-07 7.515589321673855e-06
3.4704338926552796e-05 7.515589321673855e-06
1.7683739580409069e-06 7.515589321673855e-06
1.834687981467441e-05 7.515589321673855e-06
6.631402342653401e-07 7.515589321673855e-06
5.526168618877834e-05 7.515589321673855e-06
4.420934895102267e-07 7.515589321673855e-06
0.0008978918771952705 7.515589321673855e-06
2.6525609370613605e-05 7.515589321673855e-06
3.404119869228746e-05 7.515589321673855e-06
4.619876965381869e-05 7.515589321673855e-06
0.00015915365622368164 7.515589321673855e-06
2.4094095178307357e-05 7.515589321673855e-06
8.178729555939195e-06 7.515589321673855e-06
0.0012736713432789633 7.515589321673855e-06
6.631402342653401e-07 7.515589321673855e-06
4.420934895102267e-07 7.515589321673855e-06
5.924052759437038e-05 7.515589321673855e-06
9.637638071322943e-05 7.515589321673855e-06
2.2104674475511336e-07 7.515589321673855e-06
7.736636066428967e-05 7.515589321673855e-06
1.9894207027960203e-06 7.515589321673855e-06
5.924052759437038e-05 7.515589321673855e-06
1.0168150258735215e-05 7.515589321673855e-06
1.1052337237755667e-06 7.515589321673855e-06
3.9788414055920405e-06 7.515589321673855e-06
4.4430395695777786e-05 7.515589321673855e-06
1.901002004893975e-05 7.515589321673855e-06
1.1052337237755667e-06 7.515589321673855e-06
1.1052337237755667e-06 7.515589321673855e-06
0.00013019653266076178 7.515589321673855e-06