1.9573824190701605e-06 1.977603602301176e-06
1.9293470437327597e-06 1.9775596756187096e-06
1.9293470437327597e-06 1.9775596756187096e-06
1.9293470437327597e-06 1.9775596756187096e-06
1.9293470437327597e-06 1.9775596756187096e-06
1.9293470437327597e-06 1.9775596756187096e-06
1.9293470437327597e-06 1.9775596756187096e-06
1.9293470437327597e-06 1.9775596756187096e-06
1.9293470437327597e-06 1.9775596756187096e-06
1.9293470437327597e-06 1.9775596756187096e-06
1.9293470437327597e-06 1.9775596756187096e-06
1.9293470437327597e-06 1.9775596756187096e-06
1.9293470437327597e-06 1.9775596756187096e-06
1.9293470437327597e-06 1.9775596756187096e-06
1.9293470437327597e-06 1.9775596756187096e-06
1.9293470437327597e-06 1.9775596756187096e-06
1.9293470437327597e-06 1.9775596756187096e-06
1.9293470437327597e-06 1.9775596756187096e-06
1.9293470437327597e-06 1.9775596756187096e-06
1.9293470437327597e-06 1.9775596756187096e-06
1.9293470437327597e-06 1.9775596756187096e-06
1.9293470437327597e-06 1.9775596756187096e-06
1.9293470437327597e-06 1.9775596756187096e-06
1.9293470437327597e-06 1.9775596756187096e-06
1.9293470437327597e-06 1.9775596756187096e-06
1.9293470437327597e-06 1.9775596756187096e-06
1.9293470437327597e-06 1.9775596756187096e-06
1.9293470437327597e-06 1.9775596756187096e-06
1.9293470437327597e-06 1.9775596756187096e-06
1.9293470437327597e-06 1.9775596756187096e-06
1.9293470437327597e-06 1.9775596756187096e-06
1.9293470437327597e-06 1.9775596756187096e-06
1.9293470437327597e-06 1.9775596756187096e-06
1.9293470437327597e-06 1.9775596756187096e-06
1.9293470437327597e-06 1.9775596756187096e-06
1.9293470437327597e-06 1.9775596756187096e-06
1.9293470437327597e-06 1.9775596756187096e-06
1.9293470437327597e-06 1.9775596756187096e-06
1.9293470437327597e-06 1.9775596756187096e-06
1.9293470437327597e-06 1.9775596756187096e-06
1.9293470437327597e-06 1.9775596756187096e-06
1.9293470437327597e-06 1.9775596756187096e-06
1.9293470437327597e-06 1.9775596756187096e-06
1.9293470437327597e-06 1.9775596756187096e-06
1.9293470437327597e-06 1.9775596756187096e-06
1.9293470437327597e-06 1.9775596756187096e-06
1.9293470437327597e-06 1.9775596756187096e-06
1.9293470437327597e-06 1.9775596756187096e-06
1.9293470437327597e-06 1.9775596756187096e-06
1.9293470437327597e-06 1.9775596756187096e-06