1.620738004434398e-06 4.8462766069700794e-06
1.620738004434398e-06 4.8462766069700794e-06
1.620738004434398e-06 4.8462766069700794e-06
2.1943967814031625e-06 4.84628685122639e-06
2.1943967814031625e-06 4.84628685122639e-06
1.565430283990908e-06 4.846275447311969e-06
1.565430283990908e-06 4.846275447311969e-06
1.2119511736101759e-06 4.846275941890167e-06
1.2119511736101759e-06 4.846275941890167e-06
1.2119511736101759e-06 4.846275941890167e-06
1.6228904455113103e-06 4.846274327974208e-06
1.6228904455113103e-06 4.846274327974208e-06
1.5820384073680404e-06 4.8462815127589775e-06
1.5820384073680404e-06 4.8462815127589775e-06
1.5455946953383105e-06 4.846275765446653e-06
1.5455946953383105e-06 4.846275765446653e-06
1.5455946953383105e-06 4.846275765446653e-06
4.34838539014982e-06 4.845677990948504e-06
4.34838539014982e-06 4.845677990948504e-06
1.6719990909640447e-06 4.8462762581500745e-06
1.6719990909640447e-06 4.8462762581500745e-06
1.7940097060421153e-06 4.8462756917513924e-06
1.7940097060421153e-06 4.8462756917513924e-06
1.7940097060421153e-06 4.8462756917513924e-06
1.6124854290274917e-06 4.846275631345078e-06
1.6124854290274917e-06 4.846275631345078e-06
1.6843966898238283e-06 4.846277017707553e-06
1.6843966898238283e-06 4.846277017707553e-06
1.6843966898238283e-06 4.846277017707553e-06
1.6843966898238283e-06 4.846277017707553e-06
1.6843966898238283e-06 4.846277017707553e-06
1.6843966898238283e-06 4.846277017707553e-06
1.247746293527951e-06 4.8462759499184645e-06
1.247746293527951e-06 4.8462759499184645e-06
1.247746293527951e-06 4.8462759499184645e-06
1.372257592555302e-06 4.846275353800755e-06
1.372257592555302e-06 4.846275353800755e-06
1.372257592555302e-06 4.846275353800755e-06
1.3485740127037798e-06 4.846277046456813e-06
1.3485740127037798e-06 4.846277046456813e-06
1.691996680830486e-06 4.846276285425677e-06
1.691996680830486e-06 4.846276285425677e-06
1.691996680830486e-06 4.846276285425677e-06
1.0407598428953006e-06 4.8462772762113074e-06
1.0407598428953006e-06 4.8462772762113074e-06
2.1347741573088435e-06 4.846277221819231e-06
2.1347741573088435e-06 4.846277221819231e-06
2.1347741573088435e-06 4.846277221819231e-06
1.4310147236316336e-06 4.84627675194976e-06
1.4310147236316336e-06 4.84627675194976e-06
1.4310147236316336e-06 4.84627675194976e-06
1.9744928719464017e-06 4.846276303072328e-06
1.9744928719464017e-06 4.846276303072328e-06
1.9744928719464017e-06 4.846276303072328e-06
1.3719362172850117e-06 4.846276437571885e-06
1.3719362172850117e-06 4.846276437571885e-06
1.7940097060421153e-06 4.846276297209944e-06
1.7940097060421153e-06 4.846276297209944e-06
1.7940097060421153e-06 4.846276297209944e-06
1.3413537048914274e-06 4.846277521229979e-06
1.3413537048914274e-06 4.846277521229979e-06
1.3413537048914274e-06 4.846277521229979e-06
1.2537855285600031e-06 4.846276877958591e-06
1.2537855285600031e-06 4.846276877958591e-06
1.2537855285600031e-06 4.846276877958591e-06
1.2537855285600031e-06 4.846276877958591e-06
1.3448701920103428e-06 4.846276726533727e-06
1.3448701920103428e-06 4.846276726533727e-06
1.9744928719464017e-06 4.846276303072328e-06
1.9744928719464017e-06 4.846276303072328e-06
1.9744928719464017e-06 4.846276303072328e-06
1.6240939992931492e-06 4.846276031515054e-06
1.6240939992931492e-06 4.846276031515054e-06
1.6240939992931492e-06 4.846276031515054e-06
1.138624438065454e-06 4.846276248291891e-06
1.138624438065454e-06 4.846276248291891e-06
1.8552390143447626e-06 4.846275854972365e-06
1.8552390143447626e-06 4.846275854972365e-06
1.6843966898238283e-06 4.846275981930972e-06
1.6843966898238283e-06 4.846275981930972e-06
1.6843966898238283e-06 4.846275981930972e-06
1.247746293527951e-06 4.846276269145653e-06
1.247746293527951e-06 4.846276269145653e-06
1.247746293527951e-06 4.846276269145653e-06
1.2537855285600031e-06 4.846276877958591e-06
1.2537855285600031e-06 4.846276877958591e-06
1.5265773632545752e-06 4.84627623034685e-06
1.5265773632545752e-06 4.84627623034685e-06
1.5265773632545752e-06 4.84627623034685e-06
1.5265773632545752e-06 4.84627623034685e-06
1.2537855285600031e-06 4.846276629831165e-06
1.2537855285600031e-06 4.846276629831165e-06
1.7102267387229102e-06 4.846276546728941e-06
1.7102267387229102e-06 4.846276546728941e-06
1.8225737417119075e-06 4.8462756735371254e-06
1.8225737417119075e-06 4.8462756735371254e-06
1.8225737417119075e-06 4.8462756735371254e-06
1.4248017313343247e-06 4.846277202266829e-06
1.4248017313343247e-06 4.846277202266829e-06
1.6402407582933398e-06 4.846275424503417e-06
1.6402407582933398e-06 4.846275424503417e-06
1.6402407582933398e-06 4.846275424503417e-06
1.8431652388641397e-06 4.846276174474995e-06
1.8394838539948342e-06 4.846276166475735e-06
1.8394838539948342e-06 4.846276166475735e-06
1.8394838539948342e-06 4.846276166475735e-06
1.9575920648304914e-06 4.846275397031418e-06
1.9575920648304914e-06 4.846275397031418e-06
1.9575920648304914e-06 4.846275397031418e-06
1.3204162840896664e-06 4.846276211456981e-06
1.3204162840896664e-06 4.846276211456981e-06
1.3957850612422234e-06 4.846241126190415e-06
1.3957850612422234e-06 4.846241126190415e-06
1.1545907602620174e-06 4.846276166958867e-06
1.1545907602620174e-06 4.846276166958867e-06
1.1545907602620174e-06 4.846276166958867e-06
1.247746293527951e-06 4.846275796244201e-06
1.247746293527951e-06 4.846275796244201e-06
1.247746293527951e-06 4.846275796244201e-06
1.247746293527951e-06 4.846275796244201e-06
1.247746293527951e-06 4.846275796244201e-06
1.247746293527951e-06 4.846275796244201e-06
1.5455946953383105e-06 4.846276464584057e-06
1.5455946953383105e-06 4.846276464584057e-06
1.5455946953383105e-06 4.846276464584057e-06
1.565430283990908e-06 4.846275781696113e-06
1.565430283990908e-06 4.846275781696113e-06
1.6719990909640447e-06 4.846276965978942e-06
1.6719990909640447e-06 4.846276965978942e-06
2.203792470516758e-06 4.846270247396578e-06
2.203792470516758e-06 4.846270247396578e-06
2.203792470516758e-06 4.846270247396578e-06
1.6719990909640447e-06 4.8462762581500745e-06
1.6719990909640447e-06 4.8462762581500745e-06
1.6719990909640447e-06 4.8462762581500745e-06
1.6719990909640447e-06 4.8462762581500745e-06
1.9744928719464017e-06 4.846276303072328e-06
1.9744928719464017e-06 4.846276303072328e-06
1.9744928719464017e-06 4.846276303072328e-06
1.6377803819133521e-06 4.846276537329445e-06
2.251157341331935e-06 4.846277030684458e-06
1.4968164862717973e-06 4.8462754831476215e-06
1.4968164862717973e-06 4.8462754831476215e-06
1.4968164862717973e-06 4.8462754831476215e-06
1.6291475000400625e-06 4.8462767119646185e-06
1.6291475000400625e-06 4.8462767119646185e-06
1.8649468449423545e-06 4.846276971381808e-06
1.8649468449423545e-06 4.846276971381808e-06
2.8652338081180573e-06 4.846278783115317e-06
2.8652338081180573e-06 4.846278783115317e-06
2.8652338081180573e-06 4.846278783115317e-06
3.7200996986719243e-06 4.846153833299327e-06
1.6045070424236905e-06 4.846272751959746e-06
1.6045070424236905e-06 4.846272751959746e-06
1.6045070424236905e-06 4.846272751959746e-06
1.3667256635888065e-06 4.846275858790383e-06
1.3667256635888065e-06 4.846275858790383e-06
1.3667256635888065e-06 4.846275858790383e-06
1.4685081229858312e-06 4.846276021518935e-06
1.4685081229858312e-06 4.846276021518935e-06
2.869260611878447e-06 4.846272705904621e-06
2.869260611878447e-06 4.846272705904621e-06
1.9723735192596598e-06 4.846275059668122e-06
1.9723735192596598e-06 4.846275059668122e-06
2.219884489528039e-06 4.846276962578776e-06
2.219884489528039e-06 4.846276962578776e-06
2.219884489528039e-06 4.846276962578776e-06
1.956831467159519e-06 4.8462770367350965e-06
1.956831467159519e-06 4.8462770367350965e-06
1.6911447005623318e-06 4.846275403170059e-06
1.6911447005623318e-06 4.846275403170059e-06
1.2537855285600031e-06 4.846275768652844e-06
1.2537855285600031e-06 4.846275768652844e-06
1.355942673984966e-06 4.846276421993437e-06
1.355942673984966e-06 4.846276421993437e-06
1.355942673984966e-06 4.846276421993437e-06
1.4018163042844647e-06 4.846231839851491e-06
1.4018163042844647e-06 4.846231839851491e-06
1.4018163042844647e-06 4.846231839851491e-06
2.210460549152902e-06 4.846276526522705e-06
2.210460549152902e-06 4.846276526522705e-06
1.2537855285600031e-06 4.846275768652844e-06
1.2537855285600031e-06 4.846275768652844e-06
3.1015770243588584e-06 4.846285599539052e-06
3.1015770243588584e-06 4.846285599539052e-06
3.1015770243588584e-06 4.846285599539052e-06
1.8253607572788443e-06 4.846276007798599e-06
1.8253607572788443e-06 4.846276007798599e-06
1.9744928719464017e-06 4.8462762418326675e-06
1.9744928719464017e-06 4.8462762418326675e-06
1.9744928719464017e-06 4.8462762418326675e-06
1.956831467159519e-06 4.846275645849627e-06
1.956831467159519e-06 4.846275645849627e-06
1.3915348611531417e-06 4.846276786038069e-06
1.3915348611531417e-06 4.846276786038069e-06
1.6045070424236905e-06 4.846272751959746e-06
1.6045070424236905e-06 4.846272751959746e-06
1.6045070424236905e-06 4.846272751959746e-06
1.182720724415527e-06 4.84627766027512e-06
1.182720724415527e-06 4.84627766027512e-06
2.210460549152902e-06 4.846275845205909e-06
2.210460549152902e-06 4.846275845205909e-06
1.5455946953383105e-06 4.846276251700887e-06
1.5455946953383105e-06 4.846276251700887e-06
1.5455946953383105e-06 4.846276251700887e-06
1.565430283990908e-06 4.846275947060273e-06
1.565430283990908e-06 4.846275947060273e-06
1.4791987165675286e-06 4.846277529125084e-06
1.4791987165675286e-06 4.846277529125084e-06
2.1352365012127824e-06 4.846277296302781e-06
2.1352365012127824e-06 4.846277296302781e-06
3.3852976522960782e-06 4.846397256697229e-06
3.3852976522960782e-06 4.846397256697229e-06
3.3852976522960782e-06 4.846397256697229e-06
1.956831467159519e-06 4.846275645849627e-06
1.956831467159519e-06 4.846275645849627e-06
1.0570165056978707e-06 4.846275225611253e-06
1.0570165056978707e-06 4.846275225611253e-06
1.0570165056978707e-06 4.846275225611253e-06
1.6843966898238283e-06 4.846277017707553e-06
1.6843966898238283e-06 4.846277017707553e-06
1.6843966898238283e-06 4.846277017707553e-06
2.9110487009664267e-06 4.8462724549116166e-06
1.956831467159519e-06 4.846275645849627e-06
1.956831467159519e-06 4.846275645849627e-06
1.247746293527951e-06 4.846275796244201e-06
1.247746293527951e-06 4.846275796244201e-06
1.247746293527951e-06 4.846275796244201e-06
1.5103025149003534e-06 4.846275973633665e-06
1.5103025149003534e-06 4.846275973633665e-06
1.5103025149003534e-06 4.846275973633665e-06
1.5103025149003534e-06 4.846275973633665e-06
1.5103025149003534e-06 4.846275973633665e-06
1.5103025149003534e-06 4.846275973633665e-06
3.117744903552145e-06 4.846288216083635e-06
3.117744903552145e-06 4.846288216083635e-06
1.8253607572788443e-06 4.846275710050715e-06
1.8253607572788443e-06 4.846275710050715e-06
4.298790669582322e-06 4.846397256697229e-06
4.298790669582322e-06 4.846397256697229e-06
4.298790669582322e-06 4.846397256697229e-06
1.4532165466768344e-06 4.8462764447606705e-06
1.4532165466768344e-06 4.8462764447606705e-06
1.4532165466768344e-06 4.8462764447606705e-06
1.247746293527951e-06 4.8462759499184645e-06
1.247746293527951e-06 4.8462759499184645e-06
1.247746293527951e-06 4.8462759499184645e-06
3.043869773104874e-06 4.845677990948504e-06
3.043869773104874e-06 4.845677990948504e-06
1.3772599751129037e-06 4.846275543982443e-06
1.3772599751129037e-06 4.846275543982443e-06
1.3772599751129037e-06 4.846275543982443e-06
2.219884489528039e-06 4.846275064788115e-06
2.219884489528039e-06 4.846275064788115e-06
2.219884489528039e-06 4.846275064788115e-06
1.5820384073680404e-06 4.8462815127589775e-06
1.5820384073680404e-06 4.8462815127589775e-06