4.151807569909891e-06 4.846275793421119e-06
3.952370299649083e-06 4.846276432864404e-06
4.164498491726393e-06 4.846275923861842e-06
4.164498491726393e-06 4.846275923861842e-06
4.164498491726393e-06 4.846275923861842e-06
4.164498491726393e-06 4.846275923861842e-06
4.164498491726393e-06 4.846275923861842e-06
4.164498491726393e-06 4.846275923861842e-06
4.164498491726393e-06 4.846275923861842e-06
3.962738789265224e-06 4.8462764476183056e-06
4.0382766456750825e-06 4.846276159001803e-06
4.550654017399371e-06 4.846275148195176e-06
4.550654017399371e-06 4.846275148195176e-06
4.369925708939991e-06 4.846275700836047e-06
1.5137457748015465e-06 4.846276395034055e-06
4.087668930436234e-06 4.846276043483553e-06
4.087668930436234e-06 4.846276043483553e-06
4.12854601854025e-06 4.846276252699684e-06
3.960716631970087e-06 4.846276181491204e-06
3.960716631970087e-06 4.846276181491204e-06
3.998866825335314e-06 4.846275811084142e-06
3.998866825335314e-06 4.846275811084142e-06
4.0171781230433586e-06 4.846276254874606e-06
4.0171781230433586e-06 4.846276254874606e-06
4.0171781230433586e-06 4.846276254874606e-06
4.0171781230433586e-06 4.846276254874606e-06
4.0171781230433586e-06 4.846276254874606e-06
4.0171781230433586e-06 4.846276254874606e-06
4.0171781230433586e-06 4.846276254874606e-06
4.308067187308536e-06 4.846275489621599e-06
4.024654990701596e-06 4.846275879079283e-06
3.959193630390325e-06 4.8462763225019915e-06
3.959193630390325e-06 4.8462763225019915e-06
4.029291228066563e-06 4.846276363645446e-06
3.165592717307457e-06 4.846274759413382e-06
4.0126619906269925e-06 4.846275832515575e-06
4.0126619906269925e-06 4.846275832515575e-06
4.0126619906269925e-06 4.846275832515575e-06
3.985115957443152e-06 4.846276175728409e-06
3.973199404539441e-06 4.846276222234515e-06
4.176483206897484e-06 4.846275893134328e-06
4.176483206897484e-06 4.846275893134328e-06
4.176483206897484e-06 4.846275893134328e-06
4.176483206897484e-06 4.846275893134328e-06
4.035435975596218e-06 4.846276497707423e-06
4.434397614574999e-06 4.846275253780261e-06
4.434397614574999e-06 4.846275253780261e-06
4.080404713515347e-06 4.8462759238769574e-06
4.080404713515347e-06 4.8462759238769574e-06
3.947336401890166e-06 4.846275865507042e-06