1.5470899509871838e-06 1.5086936920760996e-06
1.7570073372913163e-06 1.5086940742716659e-06
1.6320958136120922e-06 1.5086936657757236e-06
1.6320958136120922e-06 1.5086936657757236e-06
1.3935349954512505e-06 1.5086938034394008e-06
8.206165137917421e-07 1.5086938774627601e-06
8.206165137917421e-07 1.5086938774627601e-06
8.206165137917421e-07 1.5086938774627601e-06
1.629067828444363e-06 1.5086935741553361e-06
1.1502504584863141e-06 1.5086939307536635e-06
1.1502504584863141e-06 1.5086939307536635e-06
1.1502504584863141e-06 1.5086939307536635e-06
1.1502504584863141e-06 1.5086939307536635e-06
1.7643719162293168e-06 1.5086940886609335e-06
1.556837560361282e-06 1.5086937600896837e-06
1.59250588165705e-06 1.5086942313963445e-06
1.59250588165705e-06 1.5086942313963445e-06
1.4592899142901903e-06 1.5086934763697946e-06
1.5702386347680084e-06 1.5086933739724263e-06
1.6410520327632158e-06 1.5086941141975851e-06
1.2499159329091936e-06 1.5086936964529945e-06
1.5192422674424274e-06 1.5086938303690179e-06
1.417694185731734e-06 1.5086935677978717e-06
1.6318663144037111e-06 1.5086940740772267e-06
5.750990500933833e-07 1.5086952582156565e-06
5.750990500933833e-07 1.5086952582156565e-06
5.750990500933833e-07 1.5086952582156565e-06
5.750990500933833e-07 1.5086952582156565e-06
1.2940823394119028e-06 1.5086934404282122e-06
6.777796715543916e-07 1.5086929431584519e-06
6.777796715543916e-07 1.5086929431584519e-06
1.6530153445346324e-06 1.5086936577867278e-06
1.6719019657509587e-06 1.5086940676238002e-06
1.6324945754643894e-06 1.5086940138293308e-06
1.5267974231580146e-06 1.5086942719272753e-06
1.5267974231580146e-06 1.5086942719272753e-06
1.3314555228999627e-06 1.5086944722364979e-06
1.3314555228999627e-06 1.5086944722364979e-06
1.3314555228999627e-06 1.5086944722364979e-06
1.5745748536248484e-06 1.5086941911773796e-06
1.4767270596978556e-06 1.5086934915825908e-06
1.6482124141374077e-06 1.5086938595668178e-06
4.6130512853935517e-07 1.5087010478424422e-06
4.6130512853935517e-07 1.5087010478424422e-06
4.6130512853935517e-07 1.5087010478424422e-06
4.6130512853935517e-07 1.5087010478424422e-06
1.4392333941851166e-06 1.5086936541775414e-06
1.4392333941851166e-06 1.5086936541775414e-06
1.4392333941851166e-06 1.5086936541775414e-06
1.7232272678033277e-06 1.508694154144324e-06