2.1947441650836745e-06 1.982491396110284e-06
2.1947441650836745e-06 1.982491396110284e-06
1.86435106448289e-06 1.98249270801303e-06
1.86435106448289e-06 1.98249270801303e-06
1.86435106448289e-06 1.98249270801303e-06
1.8643498121804823e-06 1.9824935626910673e-06
2.1947457274289285e-06 1.9824943445729254e-06
1.995416342518218e-06 1.9824985207588392e-06
1.745947661395259e-06 1.982490315200259e-06
2.02209386383101e-06 1.9824964326698233e-06
1.936912238246231e-06 1.9824861713421865e-06
1.7614860710566163e-06 1.9824919937224934e-06
2.1947457274289285e-06 1.982496403132401e-06
1.8934641010714155e-06 1.982494809544704e-06
1.9994569230591324e-06 1.9824880235556425e-06
1.795502050420611e-06 1.982497505271919e-06
1.9954130480717186e-06 1.9824949993537873e-06
1.86435106448289e-06 1.982497701012827e-06
1.7726380572348317e-06 1.9824966358467626e-06
1.8643498121804823e-06 1.98249270801303e-06
1.8643498121804823e-06 1.98249270801303e-06
1.995416342518218e-06 1.982497789955519e-06
1.995416342518218e-06 1.982497789955519e-06
1.995416342518218e-06 1.982497789955519e-06
1.9954130480717186e-06 1.9824924783426885e-06
1.86435106448289e-06 1.9824939974360837e-06
2.1947441650836745e-06 1.982492169172613e-06
2.1947441650836745e-06 1.982492169172613e-06
1.995416342518218e-06 1.9824924783426885e-06
1.7137441627960597e-06 1.982498193785219e-06
1.86435106448289e-06 1.9824962315255887e-06
1.8643498121804823e-06 1.982491255843278e-06
1.8643498121804823e-06 1.9824981375757575e-06
1.86435106448289e-06 1.982491481274757e-06
1.86435106448289e-06 1.9824935626910673e-06
2.2914726737546677e-06 1.9824967256684436e-06
1.701222082485195e-06 1.9824986233118816e-06
1.8343853776149978e-06 1.9824930642006726e-06
1.9669841024714006e-06 1.9824903010773883e-06
2.1947457274289285e-06 1.982493568191166e-06
1.9271380181482958e-06 1.9825224430949184e-06
1.9954130480717186e-06 1.9824923458174517e-06
1.722134000693983e-06 1.982496865336072e-06
2.3098859720083984e-06 1.9824868717533693e-06
1.8643498121804823e-06 1.982496177620627e-06
1.9483747714772077e-06 1.982495379734945e-06
1.86435106448289e-06 1.982495617524361e-06
1.86435106448289e-06 1.982497107533164e-06
1.9954130480717186e-06 1.9824936642353316e-06
1.9954130480717186e-06 1.9824949993537873e-06
1.995416342518218e-06 1.9824949993537873e-06
1.9669841024714006e-06 1.9824903010773883e-06
1.86435106448289e-06 1.9824977047797372e-06
1.7654443823092163e-06 1.9824978987875567e-06
1.995416342518218e-06 1.9824920799476946e-06
2.388521560400052e-06 1.9824882460691314e-06
2.0363164723549643e-06 1.9824999029961585e-06
1.8643498121804823e-06 1.982497847450143e-06
1.8643498121804823e-06 1.982497847450143e-06
1.9483747714772077e-06 1.982495379734945e-06
1.995416342518218e-06 1.9824982417270803e-06
1.995416342518218e-06 1.982491839448811e-06
2.1997696940217006e-06 1.9824982662090837e-06
1.7465936644544237e-06 1.9824971026991024e-06
2.0757634979349225e-06 1.9824900624761073e-06
1.86435106448289e-06 1.982496385051981e-06
1.995416342518218e-06 1.982494022493852e-06
1.7480658515033226e-06 1.982491250417121e-06
1.7465394044180924e-06 1.9824998734859665e-06
2.00515884382957e-06 1.9824932140322387e-06
1.7822987382603e-06 1.9824999385878054e-06
2.1522194953514844e-06 1.982494608987526e-06
1.8009822238942734e-06 1.982496992306027e-06
2.0966889718892263e-06 1.9824945562884213e-06
2.038238084891675e-06 1.9824852630731384e-06
1.8707426991173686e-06 1.9824944539686264e-06
1.6035684182825102e-06 1.982376297158379e-06
1.9978056657656486e-06 1.982502496175838e-06
1.9954130480717186e-06 1.982497789955519e-06
1.9954130480717186e-06 1.982497789955519e-06
2.5783709500465805e-06 1.982603813324328e-06
1.86435106448289e-06 1.982496177620627e-06
2.2579338656289693e-06 1.9825109479656735e-06
1.9941725033793757e-06 1.98249828155903e-06
1.8643498121804823e-06 1.982496177620627e-06
1.86435106448289e-06 1.982491886617521e-06
1.9954130480717186e-06 1.9824979054609917e-06
1.9977178327069293e-06 1.9824867177501045e-06
1.916539400096083e-06 1.982490694382883e-06
1.8377199710140092e-06 1.982491610265832e-06
1.986622363755374e-06 1.982492024782568e-06
1.8643498121804823e-06 1.982493149032588e-06
1.854356509233816e-06 1.982492648052919e-06
1.9954130480717186e-06 1.9824923042233593e-06
1.9954130480717186e-06 1.9824923042233593e-06
2.0865856889336165e-06 1.9825188903968965e-06
1.9474942429341025e-06 1.9825167409565503e-06
1.753207431572224e-06 1.982495191585952e-06
1.995416342518218e-06 1.982489979317247e-06
1.7727237048460718e-06 1.982503090343698e-06
1.995416342518218e-06 1.982492792585684e-06
1.8621954449254391e-06 1.9824955598713133e-06
2.0007452020093763e-06 1.982497923013593e-06
1.8353500340457843e-06 1.982500295945021e-06
1.8643498121804823e-06 1.9824946968713317e-06
1.995416342518218e-06 1.9824956091315918e-06
1.9954130480717186e-06 1.9824922911638443e-06
1.7333681731641796e-06 1.982489215647986e-06
1.995416342518218e-06 1.9824954792725005e-06
2.0777939709586543e-06 1.9824920807857613e-06