1.322511128535332e-06 1.982546469869155e-06
1.322511128535332e-06 1.982546469869155e-06
1.322511128535332e-06 1.982546469869155e-06
1.322511128535332e-06 1.982546469869155e-06
1.322511128535332e-06 1.982546469869155e-06
1.322511128535332e-06 1.982546469869155e-06
1.322511128535332e-06 1.982546469869155e-06
1.322511128535332e-06 1.982546469869155e-06
1.322511128535332e-06 1.982546469869155e-06
1.322511128535332e-06 1.982546469869155e-06
1.322511128535332e-06 1.982546469869155e-06
1.322511128535332e-06 1.982546469869155e-06
1.322511128535332e-06 1.982546469869155e-06
1.322511128535332e-06 1.982546469869155e-06
1.322511128535332e-06 1.982546469869155e-06
1.322511128535332e-06 1.982546469869155e-06
1.322511128535332e-06 1.982546469869155e-06
1.322511128535332e-06 1.982546469869155e-06
1.322511128535332e-06 1.982546469869155e-06
1.322511128535332e-06 1.982546469869155e-06
1.322511128535332e-06 1.982546469869155e-06
1.322511128535332e-06 1.982546469869155e-06
1.322511128535332e-06 1.982546469869155e-06
1.322511128535332e-06 1.982546469869155e-06
1.322511128535332e-06 1.982546469869155e-06
1.322511128535332e-06 1.982546469869155e-06
1.322511128535332e-06 1.982546469869155e-06
1.322511128535332e-06 1.982546469869155e-06
1.322511128535332e-06 1.982546469869155e-06
1.322511128535332e-06 1.982546469869155e-06
1.322511128535332e-06 1.982546469869155e-06
1.322511128535332e-06 1.982546469869155e-06
1.322511128535332e-06 1.982546469869155e-06
1.322511128535332e-06 1.982546469869155e-06
1.322511128535332e-06 1.982546469869155e-06
1.322511128535332e-06 1.982546469869155e-06
1.322511128535332e-06 1.982546469869155e-06
1.322511128535332e-06 1.982546469869155e-06
1.322511128535332e-06 1.982546469869155e-06
1.322511128535332e-06 1.982546469869155e-06
1.322511128535332e-06 1.982546469869155e-06
1.322511128535332e-06 1.982546469869155e-06
1.322511128535332e-06 1.982546469869155e-06
1.322511128535332e-06 1.982546469869155e-06
1.322511128535332e-06 1.982546469869155e-06
1.322511128535332e-06 1.982546469869155e-06
1.322511128535332e-06 1.982546469869155e-06
1.322511128535332e-06 1.982546469869155e-06
1.322511128535332e-06 1.982546469869155e-06
1.322511128535332e-06 1.982546469869155e-06