0.5838133295586938 0.582949517826098
0.5838133295586938 0.582949517826098
0.5838133295586938 0.582949517826098
0.5838133295586938 0.582949517826098
0.37465111805547996 0.3695589841864382
0.37465111805547996 0.3695589841864382
0.37465111805547996 0.3695589841864382
0.37465111805547996 0.3695589841864382
0.2711534064306791 0.27133850894480677
0.2711534064306791 0.27133850894480677
0.2711534064306791 0.27133850894480677
0.2711534064306791 0.27133850894480677
0.2711534064306791 0.27133850894480677
0.2711534064306791 0.27133850894480677
0.03771372988824889 0.03533280343201838
0.03771372988824889 0.03533280343201838
0.03771372988824889 0.03533280343201838
0.03771372988824889 0.03533280343201838
0.03771372988824889 0.03533280343201838
0.03771372988824889 0.03533280343201838
0.03771372988824889 0.03533280343201838
0.03771372988824889 0.03533280343201838
0.03771372988824889 0.03533280343201838
0.03771372988824889 0.03533280343201838
0.03771372988824889 0.03533280343201838
0.006180972187439887 0.006511253144020644
0.006180972187439887 0.006511253144020644
0.006180972187439887 0.006511253144020644
0.006180972187439887 0.006511253144020644
0.1390047291877629 0.1380755871560632
0.1390047291877629 0.1380755871560632
0.1390047291877629 0.1380755871560632
0.1390047291877629 0.1380755871560632
0.1390047291877629 0.1380755871560632
0.1390047291877629 0.1380755871560632
0.1390047291877629 0.1380755871560632
0.1390047291877629 0.1380755871560632
0.1390047291877629 0.1380755871560632
0.1390047291877629 0.1380755871560632
0.1390047291877629 0.1380755871560632
0.1390047291877629 0.1380755871560632
0.1390047291877629 0.1380755871560632
0.22330985072026655 0.2207655985162763
0.22330985072026655 0.2207655985162763
0.22330985072026655 0.2207655985162763
0.22330985072026655 0.2207655985162763
0.22330985072026655 0.2207655985162763
0.22330985072026655 0.2207655985162763
0.22330985072026655 0.2207655985162763
0.22330985072026655 0.2207655985162763